456
44
521
0	 7.500000000000000e+02  1.732050807600000e+00 -5.815719927056000e+02	 8.910000000000000e-08 -1.543000000000000e-07 -2.919800000000000e-06	1.000000000000000e+00	0	1	0
1	 7.500000000000000e+02  1.732050807600000e+00 -7.500000000000000e+02	0.000000000000000e+00 0.000000000000000e+00 0.000000000000000e+00	1.000000000000000e+00	0	1	1
2	 3.179872981078000e+02  7.500000000000000e+02 -7.500000000000000e+02	-2.610393620000000e-02  4.521334380000000e-02  0.000000000000000e+00	1.000000000000000e+00	0	1	2
4	 7.500000000000000e+02 -7.500000000000000e+02  2.286190426598000e+02	0.000000000000000e+00 0.000000000000000e+00 0.000000000000000e+00	1.000000000000000e+00	8073	1	4
5	7.500000000000000e+02 7.500000000000000e+02 2.286190426598000e+02	0.000000000000000e+00 0.000000000000000e+00 0.000000000000000e+00	1.000000000000000e+00	8073	1	5
6	4.199872981078000e+02 7.500000000000000e+02 2.286190426598000e+02	0.000000000000000e+00 0.000000000000000e+00 0.000000000000000e+00	7.500000000000000e-01	8073	1	6
7	 7.500000000000000e+02  6.208477655670000e+02 -4.262112152443000e+02	5.480000000000000e-08 3.842000000000000e-07 0.000000000000000e+00	1.000000000000000e+00	646	1	7
8	 7.500000000000000e+02  7.500000000000000e+02 -4.262112152443000e+02	0.000000000000000e+00 0.000000000000000e+00 0.000000000000000e+00	1.000000000000000e+00	646	1	8
10	-7.500000000000000e+02  5.715767664980000e+01  6.580962442277000e+02	0.000000000000000e+00 0.000000000000000e+00 0.000000000000000e+00	1.000000000000000e+00	1105	1	10
11	-7.500000000000000e+02 -7.500000000000000e+02  6.580962442277000e+02	0.000000000000000e+00 0.000000000000000e+00 0.000000000000000e+00	1.000000000000000e+00	1105	1	11
12	 7.500000000000000e+02 -7.500000000000000e+02  6.580962442277000e+02	0.000000000000000e+00 0.000000000000000e+00 0.000000000000000e+00	1.000000000000000e+00	1105	1	12
13	7.500000000000000e+02 5.715767664980000e+01 6.580962442277000e+02	0.000000000000000e+00 0.000000000000000e+00 0.000000000000000e+00	4.218750000000000e-01	1105	1	13
15	 7.500000000000000e+02 -7.500000000000000e+02 -1.159425144917000e+02	0.000000000000000e+00 0.000000000000000e+00 0.000000000000000e+00	1.000000000000000e+00	661	1	15
16	 7.500000000000000e+02  7.500000000000000e+02 -1.159425144917000e+02	0.000000000000000e+00 0.000000000000000e+00 0.000000000000000e+00	1.000000000000000e+00	661	1	16
17	 2.528647988087000e+02  7.500000000000000e+02 -1.159425144917000e+02	 1.316970000000000e-05 -2.826440000000000e-05  0.000000000000000e+00	1.000000000000000e+00	661	1	17
18	-7.500000000000000e+02 -9.508726901760001e+01 -4.164132562731000e+02	 7.515000000000000e-07 -6.218000000000000e-07  0.000000000000000e+00	1.000000000000000e+00	8073	1	18
19	-7.500000000000000e+02 -7.500000000000000e+02 -4.164132562731000e+02	0.000000000000000e+00 0.000000000000000e+00 0.000000000000000e+00	1.000000000000000e+00	8073	1	19
20	 7.500000000000000e+02 -7.500000000000000e+02 -4.164132562731000e+02	0.000000000000000e+00 0.000000000000000e+00 0.000000000000000e+00	1.000000000000000e+00	8073	1	20
21	 7.500000000000000e+02  7.500000000000000e+02 -4.164132562731000e+02	0.000000000000000e+00 0.000000000000000e+00 0.000000000000000e+00	1.000000000000000e+00	8073	1	21
22	-2.075738593361000e+02  7.500000000000000e+02 -4.164132562731000e+02	-1.779686437500000e-04  0.000000000000000e+00  0.000000000000000e+00	3.164062500000000e-01	8073	1	22
23	-6.559152934781000e+02 -7.500000000000000e+02  1.077775486825000e+02	-1.273480000000000e-04  2.238400000000000e-05  0.000000000000000e+00	1.000000000000000e+00	23	1	23
24	 7.500000000000000e+02 -7.500000000000000e+02  1.077775486825000e+02	0.000000000000000e+00 0.000000000000000e+00 0.000000000000000e+00	1.000000000000000e+00	23	1	24
25	7.500000000000000e+02 7.500000000000000e+02 1.077775486825000e+02	0.000000000000000e+00 0.000000000000000e+00 0.000000000000000e+00	1.000000000000000e+00	23	1	25
26	-6.114948550683000e+02  7.500000000000000e+02  1.077775486825000e+02	 7.519400000000000e-06 -9.709000000000001e-07  0.000000000000000e+00	1.000000000000000e+00	23	1	26
27	-7.365181516956001e+02 -7.500000000000000e+02 -1.894272067752000e+02	 3.046000000000000e-07 -2.346000000000000e-07  0.000000000000000e+00	1.000000000000000e+00	27	1	27
28	 7.500000000000000e+02 -7.500000000000000e+02 -1.894272067752000e+02	0.000000000000000e+00 0.000000000000000e+00 0.000000000000000e+00	1.000000000000000e+00	27	1	28
29	 7.500000000000000e+02  7.500000000000000e+02 -1.894272067752000e+02	0.000000000000000e+00 0.000000000000000e+00 0.000000000000000e+00	1.000000000000000e+00	27	1	29
30	 4.223624758551000e+02  7.500000000000000e+02 -1.894272067752000e+02	-1.721000000000000e-07  1.329000000000000e-07  0.000000000000000e+00	1.000000000000000e+00	27	1	30
32	4.199872981078000e+02 7.500000000000000e+02 7.500000000000000e+02	0.000000000000000e+00 0.000000000000000e+00 0.000000000000000e+00	1.000000000000000e+00	8073	1	32
33	7.500000000000000e+02 1.784012331796000e+02 7.500000000000000e+02	0.000000000000000e+00 0.000000000000000e+00 0.000000000000000e+00	1.000000000000000e+00	8073	1	33
34	7.500000000000000e+02 1.784012331796000e+02 9.471360338760000e+01	 0.000000000000000e+00 -0.000000000000000e+00  0.000000000000000e+00	7.500000000000000e-01	8073	1	34
36	-5.950127018922000e+02 -7.500000000000000e+02 -7.500000000000000e+02	0.000000000000000e+00 0.000000000000000e+00 0.000000000000000e+00	1.000000000000000e+00	491	1	36
37	 2.710127018922000e+02  7.500000000000000e+02 -7.500000000000000e+02	0.000000000000000e+00 0.000000000000000e+00 0.000000000000000e+00	1.000000000000000e+00	491	1	37
38	2.710127018922000e+02 7.500000000000000e+02 7.500000000000000e+02	0.000000000000000e+00 0.000000000000000e+00 0.000000000000000e+00	1.000000000000000e+00	491	1	38
39	-2.113166467204000e+02 -8.541893777870000e+01  7.500000000000000e+02	 2.027100000000000e-06  3.511100000000000e-06 -1.898430000000000e-05	1.000000000000000e+00	491	1	39
41	 2.450127018922000e+02 -7.500000000000000e+02  7.500000000000000e+02	0.000000000000000e+00 0.000000000000000e+00 0.000000000000000e+00	1.000000000000000e+00	729	1	41
42	 2.450127018922000e+02 -7.500000000000000e+02  7.354226615428000e+02	 2.500000000000000e-09 -4.400000000000001e-09  1.291000000000000e-07	1.000000000000000e+00	729	1	42
44	-7.500000000000000e+02  5.715767664980000e+01 -7.500000000000000e+02	0.000000000000000e+00 0.000000000000000e+00 0.000000000000000e+00	1.000000000000000e+00	1105	1	44
45	 7.500000000000000e+02  5.715767664980000e+01 -7.500000000000000e+02	0.000000000000000e+00 0.000000000000000e+00 0.000000000000000e+00	1.000000000000000e+00	1105	1	45
47	-7.500000000000000e+02  2.381569860407000e+02  7.500000000000000e+02	0.000000000000000e+00 0.000000000000000e+00 0.000000000000000e+00	1.000000000000000e+00	1074	1	47
48	-7.500000000000000e+02  2.381569860407000e+02 -7.500000000000000e+02	0.000000000000000e+00 0.000000000000000e+00 0.000000000000000e+00	1.000000000000000e+00	1074	1	48
49	 7.500000000000000e+02  2.381569860407000e+02 -7.500000000000000e+02	0.000000000000000e+00 0.000000000000000e+00 0.000000000000000e+00	1.000000000000000e+00	1074	1	49
50	7.500000000000000e+02 2.381569860407000e+02 7.500000000000000e+02	0.000000000000000e+00 0.000000000000000e+00 0.000000000000000e+00	1.000000000000000e+00	1074	1	50
52	 2.614411151916000e+02 -7.500000000000000e+02  1.518683640526000e+02	3.412000000000000e-07 1.730000000000000e-07 0.000000000000000e+00	1.000000000000000e+00	8073	1	52
53	 7.500000000000000e+02 -7.500000000000000e+02  1.518683640526000e+02	0.000000000000000e+00 0.000000000000000e+00 0.000000000000000e+00	1.000000000000000e+00	8073	1	53
54	7.500000000000000e+02 7.500000000000000e+02 1.518683640526000e+02	0.000000000000000e+00 0.000000000000000e+00 0.000000000000000e+00	1.000000000000000e+00	8073	1	54
55	-3.656040532081000e+02  7.500000000000000e+02  1.518683640526000e+02	-2.232740478515625e-06 -5.287741699218750e-07  0.000000000000000e+00	1.779785156250000e-01	8073	1	55
56	-7.500000000000000e+02  3.403479836873000e+02 -6.863852759198001e+02	-6.770000000000000e-08  0.000000000000000e+00 -2.138500000000000e-06	1.000000000000000e+00	8073	1	56
57	-7.500000000000000e+02  3.403479836873000e+02 -7.500000000000000e+02	0.000000000000000e+00 0.000000000000000e+00 0.000000000000000e+00	1.000000000000000e+00	8073	1	57
59	 3.129872981078000e+02 -7.500000000000000e+02  4.514415406000000e+00	1.400000000000000e-09 2.400000000000000e-09 1.958000000000000e-07	1.000000000000000e+00	8073	1	59
60	 3.129872981078000e+02 -7.500000000000000e+02 -7.500000000000000e+02	0.000000000000000e+00 0.000000000000000e+00 0.000000000000000e+00	1.000000000000000e+00	8073	1	60
61	 7.500000000000000e+02  6.928203230300000e+00 -7.500000000000000e+02	0.000000000000000e+00 0.000000000000000e+00 0.000000000000000e+00	1.000000000000000e+00	8073	1	61
62	 7.500000000000000e+02  6.928203230300000e+00 -2.824039373035000e+02	1.356000000000000e-07 2.349000000000000e-07 1.740740000000000e-05	1.000000000000000e+00	8073	1	62
63	 5.470127018922000e+02 -7.500000000000000e+02  2.286190426598000e+02	-0.000000000000000e+00 -0.000000000000000e+00  0.000000000000000e+00	1.000000000000000e+00	8073	1	63
65	 5.470127018922000e+02 -7.500000000000000e+02 -7.500000000000000e+02	0.000000000000000e+00 0.000000000000000e+00 0.000000000000000e+00	1.000000000000000e+00	8073	1	65
66	-8.250000000000000e+01  3.403479836873000e+02 -7.500000000000000e+02	0.000000000000000e+00 0.000000000000000e+00 0.000000000000000e+00	7.500000000000000e-01	8073	1	66
67	-7.500000000000000e+02  7.500000000000000e+02 -6.793251553319001e+02	0.000000000000000e+00 1.478277041000000e-01 0.000000000000000e+00	1.000000000000000e+00	8073	1	67
68	-7.500000000000000e+02 -7.500000000000000e+02 -6.793251553319001e+02	0.000000000000000e+00 0.000000000000000e+00 0.000000000000000e+00	1.000000000000000e+00	8073	1	68
71	 4.483679938957000e+02 -7.500000000000000e+02  1.469693845670000e+01	-8.492200000000000e-06  2.107500000000000e-06  0.000000000000000e+00	1.000000000000000e+00	5009	1	71
72	 7.500000000000000e+02 -7.500000000000000e+02  1.469693845670000e+01	0.000000000000000e+00 0.000000000000000e+00 0.000000000000000e+00	1.000000000000000e+00	5009	1	72
73	7.500000000000000e+02 7.500000000000000e+02 1.469693845670000e+01	0.000000000000000e+00 0.000000000000000e+00 0.000000000000000e+00	1.000000000000000e+00	5009	1	73
74	6.012188113175000e+02 7.500000000000000e+02 1.469693845670000e+01	 1.082660000000000e-04 -3.483410000000000e-05  0.000000000000000e+00	1.000000000000000e+00	5009	1	74
75	 3.130844858832000e+02  6.910882722200000e+02 -7.500000000000000e+02	1.421000000000000e-07 0.000000000000000e+00 4.036000000000000e-07	1.000000000000000e+00	8073	1	75
76	 7.500000000000000e+02  6.910882722200000e+02 -7.500000000000000e+02	0.000000000000000e+00 0.000000000000000e+00 0.000000000000000e+00	1.000000000000000e+00	8073	1	76
77	7.500000000000000e+02 6.910882722200000e+02 7.500000000000000e+02	0.000000000000000e+00 0.000000000000000e+00 0.000000000000000e+00	1.000000000000000e+00	8073	1	77
78	-7.500000000000000e+02  6.910882722200000e+02  7.500000000000000e+02	-9.866816710000001e-02  0.000000000000000e+00  0.000000000000000e+00	1.000000000000000e+00	8073	1	78
79	-5.434769311090000e+01 -7.500000000000000e+02  9.471360338760000e+01	 5.386200000000000e-06 -5.297700000000000e-06  0.000000000000000e+00	1.000000000000000e+00	8073	1	79
80	 7.500000000000000e+02 -7.500000000000000e+02  9.471360338760000e+01	0.000000000000000e+00 0.000000000000000e+00 0.000000000000000e+00	1.000000000000000e+00	8073	1	80
83	 3.216174065882000e+02 -7.500000000000000e+02  3.592584956082000e+02	-3.380600000000000e-06  5.595000000000000e-07  0.000000000000000e+00	1.000000000000000e+00	8073	1	83
84	 7.500000000000000e+02 -7.500000000000000e+02  3.592584956082000e+02	0.000000000000000e+00 0.000000000000000e+00 0.000000000000000e+00	1.000000000000000e+00	8073	1	84
85	7.500000000000000e+02 7.500000000000000e+02 3.592584956082000e+02	0.000000000000000e+00 0.000000000000000e+00 0.000000000000000e+00	1.000000000000000e+00	8073	1	85
87	-2.960127018922000e+02 -7.500000000000000e+02 -4.866677984329000e+02	-2.670000000000000e-08 -4.630000000000000e-08  5.326000000000000e-07	1.000000000000000e+00	8073	1	87
88	-2.960127018922000e+02 -7.500000000000000e+02 -7.500000000000000e+02	0.000000000000000e+00 0.000000000000000e+00 0.000000000000000e+00	1.000000000000000e+00	8073	1	88
89	 5.700127018922000e+02  7.500000000000000e+02 -7.500000000000000e+02	0.000000000000000e+00 0.000000000000000e+00 0.000000000000000e+00	1.000000000000000e+00	8073	1	89
90	5.700127018922000e+02 7.500000000000000e+02 5.808253453062000e+02	 1.460100000000000e-06  2.528900000000000e-06 -2.133480000000000e-05	1.000000000000000e+00	8073	1	90
92	-7.500000000000000e+02  7.500000000000000e+02  3.804874067123000e+02	0.000000000000000e+00 0.000000000000000e+00 0.000000000000000e+00	1.000000000000000e+00	8006	1	92
93	-7.500000000000000e+02 -7.500000000000000e+02  3.804874067123000e+02	0.000000000000000e+00 0.000000000000000e+00 0.000000000000000e+00	1.000000000000000e+00	8006	1	93
94	 7.500000000000000e+02 -7.500000000000000e+02  3.804874067123000e+02	0.000000000000000e+00 0.000000000000000e+00 0.000000000000000e+00	1.000000000000000e+00	8006	1	94
95	7.500000000000000e+02 2.979212579510000e+02 3.804874067123000e+02	-1.198580000000000e-05 -1.232930000000000e-05  0.000000000000000e+00	1.000000000000000e+00	8006	1	95
97	 5.929872981078000e+02 -7.500000000000000e+02 -1.596307642160000e+01	 4.500000000000000e-09  7.699999999999999e-09 -9.140000000000000e-08	1.000000000000000e+00	97	1	97
98	 5.929872981078000e+02 -7.500000000000000e+02 -7.500000000000000e+02	0.000000000000000e+00 0.000000000000000e+00 0.000000000000000e+00	1.000000000000000e+00	97	1	98
99	 7.500000000000000e+02 -4.780460228890000e+02 -7.500000000000000e+02	0.000000000000000e+00 0.000000000000000e+00 0.000000000000000e+00	1.000000000000000e+00	97	1	99
100	 7.500000000000000e+02 -4.780460228890000e+02  1.931848932580000e+01	 3.910000000000000e-08  6.780000000000000e-08 -8.092000000000000e-07	1.000000000000000e+00	97	1	100
101	-7.500000000000000e+02 -5.525242076145000e+02 -1.159425144917000e+02	-0.000000000000000e+00 -0.000000000000000e+00  0.000000000000000e+00	1.779785156250000e-01	661	1	101
102	-7.500000000000000e+02 -5.525242076145000e+02  7.500000000000000e+02	0.000000000000000e+00 0.000000000000000e+00 0.000000000000000e+00	1.000000000000000e+00	661	1	102
103	-6.359872981078000e+02 -7.500000000000000e+02  7.500000000000000e+02	0.000000000000000e+00 0.000000000000000e+00 0.000000000000000e+00	1.000000000000000e+00	661	1	103
104	-6.359872981078000e+02 -7.500000000000000e+02 -1.159425144917000e+02	0.000000000000000e+00 0.000000000000000e+00 0.000000000000000e+00	7.500000000000000e-01	661	1	104
105	-5.977379012246000e+02 -7.500000000000000e+02  5.829785587824000e+02	-5.961060000000000e-05  1.696412000000000e-04  0.000000000000000e+00	1.000000000000000e+00	105	1	105
106	 7.500000000000000e+02 -7.500000000000000e+02  5.829785587824000e+02	0.000000000000000e+00 0.000000000000000e+00 0.000000000000000e+00	1.000000000000000e+00	105	1	106
107	7.500000000000000e+02 2.444552537550000e+01 5.829785587824000e+02	 2.917800000000000e-06 -7.191600000000000e-06  0.000000000000000e+00	1.000000000000000e+00	105	1	107
108	-2.087619694623000e+02  6.910882722200000e+02 -4.164132562731000e+02	-2.760922546875000e-04  0.000000000000000e+00  0.000000000000000e+00	4.218750000000000e-01	8073	0	108
112	 6.715701142443000e+02  1.375765977682000e+02 -5.931799799669001e+02	 1.122000000000000e-07 -1.943000000000000e-07 -2.478100000000000e-06	1.000000000000000e+00	0	0	112
113	 5.133158577687000e+02 -6.171547786300001e+00  2.286190426598000e+02	-1.656340000000000e-05  1.907300000000000e-06  0.000000000000000e+00	1.000000000000000e+00	8073	0	113
114	 2.990309886414000e+02  6.853862690188000e+02 -4.262112152443000e+02	-5.700000000000001e-09 -3.820000000000000e-08  0.000000000000000e+00	1.000000000000000e+00	646	0	114
116	-5.786296420518000e+02  1.418224207977000e+02 -1.159425144917000e+02	-1.338010000000000e-05 -6.069000000000001e-07  0.000000000000000e+00	1.000000000000000e+00	661	0	116
117	-4.257072647087000e+02  2.979141180528000e+02 -4.164132562731000e+02	 5.548000000000001e-07 -4.560000000000000e-07  0.000000000000000e+00	1.000000000000000e+00	8073	0	117
118	-6.456425234589000e+02 -1.587981395860000e+02  1.077775486825000e+02	-9.196590000000000e-05 -1.646900000000000e-06  0.000000000000000e+00	1.000000000000000e+00	23	0	118
119	-1.572177829327000e+02  8.734259060000001e-02 -1.894272067752000e+02	-2.786000000000000e-07  2.154000000000000e-07  0.000000000000000e+00	1.000000000000000e+00	27	0	119
122	-5.467796049398000e+02 -6.664578254721000e+02  3.790513234367000e+02	-2.011000000000000e-06 -3.483100000000000e-06 -1.729080000000000e-05	1.000000000000000e+00	491	0	122
123	 1.455999441257000e+02 -5.778120526279000e+02  7.443452400900001e+02	 4.100000000000000e-09 -7.000000000000001e-09  1.538000000000000e-07	1.000000000000000e+00	729	0	123
126	-7.301688691480000e+01 -1.285249900000000e-02  1.518683640526000e+02	-8.880000000000000e-08 -3.860000000000000e-08  0.000000000000000e+00	1.000000000000000e+00	8073	0	126
127	-2.079771306224000e+02  3.403479836873000e+02 -7.340473199337000e+02	 6.210000000000001e-07  0.000000000000000e+00 -1.803900000000000e-06	1.000000000000000e+00	8073	0	127
128	 5.325425145663000e+02 -3.697192100270000e+02 -2.716668285322000e+02	7.380000000000000e-08 1.278000000000000e-07 4.095100000000000e-06	1.000000000000000e+00	8073	0	128
130	-3.335299575335000e+02  5.823633149971000e+02 -6.793251553319001e+02	-9.103700000000001e-06 -1.768100000000000e-05  0.000000000000000e+00	1.000000000000000e+00	8073	0	130
131	5.333463824155000e+02 1.495500511832000e+02 1.469693845670000e+01	9.296900000000000e-05 1.032800000000000e-06 0.000000000000000e+00	1.000000000000000e+00	5009	0	131
132	-4.703233538170000e+01  6.910882722200000e+02 -5.577156502244001e+02	-1.345190000000000e-05  0.000000000000000e+00 -2.570920000000000e-05	1.000000000000000e+00	8073	0	132
133	-3.447660254266000e+02  6.910882722200000e+02  1.560033135816000e+02	-3.500718750000000e-07  0.000000000000000e+00 -9.070312500000001e-08	4.218750000000000e-01	8073	0	133
134	 3.686198268203000e+02 -1.684538084877000e+02  9.471360338760000e+01	 5.447000000000001e-06 -4.087400000000000e-06  0.000000000000000e+00	1.000000000000000e+00	8073	0	134
136	3.710699160859000e+02 2.341559832160000e+02 3.592584956082000e+02	1.146924000000000e-04 7.009900000000000e-06 0.000000000000000e+00	1.000000000000000e+00	8073	0	136
137	 1.590903181646000e+02  3.826155341640000e+01 -7.321913991410000e+01	-1.212600000000000e-06 -2.100400000000000e-06 -1.525800000000000e-06	1.000000000000000e+00	8073	0	137
139	 6.777101362523000e+02 -6.032557397723000e+02  3.184198853100000e+00	 1.432000000000000e-07  2.481000000000000e-07 -2.286100000000000e-06	1.000000000000000e+00	97	0	139
141	 2.401677199380000e+02 -2.616286361248000e+02  5.829785587824000e+02	 1.355910000000000e-05 -2.360240000000000e-05  0.000000000000000e+00	1.000000000000000e+00	105	0	141
143	 5.701552428900001e+02  3.132323075970000e+02 -6.183199503518000e+02	 1.246000000000000e-07 -2.158000000000000e-07 -1.650600000000000e-06	1.000000000000000e+00	0	0	143
144	 4.822658618373000e+02 -3.766056241030000e+02  2.286190426598000e+02	-4.869070000000000e-05  3.947300000000000e-06  0.000000000000000e+00	1.000000000000000e+00	8073	0	144
146	 5.245217269236000e+02  6.530797768469000e+02 -4.262112152443000e+02	1.370000000000000e-08 9.550000000000000e-08 0.000000000000000e+00	1.000000000000000e+00	646	0	146
147	 7.251634775170000e+01  7.226975394724001e+02 -4.262112152443000e+02	2.141000000000000e-07 8.430000000000000e-07 0.000000000000000e+00	1.000000000000000e+00	646	0	147
150	-7.500000000000000e+02 -2.079648263427000e+02 -1.159425144917000e+02	 2.714480000000000e-05 -2.515100000000000e-06  0.000000000000000e+00	1.000000000000000e+00	661	1	150
151	-2.365884836967000e+02  4.506256393073000e+02 -1.159425144917000e+02	-1.197900000000000e-06  1.782500000000000e-06  0.000000000000000e+00	1.000000000000000e+00	661	0	151
152	-5.877498657324001e+02  1.014553785855000e+02 -4.164132562731000e+02	 5.307000000000001e-07 -4.378000000000000e-07  0.000000000000000e+00	1.000000000000000e+00	8073	0	152
153	-6.390779229305000e+02 -6.148992909092000e+02  1.077775486825000e+02	-1.418016000000000e-04 -1.250000000000000e-08  0.000000000000000e+00	1.000000000000000e+00	23	0	153
154	-6.409544747282000e+02  3.322443700703000e+02  1.077775486825000e+02	-3.865490000000000e-05  1.390600000000000e-06  0.000000000000000e+00	1.000000000000000e+00	23	0	154
155	-4.469839623058000e+02 -3.749108288532000e+02 -1.894272067752000e+02	-2.519000000000000e-07  1.945000000000000e-07  0.000000000000000e+00	1.000000000000000e+00	27	0	155
156	 1.326100092315000e+02  3.750378160570000e+02 -1.894272067752000e+02	-1.368000000000000e-07  1.057000000000000e-07  0.000000000000000e+00	1.000000000000000e+00	27	0	156
159	-5.950127018922000e+02 -7.500000000000000e+02  2.320312328312000e+02	-8.608100000000000e-06 -1.490970000000000e-05  2.681500000000000e-06	1.000000000000000e+00	491	1	159
160	-4.482107221520000e+02 -4.957315124382000e+02  5.395938074774000e+02	 5.061600000000000e-06  8.767000000000001e-06 -1.361370000000000e-05	1.000000000000000e+00	491	0	160
161	 9.393071138560001e+01 -4.883183163339000e+02  7.500000000000000e+02	 4.100000000000000e-09 -7.200000000000000e-09  1.516000000000000e-07	1.000000000000000e+00	729	1	161
162	 1.965554998224000e+02 -6.660696640225000e+02  7.391949900001000e+02	 2.900000000000000e-09 -5.100000000000000e-09  1.297000000000000e-07	1.000000000000000e+00	729	0	162
164	5.220977413996001e+02 5.453400997550001e+01 2.286190426598000e+02	-9.660700000000001e-06  1.373500000000000e-06  0.000000000000000e+00	1.000000000000000e+00	8073	0	164
167	 9.021916040540000e+01 -3.750632484248000e+02  1.518683640526000e+02	-3.337000000000000e-07 -1.454000000000000e-07  0.000000000000000e+00	1.000000000000000e+00	8073	0	167
168	-2.362290613835000e+02  3.750072501782000e+02  1.518683640526000e+02	6.060000000000000e-08 2.640000000000000e-08 0.000000000000000e+00	1.000000000000000e+00	8073	0	168
169	-4.953438304664000e+02  3.403479836873000e+02 -7.007060274981001e+02	-1.817000000000000e-07  0.000000000000000e+00 -2.137800000000000e-06	1.000000000000000e+00	8073	0	169
172	 6.453084076770000e+02 -1.744029537985000e+02 -2.785426168926000e+02	1.534000000000000e-07 2.656000000000000e-07 1.293130000000000e-05	1.000000000000000e+00	8073	0	172
174	 4.525559535831000e+02 -5.863961128108000e+02 -3.057591997406000e+02	-1.750730000000000e-05  3.032360000000000e-05  4.062230000000000e-05	1.000000000000000e+00	8073	0	174
177	 5.131529512689000e+02 -3.053660300146000e+02  1.469693845670000e+01	 3.398790000000000e-05 -3.299600000000000e-06  0.000000000000000e+00	1.000000000000000e+00	5009	0	177
179	 7.030882119600000e+00  6.910882722200000e+02 -6.019805432853000e+02	-6.051700000000000e-06  0.000000000000000e+00 -4.090900000000000e-06	1.000000000000000e+00	8073	0	179
181	 2.145860679747000e+02 -4.510031575778000e+02  9.471360338760000e+01	 1.519000000000000e-07 -7.550000000000001e-08  0.000000000000000e+00	1.000000000000000e+00	8073	0	181
183	 3.590071742572000e+02 -2.770608891479000e+02  3.592584956082000e+02	 5.469130000000000e-05 -1.708900000000000e-06  0.000000000000000e+00	1.000000000000000e+00	8073	0	183
185	-8.240261593440000e+01 -3.800164781118000e+02 -3.822662516143000e+02	 1.734400000000000e-06  3.004000000000000e-06 -8.843300000000001e-06	1.000000000000000e+00	8073	0	185
187	4.253960912588000e+02 7.500000000000000e+02 3.804874067123000e+02	-2.797000000000000e-07 -8.540000000000000e-08  0.000000000000000e+00	1.000000000000000e+00	8006	1	187
189	 6.312482730588000e+02 -6.837300474378001e+02 -8.503204375600001e+00	 1.562000000000000e-07  2.706000000000000e-07 -2.505700000000000e-06	1.000000000000000e+00	97	0	189
190	 7.226728902202000e+02 -5.253779654516001e+02  1.403483941440000e+01	 8.710000000000001e-08  1.508000000000000e-07 -1.460100000000000e-06	1.000000000000000e+00	97	0	190
191	-8.607102167070001e+01 -4.546442646361000e+02  5.829785587824000e+02	-5.326800000000000e-06  8.576200000000001e-06  0.000000000000000e+00	1.000000000000000e+00	105	0	191
192	 5.698966717152000e+02 -7.860864274840000e+01  5.829785587824000e+02	 2.803260000000000e-05 -4.523600000000000e-05  0.000000000000000e+00	1.000000000000000e+00	105	0	192
193	-2.659687916795000e+02  4.954560046409000e+02 -4.164132562731000e+02	-2.201343750000000e-06  1.158918750000000e-06  0.000000000000000e+00	5.625000000000000e-01	8073	0	193
194	-2.005850844217000e+02  6.910882722200000e+02 -4.177973178305000e+02	-5.601102525737286e-05  0.000000000000000e+00 -7.083542707571984e-05	4.223513603210449e-02	8073	0	194
195	-3.856918743807000e+02  6.910882722200000e+02 -1.740986457409000e+02	-1.190112000000000e-04  0.000000000000000e+00  2.305093000000000e-04	1.000000000000000e+00	8073	0	195
198	5.999717255307000e+02 5.653422857030000e+01 9.471360338760000e+01	 5.340200000000000e-06 -6.357100000000001e-06  0.000000000000000e+00	1.000000000000000e+00	8073	0	198
201	 5.169388185130000e+02  4.054058584151000e+02 -6.363635341362000e+02	 9.820000000000001e-08 -1.700000000000000e-07 -1.139100000000000e-06	1.000000000000000e+00	0	0	201
202	 4.608875615845000e+02 -5.767358741935000e+02  2.286190426598000e+02	-1.264536562500000e-05 -4.370203125000000e-07  0.000000000000000e+00	3.164062500000000e-01	8073	0	202
204	 6.372678921709000e+02  6.369322970529000e+02 -4.262112152443000e+02	2.360000000000000e-08 1.651000000000000e-07 0.000000000000000e+00	1.000000000000000e+00	646	0	204
205	-2.398228188500000e+01  7.500000000000000e+02 -4.262112152443000e+02	-8.810000000000000e-08 -3.114000000000000e-07  0.000000000000000e+00	1.000000000000000e+00	646	1	205
209	-7.781910880060001e+01  5.625050171472000e+02 -1.159425144917000e+02	-1.519100000000000e-06  2.187800000000000e-06  0.000000000000000e+00	1.000000000000000e+00	661	0	209
210	-6.687858028141001e+02  3.238335503900000e+00 -4.164132562731000e+02	 4.810000000000000e-07 -3.968000000000000e-07  0.000000000000000e+00	1.000000000000000e+00	8073	0	210
212	-6.296891898684000e+02  5.593467715868001e+02  1.077775486825000e+02	-1.258400000000000e-05  7.254000000000001e-07  0.000000000000000e+00	1.000000000000000e+00	23	0	212
213	-5.917779359491000e+02 -5.624787310663000e+02 -1.894272067752000e+02	-5.160000000000000e-08  3.990000000000000e-08  0.000000000000000e+00	1.000000000000000e+00	27	0	213
214	 2.775245403270000e+02  5.625125762956001e+02 -1.894272067752000e+02	-4.470000000000000e-08  3.460000000000000e-08  0.000000000000000e+00	1.000000000000000e+00	27	0	214
216	-3.995736309237000e+02 -4.114895992984000e+02  6.046577935456000e+02	 4.615900000000000e-06  7.995000000000001e-06 -1.455640000000000e-05	1.000000000000000e+00	491	0	216
221	 1.722603556037000e+02 -5.624900034451000e+02  1.518683640526000e+02	6.480000000000000e-08 2.900000000000000e-08 0.000000000000000e+00	1.000000000000000e+00	8073	0	221
222	-3.121763041832000e+02  5.640846085024000e+02  1.518683640526000e+02	-4.951000000000000e-07 -1.789000000000000e-07  0.000000000000000e+00	1.000000000000000e+00	8073	0	222
223	-6.345436347203000e+02  3.403479836873000e+02 -6.910458202281001e+02	-1.140000000000000e-07  0.000000000000000e+00 -2.110400000000000e-06	1.000000000000000e+00	8073	0	223
226	 7.014247786843000e+02 -7.720654807750000e+01 -2.808903764831000e+02	1.416000000000000e-07 2.453000000000000e-07 1.570990000000000e-05	1.000000000000000e+00	8073	0	226
228	 5.238525567019000e+02 -7.098854518198000e+02 -5.506879766686001e+02	 4.378320000000000e-05 -7.583480000000001e-05  5.977340000000000e-05	1.000000000000000e+00	8073	0	228
229	-5.027647778566000e+02  6.648233078883001e+02 -6.793251553319001e+02	-4.853400000000000e-06 -1.079680000000000e-05  0.000000000000000e+00	1.000000000000000e+00	8073	0	229
231	 4.868596252855000e+02 -5.371684396930000e+02  1.469693845670000e+01	 2.137800000000000e-06 -2.644000000000000e-07  0.000000000000000e+00	1.000000000000000e+00	5009	0	231
233	-4.693704506822000e+02  6.910882722200000e+02  4.366970174738000e+02	-1.104800000000000e-05  0.000000000000000e+00 -3.902300000000000e-06	1.000000000000000e+00	8073	0	233
234	 1.231326109663000e+02 -5.777829450637000e+02  9.471360338760000e+01	-1.010900000000000e-06  9.519000000000000e-07  0.000000000000000e+00	1.000000000000000e+00	8073	0	234
235	 3.461617758181000e+02 -5.359749115826000e+02  3.592584956082000e+02	 2.274560000000000e-05 -1.631600000000000e-06  0.000000000000000e+00	1.000000000000000e+00	8073	0	235
237	-2.086934361360000e+02 -5.987585952306000e+02 -4.619554266002000e+02	-1.930000000000000e-08 -3.340000000000000e-08  1.881000000000000e-07	1.000000000000000e+00	8073	0	237
238	4.311015707748000e+02 5.093988631677000e+02 4.990559572707000e+02	 2.744230000000000e-05  4.753140000000000e-05 -1.112458000000000e-04	1.000000000000000e+00	8073	0	238
241	-2.469582153587000e+02 -5.580996458764000e+02  5.829785587824000e+02	-1.483260000000000e-05  2.239820000000000e-05  0.000000000000000e+00	1.000000000000000e+00	105	0	241
242	7.118000823357000e+02 8.947273689100001e+00 5.829785587824000e+02	 1.437330000000000e-05 -2.548210000000000e-05  0.000000000000000e+00	1.000000000000000e+00	105	0	242
243	-2.215188387926000e+02  6.049399974459001e+02 -4.164132562731000e+02	 9.851377807617188e-06 -1.449581616210938e-06  0.000000000000000e+00	1.334838867187500e-01	8073	0	243
246	 7.169557196349000e+02  5.896642329950000e+01 -5.856054514681000e+02	 1.128000000000000e-07 -1.954000000000000e-07 -2.752700000000000e-06	1.000000000000000e+00	0	0	246
247	 6.219932633986000e+02  2.234462223123000e+02 -6.039834068243000e+02	 1.256000000000000e-07 -2.175000000000000e-07 -2.106100000000000e-06	1.000000000000000e+00	0	0	247
248	 4.950409333197000e+02 -1.952931639676000e+02  2.286190426598000e+02	-4.525990000000000e-05  3.436500000000000e-06  0.000000000000000e+00	1.000000000000000e+00	8073	0	248
249	5.483074971892000e+02 1.793319706759000e+02 2.286190426598000e+02	 1.374000000000000e-07 -4.050000000000000e-08  0.000000000000000e+00	1.000000000000000e+00	8073	0	249
250	 4.117757204253000e+02  6.692284410513000e+02 -4.262112152443000e+02	2.600000000000000e-09 1.850000000000000e-08 0.000000000000000e+00	1.000000000000000e+00	646	0	250
251	 1.864164204173000e+02  7.024351861621001e+02 -4.262112152443000e+02	1.250000000000000e-08 7.100000000000000e-08 0.000000000000000e+00	1.000000000000000e+00	646	0	251
254	-7.041705444179000e+02 -6.846773780650000e+01 -1.159425144917000e+02	-9.248500000000000e-06  7.397000000000000e-06  0.000000000000000e+00	1.000000000000000e+00	661	0	254
255	-4.010756038973000e+02  3.202525597645000e+02 -1.159425144917000e+02	-3.223600000000000e-06 -1.471400000000000e-06  0.000000000000000e+00	1.000000000000000e+00	661	0	255
256	-5.067219280712000e+02  1.996790399777000e+02 -4.164132562731000e+02	 5.592000000000000e-07 -4.613000000000000e-07  0.000000000000000e+00	1.000000000000000e+00	8073	0	256
257	-3.450230020895000e+02  3.962349594655000e+02 -4.164132562731000e+02	 2.889000000000000e-07 -2.372625000000000e-07  0.000000000000000e+00	5.625000000000000e-01	8073	0	257
258	-6.409815414514001e+02 -4.259843351342000e+02  1.077775486825000e+02	-1.193508000000000e-04 -1.258300000000000e-06  0.000000000000000e+00	1.000000000000000e+00	23	0	258
259	-6.468220669075000e+02  8.892811470060001e+01  1.077775486825000e+02	-6.644050000000000e-05  7.209000000000001e-07  0.000000000000000e+00	1.000000000000000e+00	23	0	259
260	-3.021319545451000e+02 -1.873877207819000e+02 -1.894272067752000e+02	-3.389000000000000e-07  2.618000000000000e-07  0.000000000000000e+00	1.000000000000000e+00	27	0	260
261	-1.229362408320000e+01  1.875546411392000e+02 -1.894272067752000e+02	-1.791000000000000e-07  1.385000000000000e-07  0.000000000000000e+00	1.000000000000000e+00	27	0	261
262	-5.856115390060000e+02 -7.337167082308000e+02  2.786431776121000e+02	 1.585000000000000e-07  2.745000000000000e-07 -7.161200000000000e-06	1.000000000000000e+00	491	0	262
263	-4.957470070631000e+02 -5.780667731073000e+02  4.695280967867000e+02	 3.691500000000000e-06  6.393800000000001e-06 -1.080340000000000e-05	1.000000000000000e+00	491	0	263
268	 8.617300691600001e+00 -1.875309774975000e+02  1.518683640526000e+02	-1.679000000000000e-07 -7.310000000000000e-08  0.000000000000000e+00	1.000000000000000e+00	8073	0	268
269	-1.545821567264000e+02  1.875149608413000e+02  1.518683640526000e+02	7.920000000000001e-08 3.450000000000000e-08 0.000000000000000e+00	1.000000000000000e+00	8073	0	269
270	-3.566859097533000e+02  3.403479836873000e+02 -7.146307099998000e+02	-2.981000000000000e-07  0.000000000000000e+00 -2.581100000000000e-06	1.000000000000000e+00	8073	0	270
273	 5.891856103924000e+02 -2.716104901583000e+02 -2.755271012181000e+02	1.375000000000000e-07 2.381000000000000e-07 9.134100000000000e-06	1.000000000000000e+00	8073	0	273
274	 4.494319473734000e+02 -5.809851753326000e+02  1.477723215431000e+02	-7.120100000000001e-06  1.233240000000000e-05 -7.721200000000000e-06	1.000000000000000e+00	8073	0	274
277	 5.470127018922000e+02 -7.500000000000000e+02 -6.793251553319001e+02	0.000000000000000e+00 0.000000000000000e+00 0.000000000000000e+00	1.000000000000000e+00	8073	1	277
278	 5.339761298281001e+02 -5.749776985930000e+01  1.469693845670000e+01	 6.645220000000001e-05 -2.864700000000000e-06  0.000000000000000e+00	1.000000000000000e+00	5009	0	278
279	5.322716558817000e+02 4.067562633250000e+02 1.469693845670000e+01	 1.087243000000000e-04 -3.254200000000000e-06  0.000000000000000e+00	1.000000000000000e+00	5009	0	279
281	-4.040174418395000e+02  6.910882722200000e+02  1.135357162275000e+02	5.655700000000000e-06 0.000000000000000e+00 1.831300000000000e-06	1.000000000000000e+00	8073	0	281
282	 2.828637332736000e+02 -3.039186985926000e+02  9.471360338760000e+01	 3.666700000000000e-06 -1.988400000000000e-06  0.000000000000000e+00	1.000000000000000e+00	8073	0	282
283	 4.716264478298000e+02 -5.303222561510000e+01  9.471360338760000e+01	 3.980100000000000e-06 -4.382000000000001e-06  0.000000000000000e+00	1.000000000000000e+00	8073	0	283
284	 3.670918256437000e+02 -8.890475363200000e+00  3.592584956082000e+02	 8.700230000000000e-05 -2.530100000000000e-06  0.000000000000000e+00	1.000000000000000e+00	8073	0	284
286	 4.588531506770000e+01 -1.578152636183000e+02 -2.604321447807000e+02	 6.659800000000000e-06  1.153510000000000e-05 -2.096090000000000e-05	1.000000000000000e+00	8073	0	286
287	2.516596738183000e+02 1.985963806327000e+02 1.025802844430000e+02	-1.100200000000000e-06 -1.905500000000000e-06  6.425000000000000e-07	1.000000000000000e+00	8073	0	287
290	 7.709678382000000e+01 -3.573270218593000e+02  5.829785587824000e+02	 4.604900000000001e-06 -7.808000000000000e-06  0.000000000000000e+00	1.000000000000000e+00	105	0	290
291	 4.061608185521000e+02 -1.699077031498000e+02  5.829785587824000e+02	 1.775390000000000e-05 -3.363690000000000e-05  0.000000000000000e+00	1.000000000000000e+00	105	0	291
292	 4.640154522439000e+02 -6.062445467206001e+02  2.286190426598000e+02	-1.451578451728821e-05  2.514206965827942e-05  0.000000000000000e+00	7.508468627929688e-02	8073	0	292
297	-3.134266699000000e+00  6.103618162610001e+02 -1.159425144917000e+02	-2.224000000000000e-07  2.768000000000000e-07  0.000000000000000e+00	1.000000000000000e+00	661	0	297
298	-7.092877073868000e+02 -4.588360068960000e+01 -4.164132562731000e+02	 4.915000000000000e-07 -4.060000000000000e-07  0.000000000000000e+00	1.000000000000000e+00	8073	0	298
300	-6.220748915620001e+02  6.680631099732000e+02  1.077775486825000e+02	-2.661000000000000e-07 -3.750000000000000e-08  0.000000000000000e+00	1.000000000000000e+00	23	0	300
301	-6.642643391035000e+02 -6.561936208499001e+02 -1.894272067752000e+02	-1.532000000000000e-07  1.184000000000000e-07  0.000000000000000e+00	1.000000000000000e+00	27	0	301
302	 3.499700996968000e+02  6.562590074998001e+02 -1.894272067752000e+02	-4.030000000000000e-08  3.110000000000000e-08  0.000000000000000e+00	1.000000000000000e+00	27	0	302
305	 2.138558469748000e+02 -6.561261557226001e+02  1.518683640526000e+02	3.905000000000000e-07 1.855000000000000e-07 0.000000000000000e+00	1.000000000000000e+00	8073	0	305
306	-3.516523667309000e+02  6.910882722200000e+02  1.518683640526000e+02	-5.292562500000001e-07 -1.555312500000000e-07 -2.122875000000000e-07	5.625000000000000e-01	8073	0	306
307	-7.048227045399000e+02  3.403479836873000e+02 -6.878145406693001e+02	-7.870000000000000e-08  0.000000000000000e+00 -2.129100000000000e-06	1.000000000000000e+00	8073	0	307
313	 4.747152517198000e+02 -6.438323485887000e+02  1.469693845670000e+01	-4.730800000000001e-06  7.821000000000000e-07  0.000000000000000e+00	1.000000000000000e+00	5009	0	313
314	5.664214106679000e+02 6.418479469011000e+02 1.469693845670000e+01	 9.918540000000001e-05 -3.180070000000000e-05  0.000000000000000e+00	1.000000000000000e+00	5009	0	314
315	-5.039112561867000e+02  6.910882722200000e+02  4.785124893155000e+02	-1.079900000000000e-06  0.000000000000000e+00 -1.300020000000000e-05	1.000000000000000e+00	8073	0	315
316	 5.855865231680000e+01 -6.430878812685000e+02  9.471360338760000e+01	-8.407000000000001e-07  8.905000000000000e-07  0.000000000000000e+00	1.000000000000000e+00	8073	0	316
317	 3.357104423254000e+02 -6.550642769569000e+02  3.592584956082000e+02	 8.459800000000000e-06 -9.004000000000000e-07  0.000000000000000e+00	1.000000000000000e+00	8073	0	317
319	-2.677101943863000e+02 -7.009786190181001e+02 -4.809897694471000e+02	-7.100000000000000e-09 -1.230000000000000e-08  1.220000000000000e-07	1.000000000000000e+00	8073	0	319
320	4.851625766666000e+02 6.030352720807000e+02 5.460679399421000e+02	 1.455380000000000e-05  2.520800000000000e-05 -9.543670000000001e-05	1.000000000000000e+00	8073	0	320
322	4.855199595153000e+02 5.735935872931000e+02 3.804874067123000e+02	2.395600000000000e-06 9.279000000000000e-07 0.000000000000000e+00	1.000000000000000e+00	8006	0	322
323	-3.257389126799000e+02 -6.107551995694000e+02  5.829785587824000e+02	-1.916210000000000e-05  2.908430000000000e-05  0.000000000000000e+00	1.000000000000000e+00	105	0	323
328	 5.031100172342000e+02 -1.020814620126000e+02  2.286190426598000e+02	-2.979730000000000e-05  2.816700000000000e-06  0.000000000000000e+00	1.000000000000000e+00	8073	0	328
332	-6.593448328856000e+02  2.061736592320000e+01 -1.159425144917000e+02	-2.195710000000000e-05 -9.412400000000000e-06  0.000000000000000e+00	1.000000000000000e+00	661	0	332
333	-4.837508591819000e+02  2.455964915883000e+02 -1.159425144917000e+02	2.651200000000000e-06 8.178100000000001e-06 0.000000000000000e+00	1.000000000000000e+00	661	0	333
334	-4.662115533727000e+02  2.487938453008000e+02 -4.164132562731000e+02	 5.653000000000000e-07 -4.662000000000000e-07  0.000000000000000e+00	1.000000000000000e+00	8073	0	334
335	-3.854112027820000e+02  3.471125538672000e+02 -4.164132562731000e+02	 3.189375000000000e-07 -2.617312500000000e-07  0.000000000000000e+00	5.625000000000000e-01	8073	0	335
336	-6.429266042357000e+02 -2.981461698880000e+02  1.077775486825000e+02	-1.053777000000000e-04 -1.848800000000000e-06  0.000000000000000e+00	1.000000000000000e+00	23	0	336
337	-6.471946792555000e+02 -3.321555445870000e+01  1.077775486825000e+02	-7.971220000000000e-05 -4.026000000000000e-07  0.000000000000000e+00	1.000000000000000e+00	23	0	337
338	-2.296836710379000e+02 -9.364338117860001e+01 -1.894272067752000e+02	-3.332000000000000e-07  2.576000000000000e-07  0.000000000000000e+00	1.000000000000000e+00	27	0	338
339	-8.474878008740001e+01  9.381564050900000e+01 -1.894272067752000e+02	-2.086000000000000e-07  1.612000000000000e-07  0.000000000000000e+00	1.000000000000000e+00	27	0	339
342	-3.221016079400000e+01 -9.377642967580000e+01  1.518683640526000e+02	-1.525000000000000e-07 -6.640000000000000e-08  0.000000000000000e+00	1.000000000000000e+00	8073	0	342
343	-1.137941231645000e+02  9.375340562590000e+01  1.518683640526000e+02	3.300000000000000e-09 1.400000000000000e-09 0.000000000000000e+00	1.000000000000000e+00	8073	0	343
344	-2.841333995603000e+02  3.403479836873000e+02 -7.237883678440000e+02	-3.271000000000000e-07  0.000000000000000e+00 -2.440700000000000e-06	1.000000000000000e+00	8073	0	344
346	 4.300000000000000e+02 -5.473280551918000e+02 -1.496480299100000e+00	0.000000000000000e+00 0.000000000000000e+00 0.000000000000000e+00	1.000000000000000e+00	8073	0	346
349	-1.633498893269000e+02  4.803840997878000e+02 -6.793251553319001e+02	 3.143732343750000e-05 -5.445106875000000e-05  0.000000000000000e+00	4.218750000000000e-01	8073	0	349
350	5.356513655133000e+02 2.565016261890000e+01 1.469693845670000e+01	 7.967450000000000e-05 -2.153000000000000e-07  0.000000000000000e+00	1.000000000000000e+00	5009	0	350
351	5.322556715616000e+02 3.006956421369000e+02 1.469693845670000e+01	1.079499000000000e-04 5.081000000000001e-07 0.000000000000000e+00	1.000000000000000e+00	5009	0	351
352	-4.110588928550000e+02  6.910882722200000e+02  3.592584956082000e+02	-1.536800000000000e-05  0.000000000000000e+00  0.000000000000000e+00	1.000000000000000e+00	8073	0	352
354	 3.234580195257000e+02 -2.341835705193000e+02  9.471360338760000e+01	 5.129900000000000e-06 -3.264000000000000e-06  0.000000000000000e+00	1.000000000000000e+00	8073	0	354
355	 4.178142425439000e+02 -1.079578367747000e+02  9.471360338760000e+01	 4.865100000000000e-06 -4.320500000000000e-06  0.000000000000000e+00	1.000000000000000e+00	8073	0	355
356	3.698282022840000e+02 9.920037065120000e+01 3.592584956082000e+02	 1.049466000000000e-04 -2.380200000000000e-06  0.000000000000000e+00	1.000000000000000e+00	8073	0	356
358	 1.049779810675000e+02 -5.546376375200001e+01 -1.743029184529000e+02	 1.603700000000000e-06  2.777600000000000e-06 -8.292100000000000e-06	1.000000000000000e+00	8073	0	358
359	2.069956198600000e+02 1.212359699047000e+02 2.069488943130000e+01	-8.123000000000000e-07 -1.406900000000000e-06  3.577000000000000e-06	1.000000000000000e+00	8073	0	359
362	 1.586092985832000e+02 -3.092861085174000e+02  5.829785587824000e+02	 9.482200000000000e-06 -1.616480000000000e-05  0.000000000000000e+00	1.000000000000000e+00	105	0	362
363	 3.223230737794000e+02 -2.152425533572000e+02  5.829785587824000e+02	 1.678960000000000e-05 -3.040440000000000e-05  0.000000000000000e+00	1.000000000000000e+00	105	0	363
364	 4.742065409828000e+02 -4.632375368632000e+02  2.286190426598000e+02	-3.421740000000000e-05  3.552000000000000e-06  0.000000000000000e+00	1.000000000000000e+00	8073	0	364
365	 4.887748050272000e+02 -2.870051007142000e+02  2.286190426598000e+02	-5.506760000000000e-05  3.877300000000000e-06  0.000000000000000e+00	1.000000000000000e+00	8073	0	365
367	5.884705079185001e+02 2.680411433667000e+02 2.286190426598000e+02	-1.033000000000000e-07  5.020000000000000e-08  0.000000000000000e+00	1.000000000000000e+00	8073	0	367
373	-7.488811466919000e+02 -1.958894765959000e+02 -1.159425144917000e+02	-2.328000000000000e-07  7.702500000000001e-07  0.000000000000000e+00	7.500000000000000e-01	661	0	373
374	-1.580042591629000e+02  5.078605671213000e+02 -1.159425144917000e+02	-1.797600000000000e-06  2.576100000000000e-06  0.000000000000000e+00	1.000000000000000e+00	661	0	374
375	-3.157134786438000e+02  3.898055930079000e+02 -1.159425144917000e+02	-8.654000000000000e-07  5.629000000000000e-07  0.000000000000000e+00	1.000000000000000e+00	661	0	375
376	-6.282672307234001e+02  5.234634254120000e+01 -4.164132562731000e+02	 5.079000000000000e-07 -4.191000000000000e-07  0.000000000000000e+00	1.000000000000000e+00	8073	0	376
377	-5.472348319481000e+02  1.505663304883000e+02 -4.164132562731000e+02	 5.474000000000000e-07 -4.516000000000000e-07  0.000000000000000e+00	1.000000000000000e+00	8073	0	377
378	-6.414641089277001e+02 -6.677836857519001e+02  1.077775486825000e+02	-1.339005000000000e-04  1.456050000000000e-05  0.000000000000000e+00	1.000000000000000e+00	23	0	378
379	-6.401539356496000e+02 -5.335161706697000e+02  1.077775486825000e+02	-1.308316000000000e-04 -1.359200000000000e-06  0.000000000000000e+00	1.000000000000000e+00	23	0	379
380	-6.355833439010000e+02  4.466346945879000e+02  1.077775486825000e+02	-2.568420000000000e-05  1.263600000000000e-06  0.000000000000000e+00	1.000000000000000e+00	23	0	380
381	-6.444489641309000e+02  2.126517515371000e+02  1.077775486825000e+02	-5.233910000000000e-05  1.420500000000000e-06  0.000000000000000e+00	1.000000000000000e+00	23	0	381
382	-5.193793211587000e+02 -4.686960482465000e+02 -1.894272067752000e+02	-1.464000000000000e-07  1.130000000000000e-07  0.000000000000000e+00	1.000000000000000e+00	27	0	382
383	-3.745651924341000e+02 -2.811436861111000e+02 -1.894272067752000e+02	-3.093000000000000e-07  2.389000000000000e-07  0.000000000000000e+00	1.000000000000000e+00	27	0	383
384	 2.050649645635000e+02  4.687769824419000e+02 -1.894272067752000e+02	-9.580000000000000e-08  7.410000000000001e-08  0.000000000000000e+00	1.000000000000000e+00	27	0	384
385	 6.015717745250000e+01  2.812970130596000e+02 -1.894272067752000e+02	-1.649000000000000e-07  1.274000000000000e-07  0.000000000000000e+00	1.000000000000000e+00	27	0	385
388	5.490747990981000e+02 1.525464411210000e+01 9.471360338760000e+01	 5.519900000000000e-06 -6.553600000000000e-06  0.000000000000000e+00	1.000000000000000e+00	8073	0	388
390	 1.311369121843000e+02 -4.688217726840000e+02  1.518683640526000e+02	-3.770000000000000e-07 -1.649000000000000e-07  0.000000000000000e+00	1.000000000000000e+00	8073	0	390
391	 4.943737542140000e+01 -2.812887232487000e+02  1.518683640526000e+02	-2.053000000000000e-07 -8.930000000000000e-08  0.000000000000000e+00	1.000000000000000e+00	8073	0	391
392	-2.772629822113000e+02  4.686566540476000e+02  1.518683640526000e+02	3.570000000000000e-08 1.720000000000000e-08 0.000000000000000e+00	1.000000000000000e+00	8073	0	392
393	-1.953870806496000e+02  2.812691735720000e+02  1.518683640526000e+02	1.144000000000000e-07 4.980000000000000e-08 0.000000000000000e+00	1.000000000000000e+00	8073	0	393
394	-5.642682251370001e+02  3.403479836873000e+02 -6.953858349978000e+02	-1.465000000000000e-07  0.000000000000000e+00 -2.097300000000000e-06	1.000000000000000e+00	8073	0	394
395	-4.271342644907000e+02  3.403479836873000e+02 -7.070081689629001e+02	-2.298000000000000e-07  0.000000000000000e+00 -2.306200000000000e-06	1.000000000000000e+00	8073	0	395
400	 5.066875962361000e+02 -6.801548681831000e+02 -4.793636613800000e+02	 3.309000000000000e-06 -5.731300000000001e-06  4.227430000000000e-05	1.000000000000000e+00	8073	0	400
401	 4.330018083784000e+02 -5.525273398178000e+02 -2.633018853610000e+02	-1.877459765625000e-06  3.251865234375000e-06  1.587441796875000e-06	3.164062500000000e-01	8073	0	401
402	-4.630436991684000e+02  6.465951308949000e+02 -6.793251553319001e+02	-5.720900000000001e-06 -1.231590000000000e-05  0.000000000000000e+00	1.000000000000000e+00	8073	0	402
403	-3.943515079128000e+02  6.134918243956000e+02 -6.793251553319001e+02	-7.597500000000001e-06 -1.536780000000000e-05  0.000000000000000e+00	1.000000000000000e+00	8073	0	403
406	 4.998461947837000e+02 -4.292676753751000e+02  1.469693845670000e+01	 1.681950000000000e-05 -2.038400000000000e-06  0.000000000000000e+00	1.000000000000000e+00	5009	0	406
407	 5.251752479761000e+02 -1.664079023708000e+02  1.469693845670000e+01	 5.274350000000000e-05 -4.127400000000000e-06  0.000000000000000e+00	1.000000000000000e+00	5009	0	407
408	5.564500088645000e+02 6.002486012761000e+02 1.469693845670000e+01	 1.037170000000000e-04 -1.702030000000000e-05  0.000000000000000e+00	1.000000000000000e+00	5009	0	408
409	5.401670044755000e+02 5.003743718182000e+02 1.469693845670000e+01	 1.064149000000000e-04 -1.089280000000000e-05  0.000000000000000e+00	1.000000000000000e+00	5009	0	409
412	 1.664390636604000e+02 -5.266695592173000e+02  9.471360338760000e+01	-5.327000000000000e-07  4.021000000000000e-07  0.000000000000000e+00	1.000000000000000e+00	8073	0	412
413	 2.473066957432000e+02 -3.772049663885000e+02  9.471360338760000e+01	 7.838000000000000e-07 -3.661000000000000e-07  0.000000000000000e+00	1.000000000000000e+00	8073	0	413
414	 3.540097318496000e+02 -4.060762435677000e+02  3.592584956082000e+02	 3.844040000000000e-05 -1.864100000000000e-06  0.000000000000000e+00	1.000000000000000e+00	8073	0	414
415	 3.629727571885000e+02 -1.416914215651000e+02  3.592584956082000e+02	 7.230760000000000e-05 -1.950000000000000e-06  0.000000000000000e+00	1.000000000000000e+00	8073	0	415
416	-8.132625707990000e+01  6.910882722200000e+02  3.592584956082000e+02	0.000000000000000e+00 0.000000000000000e+00 0.000000000000000e+00	1.000000000000000e+00	8073	0	416
418	-1.457168524868000e+02 -4.896799526632000e+02 -4.280281404691000e+02	 1.097000000000000e-07  1.901000000000000e-07 -6.465000000000000e-07	1.000000000000000e+00	8073	0	418
419	-1.823264252670000e+01 -2.688708238495000e+02 -3.278960073219000e+02	 4.037500000000000e-06  6.993200000000000e-06 -1.691010000000000e-05	1.000000000000000e+00	8073	0	419
420	3.653092370403000e+02 3.954431983910000e+02 4.064378571088000e+02	-1.990981000000000e-04 -3.448480000000000e-04 -1.668345200000000e-03	1.000000000000000e+00	8073	0	420
424	4.523826331553000e+02 6.615556323427001e+02 3.804874067123000e+02	9.982000000000000e-07 3.396000000000000e-07 0.000000000000000e+00	1.000000000000000e+00	8006	0	424
426	-1.672060678093000e+02 -5.055365785411000e+02  5.829785587824000e+02	-1.020110000000000e-05  1.577370000000000e-05  0.000000000000000e+00	1.000000000000000e+00	105	0	426
427	-4.525565193900000e+00 -4.055436136823000e+02  5.829785587824000e+02	-3.958000000000000e-07  6.260000000000000e-07  0.000000000000000e+00	1.000000000000000e+00	105	0	427
428	 6.426654858696000e+02 -3.115044373450000e+01  5.829785587824000e+02	 2.455010000000000e-05 -3.840930000000000e-05  0.000000000000000e+00	1.000000000000000e+00	105	0	428
429	 4.913265772585000e+02 -1.264157313471000e+02  5.829785587824000e+02	 2.267580000000000e-05 -3.872200000000000e-05  0.000000000000000e+00	1.000000000000000e+00	105	0	429
430	-2.385408795285000e+02  5.499856323406000e+02 -4.164132562731000e+02	-1.238100000000000e-06  4.930000000000000e-07  0.000000000000000e+00	1.000000000000000e+00	8073	0	430
431	-3.046839792211000e+02  4.453981197984000e+02 -4.164132562731000e+02	 1.162687500000000e-07 -9.466875000000001e-08  0.000000000000000e+00	5.625000000000000e-01	8073	0	431
432	-2.181321100653000e+02  6.910882722200000e+02 -4.144746460155000e+02	 5.605184657222628e-05  0.000000000000000e+00 -3.082469528828859e-05	3.167635202407837e-02	8073	0	432
433	-4.432012506984000e+02  6.910882722200000e+02 -1.006803405910000e+01	2.092510000000000e-05 0.000000000000000e+00 9.102490000000001e-05	1.000000000000000e+00	8073	0	433
434	6.626695545186001e+02 1.114362221039000e+02 9.471360338760000e+01	-1.357100000000000e-06  2.237300000000000e-06  0.000000000000000e+00	1.000000000000000e+00	8073	0	434
436	 4.902551847942000e+02  4.516232677466000e+02 -6.470257727592000e+02	 1.036000000000000e-07 -1.794000000000000e-07 -9.137000000000000e-07	1.000000000000000e+00	0	0	436
438	5.134689550499000e+02 6.520633576188001e+02 5.620460006402001e+02	 7.788800000000001e-06  1.349050000000000e-05 -6.717360000000000e-05	1.000000000000000e+00	8073	0	438
439	 1.319941166308000e+02 -8.670444332300001e+00 -1.256173153002000e+02	-1.397600000000000e-06 -2.420800000000000e-06 -7.105100000000000e-06	1.000000000000000e+00	8073	0	439
440	 1.837487248665000e+02  8.097116665790000e+01 -2.454400838130000e+01	-6.379000000000001e-07 -1.104800000000000e-06  2.709800000000000e-06	1.000000000000000e+00	8073	0	440
441	-1.141268752748000e+02 -4.349645071219000e+02 -4.059362375935000e+02	 5.863000000000000e-07  1.015500000000000e-06 -3.196900000000000e-06	1.000000000000000e+00	8073	0	441
442	-5.040063891230000e+01 -3.245874279669000e+02 -3.566656012648000e+02	 2.830900000000000e-06  4.903300000000000e-06 -1.324680000000000e-05	1.000000000000000e+00	8073	0	442
444	5.700127018922000e+02 7.500000000000000e+02 3.592584956082000e+02	 0.000000000000000e+00 -0.000000000000000e+00  0.000000000000000e+00	1.000000000000000e+00	8073	1	444
445	-2.391579885490000e+02 -6.515247478398001e+02 -4.731949461476000e+02	-1.730000000000000e-08 -3.000000000000000e-08  2.254000000000000e-07	1.000000000000000e+00	8073	0	445
446	-1.773163212963000e+02 -5.444118381334000e+02 -4.468592586222000e+02	9.000000000000000e-10 1.600000000000000e-09 4.000000000000000e-10	1.000000000000000e+00	8073	0	446
447	4.575533967611000e+02 5.552147697291000e+02 5.252082818059000e+02	 2.321940000000000e-05  4.021710000000000e-05 -1.137515000000000e-04	1.000000000000000e+00	8073	0	447
448	4.049250436596000e+02 4.640597882385000e+02 4.658265715705000e+02	 3.131210000000000e-05  5.423420000000000e-05 -8.176990000000000e-05	1.000000000000000e+00	8073	0	448
449	 7.668598893630001e+01 -1.044669315706000e+02 -2.192873758913000e+02	 4.444500000000000e-06  7.698200000000000e-06 -1.300940000000000e-05	1.000000000000000e+00	8073	0	449
450	 1.384273295580000e+01 -2.133146438418000e+02 -2.957614429202000e+02	 5.652800000000000e-06  9.790900000000000e-06 -2.135700000000000e-05	1.000000000000000e+00	8073	0	450
451	2.299187878577000e+02 1.609400615473000e+02 6.372982704590000e+01	-1.084900000000000e-06 -1.879100000000000e-06  2.726300000000000e-06	1.000000000000000e+00	8073	0	451
452	2.745304166022000e+02 2.382096691411000e+02 1.415873112904000e+02	8.164600000000000e-06 1.414150000000000e-05 1.056410000000000e-05	1.000000000000000e+00	8073	0	452
453	 3.295280648085000e+02 -7.022008472472000e+02  3.592584956082000e+02	 2.616500000000000e-06 -3.559000000000000e-07  0.000000000000000e+00	1.000000000000000e+00	8073	0	453
455	-3.759429269244000e+02 -3.705600193530000e+02  6.327627701393001e+02	 4.241700000000000e-06  7.346800000000001e-06 -1.477970000000000e-05	1.000000000000000e+00	491	0	455
459	 3.414821547570000e+02 -5.958061538363000e+02  3.592584956082000e+02	 1.563980000000000e-05 -1.343400000000000e-06  0.000000000000000e+00	1.000000000000000e+00	8073	0	459
460	3.707138245577000e+02 1.493374873062000e+02 3.592584956082000e+02	 1.196924000000000e-04 -1.054100000000000e-06  0.000000000000000e+00	1.000000000000000e+00	8073	0	460
465	 4.266179798640000e+01  6.383660253972000e+02 -1.159425144917000e+02	 9.446000000000000e-07 -1.569300000000000e-06  0.000000000000000e+00	1.000000000000000e+00	661	0	465
468	-6.900006678645000e+02  8.044160147840000e+01  6.580962442277000e+02	-2.722721000000000e-04 -7.662580000000001e-05  0.000000000000000e+00	1.000000000000000e+00	1105	0	468
471	 3.503291440652000e+02 -4.736903972846000e+02  3.592584956082000e+02	 3.019230000000000e-05 -1.799300000000000e-06  0.000000000000000e+00	1.000000000000000e+00	8073	0	471
479	7.497570530176000e+02 5.715767664980000e+01 6.580962442277000e+02	 8.114871093750000e-07 -8.997011718750000e-07  0.000000000000000e+00	3.164062500000000e-01	1105	0	479
483	 5.071486036693000e+02 -3.695705021149000e+02  1.469693845670000e+01	 2.581960000000000e-05 -2.679600000000000e-06  0.000000000000000e+00	1.000000000000000e+00	5009	0	483
484	-5.755513988914000e+02  1.001039774069000e+02  6.580962442277000e+02	-1.847012000000000e-04 -3.399200000000000e-06  0.000000000000000e+00	1.000000000000000e+00	1105	0	484
486	-3.729374797458000e+02 -6.409721112998001e+02  5.829785587824000e+02	-2.104870000000000e-05  3.380820000000000e-05  0.000000000000000e+00	1.000000000000000e+00	105	0	486
487	5.236879949124000e+02 6.697632538653000e+02 2.286190426598000e+02	7.743515625000000e-06 1.341220781250000e-05 0.000000000000000e+00	4.218750000000000e-01	8073	0	487
488	 4.621210105101000e+02  5.003530870356000e+02 -6.603142146211001e+02	 1.399000000000000e-07 -2.422000000000000e-07 -1.112100000000000e-06	1.000000000000000e+00	0	0	488
490	5.046727510224000e+02 5.338775871483000e+02 3.804874067123000e+02	2.764400000000000e-06 1.754600000000000e-06 0.000000000000000e+00	1.000000000000000e+00	8006	0	490
491	-5.206289864175001e+02 -6.211636255420000e+02  4.288332756235000e+02	 4.578000000000000e-07  7.929000000000001e-07 -1.361020000000000e-05	1.000000000000000e+00	491	0	491
494	 8.158367758500001e+00 -6.864493389917001e+02  9.471360338760000e+01	 1.459400000000000e-06 -1.567700000000000e-06  0.000000000000000e+00	1.000000000000000e+00	8073	0	494
495	 5.193623474751000e+02 -2.439792946622000e+02  1.469693845670000e+01	 4.182040000000000e-05 -3.489800000000000e-06  0.000000000000000e+00	1.000000000000000e+00	5009	0	495
496	 3.419864295233000e+02 -6.997720310130001e+02  3.684376579800000e+00	 5.333250000000001e-07  9.236999999999999e-07 -5.214862500000000e-05	7.500000000000000e-01	8073	0	496
497	-4.716759725556000e+02 -5.363745183496001e+02  5.057961518579000e+02	 4.503000000000000e-06  7.799500000000000e-06 -1.246360000000000e-05	1.000000000000000e+00	491	0	497
499	 5.031853410284000e+02 -4.205673261613000e+02 -2.691343386520000e+02	1.450000000000000e-08 2.510000000000000e-08 6.239000000000001e-07	1.000000000000000e+00	8073	0	499
501	-4.942973397183000e+02  1.054544682458000e+02  6.580962442277000e+02	-2.603660000000000e-05  1.791730000000000e-05  0.000000000000000e+00	1.000000000000000e+00	1105	0	501
503	-4.246668047722000e+02  1.063840962265000e+02  6.580962442277000e+02	-2.757600000000000e-06  2.019530000000000e-05  0.000000000000000e+00	1.000000000000000e+00	1105	0	503
505	5.312173258190001e+02 1.199648004058000e+02 2.286190426598000e+02	-9.320000000000000e-07  1.130000000000000e-07  0.000000000000000e+00	1.000000000000000e+00	8073	0	505
507	-5.692329892957000e+02 -7.053482279783000e+02  3.270714802081000e+02	-8.981000000000000e-07 -1.555500000000000e-06 -1.346400000000000e-05	1.000000000000000e+00	491	0	507
512	 9.250908660760000e+01  6.677208902152000e+02 -1.159425144917000e+02	 2.393100000000000e-06 -4.173600000000000e-06  0.000000000000000e+00	1.000000000000000e+00	661	0	512
519	-3.552202525198000e+02  1.045016028839000e+02  6.580962442277000e+02	-5.642200000000000e-06  2.216670000000000e-05  0.000000000000000e+00	1.000000000000000e+00	1105	0	519
521	-5.942399064078000e+02 -7.486614789572001e+02  2.419545722278000e+02	 1.778625000000000e-07  3.080250000000000e-07 -7.721437500000000e-07	5.625000000000000e-01	491	0	521
523	 4.956708802570000e+01  6.910882722200000e+02 -6.309698108215000e+02	-5.105000000000000e-07  0.000000000000000e+00 -1.060300000000000e-06	1.000000000000000e+00	8073	0	523
527	5.330752246485000e+02 2.218271481420000e+02 1.469693845670000e+01	9.648750000000001e-05 7.326000000000000e-07 0.000000000000000e+00	1.000000000000000e+00	5009	0	527
529	-3.510559609598000e+02 -3.274545298561000e+02  6.592213595904000e+02	 3.303400000000000e-06  5.721700000000001e-06 -1.309630000000000e-05	1.000000000000000e+00	491	0	529
530	-5.361103135688001e+02  6.910882722200000e+02  5.156482095928001e+02	-4.590500000000000e-06  0.000000000000000e+00 -5.717200000000000e-06	1.000000000000000e+00	8073	0	530
531	5.378464978106000e+02 6.942865002440001e+02 5.720200999547001e+02	 4.324000000000000e-06  7.489300000000000e-06 -4.450890000000000e-05	1.000000000000000e+00	8073	0	531
535	 4.337478305576000e+02  5.494968762856000e+02 -6.747658605993000e+02	-2.032500000000000e-08  3.525000000000000e-08 -8.294250000000001e-07	7.500000000000000e-01	0	0	535
537	-2.889257373087000e+02  1.003773152504000e+02  6.580962442277000e+02	-2.044200000000000e-06  2.426410000000000e-05  0.000000000000000e+00	1.000000000000000e+00	1105	0	537
538	-6.458766408379000e+02  1.518109286988000e+02  1.077775486825000e+02	-5.930600000000000e-05  1.120000000000000e-06  0.000000000000000e+00	1.000000000000000e+00	23	0	538
540	-7.100296282159001e+02 -6.577090976810000e+02 -1.159425144917000e+02	2.071900000000000e-06 4.564200000000000e-06 0.000000000000000e+00	1.000000000000000e+00	661	0	540
545	-2.254516456534000e+02  9.457424244580001e+01  6.580962442277000e+02	-1.702700000000000e-06  2.746360000000000e-05  0.000000000000000e+00	1.000000000000000e+00	1105	0	545
547	-6.443032252171000e+02 -2.267496035815000e+02  1.077775486825000e+02	-9.840140000000001e-05 -1.917500000000000e-06  0.000000000000000e+00	1.000000000000000e+00	23	0	547
553	5.344902361688000e+02 8.805229909030000e+01 1.469693845670000e+01	8.625020000000001e-05 1.604600000000000e-06 0.000000000000000e+00	1.000000000000000e+00	5009	0	553
560	-7.312577762403000e+02 -6.164383970767000e+02 -1.159425144917000e+02	2.681100000000000e-06 1.813600000000000e-06 0.000000000000000e+00	1.000000000000000e+00	661	0	560
566	-6.466520953255000e+02 -9.519013606600001e+01  1.077775486825000e+02	-8.596090000000001e-05 -1.076700000000000e-06  0.000000000000000e+00	1.000000000000000e+00	23	0	566
567	-6.472489115094000e+02  2.804580450020000e+01  1.077775486825000e+02	-7.319660000000000e-05  2.071000000000000e-07  0.000000000000000e+00	1.000000000000000e+00	23	0	567
568	-1.612335681087000e+02  8.731491374740000e+01  6.580962442277000e+02	1.487700000000000e-06 3.210790000000000e-05 0.000000000000000e+00	1.000000000000000e+00	1105	0	568
571	-5.349401399581001e+02  1.931750590915000e+02 -1.159425144917000e+02	-4.215500000000001e-06  5.580400000000000e-06  0.000000000000000e+00	1.000000000000000e+00	661	0	571
572	-3.677634667822000e+02  6.910882722200000e+02  1.518683640526000e+02	-1.857150000000000e-06  0.000000000000000e+00  1.756425000000000e-06	7.500000000000000e-01	8073	0	572
582	-4.196678764956000e+02 -6.690575519259000e+02  5.829785587824000e+02	-2.233860000000000e-05  3.827670000000000e-05  0.000000000000000e+00	1.000000000000000e+00	105	0	582
583	-9.785416023330001e+01  7.930631700370000e+01  6.580962442277000e+02	5.070400000000000e-06 3.903910000000000e-05 0.000000000000000e+00	1.000000000000000e+00	1105	0	583
585	 4.047468775434000e+02  5.997280003741000e+02 -6.922591441809001e+02	-2.623800000000000e-06  4.544600000000001e-06 -2.324100000000000e-06	1.000000000000000e+00	0	0	585
589	 1.433963803831000e+02  6.961924349437001e+02 -1.159425144917000e+02	 3.802600000000000e-06 -7.028300000000000e-06  0.000000000000000e+00	1.000000000000000e+00	661	0	589
595	5.329841574888001e+02 4.917140011359000e+02 3.804874067123000e+02	3.136100000000000e-06 2.514400000000000e-06 0.000000000000000e+00	1.000000000000000e+00	8006	0	595
598	 9.606239967000000e+01  6.910882722200000e+02 -6.588184172996000e+02	-9.411000000000001e-07  0.000000000000000e+00 -1.622700000000000e-06	1.000000000000000e+00	8073	0	598
600	-3.570652035340000e+01  7.084178874030000e+01  6.580962442277000e+02	8.033700000000001e-06 4.906880000000000e-05 0.000000000000000e+00	1.000000000000000e+00	1105	0	600
602	-4.343574677941000e+02  6.910882722200000e+02  5.203458851370000e+01	2.554700000000000e-05 0.000000000000000e+00 3.266990000000000e-05	1.000000000000000e+00	8073	0	602
610	-5.691556803375000e+02  6.910882722200000e+02  5.524991584693000e+02	-3.412100000000000e-06  0.000000000000000e+00 -3.794400000000000e-06	1.000000000000000e+00	8073	0	610
611	-6.419623386089000e+02 -3.601432911508000e+02  1.077775486825000e+02	-1.121305000000000e-04 -1.704800000000000e-06  0.000000000000000e+00	1.000000000000000e+00	23	0	611
615	 4.300000000000000e+02 -5.473280551918000e+02 -2.606506917860000e+02	0.000000000000000e+00 0.000000000000000e+00 0.000000000000000e+00	1.000000000000000e+00	8073	0	615
616	-3.250664942144000e+02 -2.824394529915000e+02  6.831788826840000e+02	 2.341800000000000e-06  4.056000000000000e-06 -1.081640000000000e-05	1.000000000000000e+00	491	0	616
618	2.484797564560000e+01 6.187574484450001e+01 6.580962442277000e+02	1.166020000000000e-05 6.243970000000000e-05 0.000000000000000e+00	1.000000000000000e+00	1105	0	618
620	 3.753165687556000e+02  6.507027904771001e+02 -7.067456534626000e+02	-5.251160161972045e-06  9.095285862350464e-06 -3.473124757003784e-06	7.508468627929688e-02	0	0	620
625	-6.188860029734000e+02  8.660716048790000e+01 -1.159425144917000e+02	-2.146250000000000e-05 -8.319300000000000e-06  0.000000000000000e+00	1.000000000000000e+00	661	0	625
627	 5.229847549129000e+02 -6.912076486705000e+02  2.286190426598000e+02	-2.271600000000000e-06  6.029500000000000e-06  0.000000000000000e+00	1.000000000000000e+00	8073	0	627
630	-3.334828150196000e+02  6.910882722200000e+02  1.806777651124000e+02	-3.328600000000000e-06  0.000000000000000e+00 -1.216200000000000e-06	1.000000000000000e+00	8073	0	630
631	8.397378124500000e+01 5.215590221990000e+01 6.580962442277000e+02	1.657720000000000e-05 7.911440000000000e-05 0.000000000000000e+00	1.000000000000000e+00	1105	0	631
639	 1.464653748304000e+02  6.910882722200000e+02 -6.848602897197001e+02	-6.452000000000000e-07  0.000000000000000e+00 -1.308500000000000e-06	1.000000000000000e+00	8073	0	639
646	 3.568140687394000e+02 -3.414921366271000e+02  3.592584956082000e+02	 4.637350000000000e-05 -1.778100000000000e-06  0.000000000000000e+00	1.000000000000000e+00	8073	0	646
647	 3.608766916035000e+02 -2.121845415590000e+02  3.592584956082000e+02	 6.272090000000000e-05 -1.838100000000000e-06  0.000000000000000e+00	1.000000000000000e+00	8073	0	647
655	 1.959599540786000e+02  7.234854418885001e+02 -1.159425144917000e+02	 4.714100000000000e-06 -9.591200000000001e-06  0.000000000000000e+00	1.000000000000000e+00	661	0	655
660	-4.673084886598000e+02 -6.960545509102001e+02  5.829785587824000e+02	-2.369020000000000e-05  4.362820000000000e-05  0.000000000000000e+00	1.000000000000000e+00	105	0	660
664	1.428856688305000e+02 4.121494741290000e+01 6.580962442277000e+02	2.191220000000000e-05 9.919920000000000e-05 0.000000000000000e+00	1.000000000000000e+00	1105	0	664
681	 3.358107730291000e+02  7.191288358689001e+02 -7.313853140157000e+02	-1.279212168788910e-06  2.215666498947144e-06 -1.747239420890808e-06	5.631351470947266e-02	0	0	681
683	-7.342345559944000e+02 -1.438653324211000e+02 -1.159425144917000e+02	-2.808000000000000e-06  8.138999999999999e-06  0.000000000000000e+00	1.000000000000000e+00	661	0	683
688	-6.046302786817000e+02  6.910882722200000e+02  5.910032884796000e+02	-1.320300000000000e-06  0.000000000000000e+00 -2.319500000000000e-06	1.000000000000000e+00	8073	0	688
689	2.022717281889000e+02 2.867068994380000e+01 6.580962442277000e+02	2.681640000000000e-05 1.222523000000000e-04 0.000000000000000e+00	1.000000000000000e+00	1105	0	689
696	 4.690766388438000e+02 -4.796453313253000e+02 -2.657692328092000e+02	2.588203125000000e-08 4.483476562500000e-08 9.248554687500001e-07	3.164062500000000e-01	8073	0	696
703	2.622958784230000e+02 1.440205031370000e+01 6.580962442277000e+02	3.351940000000000e-05 1.462826000000000e-04 0.000000000000000e+00	1.000000000000000e+00	1105	0	703
707	 3.645258417291000e+02 -7.814450444630000e+01  3.592584956082000e+02	 8.006330000000000e-05 -2.440400000000000e-06  0.000000000000000e+00	1.000000000000000e+00	8073	0	707
708	 4.239458179850000e+02 -5.473280551918000e+02 -2.582236942753000e+02	-8.018288085937500e-07  0.000000000000000e+00 -5.406512695312501e-07	2.373046875000000e-01	8073	0	708
710	 3.272122832747000e+02 -2.398964720100000e+00  6.580962442277000e+02	4.309930000000000e-05 1.705245000000000e-04 0.000000000000000e+00	1.000000000000000e+00	1105	0	710
712	-3.347799573363000e+02  6.910882722200000e+02  2.128614290679000e+02	-6.531200000000000e-06  0.000000000000000e+00 -3.315200000000000e-06	1.000000000000000e+00	8073	0	712
714	 4.559541545317000e+02 -3.516895372150000e+01  6.580962442277000e+02	1.689057000000000e-04 1.813610000000000e-04 0.000000000000000e+00	1.000000000000000e+00	1105	0	714
715	 5.223714313162001e+02 -4.609882133210000e+01  6.580962442277000e+02	1.711214000000000e-04 1.860767000000000e-04 0.000000000000000e+00	1.000000000000000e+00	1105	0	715
717	 5.730230890630000e+02 -4.564519912330000e+01  6.580962442277000e+02	1.453640000000000e-04 1.663895000000000e-04 0.000000000000000e+00	1.000000000000000e+00	1105	0	717
718	-5.448679118702000e+02  6.833999772280000e+02 -6.793251553319001e+02	-4.314200000000000e-06 -9.034400000000001e-06  0.000000000000000e+00	1.000000000000000e+00	8073	0	718
720	 6.266027739699000e+02 -3.192380429300000e+01  6.580962442277000e+02	1.030326000000000e-04 1.192953000000000e-04 0.000000000000000e+00	1.000000000000000e+00	1105	0	720
722	 1.998045865727000e+02  6.910882722200000e+02 -7.087638032491001e+02	-2.124000000000000e-07  0.000000000000000e+00 -5.165000000000001e-07	1.000000000000000e+00	8073	0	722
724	-6.234214687526000e+02  7.155199706511000e+02 -6.793251553319001e+02	-1.390940000000000e-05 -2.384000000000000e-06  0.000000000000000e+00	1.000000000000000e+00	8073	0	724
728	 4.818149984081000e+02 -6.370742650286001e+02 -3.906292297210000e+02	-2.774500000000000e-05  4.805580000000000e-05  9.446930000000000e-05	1.000000000000000e+00	8073	0	728
729	6.882268750104000e+02 1.660691893100000e+00 6.580962442277000e+02	3.479210000000000e-05 5.122130000000000e-05 0.000000000000000e+00	1.000000000000000e+00	1105	0	729
733	5.857639288771001e+02 4.339576780014000e+02 3.804874067123000e+02	2.036000000000000e-06 2.244100000000000e-06 0.000000000000000e+00	1.000000000000000e+00	8006	0	733
737	-6.438247986185000e+02  6.910882722200000e+02  6.326980677742000e+02	-3.567000000000000e-07  0.000000000000000e+00 -2.819000000000000e-07	1.000000000000000e+00	8073	0	737
740	-2.980345864858000e+02 -2.356188153801000e+02  7.044025719017001e+02	 1.473600000000000e-06  2.552300000000000e-06 -8.021400000000001e-06	1.000000000000000e+00	491	0	740
745	-7.344052277105001e+02  7.492228020217000e+02 -6.793251553319001e+02	-2.112500000000000e-06 -7.470000000000000e-07  0.000000000000000e+00	1.000000000000000e+00	8073	0	745
746	-8.914892636120000e+01  6.910882722200000e+02 -5.172984390113000e+02	-4.438630000000000e-05  0.000000000000000e+00 -6.485060000000001e-05	1.000000000000000e+00	8073	0	746
747	6.160275626982000e+02 4.084365093541000e+02 3.804874067123000e+02	2.719000000000000e-06 3.479900000000000e-06 0.000000000000000e+00	1.000000000000000e+00	8006	0	747
753	5.730884312865001e+02 4.065278901514000e+02 2.286190426598000e+02	-1.277242646484375e-05 -2.113834218750000e-05  0.000000000000000e+00	2.373046875000000e-01	8073	0	753
755	-2.739459585514000e+02  5.517049779101001e+02 -6.793251553319001e+02	-1.799812500000000e-05 -5.012362500000000e-05  0.000000000000000e+00	7.500000000000000e-01	8073	0	755
771	6.567703224476001e+02 3.785216474022000e+02 3.804874067123000e+02	-3.090700000000000e-06 -4.104900000000000e-06  0.000000000000000e+00	1.000000000000000e+00	8006	0	771
776	 2.560064262130000e+02  6.910882722200000e+02 -7.299031433991000e+02	-4.343000000000000e-07  0.000000000000000e+00 -1.182400000000000e-06	1.000000000000000e+00	8073	0	776
805	-1.092619496274000e+02  3.867010401515000e+02 -7.315425510961001e+02	 1.406993000000000e-06 -2.436983000000000e-06  7.291478500000001e-06	5.000000000000000e-03	8073	0	805
828	-1.400500817420000e+02  3.403479836873000e+02 -7.450901853075001e+02	 1.424255273437500e-05  0.000000000000000e+00 -2.537451562500000e-06	2.373046875000000e-01	8073	0	828
864	-2.699438686973000e+02 -1.869642649493000e+02  7.226395423073001e+02	 7.208000000000000e-07  1.248500000000000e-06 -4.711800000000000e-06	1.000000000000000e+00	491	0	864
865	 4.016272057248000e+02 -5.473280551918000e+02 -2.221811459641000e+02	-6.116700000000000e-06  0.000000000000000e+00  1.297900000000000e-05	1.000000000000000e+00	8073	0	865
909	-1.272672889664000e+02  6.910882722200000e+02  3.592584956082000e+02	0.000000000000000e+00 0.000000000000000e+00 0.000000000000000e+00	4.218750000000000e-01	8073	0	909
1000	-3.554109416806000e+02  6.910882722200000e+02  2.671942294536000e+02	-9.031300000000001e-06  0.000000000000000e+00 -6.193800000000000e-06	1.000000000000000e+00	8073	0	1000
1002	7.037774336897000e+02 3.428561008578000e+02 3.804874067123000e+02	-5.866700000000000e-06 -7.226200000000000e-06  0.000000000000000e+00	1.000000000000000e+00	8006	0	1002
1003	-4.402814153430000e+02  6.910882722200000e+02  3.992308742604000e+02	-1.539830000000000e-05  0.000000000000000e+00  3.627000000000000e-07	1.000000000000000e+00	8073	0	1003
1011	6.941390727359001e+02 2.751551973589000e+02 1.587068404848000e+02	 7.643032500000000e-05 -1.323812250000000e-04  2.956230750000000e-04	7.500000000000000e-01	8073	0	1011
1012	 3.872823303913000e+02 -5.473280551918000e+02 -1.665887481887000e+02	-1.841200000000000e-06  0.000000000000000e+00  2.966830000000000e-05	1.000000000000000e+00	8073	0	1012
1014	-3.324495909869000e+02  6.207722957989000e+02  1.518683640526000e+02	-1.171100000000000e-06 -4.389000000000000e-07  0.000000000000000e+00	1.000000000000000e+00	8073	0	1014
1015	-3.577951010252000e+02  6.863252289192001e+02  1.518683640526000e+02	-7.485000000000000e-07 -1.041000000000000e-07  0.000000000000000e+00	1.000000000000000e+00	8073	0	1015
1020	-3.623299680184000e+02  6.863469774096001e+02  1.518683640526000e+02	6.300000000000000e-09 1.305400000000000e-06 0.000000000000000e+00	1.000000000000000e+00	8073	0	1020
1081	-5.186414288668000e+02 -7.222061440431000e+02  5.829785587824000e+02	-1.588260000000000e-05  3.454080000000000e-05  0.000000000000000e+00	1.000000000000000e+00	105	0	1081
1396	-4.297146348959000e+02  6.910882722200000e+02 -7.858410252500001e+01	-3.007040000000000e-05  0.000000000000000e+00  1.553493000000000e-04	1.000000000000000e+00	8073	0	1396
1705	 3.908779666384000e+02 -5.473280551918000e+02 -1.073519652268000e+02	1.605720000000000e-05 0.000000000000000e+00 4.885230000000000e-05	1.000000000000000e+00	8073	0	1705
1759	5.398178935328000e+02 6.977010577968000e+02 2.527282772304000e+02	1.646810733032226e-05 2.852361112060547e-05 1.577953070068359e-05	1.334838867187500e-01	8073	0	1759
1801	-2.409201773592000e+02 -1.366937569285000e+02  7.373557379000000e+02	 8.260000000000000e-08  1.430000000000000e-07 -7.702000000000001e-07	1.000000000000000e+00	491	0	1801
2264	6.426010046326001e+02 3.644217498378000e+02 2.286190426598000e+02	-3.061110000000000e-05 -3.260950000000000e-05  1.303100000000000e-06	1.000000000000000e+00	8073	0	2264
2827	6.417639402088000e+02 3.658715879489000e+02 2.229114876221000e+02	-4.306194140625000e-06  7.458517968750001e-06 -7.721325000000000e-06	3.164062500000000e-01	8073	0	2827
2939	6.205747556029000e+02 3.227598393737000e+02 2.286190426598000e+02	-8.809000000000000e-07  4.757000000000000e-07  0.000000000000000e+00	1.000000000000000e+00	8073	0	2939
3478	3.271460061703000e+02 3.293425435432000e+02 2.286190426598000e+02	1.643620000000000e-05 2.846830000000000e-05 0.000000000000000e+00	1.000000000000000e+00	8073	0	3478
4128	-6.641437223812001e+02 -7.131127795699000e+02 -1.159425144917000e+02	 4.729800000000000e-06 -1.729900000000000e-06  0.000000000000000e+00	1.000000000000000e+00	661	0	4128
4210	 4.276227352479000e+02 -5.432105118582000e+02  6.757941155600000e+00	 2.560950000000000e-06 -4.435706250000000e-06  6.915375000000000e-07	5.625000000000000e-01	8073	0	4210
4213	-3.297129607938000e+02  6.910882722200000e+02 -2.684407143860000e+02	-1.771080000000000e-05  0.000000000000000e+00  1.778030000000000e-05	1.000000000000000e+00	8073	0	4213
4214	4.318073919029000e+02 7.345338815966001e+02 2.286190426598000e+02	1.966500000000000e-06 2.399625000000000e-06 0.000000000000000e+00	7.500000000000000e-01	8073	0	4214
4220	 4.354013936045000e+02 -5.566835433464000e+02  6.881750825160000e+01	-2.095520000000000e-05  3.629540000000000e-05 -1.348008000000000e-04	1.000000000000000e+00	8073	0	4220
4224	-7.198206174693000e+02  6.910882722200000e+02  7.124598865536000e+02	-3.665001000000000e-04  0.000000000000000e+00  4.082642000000000e-04	1.000000000000000e+00	8073	0	4224
4225	-2.516399001001000e+02  6.910882722200000e+02 -3.833355566389000e+02	 2.991152000000000e-04  0.000000000000000e+00 -4.018513000000000e-04	1.000000000000000e+00	8073	0	4225
4234	5.627468551353001e+02 7.374151842571000e+02 3.154352738974000e+02	7.273500000000000e-06 1.259800000000000e-05 1.109780000000000e-05	1.000000000000000e+00	8073	0	4234
4235	5.171695648123000e+02 6.707581627566000e+02 2.286190426598000e+02	1.226843728637695e-05 1.024898626098633e-05 0.000000000000000e+00	1.334838867187500e-01	8073	0	4235
4236	5.216323662030001e+02 4.306588762944000e+02 2.286190426598000e+02	 3.925730000000000e-05 -4.196380000000000e-05  0.000000000000000e+00	1.000000000000000e+00	8073	0	4236
4237	5.091320016865000e+02 6.028345499683001e+02 2.286190426598000e+02	2.099660000000000e-05 5.529870000000000e-05 0.000000000000000e+00	1.000000000000000e+00	8073	0	4237
4240	5.107135586586000e+02 5.395297453532000e+02 2.286190426598000e+02	3.799820000000000e-05 1.292000000000000e-06 0.000000000000000e+00	1.000000000000000e+00	8073	0	4240
4244	4.647604473400000e+02 3.961405568861000e+02 2.286190426598000e+02	 3.169540000000000e-05 -5.217850000000000e-05  0.000000000000000e+00	1.000000000000000e+00	8073	0	4244
4245	3.948401585380000e+02 3.497285786559000e+02 2.286190426598000e+02	-7.484620000000001e-05 -3.988320000000000e-05  0.000000000000000e+00	1.000000000000000e+00	8073	0	4245
4246	3.426588776455000e+02 3.562116251095000e+02 3.592584956082000e+02	8.931965000000000e-04 1.547061700000000e-03 0.000000000000000e+00	1.000000000000000e+00	8073	0	4246
4250	 3.858395826630000e+02 -1.794132710980000e+01  6.580962442277000e+02	5.655760000000000e-05 1.878385000000000e-04 0.000000000000000e+00	1.000000000000000e+00	1105	0	4250
4253	 3.985937224460000e+02 -6.017253235919001e+02  5.961578767200000e+00	 8.209099000000001e-04  1.421857700000000e-03 -9.675950000000001e-05	1.000000000000000e+00	8073	0	4253
4254	-1.434359738416000e+02  4.458921863896000e+02 -7.014944898950000e+02	-2.550889088745117e-05  4.418269263610841e-05  4.501117706451416e-05	1.001129150390625e-01	8073	0	4254
4256	-1.631817676016000e+02  6.910882722200000e+02 -4.448210160567000e+02	2.549676375000000e-04 0.000000000000000e+00 1.050121125000000e-03	5.625000000000000e-01	8073	0	4256
4257	-2.151539497285000e+02  5.056551758973000e+02 -6.793251553319001e+02	 2.282380664062500e-05 -6.241739765625001e-05  0.000000000000000e+00	3.164062500000000e-01	8073	0	4257
4258	-2.960347840038000e+02  6.910882722200000e+02 -3.216774715283000e+02	 7.257240000000000e-05  0.000000000000000e+00 -1.484194000000000e-04	1.000000000000000e+00	8073	0	4258
4259	3.027202972220000e+02 2.870359746340000e+02 1.847660298522000e+02	6.234475078125001e-05 1.079842640625000e-04 6.882895898437501e-05	3.164062500000000e-01	8073	0	4259
4260	7.237357861080001e+02 2.238921860614000e+02 1.213242770017000e+02	 2.270858967773437e-04 -3.933243325195312e-04  4.672650322265625e-04	2.373046875000000e-01	8073	0	4260
4262	 5.379367155148000e+02 -7.342799304655000e+02 -6.169929489851000e+02	 2.124385000000000e-04 -3.679542000000000e-04 -4.099683000000000e-04	1.000000000000000e+00	8073	0	4262
4263	6.668364446261000e+02 3.224447364252000e+02 1.890932373257000e+02	 2.318305429687500e-05 -4.015426289062501e-05  5.124728882812500e-04	3.164062500000000e-01	8073	0	4263
4264	3.645793655638000e+02 2.953242550987000e+02 3.592584956082000e+02	8.736080000000000e-04 3.612675000000000e-04 0.000000000000000e+00	1.000000000000000e+00	8073	0	4264
0	 5.000000000000000e-01 -8.660254037844386e-01  0.000000000000000e+00	8.660254037844385e-01 5.000000000000000e-01 0.000000000000000e+00	5.632499999999998e+02 3.251925391210567e+02 0.000000000000000e+00	1	0	0.000000000000000e+00	0.000000000000000e+00	0.000000000000000e+00	9.352447596666880e+04
1	5.000000000000000e-01 8.660254037844386e-01 0.000000000000000e+00	0.000000000000000e+00 0.000000000000000e+00 1.000000000000000e+00	0.000000000000000e+00 0.000000000000000e+00 2.286190426597633e+02	1	0	0.000000000000000e+00	0.000000000000000e+00	0.000000000000000e+00	3.477078007945163e+05
3	-5.000000000000000e-01 -8.660254037844386e-01  0.000000000000000e+00	0.000000000000000e+00 0.000000000000000e+00 1.000000000000000e+00	0.000000000000000e+00 0.000000000000000e+00 6.580962442277471e+02	1	0	0.000000000000000e+00	0.000000000000000e+00	0.000000000000000e+00	1.210736514974700e+06
4	-1.000000000000000e+00  0.000000000000000e+00  0.000000000000000e+00	0.000000000000000e+00 0.000000000000000e+00 1.000000000000000e+00	-0.000000000000000e+00 -0.000000000000000e+00 -1.159425144917371e+02	1	0	0.000000000000000e+00	0.000000000000000e+00	0.000000000000000e+00	1.891334303894837e+06
7	-5.000000000000000e-01 -8.660254037844386e-01  0.000000000000000e+00	0.000000000000000e+00 0.000000000000000e+00 1.000000000000000e+00	-0.000000000000000e+00 -0.000000000000000e+00 -1.894272067752324e+02	1	0	0.000000000000000e+00	0.000000000000000e+00	0.000000000000000e+00	1.360826527771335e+06
9	-5.000000000000000e-01 -8.660254037844386e-01  0.000000000000000e+00	 8.660254037844385e-01 -5.000000000000000e-01  0.000000000000000e+00	-1.215000000000000e+02  7.014805770653952e+01 -0.000000000000000e+00	1	0	0.000000000000000e+00	0.000000000000000e+00	0.000000000000000e+00	2.460590062340655e+06
10	-5.000000000000000e-01  8.660254037844386e-01  0.000000000000000e+00	8.660254037844385e-01 5.000000000000000e-01 0.000000000000000e+00	-1.409999999999999e+02 -8.140638795573722e+01 -0.000000000000000e+00	1	0	0.000000000000000e+00	0.000000000000000e+00	0.000000000000000e+00	2.360851416469618e+03
12	1.000000000000000e+00 0.000000000000000e+00 0.000000000000000e+00	 0.000000000000000e+00 -1.000000000000000e+00  0.000000000000000e+00	0.000000000000000e+00 2.381569860407206e+02 0.000000000000000e+00	1	0	0.000000000000000e+00	0.000000000000000e+00	0.000000000000000e+00	2.250000000000000e+06
13	 5.000000000000000e-01 -8.660254037844386e-01  0.000000000000000e+00	0.000000000000000e+00 0.000000000000000e+00 1.000000000000000e+00	0.000000000000000e+00 0.000000000000000e+00 1.518683640525570e+02	1	0	0.000000000000000e+00	0.000000000000000e+00	0.000000000000000e+00	1.230690859637873e+06
15	5.000000000000000e-01 8.660254037844386e-01 0.000000000000000e+00	 8.660254037844385e-01 -5.000000000000000e-01  0.000000000000000e+00	 5.594999999999998e+02 -3.230274756115955e+02  0.000000000000000e+00	1	0	0.000000000000000e+00	0.000000000000000e+00	0.000000000000000e+00	4.809048965842253e+05
18	-5.000000000000000e-01 -8.660254037844386e-01  0.000000000000000e+00	0.000000000000000e+00 0.000000000000000e+00 1.000000000000000e+00	0.000000000000000e+00 0.000000000000000e+00 1.469693845669907e+01	1	0	0.000000000000000e+00	0.000000000000000e+00	0.000000000000000e+00	3.396383148838335e+05
21	-5.000000000000000e-01 -8.660254037844386e-01  0.000000000000000e+00	0.000000000000000e+00 0.000000000000000e+00 1.000000000000000e+00	0.000000000000000e+00 0.000000000000000e+00 3.592584956081994e+02	1	0	0.000000000000000e+00	0.000000000000000e+00	0.000000000000000e+00	1.353232782214895e+03
22	-5.000000000000000e-01 -8.660254037844386e-01  0.000000000000000e+00	 8.660254037844385e-01 -5.000000000000000e-01  0.000000000000000e+00	 1.027500000000000e+02 -5.932274015923404e+01  0.000000000000000e+00	1	0	0.000000000000000e+00	0.000000000000000e+00	0.000000000000000e+00	1.195566896901750e+06
24	5.000000000000000e-01 8.660254037844386e-01 0.000000000000000e+00	 8.660254037844385e-01 -5.000000000000000e-01  0.000000000000000e+00	 7.694999999999998e+02 -4.442710321414170e+02  0.000000000000000e+00	1	0	0.000000000000000e+00	0.000000000000000e+00	0.000000000000000e+00	2.360214836318819e+05
25	-5.000000000000000e-01  8.660254037844386e-01  0.000000000000000e+00	8.660254037844385e-01 5.000000000000000e-01 0.000000000000000e+00	-8.017499999999998e+02 -4.628905783227824e+02 -0.000000000000000e+00	1	0	0.000000000000000e+00	0.000000000000000e+00	0.000000000000000e+00	1.974568915210525e+05
26	1.000000000000000e+00 0.000000000000000e+00 0.000000000000000e+00	0.000000000000000e+00 0.000000000000000e+00 1.000000000000000e+00	0.000000000000000e+00 0.000000000000000e+00 5.829785587823964e+02	1	0	0.000000000000000e+00	0.000000000000000e+00	0.000000000000000e+00	5.189190637692797e+05
27	 5.000000000000000e-01 -8.660254037844386e-01  0.000000000000000e+00	 0.000000000000000e+00  0.000000000000000e+00 -1.000000000000000e+00	0.000000000000000e+00 0.000000000000000e+00 6.580962442277471e+02	1	0	0.000000000000000e+00	0.000000000000000e+00	0.000000000000000e+00	1.423369611168666e+04
28	1.000000000000000e+00 0.000000000000000e+00 0.000000000000000e+00	0.000000000000000e+00 0.000000000000000e+00 1.000000000000000e+00	0.000000000000000e+00 0.000000000000000e+00 2.286190426597633e+02	1	0	0.000000000000000e+00	0.000000000000000e+00	0.000000000000000e+00	2.686432474795122e+04
29	1.000000000000000e+00 0.000000000000000e+00 0.000000000000000e+00	 0.000000000000000e+00 -1.000000000000000e+00  0.000000000000000e+00	0.000000000000000e+00 5.715767664977295e+01 0.000000000000000e+00	1	0	0.000000000000000e+00	0.000000000000000e+00	0.000000000000000e+00	2.112144366341550e+06
43	5.000000000000000e-01 8.660254037844386e-01 0.000000000000000e+00	 0.000000000000000e+00  0.000000000000000e+00 -1.000000000000000e+00	-0.000000000000000e+00 -0.000000000000000e+00 -1.159425144917371e+02	1	0	0.000000000000000e+00	0.000000000000000e+00	0.000000000000000e+00	2.274936947219119e+03
55	-1.000000000000000e+00  0.000000000000000e+00  0.000000000000000e+00	0.000000000000000e+00 0.000000000000000e+00 1.000000000000000e+00	-0.000000000000000e+00 -0.000000000000000e+00 -4.262112152442729e+02	1	0	0.000000000000000e+00	0.000000000000000e+00	0.000000000000000e+00	5.560086912953876e+04
66	-5.000000000000000e-01 -8.660254037844386e-01  0.000000000000000e+00	0.000000000000000e+00 0.000000000000000e+00 1.000000000000000e+00	0.000000000000000e+00 0.000000000000000e+00 1.077775486824598e+02	1	0	0.000000000000000e+00	0.000000000000000e+00	0.000000000000000e+00	2.084865327898365e+06
76	-1.000000000000000e+00  0.000000000000000e+00  0.000000000000000e+00	0.000000000000000e+00 0.000000000000000e+00 1.000000000000000e+00	0.000000000000000e+00 0.000000000000000e+00 2.286190426597633e+02	1	0	0.000000000000000e+00	0.000000000000000e+00	0.000000000000000e+00	7.127275256612086e+02
106	-1.000000000000000e+00  0.000000000000000e+00  0.000000000000000e+00	 0.000000000000000e+00 -1.000000000000000e+00  0.000000000000000e+00	-0.000000000000000e+00 -5.473280551917652e+02 -0.000000000000000e+00	1	0	0.000000000000000e+00	0.000000000000000e+00	0.000000000000000e+00	7.098410661233554e+03
107	 5.000000000000000e-01 -8.660254037844386e-01  0.000000000000000e+00	0.000000000000000e+00 0.000000000000000e+00 1.000000000000000e+00	0.000000000000000e+00 0.000000000000000e+00 3.804874067123203e+02	1	0	0.000000000000000e+00	0.000000000000000e+00	0.000000000000000e+00	2.156152771839284e+06
108	5.000000000000000e-01 8.660254037844386e-01 0.000000000000000e+00	0.000000000000000e+00 0.000000000000000e+00 1.000000000000000e+00	-0.000000000000000e+00 -0.000000000000000e+00 -4.164132562731402e+02	1	0	0.000000000000000e+00	0.000000000000000e+00	0.000000000000000e+00	1.972529768449459e+06
113	 5.000000000000000e-01 -8.660254037844386e-01  0.000000000000000e+00	0.000000000000000e+00 0.000000000000000e+00 1.000000000000000e+00	-0.000000000000000e+00 -0.000000000000000e+00 -6.793251553318680e+02	1	0	0.000000000000000e+00	0.000000000000000e+00	0.000000000000000e+00	1.249395803072754e+06
208	1.000000000000000e+00 0.000000000000000e+00 0.000000000000000e+00	 0.000000000000000e+00 -1.000000000000000e+00  0.000000000000000e+00	0.000000000000000e+00 3.403479836872843e+02 0.000000000000000e+00	1	0	0.000000000000000e+00	0.000000000000000e+00	0.000000000000000e+00	2.526678120607160e+04
243	 5.000000000000000e-01 -8.660254037844386e-01  0.000000000000000e+00	0.000000000000000e+00 0.000000000000000e+00 1.000000000000000e+00	0.000000000000000e+00 0.000000000000000e+00 3.592584956081994e+02	1	0	0.000000000000000e+00	0.000000000000000e+00	0.000000000000000e+00	0.000000000000000e+00
246	1.000000000000000e+00 0.000000000000000e+00 0.000000000000000e+00	0.000000000000000e+00 0.000000000000000e+00 1.000000000000000e+00	0.000000000000000e+00 0.000000000000000e+00 3.592584956081994e+02	1	0	0.000000000000000e+00	0.000000000000000e+00	0.000000000000000e+00	0.000000000000000e+00
248	1.000000000000000e+00 0.000000000000000e+00 0.000000000000000e+00	0.000000000000000e+00 0.000000000000000e+00 1.000000000000000e+00	0.000000000000000e+00 0.000000000000000e+00 3.592584956081994e+02	1	0	0.000000000000000e+00	0.000000000000000e+00	0.000000000000000e+00	0.000000000000000e+00
297	-1.000000000000000e+00  0.000000000000000e+00  0.000000000000000e+00	0.000000000000000e+00 1.000000000000000e+00 0.000000000000000e+00	0.000000000000000e+00 6.910882722199819e+02 0.000000000000000e+00	1	0	0.000000000000000e+00	0.000000000000000e+00	0.000000000000000e+00	0.000000000000000e+00
319	5.000000000000000e-01 8.660254037844386e-01 0.000000000000000e+00	0.000000000000000e+00 0.000000000000000e+00 1.000000000000000e+00	0.000000000000000e+00 0.000000000000000e+00 3.592584956081994e+02	1	0	0.000000000000000e+00	0.000000000000000e+00	0.000000000000000e+00	1.353232782214895e+03
320	-1.000000000000000e+00  0.000000000000000e+00  0.000000000000000e+00	 0.000000000000000e+00 -1.000000000000000e+00  0.000000000000000e+00	0.000000000000000e+00 6.910882722199819e+02 0.000000000000000e+00	1	0	0.000000000000000e+00	0.000000000000000e+00	0.000000000000000e+00	1.633253076298172e+06
321	-5.000000000000000e-01 -8.660254037844386e-01  0.000000000000000e+00	0.000000000000000e+00 0.000000000000000e+00 1.000000000000000e+00	0.000000000000000e+00 0.000000000000000e+00 3.592584956081994e+02	1	0	0.000000000000000e+00	0.000000000000000e+00	0.000000000000000e+00	5.507133315828984e+05
323	-5.000000000000000e-01 -8.660254037844386e-01  0.000000000000000e+00	 0.000000000000000e+00  0.000000000000000e+00 -1.000000000000000e+00	0.000000000000000e+00 0.000000000000000e+00 1.518683640525570e+02	1	0	0.000000000000000e+00	0.000000000000000e+00	0.000000000000000e+00	3.836893358393113e+01
324	1.000000000000000e+00 0.000000000000000e+00 0.000000000000000e+00	 0.000000000000000e+00  0.000000000000000e+00 -1.000000000000000e+00	0.000000000000000e+00 0.000000000000000e+00 1.518683640525570e+02	1	0	0.000000000000000e+00	0.000000000000000e+00	0.000000000000000e+00	3.836893358393113e+01
325	-1.000000000000000e+00  0.000000000000000e+00  0.000000000000000e+00	 0.000000000000000e+00  0.000000000000000e+00 -1.000000000000000e+00	0.000000000000000e+00 0.000000000000000e+00 1.518683640525570e+02	1	0	0.000000000000000e+00	0.000000000000000e+00	0.000000000000000e+00	3.836893358393113e+01
327	1.000000000000000e+00 0.000000000000000e+00 0.000000000000000e+00	0.000000000000000e+00 0.000000000000000e+00 1.000000000000000e+00	0.000000000000000e+00 0.000000000000000e+00 1.518683640525570e+02	1	0	0.000000000000000e+00	0.000000000000000e+00	0.000000000000000e+00	1.069148547250503e+01
337	 5.000000000000000e-01 -8.660254037844386e-01  0.000000000000000e+00	8.660254037844385e-01 5.000000000000000e-01 0.000000000000000e+00	8.549999999999997e+01 4.936344801571300e+01 0.000000000000000e+00	1	0	0.000000000000000e+00	0.000000000000000e+00	0.000000000000000e+00	2.429136013406955e+05
340	-5.000000000000000e-01 -8.660254037844386e-01  0.000000000000000e+00	0.000000000000000e+00 0.000000000000000e+00 1.000000000000000e+00	0.000000000000000e+00 0.000000000000000e+00 9.471360338761622e+01	1	0	0.000000000000000e+00	0.000000000000000e+00	0.000000000000000e+00	3.994756302834411e+05
2428	-5.000000000000000e-01  8.660254037844386e-01  0.000000000000000e+00	8.660254037844385e-01 5.000000000000000e-01 0.000000000000000e+00	6.397499999999998e+02 3.693598347140630e+02 0.000000000000000e+00	1	0	0.000000000000000e+00	0.000000000000000e+00	0.000000000000000e+00	3.598216357581100e+05
2429	 5.000000000000000e-01 -8.660254037844386e-01  0.000000000000000e+00	 0.000000000000000e+00  0.000000000000000e+00 -1.000000000000000e+00	0.000000000000000e+00 0.000000000000000e+00 2.286190426597633e+02	1	0	0.000000000000000e+00	0.000000000000000e+00	0.000000000000000e+00	2.121621133405660e+04
2432	5.000000000000000e-01 8.660254037844386e-01 0.000000000000000e+00	0.000000000000000e+00 0.000000000000000e+00 1.000000000000000e+00	0.000000000000000e+00 0.000000000000000e+00 2.286190426597633e+02	1	0	0.000000000000000e+00	0.000000000000000e+00	0.000000000000000e+00	1.333855051918624e+03
0	0	1	1
0	246	0	0
0	1	2	1
0	2	681	0
0	112	246	0
0	247	112	0
0	201	143	0
0	143	247	0
0	436	201	0
0	488	436	0
0	535	488	0
0	585	535	0
0	620	585	0
0	681	620	0
1	4	5	1
1	63	4	1
1	5	6	1
1	6	2264	0
1	292	63	0
1	164	113	0
1	113	328	0
1	144	364	0
1	365	144	0
1	505	164	0
1	202	292	0
1	364	202	0
1	328	248	0
1	248	365	0
1	367	249	0
1	249	505	0
1	2939	367	0
1	2264	2939	0
3	10	11	1
3	479	10	0
3	11	12	1
3	12	13	1
3	13	479	0
4	15	16	1
4	104	15	1
4	16	17	1
4	17	655	0
4	101	104	0
4	150	101	1
4	571	116	0
4	116	625	0
4	373	150	0
4	374	151	0
4	151	375	0
4	297	209	0
4	209	374	0
4	332	254	0
4	254	683	0
4	255	333	0
4	375	255	0
4	465	297	0
4	625	332	0
4	333	571	0
4	683	373	0
4	512	465	0
4	589	512	0
4	655	589	0
7	27	28	1
7	301	27	0
7	28	29	1
7	29	30	1
7	30	302	0
7	119	338	0
7	339	119	0
7	155	382	0
7	383	155	0
7	384	156	0
7	156	385	0
7	213	301	0
7	382	213	0
7	302	214	0
7	214	384	0
7	338	260	0
7	260	383	0
7	261	339	0
7	385	261	0
9	36	37	1
9	159	36	1
9	37	38	1
9	38	39	1
9	39	1801	0
9	491	122	0
9	122	507	0
9	521	159	0
9	216	160	0
9	160	497	0
9	455	216	0
9	507	262	0
9	262	521	0
9	263	491	0
9	497	263	0
9	529	455	0
9	616	529	0
9	740	616	0
9	864	740	0
9	1801	864	0
10	41	42	1
10	161	41	1
10	42	162	0
10	123	161	0
10	162	123	0
12	47	48	1
12	50	47	1
12	48	49	1
12	49	50	1
13	52	53	1
13	305	52	0
13	53	54	1
13	54	55	1
13	55	306	0
13	126	342	0
13	343	126	0
13	167	390	0
13	391	167	0
13	392	168	0
13	168	393	0
13	221	305	0
13	390	221	0
13	222	392	0
13	1014	222	0
13	342	268	0
13	268	391	0
13	269	343	0
13	393	269	0
13	306	572	0
13	572	1015	0
13	1015	1014	0
15	59	60	1
15	496	59	0
15	60	61	1
15	61	62	1
15	62	226	0
15	273	128	0
15	128	499	0
15	226	172	0
15	172	273	0
15	615	346	0
15	346	4253	0
15	4253	496	0
15	499	696	0
15	696	615	0
18	71	72	1
18	313	71	0
18	72	73	1
18	73	74	1
18	74	314	0
18	527	131	0
18	131	553	0
18	177	483	0
18	495	177	0
18	231	313	0
18	406	231	0
18	350	278	0
18	278	407	0
18	279	351	0
18	409	279	0
18	314	408	0
18	553	350	0
18	351	527	0
18	483	406	0
18	407	495	0
18	408	409	0
21	352	416	0
21	909	352	0
21	416	444	0
21	444	909	0
22	87	88	1
22	319	87	0
22	88	89	1
22	89	90	1
22	90	531	0
22	137	439	0
22	440	137	0
22	185	441	0
22	442	185	0
22	237	445	0
22	446	237	0
22	447	238	0
22	238	448	0
22	449	286	0
22	286	450	0
22	287	451	0
22	452	287	0
22	445	319	0
22	438	320	0
22	320	447	0
22	439	358	0
22	358	449	0
22	359	440	0
22	451	359	0
22	441	418	0
22	418	446	0
22	419	442	0
22	450	419	0
22	448	420	0
22	420	4246	0
22	531	438	0
22	444	4234	0
22	4246	444	0
22	4259	452	0
22	1759	487	0
22	487	3478	0
22	4234	1759	0
22	3478	4259	0
24	97	98	1
24	189	97	0
24	98	99	1
24	99	100	1
24	100	190	0
24	139	189	0
24	190	139	0
25	101	102	1
25	104	101	0
25	102	103	1
25	103	104	1
26	105	106	1
26	1081	105	0
26	106	107	1
26	107	242	0
26	141	362	0
26	363	141	0
26	191	426	0
26	427	191	0
26	428	192	0
26	192	429	0
26	241	323	0
26	426	241	0
26	242	428	0
26	362	290	0
26	290	427	0
26	291	363	0
26	429	291	0
26	323	486	0
26	486	582	0
26	582	660	0
26	660	1081	0
27	468	10	0
27	10	479	0
27	484	468	0
27	479	729	0
27	501	484	0
27	503	501	0
27	519	503	0
27	537	519	0
27	545	537	0
27	568	545	0
27	583	568	0
27	600	583	0
27	618	600	0
27	631	618	0
27	664	631	0
27	689	664	0
27	703	689	0
27	710	703	0
27	4250	710	0
27	715	714	0
27	714	4250	0
27	717	715	0
27	720	717	0
27	729	720	0
28	2264	6	0
28	6	4214	0
28	487	3478	0
28	4235	487	0
28	753	2264	0
28	4236	753	0
28	3478	4236	0
28	4214	4235	0
29	10	44	1
29	479	10	0
29	45	13	1
29	13	479	0
29	44	45	1
43	101	104	0
43	560	101	0
43	104	4128	0
43	540	560	0
43	4128	540	0
55	7	8	1
55	204	7	0
55	8	205	1
55	114	250	0
55	251	114	0
55	146	204	0
55	250	146	0
55	205	147	0
55	147	251	0
66	23	24	1
66	378	23	0
66	24	25	1
66	25	26	1
66	26	300	0
66	118	547	0
66	566	118	0
66	153	378	0
66	379	153	0
66	380	154	0
66	154	381	0
66	300	212	0
66	212	380	0
66	258	379	0
66	611	258	0
66	538	259	0
66	259	567	0
66	547	336	0
66	336	611	0
66	337	566	0
66	567	337	0
66	381	538	0
76	292	63	0
76	63	627	0
76	627	292	0
106	615	346	0
106	346	1705	0
106	708	615	0
106	865	708	0
106	1012	865	0
106	1705	1012	0
107	92	93	1
107	187	92	1
107	93	94	1
107	94	95	1
107	95	1002	0
107	424	187	0
107	322	424	0
107	490	322	0
107	595	490	0
107	733	595	0
107	747	733	0
107	771	747	0
107	1002	771	0
108	18	19	1
108	298	18	0
108	19	20	1
108	20	21	1
108	21	22	1
108	22	108	0
108	108	243	0
108	117	334	0
108	335	117	0
108	152	376	0
108	377	152	0
108	430	193	0
108	193	431	0
108	210	298	0
108	376	210	0
108	243	430	0
108	334	256	0
108	256	377	0
108	257	335	0
108	431	257	0
113	67	68	1
113	745	67	0
113	68	277	1
113	130	403	0
113	755	130	0
113	402	229	0
113	229	718	0
113	277	349	0
113	349	4257	0
113	403	402	0
113	718	724	0
113	724	745	0
113	4257	755	0
208	56	57	1
208	307	56	0
208	57	66	1
208	66	828	0
208	127	344	0
208	828	127	0
208	169	394	0
208	395	169	0
208	223	307	0
208	394	223	0
208	344	270	0
208	270	395	0
243	416	352	0
243	352	909	0
243	909	416	0
246	352	416	0
246	909	352	0
246	416	909	0
248	416	352	0
248	352	909	0
248	909	416	0
297	416	352	0
297	352	909	0
297	909	416	0
319	416	444	0
319	909	416	0
319	444	909	0
320	75	76	1
320	776	75	0
320	76	77	1
320	77	78	1
320	78	4224	0
320	108	194	0
320	432	108	0
320	132	179	0
320	746	132	0
320	133	306	0
320	630	133	0
320	179	523	0
320	194	4256	0
320	1396	195	0
320	195	4213	0
320	315	233	0
320	233	1003	0
320	572	281	0
320	281	602	0
320	306	572	0
320	530	315	0
320	352	1000	0
320	1003	352	0
320	4225	432	0
320	602	433	0
320	433	1396	0
320	523	598	0
320	610	530	0
320	598	639	0
320	688	610	0
320	712	630	0
320	639	722	0
320	737	688	0
320	1000	712	0
320	722	776	0
320	4224	737	0
320	4256	746	0
320	4213	4258	0
320	4258	4225	0
321	83	84	1
321	453	83	0
321	84	85	1
321	85	444	1
321	136	460	0
321	4264	136	0
321	183	646	0
321	647	183	0
321	235	459	0
321	471	235	0
321	356	284	0
321	284	707	0
321	317	453	0
321	459	317	0
321	460	356	0
321	414	471	0
321	646	414	0
321	415	647	0
321	707	415	0
321	444	4246	0
321	4246	4264	0
323	572	306	0
323	306	1015	0
323	1015	572	0
324	572	306	0
324	306	1015	0
324	1015	572	0
325	572	306	0
325	306	1015	0
325	1015	572	0
327	1015	572	0
327	572	1020	0
327	1020	1015	0
337	63	65	1
337	292	63	0
337	65	66	1
337	66	805	0
337	174	401	0
337	728	174	0
337	228	400	0
337	4262	228	0
337	274	292	0
337	4220	274	0
337	349	277	0
337	277	4262	0
337	615	346	0
337	346	4210	0
337	4254	349	0
337	400	728	0
337	401	615	0
337	805	4254	0
337	4210	4220	0
340	80	34	1
340	34	434	0
340	79	80	1
340	494	79	0
340	134	354	0
340	355	134	0
340	181	412	0
340	413	181	0
340	198	388	0
340	434	198	0
340	234	316	0
340	412	234	0
340	354	282	0
340	282	413	0
340	283	355	0
340	388	283	0
340	316	494	0
2428	6	32	1
2428	2264	6	0
2428	32	33	1
2428	33	34	1
2428	34	4260	0
2428	4260	1011	0
2428	1011	4263	0
2428	2827	2264	0
2428	4263	2827	0
2429	3478	487	0
2429	487	4237	0
2429	4236	3478	0
2429	4240	4236	0
2429	4237	4240	0
2432	4236	3478	0
2432	3478	4245	0
2432	4244	4236	0
2432	4245	4244	0
