457
44
522
0	 7.500000000000000e+02  1.732050807600000e+00 -5.816053668510000e+02	 8.810000000000000e-08 -1.525000000000000e-07 -2.886700000000000e-06	1.000000000000000e+00	0	1	0
1	 7.500000000000000e+02  1.732050807600000e+00 -7.500000000000000e+02	0.000000000000000e+00 0.000000000000000e+00 0.000000000000000e+00	1.000000000000000e+00	0	1	1
2	 3.179872981078000e+02  7.500000000000000e+02 -7.500000000000000e+02	-2.611151530000000e-02  4.522647110000000e-02  0.000000000000000e+00	1.000000000000000e+00	0	1	2
4	 7.500000000000000e+02 -7.500000000000000e+02  2.286190426598000e+02	0.000000000000000e+00 0.000000000000000e+00 0.000000000000000e+00	1.000000000000000e+00	8073	1	4
5	7.500000000000000e+02 7.500000000000000e+02 2.286190426598000e+02	0.000000000000000e+00 0.000000000000000e+00 0.000000000000000e+00	1.000000000000000e+00	8073	1	5
6	4.199872981078000e+02 7.500000000000000e+02 2.286190426598000e+02	0.000000000000000e+00 0.000000000000000e+00 0.000000000000000e+00	7.500000000000000e-01	8073	1	6
7	 7.500000000000000e+02  6.208521808584001e+02 -4.262112152443000e+02	5.480000000000000e-08 3.839000000000000e-07 0.000000000000000e+00	1.000000000000000e+00	646	1	7
8	 7.500000000000000e+02  7.500000000000000e+02 -4.262112152443000e+02	0.000000000000000e+00 0.000000000000000e+00 0.000000000000000e+00	1.000000000000000e+00	646	1	8
10	-7.500000000000000e+02  5.715767664980000e+01  6.580962442277000e+02	0.000000000000000e+00 0.000000000000000e+00 0.000000000000000e+00	1.000000000000000e+00	1105	1	10
11	-7.500000000000000e+02 -7.500000000000000e+02  6.580962442277000e+02	0.000000000000000e+00 0.000000000000000e+00 0.000000000000000e+00	1.000000000000000e+00	1105	1	11
12	 7.500000000000000e+02 -7.500000000000000e+02  6.580962442277000e+02	0.000000000000000e+00 0.000000000000000e+00 0.000000000000000e+00	1.000000000000000e+00	1105	1	12
13	7.500000000000000e+02 5.715767664980000e+01 6.580962442277000e+02	0.000000000000000e+00 0.000000000000000e+00 0.000000000000000e+00	4.218750000000000e-01	1105	1	13
15	 7.500000000000000e+02 -7.500000000000000e+02 -1.159425144917000e+02	0.000000000000000e+00 0.000000000000000e+00 0.000000000000000e+00	1.000000000000000e+00	661	1	15
16	 7.500000000000000e+02  7.500000000000000e+02 -1.159425144917000e+02	0.000000000000000e+00 0.000000000000000e+00 0.000000000000000e+00	1.000000000000000e+00	661	1	16
17	 2.530166296417000e+02  7.500000000000000e+02 -1.159425144917000e+02	 1.324080000000000e-05 -2.834980000000000e-05  0.000000000000000e+00	1.000000000000000e+00	661	1	17
18	-7.500000000000000e+02 -9.509441884610000e+01 -4.164132562731000e+02	 7.517000000000000e-07 -6.220000000000000e-07  0.000000000000000e+00	1.000000000000000e+00	8073	1	18
19	-7.500000000000000e+02 -7.500000000000000e+02 -4.164132562731000e+02	0.000000000000000e+00 0.000000000000000e+00 0.000000000000000e+00	1.000000000000000e+00	8073	1	19
20	 7.500000000000000e+02 -7.500000000000000e+02 -4.164132562731000e+02	0.000000000000000e+00 0.000000000000000e+00 0.000000000000000e+00	1.000000000000000e+00	8073	1	20
21	 7.500000000000000e+02  7.500000000000000e+02 -4.164132562731000e+02	0.000000000000000e+00 0.000000000000000e+00 0.000000000000000e+00	1.000000000000000e+00	8073	1	21
22	-2.077604320080000e+02  7.500000000000000e+02 -4.164132562731000e+02	-5.771549597167968e-06  9.749996795654298e-08  0.000000000000000e+00	1.001129150390625e-01	8073	1	22
23	-6.573621474594000e+02 -7.500000000000000e+02  1.077775486825000e+02	-1.243654000000000e-04  2.170550000000000e-05  0.000000000000000e+00	1.000000000000000e+00	23	1	23
24	 7.500000000000000e+02 -7.500000000000000e+02  1.077775486825000e+02	0.000000000000000e+00 0.000000000000000e+00 0.000000000000000e+00	1.000000000000000e+00	23	1	24
25	7.500000000000000e+02 7.500000000000000e+02 1.077775486825000e+02	0.000000000000000e+00 0.000000000000000e+00 0.000000000000000e+00	1.000000000000000e+00	23	1	25
26	-6.114093067891000e+02  7.500000000000000e+02  1.077775486825000e+02	 7.366200000000000e-06 -9.591000000000001e-07  0.000000000000000e+00	1.000000000000000e+00	23	1	26
27	-7.365146482735000e+02 -7.500000000000000e+02 -1.894272067752000e+02	 3.049000000000000e-07 -2.349000000000000e-07  0.000000000000000e+00	1.000000000000000e+00	27	1	27
28	 7.500000000000000e+02 -7.500000000000000e+02 -1.894272067752000e+02	0.000000000000000e+00 0.000000000000000e+00 0.000000000000000e+00	1.000000000000000e+00	27	1	28
29	 7.500000000000000e+02  7.500000000000000e+02 -1.894272067752000e+02	0.000000000000000e+00 0.000000000000000e+00 0.000000000000000e+00	1.000000000000000e+00	27	1	29
30	 4.223604962749000e+02  7.500000000000000e+02 -1.894272067752000e+02	-1.723000000000000e-07  1.331000000000000e-07  0.000000000000000e+00	1.000000000000000e+00	27	1	30
32	4.199872981078000e+02 7.500000000000000e+02 7.500000000000000e+02	0.000000000000000e+00 0.000000000000000e+00 0.000000000000000e+00	1.000000000000000e+00	8073	1	32
33	7.500000000000000e+02 1.784012331796000e+02 7.500000000000000e+02	0.000000000000000e+00 0.000000000000000e+00 0.000000000000000e+00	1.000000000000000e+00	8073	1	33
34	7.500000000000000e+02 1.784012331796000e+02 9.471360338760000e+01	 0.000000000000000e+00 -0.000000000000000e+00  0.000000000000000e+00	7.500000000000000e-01	8073	1	34
36	-5.950127018922000e+02 -7.500000000000000e+02 -7.500000000000000e+02	0.000000000000000e+00 0.000000000000000e+00 0.000000000000000e+00	1.000000000000000e+00	491	1	36
37	 2.710127018922000e+02  7.500000000000000e+02 -7.500000000000000e+02	0.000000000000000e+00 0.000000000000000e+00 0.000000000000000e+00	1.000000000000000e+00	491	1	37
38	2.710127018922000e+02 7.500000000000000e+02 7.500000000000000e+02	0.000000000000000e+00 0.000000000000000e+00 0.000000000000000e+00	1.000000000000000e+00	491	1	38
39	-2.112925570978000e+02 -8.537721332830000e+01  7.500000000000000e+02	 2.153900000000000e-06  3.730700000000000e-06 -2.017240000000000e-05	1.000000000000000e+00	491	1	39
41	 2.450127018922000e+02 -7.500000000000000e+02  7.500000000000000e+02	0.000000000000000e+00 0.000000000000000e+00 0.000000000000000e+00	1.000000000000000e+00	729	1	41
42	 2.450127018922000e+02 -7.500000000000000e+02  7.354241420254000e+02	 2.500000000000000e-09 -4.300000000000000e-09  1.284000000000000e-07	1.000000000000000e+00	729	1	42
44	-7.500000000000000e+02  5.715767664980000e+01 -7.500000000000000e+02	0.000000000000000e+00 0.000000000000000e+00 0.000000000000000e+00	1.000000000000000e+00	1105	1	44
45	 7.500000000000000e+02  5.715767664980000e+01 -7.500000000000000e+02	0.000000000000000e+00 0.000000000000000e+00 0.000000000000000e+00	1.000000000000000e+00	1105	1	45
47	-7.500000000000000e+02  2.381569860407000e+02  7.500000000000000e+02	0.000000000000000e+00 0.000000000000000e+00 0.000000000000000e+00	1.000000000000000e+00	1074	1	47
48	-7.500000000000000e+02  2.381569860407000e+02 -7.500000000000000e+02	0.000000000000000e+00 0.000000000000000e+00 0.000000000000000e+00	1.000000000000000e+00	1074	1	48
49	 7.500000000000000e+02  2.381569860407000e+02 -7.500000000000000e+02	0.000000000000000e+00 0.000000000000000e+00 0.000000000000000e+00	1.000000000000000e+00	1074	1	49
50	7.500000000000000e+02 2.381569860407000e+02 7.500000000000000e+02	0.000000000000000e+00 0.000000000000000e+00 0.000000000000000e+00	1.000000000000000e+00	1074	1	50
52	 2.614450373430000e+02 -7.500000000000000e+02  1.518683640526000e+02	3.413000000000000e-07 1.730000000000000e-07 0.000000000000000e+00	1.000000000000000e+00	8073	1	52
53	 7.500000000000000e+02 -7.500000000000000e+02  1.518683640526000e+02	0.000000000000000e+00 0.000000000000000e+00 0.000000000000000e+00	1.000000000000000e+00	8073	1	53
54	7.500000000000000e+02 7.500000000000000e+02 1.518683640526000e+02	0.000000000000000e+00 0.000000000000000e+00 0.000000000000000e+00	1.000000000000000e+00	8073	1	54
55	-3.656294501472000e+02  7.500000000000000e+02  1.518683640526000e+02	-2.174292333984375e-06 -5.156393554687500e-07  0.000000000000000e+00	1.779785156250000e-01	8073	1	55
56	-7.500000000000000e+02  3.403479836873000e+02 -6.864098496485000e+02	-6.770000000000000e-08  0.000000000000000e+00 -2.139400000000000e-06	1.000000000000000e+00	8073	1	56
57	-7.500000000000000e+02  3.403479836873000e+02 -7.500000000000000e+02	0.000000000000000e+00 0.000000000000000e+00 0.000000000000000e+00	1.000000000000000e+00	8073	1	57
59	 3.129872981078000e+02 -7.500000000000000e+02  4.515582257900000e+00	-0.000000000000000e+00 -0.000000000000000e+00 -1.600000000000000e-09	1.000000000000000e+00	8073	1	59
60	 3.129872981078000e+02 -7.500000000000000e+02 -7.500000000000000e+02	0.000000000000000e+00 0.000000000000000e+00 0.000000000000000e+00	1.000000000000000e+00	8073	1	60
61	 7.500000000000000e+02  6.928203230300000e+00 -7.500000000000000e+02	0.000000000000000e+00 0.000000000000000e+00 0.000000000000000e+00	1.000000000000000e+00	8073	1	61
62	 7.500000000000000e+02  6.928203230300000e+00 -2.822076444801000e+02	1.289000000000000e-07 2.232000000000000e-07 1.675420000000000e-05	1.000000000000000e+00	8073	1	62
63	 5.470127018922000e+02 -7.500000000000000e+02  2.286190426598000e+02	-0.000000000000000e+00 -0.000000000000000e+00  0.000000000000000e+00	1.000000000000000e+00	8073	1	63
65	 5.470127018922000e+02 -7.500000000000000e+02 -7.500000000000000e+02	0.000000000000000e+00 0.000000000000000e+00 0.000000000000000e+00	1.000000000000000e+00	8073	1	65
66	-8.250000000000000e+01  3.403479836873000e+02 -7.500000000000000e+02	0.000000000000000e+00 0.000000000000000e+00 0.000000000000000e+00	7.500000000000000e-01	8073	1	66
67	-7.500000000000000e+02  7.500000000000000e+02 -6.793251553319001e+02	0.000000000000000e+00 1.479274986000000e-01 0.000000000000000e+00	1.000000000000000e+00	8073	1	67
68	-7.500000000000000e+02 -7.500000000000000e+02 -6.793251553319001e+02	0.000000000000000e+00 0.000000000000000e+00 0.000000000000000e+00	1.000000000000000e+00	8073	1	68
71	 4.482727466432000e+02 -7.500000000000000e+02  1.469693845670000e+01	-8.223300000000000e-06  2.043900000000000e-06  0.000000000000000e+00	1.000000000000000e+00	5009	1	71
72	 7.500000000000000e+02 -7.500000000000000e+02  1.469693845670000e+01	0.000000000000000e+00 0.000000000000000e+00 0.000000000000000e+00	1.000000000000000e+00	5009	1	72
73	7.500000000000000e+02 7.500000000000000e+02 1.469693845670000e+01	0.000000000000000e+00 0.000000000000000e+00 0.000000000000000e+00	1.000000000000000e+00	5009	1	73
74	6.024412421043000e+02 7.500000000000000e+02 1.469693845670000e+01	 1.043043000000000e-04 -3.353800000000000e-05  0.000000000000000e+00	1.000000000000000e+00	5009	1	74
75	 3.130860960766000e+02  6.910882722200000e+02 -7.500000000000000e+02	1.378000000000000e-07 0.000000000000000e+00 3.916000000000000e-07	1.000000000000000e+00	8073	1	75
76	 7.500000000000000e+02  6.910882722200000e+02 -7.500000000000000e+02	0.000000000000000e+00 0.000000000000000e+00 0.000000000000000e+00	1.000000000000000e+00	8073	1	76
77	7.500000000000000e+02 6.910882722200000e+02 7.500000000000000e+02	0.000000000000000e+00 0.000000000000000e+00 0.000000000000000e+00	1.000000000000000e+00	8073	1	77
78	-7.500000000000000e+02  6.910882722200000e+02  7.500000000000000e+02	-1.051990838000000e-01  0.000000000000000e+00  0.000000000000000e+00	1.000000000000000e+00	8073	1	78
79	-5.428670806410000e+01 -7.500000000000000e+02  9.471360338760000e+01	 5.237400000000000e-06 -5.149100000000000e-06  0.000000000000000e+00	1.000000000000000e+00	8073	1	79
80	 7.500000000000000e+02 -7.500000000000000e+02  9.471360338760000e+01	0.000000000000000e+00 0.000000000000000e+00 0.000000000000000e+00	1.000000000000000e+00	8073	1	80
83	 3.215790698667000e+02 -7.500000000000000e+02  3.592584956082000e+02	-3.289100000000000e-06  5.491000000000001e-07  0.000000000000000e+00	1.000000000000000e+00	8073	1	83
84	 7.500000000000000e+02 -7.500000000000000e+02  3.592584956082000e+02	0.000000000000000e+00 0.000000000000000e+00 0.000000000000000e+00	1.000000000000000e+00	8073	1	84
85	7.500000000000000e+02 7.500000000000000e+02 3.592584956082000e+02	0.000000000000000e+00 0.000000000000000e+00 0.000000000000000e+00	1.000000000000000e+00	8073	1	85
87	-2.960127018922000e+02 -7.500000000000000e+02 -4.866617268679000e+02	-2.630000000000000e-08 -4.550000000000000e-08  5.243000000000000e-07	1.000000000000000e+00	8073	1	87
88	-2.960127018922000e+02 -7.500000000000000e+02 -7.500000000000000e+02	0.000000000000000e+00 0.000000000000000e+00 0.000000000000000e+00	1.000000000000000e+00	8073	1	88
89	 5.700127018922000e+02  7.500000000000000e+02 -7.500000000000000e+02	0.000000000000000e+00 0.000000000000000e+00 0.000000000000000e+00	1.000000000000000e+00	8073	1	89
90	5.700127018922000e+02 7.500000000000000e+02 5.803772651615001e+02	 4.805400000000000e-06  8.323200000000000e-06 -6.793960000000000e-05	1.000000000000000e+00	8073	1	90
92	-7.500000000000000e+02  7.500000000000000e+02  3.804874067123000e+02	0.000000000000000e+00 0.000000000000000e+00 0.000000000000000e+00	1.000000000000000e+00	8006	1	92
93	-7.500000000000000e+02 -7.500000000000000e+02  3.804874067123000e+02	0.000000000000000e+00 0.000000000000000e+00 0.000000000000000e+00	1.000000000000000e+00	8006	1	93
94	 7.500000000000000e+02 -7.500000000000000e+02  3.804874067123000e+02	0.000000000000000e+00 0.000000000000000e+00 0.000000000000000e+00	1.000000000000000e+00	8006	1	94
95	7.500000000000000e+02 2.977818574487000e+02 3.804874067123000e+02	-1.159810000000000e-05 -1.193250000000000e-05  0.000000000000000e+00	1.000000000000000e+00	8006	1	95
97	 5.929872981078000e+02 -7.500000000000000e+02 -1.596412920270000e+01	 4.400000000000001e-09  7.699999999999999e-09 -9.120000000000001e-08	1.000000000000000e+00	97	1	97
98	 5.929872981078000e+02 -7.500000000000000e+02 -7.500000000000000e+02	0.000000000000000e+00 0.000000000000000e+00 0.000000000000000e+00	1.000000000000000e+00	97	1	98
99	 7.500000000000000e+02 -4.780460228890000e+02 -7.500000000000000e+02	0.000000000000000e+00 0.000000000000000e+00 0.000000000000000e+00	1.000000000000000e+00	97	1	99
100	 7.500000000000000e+02 -4.780460228890000e+02  1.930917977870000e+01	 3.990000000000000e-08  6.900000000000001e-08 -8.234000000000000e-07	1.000000000000000e+00	97	1	100
101	-7.500000000000000e+02 -5.525242076145000e+02 -1.159425144917000e+02	-0.000000000000000e+00 -0.000000000000000e+00  0.000000000000000e+00	1.779785156250000e-01	661	1	101
102	-7.500000000000000e+02 -5.525242076145000e+02  7.500000000000000e+02	0.000000000000000e+00 0.000000000000000e+00 0.000000000000000e+00	1.000000000000000e+00	661	1	102
103	-6.359872981078000e+02 -7.500000000000000e+02  7.500000000000000e+02	0.000000000000000e+00 0.000000000000000e+00 0.000000000000000e+00	1.000000000000000e+00	661	1	103
104	-6.359872981078000e+02 -7.500000000000000e+02 -1.159425144917000e+02	0.000000000000000e+00 0.000000000000000e+00 0.000000000000000e+00	7.500000000000000e-01	661	1	104
105	-5.984120028542001e+02 -7.500000000000000e+02  5.829785587824000e+02	-5.776790000000000e-05  1.631042000000000e-04  0.000000000000000e+00	1.000000000000000e+00	105	1	105
106	 7.500000000000000e+02 -7.500000000000000e+02  5.829785587824000e+02	0.000000000000000e+00 0.000000000000000e+00 0.000000000000000e+00	1.000000000000000e+00	105	1	106
107	7.500000000000000e+02 2.435888435710000e+01 5.829785587824000e+02	 3.258300000000000e-06 -7.894200000000000e-06  0.000000000000000e+00	1.000000000000000e+00	105	1	107
108	-2.087556663159000e+02  6.910882722200000e+02 -4.164132562731000e+02	7.910722320556641e-06 0.000000000000000e+00 0.000000000000000e+00	1.334838867187500e-01	8073	0	108
112	 6.715713954174000e+02  1.375743787114000e+02 -5.932082812898000e+02	 1.107000000000000e-07 -1.917000000000000e-07 -2.445700000000000e-06	1.000000000000000e+00	0	0	112
113	 5.131278583563001e+02 -6.149754121300000e+00  2.286190426598000e+02	-1.615090000000000e-05  1.884900000000000e-06  0.000000000000000e+00	1.000000000000000e+00	8073	0	113
114	 2.990309231215000e+02  6.853858309641000e+02 -4.262112152443000e+02	-5.600000000000001e-09 -3.800000000000000e-08  0.000000000000000e+00	1.000000000000000e+00	646	0	114
116	-5.787501328952001e+02  1.417860268041000e+02 -1.159425144917000e+02	-9.086900000000001e-06 -4.545400000000001e-06  0.000000000000000e+00	1.000000000000000e+00	661	0	116
117	-4.257008892107000e+02  2.979088785532000e+02 -4.164132562731000e+02	 5.543000000000000e-07 -4.555000000000000e-07  0.000000000000000e+00	1.000000000000000e+00	8073	0	117
118	-6.466863071606000e+02 -1.588162741518000e+02  1.077775486825000e+02	-8.963260000000000e-05 -1.508900000000000e-06  0.000000000000000e+00	1.000000000000000e+00	23	0	118
119	-1.572209854676000e+02  8.981867920000000e-02 -1.894272067752000e+02	-2.785000000000000e-07  2.153000000000000e-07  0.000000000000000e+00	1.000000000000000e+00	27	0	119
122	-5.468026130085000e+02 -6.664976766159000e+02  3.788575557882000e+02	-2.103200000000000e-06 -3.642900000000000e-06 -1.622070000000000e-05	1.000000000000000e+00	491	0	122
123	 1.455999907540000e+02 -5.778121333904000e+02  7.443470058065001e+02	 4.100000000000000e-09 -7.000000000000001e-09  1.533000000000000e-07	1.000000000000000e+00	729	0	123
126	-7.301790940720001e+01 -1.329725490000000e-02  1.518683640526000e+02	-8.900000000000000e-08 -3.870000000000000e-08  0.000000000000000e+00	1.000000000000000e+00	8073	0	126
127	-2.079689497320000e+02  3.403479836873000e+02 -7.340553027223000e+02	1.353600000000000e-06 0.000000000000000e+00 3.762400000000000e-06	1.000000000000000e+00	8073	0	127
128	 5.325433386718000e+02 -3.697177826345000e+02 -2.716207836465000e+02	7.020000000000001e-08 1.215000000000000e-07 3.947200000000000e-06	1.000000000000000e+00	8073	0	128
130	-3.336265580375000e+02  5.821753801460001e+02 -6.793251553319001e+02	-6.218800000000000e-06 -1.232940000000000e-05  0.000000000000000e+00	1.000000000000000e+00	8073	0	130
131	5.343996669029000e+02 1.495612569190000e+02 1.469693845670000e+01	9.029540000000000e-05 9.177000000000000e-07 0.000000000000000e+00	1.000000000000000e+00	5009	0	131
132	-4.699126559730000e+01  6.910882722200000e+02 -5.577983396349000e+02	-2.667600000000000e-06  0.000000000000000e+00 -1.310430000000000e-05	1.000000000000000e+00	8073	0	132
133	-3.447780873757000e+02  6.910882722200000e+02  1.560056898474000e+02	-1.117462500000000e-06  0.000000000000000e+00  2.171390625000000e-07	4.218750000000000e-01	8073	0	133
134	 3.686812045118000e+02 -1.684998688392000e+02  9.471360338760000e+01	 5.251100000000000e-06 -3.940800000000000e-06  0.000000000000000e+00	1.000000000000000e+00	8073	0	134
136	3.725000741158000e+02 2.342384633748000e+02 3.592584956082000e+02	1.262675000000000e-04 6.413200000000000e-06 0.000000000000000e+00	1.000000000000000e+00	8073	0	136
137	 1.590507082074000e+02  3.819294695810000e+01 -7.318465819450000e+01	-1.026910000000000e-05 -1.778660000000000e-05  1.684380000000000e-05	1.000000000000000e+00	8073	0	137
139	 6.777117121979001e+02 -6.032530101545000e+02  3.159049617700000e+00	 1.322000000000000e-07  2.289000000000000e-07 -2.108800000000000e-06	1.000000000000000e+00	97	0	139
141	 2.403217958346000e+02 -2.618971308474000e+02  5.829785587824000e+02	 1.325700000000000e-05 -2.312750000000000e-05  0.000000000000000e+00	1.000000000000000e+00	105	0	141
143	 5.701566652464001e+02  3.132298440034000e+02 -6.183387984349000e+02	 1.229000000000000e-07 -2.128000000000000e-07 -1.628400000000000e-06	1.000000000000000e+00	0	0	143
144	 4.817027166470000e+02 -3.765602962218000e+02  2.286190426598000e+02	-4.927640000000000e-05  3.938400000000000e-06  0.000000000000000e+00	1.000000000000000e+00	8073	0	144
146	 5.245218844175000e+02  6.530808761934001e+02 -4.262112152443000e+02	1.370000000000000e-08 9.570000000000000e-08 0.000000000000000e+00	1.000000000000000e+00	646	0	146
147	 7.251880651580001e+01  7.227072210977000e+02 -4.262112152443000e+02	2.134000000000000e-07 8.404000000000000e-07 0.000000000000000e+00	1.000000000000000e+00	646	0	147
150	-7.500000000000000e+02 -2.079907340665000e+02 -1.159425144917000e+02	 2.336420000000000e-05 -2.155300000000000e-06  0.000000000000000e+00	1.000000000000000e+00	661	1	150
151	-2.366017880267000e+02  4.506454737080000e+02 -1.159425144917000e+02	-1.009800000000000e-06  1.530200000000000e-06  0.000000000000000e+00	1.000000000000000e+00	661	0	151
152	-5.877437662239000e+02  1.014503462076000e+02 -4.164132562731000e+02	 5.305000000000000e-07 -4.377000000000000e-07  0.000000000000000e+00	1.000000000000000e+00	8073	0	152
153	-6.406864498272000e+02 -6.148982743310000e+02  1.077775486825000e+02	-1.380488000000000e-04  1.867000000000000e-07  0.000000000000000e+00	1.000000000000000e+00	23	0	153
154	-6.413933517457000e+02  3.322604417144000e+02  1.077775486825000e+02	-3.770710000000000e-05  1.405500000000000e-06  0.000000000000000e+00	1.000000000000000e+00	23	0	154
155	-4.469868531328000e+02 -3.749085967411000e+02 -1.894272067752000e+02	-2.511000000000000e-07  1.939000000000000e-07  0.000000000000000e+00	1.000000000000000e+00	27	0	155
156	 1.326084394394000e+02  3.750390294632000e+02 -1.894272067752000e+02	-1.363000000000000e-07  1.053000000000000e-07  0.000000000000000e+00	1.000000000000000e+00	27	0	156
159	-5.950127018922000e+02 -7.500000000000000e+02  2.320615628014000e+02	-7.485000000000000e-06 -1.296450000000000e-05  2.346500000000000e-06	1.000000000000000e+00	491	1	159
160	-4.481536950769000e+02 -4.956327386468000e+02  5.394405238558001e+02	 4.865800000000000e-06  8.427800000000001e-06 -1.307120000000000e-05	1.000000000000000e+00	491	0	160
161	 9.393075900970000e+01 -4.883183988212000e+02  7.500000000000000e+02	 4.100000000000000e-09 -7.200000000000000e-09  1.512000000000000e-07	1.000000000000000e+00	729	1	161
162	 1.965555335441000e+02 -6.660697224302000e+02  7.391964776311000e+02	 2.900000000000000e-09 -5.100000000000000e-09  1.291000000000000e-07	1.000000000000000e+00	729	0	162
164	5.219878698473000e+02 5.454970833410000e+01 2.286190426598000e+02	-9.458000000000000e-06  1.358100000000000e-06  0.000000000000000e+00	1.000000000000000e+00	8073	0	164
167	 9.021532650890001e+01 -3.750649192187000e+02  1.518683640526000e+02	-3.332000000000000e-07 -1.452000000000000e-07  0.000000000000000e+00	1.000000000000000e+00	8073	0	167
168	-2.362283626497000e+02  3.750075551173000e+02  1.518683640526000e+02	6.100000000000000e-08 2.660000000000000e-08 0.000000000000000e+00	1.000000000000000e+00	8073	0	168
169	-4.953459288181000e+02  3.403479836873000e+02 -7.007307089422001e+02	-1.838000000000000e-07  0.000000000000000e+00 -2.161300000000000e-06	1.000000000000000e+00	8073	0	169
172	 6.453101217001000e+02 -1.743999850234000e+02 -2.783970842824000e+02	1.452000000000000e-07 2.515000000000000e-07 1.241750000000000e-05	1.000000000000000e+00	8073	0	172
174	 4.523593996626000e+02 -5.860556714341001e+02 -3.053322001260000e+02	-1.581300000000000e-05  2.738890000000000e-05  3.559070000000000e-05	1.000000000000000e+00	8073	0	174
177	 5.135387806007000e+02 -3.054037657211000e+02  1.469693845670000e+01	 3.313680000000000e-05 -3.265100000000000e-06  0.000000000000000e+00	1.000000000000000e+00	5009	0	177
179	 7.002800221100000e+00  6.910882722200000e+02 -6.019762819968000e+02	-4.479200000000000e-06  0.000000000000000e+00 -2.233900000000000e-06	1.000000000000000e+00	8073	0	179
181	 2.145878146621000e+02 -4.510040261611000e+02  9.471360338760000e+01	 1.518000000000000e-07 -7.550000000000001e-08  0.000000000000000e+00	1.000000000000000e+00	8073	0	181
183	 3.596276241596000e+02 -2.770807175893000e+02  3.592584956082000e+02	 5.324140000000000e-05 -1.739800000000000e-06  0.000000000000000e+00	1.000000000000000e+00	8073	0	183
185	-8.238298666400000e+01 -3.799824792182000e+02 -3.823664820688000e+02	 1.683400000000000e-06  2.915700000000000e-06 -8.607900000000001e-06	1.000000000000000e+00	8073	0	185
187	4.253929352416000e+02 7.500000000000000e+02 3.804874067123000e+02	-2.689000000000000e-07 -8.210000000000000e-08  0.000000000000000e+00	1.000000000000000e+00	8006	1	187
189	 6.312499919238001e+02 -6.837270702762000e+02 -8.530783301500000e+00	 1.436000000000000e-07  2.486000000000000e-07 -2.303900000000000e-06	1.000000000000000e+00	97	0	189
190	 7.226738625986001e+02 -5.253762812428000e+02  1.401853773060000e+01	 8.390000000000000e-08  1.454000000000000e-07 -1.406600000000000e-06	1.000000000000000e+00	97	0	190
191	-8.613109697250000e+01 -4.545474371588000e+02  5.829785587824000e+02	-5.125400000000000e-06  8.270200000000001e-06  0.000000000000000e+00	1.000000000000000e+00	105	0	191
192	 5.702194979395000e+02 -7.912958112080000e+01  5.829785587824000e+02	 2.762850000000000e-05 -4.461070000000000e-05  0.000000000000000e+00	1.000000000000000e+00	105	0	192
193	-2.659922390697000e+02  4.954683755197000e+02 -4.164132562731000e+02	-1.888593750000000e-06  9.987187499999999e-07  0.000000000000000e+00	5.625000000000000e-01	8073	0	193
194	-2.009326532379000e+02  6.910882722200000e+02 -4.177068377695000e+02	-5.893355439117998e-05  0.000000000000000e+00  9.246171070603877e-05	2.375726401805878e-02	8073	0	194
195	-3.871796474725000e+02  6.910882722200000e+02 -1.715404275934000e+02	-9.787250000000001e-05  0.000000000000000e+00  2.361094000000000e-04	1.000000000000000e+00	8073	0	195
198	6.000328509686000e+02 5.646147867370000e+01 9.471360338760000e+01	 5.292200000000000e-06 -6.297200000000000e-06  0.000000000000000e+00	1.000000000000000e+00	8073	0	198
201	 5.169399452684000e+02  4.054039068176000e+02 -6.363766102517001e+02	 9.780000000000000e-08 -1.695000000000000e-07 -1.135700000000000e-06	1.000000000000000e+00	0	0	201
202	 4.607463575870000e+02 -5.767403227112001e+02  2.286190426598000e+02	-1.176224414062500e-05 -3.206460937500000e-07  0.000000000000000e+00	3.164062500000000e-01	8073	0	202
204	 6.372681634741000e+02  6.369341950265000e+02 -4.262112152443000e+02	2.360000000000000e-08 1.651000000000000e-07 0.000000000000000e+00	1.000000000000000e+00	646	0	204
205	-2.398329088020000e+01  7.500000000000000e+02 -4.262112152443000e+02	-8.840000000000000e-08 -3.125000000000000e-07  0.000000000000000e+00	1.000000000000000e+00	646	1	205
209	-7.783363584620000e+01  5.625257673221000e+02 -1.159425144917000e+02	-1.129400000000000e-06  1.603200000000000e-06  0.000000000000000e+00	1.000000000000000e+00	661	0	209
210	-6.687802732858000e+02  3.233774208800000e+00 -4.164132562731000e+02	 4.810000000000000e-07 -3.967000000000000e-07  0.000000000000000e+00	1.000000000000000e+00	8073	0	210
212	-6.298322008461000e+02  5.593551098877000e+02  1.077775486825000e+02	-1.230380000000000e-05  7.256000000000000e-07  0.000000000000000e+00	1.000000000000000e+00	23	0	212
213	-5.917785276976000e+02 -5.624782738268000e+02 -1.894272067752000e+02	-5.140000000000000e-08  3.970000000000000e-08  0.000000000000000e+00	1.000000000000000e+00	27	0	213
214	 2.775240292389000e+02  5.625129713288001e+02 -1.894272067752000e+02	-4.410000000000000e-08  3.410000000000000e-08  0.000000000000000e+00	1.000000000000000e+00	27	0	214
216	-3.995212365801000e+02 -4.113988496334000e+02  6.044924884458001e+02	 4.502200000000000e-06  7.798000000000001e-06 -1.421090000000000e-05	1.000000000000000e+00	491	0	216
221	 1.722611061973000e+02 -5.624896672647001e+02  1.518683640526000e+02	6.550000000000000e-08 2.930000000000000e-08 0.000000000000000e+00	1.000000000000000e+00	8073	0	221
222	-3.121819900559000e+02  5.640825536712000e+02  1.518683640526000e+02	-4.939000000000000e-07 -1.785000000000000e-07  0.000000000000000e+00	1.000000000000000e+00	8073	0	222
223	-6.345449445971000e+02  3.403479836873000e+02 -6.910700761820000e+02	-1.141000000000000e-07  0.000000000000000e+00 -2.112900000000000e-06	1.000000000000000e+00	8073	0	223
226	 7.014263649171000e+02 -7.720380064170000e+01 -2.807133335176000e+02	1.345000000000000e-07 2.330000000000000e-07 1.510750000000000e-05	1.000000000000000e+00	8073	0	226
228	 5.238004050577000e+02 -7.097951225223001e+02 -5.505712938634000e+02	-1.702900000000000e-06  2.949600000000000e-06  6.162600000000000e-06	1.000000000000000e+00	8073	0	228
229	-5.028206988518000e+02  6.646989724268000e+02 -6.793251553319001e+02	-4.699400000000000e-06 -1.044320000000000e-05  0.000000000000000e+00	1.000000000000000e+00	8073	0	229
231	 4.868841536871000e+02 -5.371714951284000e+02  1.469693845670000e+01	 2.058400000000000e-06 -2.589000000000000e-07  0.000000000000000e+00	1.000000000000000e+00	5009	0	231
233	-4.695055662944000e+02  6.910882722200000e+02  4.366445627500000e+02	-6.907400000000000e-06  0.000000000000000e+00 -7.665000000000000e-07	1.000000000000000e+00	8073	0	233
234	 1.231210092276000e+02 -5.777720211293000e+02  9.471360338760000e+01	-1.007400000000000e-06  9.485000000000000e-07  0.000000000000000e+00	1.000000000000000e+00	8073	0	234
235	 3.464197818769000e+02 -5.359935935451000e+02  3.592584956082000e+02	 2.214010000000000e-05 -1.618200000000000e-06  0.000000000000000e+00	1.000000000000000e+00	8073	0	235
237	-2.086936563665000e+02 -5.987589766810000e+02 -4.619532757431000e+02	-1.910000000000000e-08 -3.300000000000000e-08  1.861000000000000e-07	1.000000000000000e+00	8073	0	237
238	4.316018341795000e+02 5.102653448019000e+02 4.970567603241000e+02	 4.047630000000000e-05  7.010690000000000e-05 -1.600683000000000e-04	1.000000000000000e+00	8073	0	238
241	-2.471261042630000e+02 -5.578458556674000e+02  5.829785587824000e+02	-1.438290000000000e-05  2.176520000000000e-05  0.000000000000000e+00	1.000000000000000e+00	105	0	241
242	7.119629052222000e+02 8.659158634400001e+00 5.829785587824000e+02	 1.400390000000000e-05 -2.473040000000000e-05  0.000000000000000e+00	1.000000000000000e+00	105	0	242
243	-2.215310734707000e+02  6.049418706913000e+02 -4.164132562731000e+02	-4.614893920898437e-06  6.967146972656250e-07  0.000000000000000e+00	1.779785156250000e-01	8073	0	243
246	 7.169570080611001e+02  5.896419167990000e+01 -5.856369043718000e+02	 1.114000000000000e-07 -1.929000000000000e-07 -2.719500000000000e-06	1.000000000000000e+00	0	0	246
247	 6.219946965320000e+02  2.234437400524000e+02 -6.040074477384001e+02	 1.238000000000000e-07 -2.144000000000000e-07 -2.076500000000000e-06	1.000000000000000e+00	0	0	247
248	 4.945286046674000e+02 -1.952538875087000e+02  2.286190426598000e+02	-4.387470000000000e-05  3.396800000000000e-06  0.000000000000000e+00	1.000000000000000e+00	8073	0	248
249	5.483090211865000e+02 1.793315264233000e+02 2.286190426598000e+02	 1.274000000000000e-07 -3.660000000000000e-08  0.000000000000000e+00	1.000000000000000e+00	8073	0	249
250	 4.117757509231000e+02  6.692286541039000e+02 -4.262112152443000e+02	2.700000000000000e-09 1.860000000000000e-08 0.000000000000000e+00	1.000000000000000e+00	646	0	250
251	 1.864165647513000e+02  7.024360040206001e+02 -4.262112152443000e+02	1.260000000000000e-08 7.130000000000000e-08 0.000000000000000e+00	1.000000000000000e+00	646	0	251
254	-7.042490672511000e+02 -6.839613258570000e+01 -1.159425144917000e+02	-5.966300000000000e-06  5.765800000000000e-06  0.000000000000000e+00	1.000000000000000e+00	661	0	254
255	-4.011090932329000e+02  3.202321807524000e+02 -1.159425144917000e+02	-2.098200000000000e-06 -2.658800000000000e-06  0.000000000000000e+00	1.000000000000000e+00	661	0	255
256	-5.067155004897000e+02  1.996737381902000e+02 -4.164132562731000e+02	 5.589000000000001e-07 -4.611000000000000e-07  0.000000000000000e+00	1.000000000000000e+00	8073	0	256
257	-3.450196834229000e+02  3.962322335472000e+02 -4.164132562731000e+02	 2.884500000000000e-07 -2.369250000000000e-07  0.000000000000000e+00	5.625000000000000e-01	8073	0	257
258	-6.423366517810000e+02 -4.259977959761000e+02  1.077775486825000e+02	-1.164107000000000e-04 -1.084700000000000e-06  0.000000000000000e+00	1.000000000000000e+00	23	0	258
259	-6.475762799629000e+02  8.893677545370001e+01  1.077775486825000e+02	-6.478080000000000e-05  7.853000000000000e-07  0.000000000000000e+00	1.000000000000000e+00	23	0	259
260	-3.021358485383000e+02 -1.873847119602000e+02 -1.894272067752000e+02	-3.385000000000000e-07  2.616000000000000e-07  0.000000000000000e+00	1.000000000000000e+00	27	0	260
261	-1.229568303250000e+01  1.875562326387000e+02 -1.894272067752000e+02	-1.791000000000000e-07  1.384000000000000e-07  0.000000000000000e+00	1.000000000000000e+00	27	0	261
262	-5.856096404679000e+02 -7.337134198664000e+02  2.785643820717000e+02	 6.860000000000001e-08  1.187000000000000e-07 -6.574700000000000e-06	1.000000000000000e+00	491	0	262
263	-4.957053641294000e+02 -5.779946454304001e+02  4.694058355868000e+02	 3.531800000000000e-06  6.117300000000000e-06 -1.041320000000000e-05	1.000000000000000e+00	491	0	263
268	 8.615370543400001e+00 -1.875318178478000e+02  1.518683640526000e+02	-1.678000000000000e-07 -7.310000000000000e-08  0.000000000000000e+00	1.000000000000000e+00	8073	0	268
269	-1.545812458255000e+02  1.875153574502000e+02  1.518683640526000e+02	7.930000000000000e-08 3.450000000000000e-08 0.000000000000000e+00	1.000000000000000e+00	8073	0	269
270	-3.566892794698000e+02  3.403479836873000e+02 -7.146598887368000e+02	-2.903000000000000e-07  0.000000000000000e+00 -2.513600000000000e-06	1.000000000000000e+00	8073	0	270
273	 5.891871437794000e+02 -2.716078342541000e+02 -2.754244864766000e+02	1.300000000000000e-07 2.251000000000000e-07 8.761100000000000e-06	1.000000000000000e+00	8073	0	273
274	 4.494011069698000e+02 -5.809317581865000e+02  1.476342197820000e+02	-5.069000000000000e-05  8.779770000000001e-05  1.973420000000000e-05	1.000000000000000e+00	8073	0	274
277	 5.470127018922000e+02 -7.500000000000000e+02 -6.793251553319001e+02	0.000000000000000e+00 0.000000000000000e+00 0.000000000000000e+00	1.000000000000000e+00	8073	1	277
278	 5.347292941718000e+02 -5.753089104910000e+01  1.469693845670000e+01	 6.458610000000000e-05 -2.896800000000000e-06  0.000000000000000e+00	1.000000000000000e+00	5009	0	278
279	5.335014798744000e+02 4.067202926056000e+02 1.469693845670000e+01	 1.051170000000000e-04 -2.993100000000000e-06  0.000000000000000e+00	1.000000000000000e+00	5009	0	279
281	-4.039039476772000e+02  6.910882722200000e+02  1.136498241793000e+02	1.827700000000000e-05 0.000000000000000e+00 1.350820000000000e-05	1.000000000000000e+00	8073	0	281
282	 2.829048591881000e+02 -3.039410064925000e+02  9.471360338760000e+01	 3.512800000000000e-06 -1.906000000000000e-06  0.000000000000000e+00	1.000000000000000e+00	8073	0	282
283	 4.716717876661000e+02 -5.308214664610000e+01  9.471360338760000e+01	 3.910400000000000e-06 -4.305900000000001e-06  0.000000000000000e+00	1.000000000000000e+00	8073	0	283
284	 3.680778861274000e+02 -8.919954852700000e+00  3.592584956082000e+02	 8.463530000000000e-05 -2.598500000000000e-06  0.000000000000000e+00	1.000000000000000e+00	8073	0	284
286	 4.595996481500000e+01 -1.576859664633000e+02 -2.606668830231000e+02	 6.304500000000000e-06  1.091960000000000e-05 -1.981070000000000e-05	1.000000000000000e+00	8073	0	286
287	2.514960275056000e+02 1.983129369046000e+02 1.029306714456000e+02	-2.143900000000000e-05 -3.713340000000000e-05  4.662060000000000e-05	1.000000000000000e+00	8073	0	287
290	 7.714928682700000e+01 -3.574161626786000e+02  5.829785587824000e+02	 4.532900000000000e-06 -7.706300000000001e-06  0.000000000000000e+00	1.000000000000000e+00	105	0	290
291	 4.063630281305000e+02 -1.702910560224000e+02  5.829785587824000e+02	 1.745000000000000e-05 -3.310370000000000e-05  0.000000000000000e+00	1.000000000000000e+00	105	0	291
292	 4.638624930002000e+02 -6.059796135391000e+02  2.286190426598000e+02	-1.267573666992187e-05  2.195501755599976e-05  0.000000000000000e+00	7.508468627929688e-02	8073	0	292
297	-3.135198053100000e+00  6.103624278302000e+02 -1.159425144917000e+02	 1.000000000000000e-08 -9.120000000000001e-08  0.000000000000000e+00	1.000000000000000e+00	661	0	297
298	-7.092820582068000e+02 -4.588826749720000e+01 -4.164132562731000e+02	 4.913000000000001e-07 -4.059000000000000e-07  0.000000000000000e+00	1.000000000000000e+00	8073	0	298
300	-6.220780345462000e+02  6.680626965244001e+02  1.077775486825000e+02	-2.808000000000000e-07 -3.450000000000000e-08  0.000000000000000e+00	1.000000000000000e+00	23	0	300
301	-6.642660972739001e+02 -6.561922620275001e+02 -1.894272067752000e+02	-1.527000000000000e-07  1.180000000000000e-07  0.000000000000000e+00	1.000000000000000e+00	27	0	301
302	 3.499696367633000e+02  6.562593650226000e+02 -1.894272067752000e+02	-4.020000000000000e-08  3.110000000000000e-08  0.000000000000000e+00	1.000000000000000e+00	27	0	302
305	 2.138603409859000e+02 -6.561240204337000e+02  1.518683640526000e+02	3.910000000000000e-07 1.858000000000000e-07 0.000000000000000e+00	1.000000000000000e+00	8073	0	305
306	-3.516583143042000e+02  6.910882722200000e+02  1.518683640526000e+02	-5.033250000000000e-07 -1.546875000000000e-07 -2.477250000000000e-07	5.625000000000000e-01	8073	0	306
307	-7.048236086922001e+02  3.403479836873000e+02 -6.878390026112000e+02	-7.870000000000000e-08  0.000000000000000e+00 -2.129700000000000e-06	1.000000000000000e+00	8073	0	307
313	 4.746624360848000e+02 -6.438236274748000e+02  1.469693845670000e+01	-4.535600000000000e-06  7.500000000000000e-07  0.000000000000000e+00	1.000000000000000e+00	5009	0	313
314	5.675497263972001e+02 6.414863171179001e+02 1.469693845670000e+01	 9.642780000000001e-05 -3.089320000000000e-05  0.000000000000000e+00	1.000000000000000e+00	5009	0	314
315	-5.039412354607000e+02  6.910882722200000e+02  4.783501323349000e+02	 2.297800000000000e-06  0.000000000000000e+00 -9.798800000000000e-06	1.000000000000000e+00	8073	0	315
316	 5.854903749840000e+01 -6.430777021902001e+02  9.471360338760000e+01	-8.317000000000000e-07  8.800000000000000e-07  0.000000000000000e+00	1.000000000000000e+00	8073	0	316
317	 3.358064810827000e+02 -6.550745658212001e+02  3.592584956082000e+02	 8.248400000000001e-06 -8.895000000000000e-07  0.000000000000000e+00	1.000000000000000e+00	8073	0	317
319	-2.677102760194000e+02 -7.009787604108001e+02 -4.809883669474000e+02	-7.100000000000000e-09 -1.230000000000000e-08  1.220000000000000e-07	1.000000000000000e+00	8073	0	319
320	4.853643417074000e+02 6.033847393825000e+02 5.447583006266000e+02	 1.895910000000000e-05  3.283810000000000e-05 -1.221668000000000e-04	1.000000000000000e+00	8073	0	320
322	4.855462724131000e+02 5.736037924819000e+02 3.804874067123000e+02	2.187800000000000e-06 8.497000000000000e-07 0.000000000000000e+00	1.000000000000000e+00	8006	0	322
323	-3.259559387156000e+02 -6.104254510802000e+02  5.829785587824000e+02	-1.860300000000000e-05  2.829540000000000e-05  0.000000000000000e+00	1.000000000000000e+00	105	0	323
328	 5.027727942248000e+02 -1.020492851213000e+02  2.286190426598000e+02	-2.888190000000000e-05  2.781800000000000e-06  0.000000000000000e+00	1.000000000000000e+00	8073	0	328
332	-6.595589072446001e+02  2.049057740290000e+01 -1.159425144917000e+02	-1.718880000000000e-05 -1.160410000000000e-05  0.000000000000000e+00	1.000000000000000e+00	661	0	332
333	-4.837010681168000e+02  2.456690979893000e+02 -1.159425144917000e+02	5.455600000000000e-06 4.997300000000000e-06 0.000000000000000e+00	1.000000000000000e+00	661	0	333
334	-4.662050559439000e+02  2.487884868853000e+02 -4.164132562731000e+02	 5.650000000000000e-07 -4.659000000000000e-07  0.000000000000000e+00	1.000000000000000e+00	8073	0	334
335	-3.854075367649000e+02  3.471095454911000e+02 -4.164132562731000e+02	 3.188250000000000e-07 -2.616187500000000e-07  0.000000000000000e+00	5.625000000000000e-01	8073	0	335
336	-6.441225653264000e+02 -2.981664606355000e+02  1.077775486825000e+02	-1.026979000000000e-04 -1.682300000000000e-06  0.000000000000000e+00	1.000000000000000e+00	23	0	336
337	-6.480994950633000e+02 -3.321959685310000e+01  1.077775486825000e+02	-7.770940000000000e-05 -3.013000000000000e-07  0.000000000000000e+00	1.000000000000000e+00	23	0	337
338	-2.296875013709000e+02 -9.364042017280001e+01 -1.894272067752000e+02	-3.331000000000000e-07  2.575000000000000e-07  0.000000000000000e+00	1.000000000000000e+00	27	0	338
339	-8.475117779470000e+01  9.381749418250000e+01 -1.894272067752000e+02	-2.085000000000000e-07  1.612000000000000e-07  0.000000000000000e+00	1.000000000000000e+00	27	0	339
342	-3.221191560250000e+01 -9.377719370690001e+01  1.518683640526000e+02	-1.527000000000000e-07 -6.650000000000001e-08  0.000000000000000e+00	1.000000000000000e+00	8073	0	342
343	-1.137940865701000e+02  9.375342172260001e+01  1.518683640526000e+02	3.200000000000000e-09 1.400000000000000e-09 0.000000000000000e+00	1.000000000000000e+00	8073	0	343
344	-2.841368446965000e+02  3.403479836873000e+02 -7.238140943074001e+02	-2.736000000000000e-07  0.000000000000000e+00 -2.046600000000000e-06	1.000000000000000e+00	8073	0	344
346	 4.300000000000000e+02 -5.473280551918000e+02 -1.496480299100000e+00	0.000000000000000e+00 0.000000000000000e+00 0.000000000000000e+00	1.000000000000000e+00	8073	0	346
349	-1.624625477104000e+02  4.788471790244000e+02 -6.793251553319001e+02	-1.138578000000000e-04  1.972075500000000e-04  0.000000000000000e+00	7.500000000000000e-01	8073	0	349
350	5.365545388423001e+02 2.564706939640000e+01 1.469693845670000e+01	 7.746130000000000e-05 -3.219000000000000e-07  0.000000000000000e+00	1.000000000000000e+00	5009	0	350
351	5.334784189989000e+02 3.007008638446000e+02 1.469693845670000e+01	1.047980000000000e-04 4.028000000000000e-07 0.000000000000000e+00	1.000000000000000e+00	5009	0	351
352	-4.112301162115000e+02  6.910882722200000e+02  3.592584956082000e+02	-8.361400000000001e-06  0.000000000000000e+00  0.000000000000000e+00	1.000000000000000e+00	8073	0	352
354	 3.235156405163000e+02 -2.342202412811000e+02  9.471360338760000e+01	 4.924100000000000e-06 -3.134400000000000e-06  0.000000000000000e+00	1.000000000000000e+00	8073	0	354
355	 4.178692967703000e+02 -1.080067320342000e+02  9.471360338760000e+01	 4.722300000000001e-06 -4.194200000000000e-06  0.000000000000000e+00	1.000000000000000e+00	8073	0	355
356	3.710104939932000e+02 9.917212567220001e+01 3.592584956082000e+02	 1.008308000000000e-04 -2.532100000000000e-06  0.000000000000000e+00	1.000000000000000e+00	8073	0	356
358	 1.049990510789000e+02 -5.542726942180001e+01 -1.744048601507000e+02	-7.090000000000000e-07 -1.228000000000000e-06 -3.173600000000000e-06	1.000000000000000e+00	8073	0	358
359	2.069125451501000e+02 1.210920802865000e+02 2.088987757270000e+01	-1.577600000000000e-05 -2.732490000000000e-05  3.475270000000000e-05	1.000000000000000e+00	8073	0	359
362	 1.587171081246000e+02 -3.094701235078000e+02  5.829785587824000e+02	 9.280500000000000e-06 -1.586030000000000e-05  0.000000000000000e+00	1.000000000000000e+00	105	0	362
363	 3.225137079820000e+02 -2.155880517906000e+02  5.829785587824000e+02	 1.639360000000000e-05 -2.973560000000000e-05  0.000000000000000e+00	1.000000000000000e+00	105	0	363
364	 4.738095727242000e+02 -4.631967189885000e+02  2.286190426598000e+02	-3.483520000000000e-05  3.547200000000000e-06  0.000000000000000e+00	1.000000000000000e+00	8073	0	364
365	 4.881457692261000e+02 -2.869607130139000e+02  2.286190426598000e+02	-5.435020000000000e-05  3.844500000000000e-06  0.000000000000000e+00	1.000000000000000e+00	8073	0	365
367	5.884693146721000e+02 2.680417223134000e+02 2.286190426598000e+02	-1.047000000000000e-07  5.080000000000000e-08  0.000000000000000e+00	1.000000000000000e+00	8073	0	367
373	-7.488829723906000e+02 -1.958816909283000e+02 -1.159425144917000e+02	-1.017750000000000e-07  6.346500000000000e-07  0.000000000000000e+00	7.500000000000000e-01	661	0	373
374	-1.580216325845000e+02  5.078855264690000e+02 -1.159425144917000e+02	-1.377100000000000e-06  1.982300000000000e-06  0.000000000000000e+00	1.000000000000000e+00	661	0	374
375	-3.157257301108000e+02  3.898149466044000e+02 -1.159425144917000e+02	-7.593000000000000e-07  4.292000000000000e-07  0.000000000000000e+00	1.000000000000000e+00	661	0	375
376	-6.282613919555000e+02  5.234152477860000e+01 -4.164132562731000e+02	 5.079000000000000e-07 -4.190000000000000e-07  0.000000000000000e+00	1.000000000000000e+00	8073	0	376
377	-5.472285402149000e+02  1.505611402710000e+02 -4.164132562731000e+02	 5.472000000000000e-07 -4.514000000000000e-07  0.000000000000000e+00	1.000000000000000e+00	8073	0	377
378	-6.429848245973001e+02 -6.676227888965000e+02  1.077775486825000e+02	-1.306629000000000e-04  1.344240000000000e-05  0.000000000000000e+00	1.000000000000000e+00	23	0	378
379	-6.416374038382000e+02 -5.335305679788000e+02  1.077775486825000e+02	-1.272757000000000e-04 -1.147400000000000e-06  0.000000000000000e+00	1.000000000000000e+00	23	0	379
380	-6.358750236571000e+02  4.466492335057000e+02  1.077775486825000e+02	-2.507040000000000e-05  1.266100000000000e-06  0.000000000000000e+00	1.000000000000000e+00	23	0	380
381	-6.450431340909000e+02  2.126682615840000e+02  1.077775486825000e+02	-5.103930000000000e-05  1.451500000000000e-06  0.000000000000000e+00	1.000000000000000e+00	23	0	381
382	-5.193810003652001e+02 -4.686947519961000e+02 -1.894272067752000e+02	-1.457000000000000e-07  1.125000000000000e-07  0.000000000000000e+00	1.000000000000000e+00	27	0	382
383	-3.745687445188000e+02 -2.811409422422000e+02 -1.894272067752000e+02	-3.087000000000000e-07  2.384000000000000e-07  0.000000000000000e+00	1.000000000000000e+00	27	0	383
384	 2.050638672113000e+02  4.687778306570000e+02 -1.894272067752000e+02	-9.510000000000000e-08  7.350000000000000e-08  0.000000000000000e+00	1.000000000000000e+00	27	0	384
385	 6.015528270480000e+01  2.812984775698000e+02 -1.894272067752000e+02	-1.648000000000000e-07  1.273000000000000e-07  0.000000000000000e+00	1.000000000000000e+00	27	0	385
388	5.491380051745000e+02 1.517959504180000e+01 9.471360338760000e+01	 5.476500000000000e-06 -6.503300000000000e-06  0.000000000000000e+00	1.000000000000000e+00	8073	0	388
390	 1.311325830578000e+02 -4.688236666074000e+02  1.518683640526000e+02	-3.761000000000000e-07 -1.646000000000000e-07  0.000000000000000e+00	1.000000000000000e+00	8073	0	390
391	 4.943501606350000e+01 -2.812897496231000e+02  1.518683640526000e+02	-2.050000000000000e-07 -8.920000000000000e-08  0.000000000000000e+00	1.000000000000000e+00	8073	0	391
392	-2.772625698063000e+02  4.686568527846000e+02  1.518683640526000e+02	3.610000000000000e-08 1.740000000000000e-08 0.000000000000000e+00	1.000000000000000e+00	8073	0	392
393	-1.953857634428000e+02  2.812697472450000e+02  1.518683640526000e+02	1.147000000000000e-07 5.000000000000000e-08 0.000000000000000e+00	1.000000000000000e+00	8073	0	393
394	-5.642699121998000e+02  3.403479836873000e+02 -6.954099853727000e+02	-1.473000000000000e-07  0.000000000000000e+00 -2.108000000000000e-06	1.000000000000000e+00	8073	0	394
395	-4.271369109536000e+02  3.403479836873000e+02 -7.070347243514000e+02	-2.316000000000000e-07  0.000000000000000e+00 -2.323700000000000e-06	1.000000000000000e+00	8073	0	395
400	 5.065730086365000e+02 -6.799563966386000e+02 -4.790139435431000e+02	-9.406700000000001e-06  1.629290000000000e-05  3.260510000000000e-05	1.000000000000000e+00	8073	0	400
401	 4.329790148093000e+02 -5.524878601980000e+02 -2.632814114054000e+02	-1.860152343750000e-06  3.221869921875000e-06  1.587125390625000e-06	3.164062500000000e-01	8073	0	401
402	-4.631091473987000e+02  6.464542929314000e+02 -6.793251553319001e+02	-5.451900000000000e-06 -1.173570000000000e-05  0.000000000000000e+00	1.000000000000000e+00	8073	0	402
403	-3.944361158542000e+02  6.133207289683000e+02 -6.793251553319001e+02	-6.582800000000000e-06 -1.332850000000000e-05  0.000000000000000e+00	1.000000000000000e+00	8073	0	403
406	 5.000371700946000e+02 -4.292909744082000e+02  1.469693845670000e+01	 1.639310000000000e-05 -2.013400000000000e-06  0.000000000000000e+00	1.000000000000000e+00	5009	0	406
407	 5.257732299634000e+02 -1.664551434980000e+02  1.469693845670000e+01	 5.129500000000000e-05 -4.091100000000001e-06  0.000000000000000e+00	1.000000000000000e+00	5009	0	407
408	5.576317268461000e+02 6.000547782212000e+02 1.469693845670000e+01	 1.010333000000000e-04 -1.656410000000000e-05  0.000000000000000e+00	1.000000000000000e+00	5009	0	408
409	5.413786817176000e+02 5.002504010755000e+02 1.469693845670000e+01	 1.036422000000000e-04 -1.059970000000000e-05  0.000000000000000e+00	1.000000000000000e+00	5009	0	409
412	 1.664329513770000e+02 -5.266649429640000e+02  9.471360338760000e+01	-5.322000000000001e-07  4.020000000000000e-07  0.000000000000000e+00	1.000000000000000e+00	8073	0	412
413	 2.473156810496000e+02 -3.772091649228000e+02  9.471360338760000e+01	 7.802000000000001e-07 -3.647000000000000e-07  0.000000000000000e+00	1.000000000000000e+00	8073	0	413
414	 3.544457262958000e+02 -4.060976870998000e+02  3.592584956082000e+02	 3.740980000000000e-05 -1.866100000000000e-06  0.000000000000000e+00	1.000000000000000e+00	8073	0	414
415	 3.637923866211000e+02 -1.417141209052000e+02  3.592584956082000e+02	 7.030440000000000e-05 -1.999000000000000e-06  0.000000000000000e+00	1.000000000000000e+00	8073	0	415
416	-8.132625707990000e+01  6.910882722200000e+02  3.592584956082000e+02	0.000000000000000e+00 0.000000000000000e+00 0.000000000000000e+00	1.000000000000000e+00	8073	0	416
418	-1.457155850477000e+02 -4.896777573942000e+02 -4.280356130971000e+02	 1.108000000000000e-07  1.919000000000000e-07 -6.537000000000000e-07	1.000000000000000e+00	8073	0	418
419	-1.818703344900000e+01 -2.687918266095000e+02 -3.280872376052000e+02	 3.899900000000001e-06  6.754800000000000e-06 -1.637000000000000e-05	1.000000000000000e+00	8073	0	419
420	3.599687304057000e+02 3.861931695618000e+02 3.913524464291000e+02	-4.873656000000000e-04 -8.441420000000000e-04 -1.441345100000000e-03	1.000000000000000e+00	8073	0	420
424	4.523941115673000e+02 6.615595370054000e+02 3.804874067123000e+02	9.992000000000001e-07 3.399000000000000e-07 0.000000000000000e+00	1.000000000000000e+00	8006	0	424
426	-1.673214117100000e+02 -5.053580353004000e+02  5.829785587824000e+02	-9.869500000000001e-06  1.529370000000000e-05  0.000000000000000e+00	1.000000000000000e+00	105	0	426
427	-4.529749208000000e+00 -4.055370195810000e+02  5.829785587824000e+02	-3.306000000000000e-07  5.187000000000000e-07  0.000000000000000e+00	1.000000000000000e+00	105	0	427
428	 6.429461269751000e+02 -3.158852254300000e+01  5.829785587824000e+02	 2.406980000000000e-05 -3.749690000000000e-05  0.000000000000000e+00	1.000000000000000e+00	105	0	428
429	 4.915840679819000e+02 -1.268559168792000e+02  5.829785587824000e+02	 2.212670000000000e-05 -3.787320000000000e-05  0.000000000000000e+00	1.000000000000000e+00	105	0	429
430	-2.385548440883000e+02  5.499911606359000e+02 -4.164132562731000e+02	-1.196000000000000e-06  4.705000000000000e-07  0.000000000000000e+00	1.000000000000000e+00	8073	0	430
431	-3.046826424550000e+02  4.453970315837000e+02 -4.164132562731000e+02	 1.162687500000000e-07 -9.461250000000000e-08  0.000000000000000e+00	5.625000000000000e-01	8073	0	431
432	-2.177118888084000e+02  6.910882722200000e+02 -4.146664623110000e+02	 4.048981232659221e-05  0.000000000000000e+00 -5.904555009330511e-05	3.167635202407837e-02	8073	0	432
433	-4.430925953143000e+02  6.910882722200000e+02 -9.073368647300001e+00	3.415370000000000e-05 0.000000000000000e+00 8.762000000000000e-05	1.000000000000000e+00	8073	0	433
434	6.627084632478001e+02 1.113908630088000e+02 9.471360338760000e+01	 3.192200000000000e-06 -3.694600000000000e-06  0.000000000000000e+00	1.000000000000000e+00	8073	0	434
436	 4.902563881858000e+02  4.516211834113000e+02 -6.470363836394000e+02	 1.057000000000000e-07 -1.831000000000000e-07 -9.319000000000000e-07	1.000000000000000e+00	0	0	436
438	5.135835792757000e+02 6.522618926017000e+02 5.610655335974001e+02	 1.246640000000000e-05  2.159250000000000e-05 -1.061254000000000e-04	1.000000000000000e+00	8073	0	438
439	 1.319703040002000e+02 -8.711689018200000e+00 -1.256835641734000e+02	-6.903500000000000e-06 -1.195720000000000e-05  4.279000000000000e-06	1.000000000000000e+00	8073	0	439
440	 1.836936237520000e+02  8.087572872800000e+01 -2.441549280440000e+01	-1.286140000000000e-05 -2.227660000000000e-05  2.759590000000000e-05	1.000000000000000e+00	8073	0	440
441	-1.141201452596000e+02 -4.349528503936000e+02 -4.059729859837000e+02	 5.849000000000000e-07  1.013100000000000e-06 -3.198400000000000e-06	1.000000000000000e+00	8073	0	441
442	-5.036865118720000e+01 -3.245320236019000e+02 -3.568154254076000e+02	 2.738200000000000e-06  4.742700000000000e-06 -1.283780000000000e-05	1.000000000000000e+00	8073	0	442
444	5.700127018922000e+02 7.500000000000000e+02 3.592584956082000e+02	 0.000000000000000e+00 -0.000000000000000e+00  0.000000000000000e+00	1.000000000000000e+00	8073	1	444
445	-2.391581865965000e+02 -6.515250908680000e+02 -4.731923668385000e+02	-1.720000000000000e-08 -2.970000000000000e-08  2.235000000000000e-07	1.000000000000000e+00	8073	0	445
446	-1.773163086006000e+02 -5.444118161437000e+02 -4.468592685006000e+02	 1.300000000000000e-09  2.200000000000000e-09 -2.200000000000000e-09	1.000000000000000e+00	8073	0	446
447	4.578921670133000e+02 5.558015370178000e+02 5.235676144314000e+02	 2.838580000000000e-05  4.916560000000000e-05 -1.363818000000000e-04	1.000000000000000e+00	8073	0	447
448	4.057887961020000e+02 4.655558513539000e+02 4.636024600022000e+02	 7.400800000000000e-05  1.281857000000000e-04 -1.864096000000000e-04	1.000000000000000e+00	8073	0	448
449	 7.673951933000001e+01 -1.043742142090000e+02 -2.194430292554000e+02	 4.152000000000000e-06  7.191500000000001e-06 -1.223430000000000e-05	1.000000000000000e+00	8073	0	449
450	 1.390671005720000e+01 -2.132038322517000e+02 -2.960032118842000e+02	 5.478000000000000e-06  9.488200000000000e-06 -2.070550000000000e-05	1.000000000000000e+00	8073	0	450
451	2.297997314940000e+02 1.607338498763000e+02 6.399287007160000e+01	-1.859180000000000e-05 -3.220200000000000e-05  4.069200000000000e-05	1.000000000000000e+00	8073	0	451
452	2.743962809816000e+02 2.379773394312000e+02 1.422926861117000e+02	-1.073400000000000e-06 -1.859100000000000e-06  3.640140000000000e-05	1.000000000000000e+00	8073	0	452
453	 3.295578258966000e+02 -7.022049169806000e+02  3.592584956082000e+02	 2.561300000000000e-06 -3.522000000000000e-07  0.000000000000000e+00	1.000000000000000e+00	8073	0	453
455	-3.758945437728000e+02 -3.704762172763000e+02  6.325942073135001e+02	 4.174800000000000e-06  7.231100000000000e-06 -1.454300000000000e-05	1.000000000000000e+00	491	0	455
459	 3.416596007826000e+02 -5.958215169328000e+02  3.592584956082000e+02	 1.523050000000000e-05 -1.329100000000000e-06  0.000000000000000e+00	1.000000000000000e+00	8073	0	459
460	3.720712050578000e+02 1.493246162456000e+02 3.592584956082000e+02	 1.161769000000000e-04 -1.199900000000000e-06  0.000000000000000e+00	1.000000000000000e+00	8073	0	460
465	 4.267344103100000e+01  6.383466728557000e+02 -1.159425144917000e+02	 1.063300000000000e-06 -1.768200000000000e-06  0.000000000000000e+00	1.000000000000000e+00	661	0	465
468	-6.926410870259000e+02  7.967273611230000e+01  6.580962442277000e+02	-1.923907000000000e-04 -5.906480000000000e-05  0.000000000000000e+00	1.000000000000000e+00	1105	0	468
471	 3.506715748616000e+02 -4.737110389556000e+02  3.592584956082000e+02	 2.938140000000000e-05 -1.791400000000000e-06  0.000000000000000e+00	1.000000000000000e+00	8073	0	471
479	7.497493859213000e+02 5.715767664980000e+01 6.580962442277000e+02	-4.531886718750000e-07  5.006496093750000e-07  0.000000000000000e+00	3.164062500000000e-01	1105	0	479
483	 5.074414574250000e+02 -3.696011188817000e+02  1.469693845670000e+01	 2.512820000000000e-05 -2.646500000000000e-06  0.000000000000000e+00	1.000000000000000e+00	5009	0	483
484	-5.776992251837000e+02  1.000161888179000e+02  6.580962442277000e+02	-1.871671000000000e-04 -1.560270000000000e-05  0.000000000000000e+00	1.000000000000000e+00	1105	0	484
486	-3.731759264731000e+02 -6.405886908501001e+02  5.829785587824000e+02	-2.044080000000000e-05  3.290600000000000e-05  0.000000000000000e+00	1.000000000000000e+00	105	0	486
487	5.237616519589001e+02 6.698908316121000e+02 2.286190426598000e+02	5.886168750000000e-06 1.019511562500000e-05 0.000000000000000e+00	4.218750000000000e-01	8073	0	487
488	 4.621226268120000e+02  5.003502875187000e+02 -6.603270675511001e+02	 1.413000000000000e-07 -2.447000000000000e-07 -1.123400000000000e-06	1.000000000000000e+00	0	0	488
490	5.047035968115000e+02 5.338971568474000e+02 3.804874067123000e+02	2.610200000000000e-06 1.655500000000000e-06 0.000000000000000e+00	1.000000000000000e+00	8006	0	490
491	-5.206246191080000e+02 -6.211560611401001e+02  4.286790151056000e+02	 2.636000000000000e-07  4.565000000000000e-07 -1.314240000000000e-05	1.000000000000000e+00	491	0	491
494	 8.175075170700000e+00 -6.864672782855000e+02  9.471360338760000e+01	 1.447900000000000e-06 -1.553900000000000e-06  0.000000000000000e+00	1.000000000000000e+00	8073	0	494
495	 5.198364613621001e+02 -2.440192307982000e+02  1.469693845670000e+01	 4.066700000000000e-05 -3.457800000000000e-06  0.000000000000000e+00	1.000000000000000e+00	5009	0	495
496	 3.419901386601000e+02 -6.997656065995001e+02  3.801696221000000e+00	2.400000000000000e-09 4.100000000000000e-09 5.982000000000000e-07	1.000000000000000e+00	8073	0	496
497	-4.716252411901000e+02 -5.362866490470000e+02  5.056556419430000e+02	 4.323300000000000e-06  7.488100000000000e-06 -1.198240000000000e-05	1.000000000000000e+00	491	0	497
499	 5.031855146301000e+02 -4.205670254744000e+02 -2.691268208408000e+02	1.590000000000000e-08 2.760000000000000e-08 6.919000000000000e-07	1.000000000000000e+00	8073	0	499
501	-4.946195003202000e+02  1.056385677541000e+02  6.580962442277000e+02	-2.978360000000000e-05  5.116100000000000e-06  0.000000000000000e+00	1.000000000000000e+00	1105	0	501
503	-4.246992788367000e+02  1.066218370015000e+02  6.580962442277000e+02	-3.011500000000000e-06  6.586700000000000e-06  0.000000000000000e+00	1.000000000000000e+00	1105	0	503
505	5.312064912182000e+02 1.199661319251000e+02 2.286190426598000e+02	-9.545000000000001e-07  1.189000000000000e-07  0.000000000000000e+00	1.000000000000000e+00	8073	0	505
507	-5.692432911215000e+02 -7.053660712640000e+02  3.269214088362000e+02	-1.030300000000000e-06 -1.784500000000000e-06 -1.243100000000000e-05	1.000000000000000e+00	491	0	507
512	 9.253665704240001e+01  6.676727816000000e+02 -1.159425144917000e+02	 2.397200000000000e-06 -4.185200000000000e-06  0.000000000000000e+00	1.000000000000000e+00	661	0	512
519	-3.552825824834000e+02  1.047949925171000e+02  6.580962442277000e+02	-6.152100000000000e-06  7.913399999999999e-06  0.000000000000000e+00	1.000000000000000e+00	1105	0	519
521	-5.942380331557000e+02 -7.486582343893000e+02  2.419459954464000e+02	 1.746562500000000e-07  3.025125000000000e-07 -6.894562500000000e-07	5.625000000000000e-01	491	0	521
523	 4.956171925230000e+01  6.910882722200000e+02 -6.309812499173000e+02	-6.438000000000000e-07  0.000000000000000e+00 -1.255100000000000e-06	1.000000000000000e+00	8073	0	523
527	5.341691756001001e+02 2.218347920331000e+02 1.469693845670000e+01	9.385490000000001e-05 5.987000000000000e-07 0.000000000000000e+00	1.000000000000000e+00	5009	0	527
529	-3.510184095132000e+02 -3.273894888428000e+02  6.590726126486001e+02	 3.233300000000000e-06  5.600200000000000e-06 -1.279680000000000e-05	1.000000000000000e+00	491	0	529
530	-5.361867856859000e+02  6.910882722200000e+02  5.155612645157000e+02	-1.476700000000000e-06  0.000000000000000e+00 -3.031300000000000e-06	1.000000000000000e+00	8073	0	530
531	5.379178640515000e+02 6.944101101992001e+02 5.712969362545000e+02	 8.892100000000001e-06  1.540150000000000e-05 -8.895510000000000e-05	1.000000000000000e+00	8073	0	531
535	 4.337476526296000e+02  5.494971844660000e+02 -6.747758576680001e+02	-1.140000000000000e-08  1.972500000000000e-08 -9.039000000000001e-07	7.500000000000000e-01	0	0	535
537	-2.889442317913000e+02  1.007259698626000e+02  6.580962442277000e+02	-3.273200000000000e-06  9.022400000000000e-06  0.000000000000000e+00	1.000000000000000e+00	1105	0	537
538	-6.465498810046000e+02  1.518240754078000e+02  1.077775486825000e+02	-5.782800000000000e-05  1.166800000000000e-06  0.000000000000000e+00	1.000000000000000e+00	23	0	538
540	-7.100050693583000e+02 -6.576557412404001e+02 -1.159425144917000e+02	2.029400000000000e-06 4.576300000000001e-06 0.000000000000000e+00	1.000000000000000e+00	661	0	540
545	-2.254615431886000e+02  9.498288646560000e+01  6.580962442277000e+02	-3.433000000000000e-06  1.026300000000000e-05  0.000000000000000e+00	1.000000000000000e+00	1105	0	545
547	-6.454199070908001e+02 -2.267707574003000e+02  1.077775486825000e+02	-9.588050000000000e-05 -1.763600000000000e-06  0.000000000000000e+00	1.000000000000000e+00	23	0	547
553	5.354680904617001e+02 8.806990032630000e+01 1.469693845670000e+01	8.388060000000000e-05 1.458700000000000e-06 0.000000000000000e+00	1.000000000000000e+00	5009	0	553
560	-7.312262247320000e+02 -6.164172212727000e+02 -1.159425144917000e+02	2.662700000000000e-06 1.812400000000000e-06 0.000000000000000e+00	1.000000000000000e+00	661	0	560
566	-6.476277763185000e+02 -9.520182007460001e+01  1.077775486825000e+02	-8.378920000000001e-05 -9.568000000000001e-07  0.000000000000000e+00	1.000000000000000e+00	23	0	566
567	-6.480797949515000e+02  2.804866404600000e+01  1.077775486825000e+02	-7.136310000000001e-05  2.898000000000000e-07  0.000000000000000e+00	1.000000000000000e+00	23	0	567
568	-1.612043040972000e+02  8.778705342160001e+01  6.580962442277000e+02	-1.005300000000000e-06  1.135900000000000e-05  0.000000000000000e+00	1.000000000000000e+00	1105	0	568
571	-5.349607589134000e+02  1.932115117372000e+02 -1.159425144917000e+02	-4.812000000000000e-07  1.752100000000000e-06  0.000000000000000e+00	1.000000000000000e+00	661	0	571
572	-3.677625183986000e+02  6.910882722200000e+02  1.518683640526000e+02	 2.188875000000000e-06 -1.222500000000000e-07 -2.170875000000000e-06	7.500000000000000e-01	8073	0	572
582	-4.199209436641000e+02 -6.686234577694000e+02  5.829785587824000e+02	-2.169400000000000e-05  3.725320000000000e-05  0.000000000000000e+00	1.000000000000000e+00	105	0	582
583	-9.778436827670001e+01  7.984629730230000e+01  6.580962442277000e+02	1.574800000000000e-06 1.265380000000000e-05 0.000000000000000e+00	1.000000000000000e+00	1105	0	583
585	 4.047168002518000e+02  5.997800957714001e+02 -6.922867239360000e+02	-2.601100000000000e-06  4.505300000000000e-06 -2.536600000000000e-06	1.000000000000000e+00	0	0	585
589	 1.434395753061000e+02  6.961125544146000e+02 -1.159425144917000e+02	 3.711100000000000e-06 -6.866900000000000e-06  0.000000000000000e+00	1.000000000000000e+00	661	0	589
595	5.330203012352000e+02 4.917430035291000e+02 3.804874067123000e+02	3.153300000000000e-06 2.532100000000000e-06 0.000000000000000e+00	1.000000000000000e+00	8006	0	595
598	 9.605207783870000e+01  6.910882722200000e+02 -6.588362078769001e+02	-8.629000000000000e-07  0.000000000000000e+00 -1.486400000000000e-06	1.000000000000000e+00	8073	0	598
600	-3.560772125550000e+01  7.145649962040001e+01  6.580962442277000e+02	3.076500000000000e-06 1.457300000000000e-05 0.000000000000000e+00	1.000000000000000e+00	1105	0	600
602	-4.341070588868000e+02  6.910882722200000e+02  5.251997712740000e+01	3.717430000000000e-05 0.000000000000000e+00 4.515110000000000e-05	1.000000000000000e+00	8073	0	602
610	-5.692259442439000e+02  6.910882722200000e+02  5.524272051664000e+02	-7.518000000000000e-07  0.000000000000000e+00 -1.400400000000000e-06	1.000000000000000e+00	8073	0	610
611	-6.432344620872000e+02 -3.601618456617000e+02  1.077775486825000e+02	-1.091969000000000e-04 -1.524200000000000e-06  0.000000000000000e+00	1.000000000000000e+00	23	0	611
615	 4.300000000000000e+02 -5.473280551918000e+02 -2.606506917860000e+02	0.000000000000000e+00 0.000000000000000e+00 0.000000000000000e+00	1.000000000000000e+00	8073	0	615
616	-3.250398903798000e+02 -2.823933737982000e+02  6.830561096379000e+02	 2.289400000000000e-06  3.965300000000000e-06 -1.055580000000000e-05	1.000000000000000e+00	491	0	616
618	2.497755161690000e+01 6.257128776340000e+01 6.580962442277000e+02	4.529300000000000e-06 1.724220000000000e-05 0.000000000000000e+00	1.000000000000000e+00	1105	0	618
620	 3.752561834486000e+02  6.508073808969000e+02 -7.067865557423000e+02	-5.245626420593262e-06  9.085690039443971e-06 -3.703011540985108e-06	7.508468627929688e-02	0	0	620
625	-6.190949444533001e+02  8.648582136480000e+01 -1.159425144917000e+02	-1.666970000000000e-05 -1.158040000000000e-05  0.000000000000000e+00	1.000000000000000e+00	661	0	625
627	 5.229574083048000e+02 -6.911270447451001e+02  2.286190426598000e+02	-6.414500000000000e-06  6.637500000000000e-06  0.000000000000000e+00	1.000000000000000e+00	8073	0	627
630	-3.335224352299000e+02  6.910882722200000e+02  1.806641068555000e+02	-2.120700000000000e-06  0.000000000000000e+00 -1.063300000000000e-06	1.000000000000000e+00	8073	0	630
631	8.414088517110001e+01 5.293812727220000e+01 6.580962442277000e+02	6.296100000000001e-06 2.082420000000000e-05 0.000000000000000e+00	1.000000000000000e+00	1105	0	631
639	 1.464580649739000e+02  6.910882722200000e+02 -6.848751219510000e+02	-6.272000000000000e-07  0.000000000000000e+00 -1.273200000000000e-06	1.000000000000000e+00	8073	0	639
646	 3.573400769022000e+02 -3.415126802634000e+02  3.592584956082000e+02	 4.513320000000000e-05 -1.795300000000000e-06  0.000000000000000e+00	1.000000000000000e+00	8073	0	646
647	 3.615883111200000e+02 -2.122059180513000e+02  3.592584956082000e+02	 6.107880000000000e-05 -1.880000000000000e-06  0.000000000000000e+00	1.000000000000000e+00	8073	0	647
655	 1.960134120029000e+02  7.233766448306001e+02 -1.159425144917000e+02	 4.586100000000000e-06 -9.336400000000001e-06  0.000000000000000e+00	1.000000000000000e+00	661	0	655
660	-4.675773168266000e+02 -6.955592290886000e+02  5.829785587824000e+02	-2.308180000000000e-05  4.254900000000000e-05  0.000000000000000e+00	1.000000000000000e+00	105	0	660
664	1.430842442339000e+02 4.209262473190000e+01 6.580962442277000e+02	7.286200000000001e-06 2.573760000000000e-05 0.000000000000000e+00	1.000000000000000e+00	1105	0	664
681	 3.357959041797000e+02  7.191545894714001e+02 -7.314049517664000e+02	-1.296038646984100e-06  2.244808742809296e-06 -1.733763596820832e-06	5.631351470947266e-02	0	0	681
683	-7.342529884233001e+02 -1.437760496216000e+02 -1.159425144917000e+02	-1.178600000000000e-06  7.649900000000001e-06  0.000000000000000e+00	1.000000000000000e+00	661	0	683
688	-6.046849110086000e+02  6.910882722200000e+02  5.909407028931000e+02	 8.726000000000000e-07  0.000000000000000e+00 -1.146000000000000e-07	1.000000000000000e+00	8073	0	688
689	2.024840203171000e+02 2.965294935760000e+01 6.580962442277000e+02	6.647500000000000e-06 3.231400000000000e-05 0.000000000000000e+00	1.000000000000000e+00	1105	0	689
696	 4.690769293737000e+02 -4.796448281128000e+02 -2.657588501594000e+02	2.477460937500000e-08 4.290468750000000e-08 8.854945312500001e-07	3.164062500000000e-01	8073	0	696
703	2.625306437277000e+02 1.548362213120000e+01 6.580962442277000e+02	7.022600000000000e-06 3.980500000000000e-05 0.000000000000000e+00	1.000000000000000e+00	1105	0	703
707	 3.654346864521000e+02 -7.817278721690001e+01  3.592584956082000e+02	 7.809330000000001e-05 -2.480900000000000e-06  0.000000000000000e+00	1.000000000000000e+00	8073	0	707
708	 4.239366855180000e+02 -5.473280551918000e+02 -2.582297950503000e+02	-2.495092675781250e-06  0.000000000000000e+00 -1.578811816406250e-06	2.373046875000000e-01	8073	0	708
710	 3.274948950151000e+02 -1.242613455100000e+00  6.580962442277000e+02	1.067040000000000e-05 4.760730000000000e-05 0.000000000000000e+00	1.000000000000000e+00	1105	0	710
712	-3.348450381328000e+02  6.910882722200000e+02  2.128228279539000e+02	-2.829100000000000e-06  0.000000000000000e+00 -2.630200000000000e-06	1.000000000000000e+00	8073	0	712
714	 4.575905802081000e+02 -3.434195808680000e+01  6.580962442277000e+02	1.320859000000000e-04 3.607940000000000e-05 0.000000000000000e+00	1.000000000000000e+00	1105	0	714
715	 5.242253980477000e+02 -4.539875271460000e+01  6.580962442277000e+02	1.770462000000000e-04 4.341240000000000e-05 0.000000000000000e+00	1.000000000000000e+00	1105	0	715
717	 5.755039702683000e+02 -4.504442507800000e+01  6.580962442277000e+02	2.087141000000000e-04 6.933330000000000e-05 0.000000000000000e+00	1.000000000000000e+00	1105	0	717
718	-5.449176948051000e+02  6.832957399003001e+02 -6.793251553319001e+02	-4.188000000000000e-06 -8.722299999999999e-06  0.000000000000000e+00	1.000000000000000e+00	8073	0	718
720	 6.275933736664000e+02 -3.164134989460000e+01  6.580962442277000e+02	5.807760000000000e-05 4.093170000000000e-05 0.000000000000000e+00	1.000000000000000e+00	1105	0	720
722	 1.998021189807000e+02  6.910882722200000e+02 -7.087698023306000e+02	-2.171000000000000e-07  0.000000000000000e+00 -5.276000000000000e-07	1.000000000000000e+00	8073	0	722
724	-6.235795898289000e+02  7.154949948202001e+02 -6.793251553319001e+02	-1.353320000000000e-05 -1.761700000000000e-06  0.000000000000000e+00	1.000000000000000e+00	8073	0	724
728	 4.814745851948000e+02 -6.364846520478001e+02 -3.896026542751000e+02	-2.873040000000000e-05  4.976240000000000e-05  8.737720000000000e-05	1.000000000000000e+00	8073	0	728
729	6.888115440127000e+02 1.997394293500000e+00 6.580962442277000e+02	4.145030000000000e-05 2.667740000000000e-05 0.000000000000000e+00	1.000000000000000e+00	1105	0	729
733	5.857874001172000e+02 4.339835519841000e+02 3.804874067123000e+02	2.046800000000000e-06 2.256700000000000e-06 0.000000000000000e+00	1.000000000000000e+00	8006	0	733
737	-6.438744066878000e+02  6.910882722200000e+02  6.326486766129000e+02	1.550600000000000e-06 0.000000000000000e+00 9.741000000000001e-07	1.000000000000000e+00	8073	0	737
740	-2.980178080418000e+02 -2.355897542626000e+02  7.043113273164000e+02	 1.446100000000000e-06  2.504700000000000e-06 -7.856400000000000e-06	1.000000000000000e+00	491	0	740
745	-7.344292618756000e+02  7.492147205820000e+02 -6.793251553319001e+02	-1.937300000000000e-06 -3.881000000000000e-07  0.000000000000000e+00	1.000000000000000e+00	8073	0	745
746	-8.903250836930000e+01  6.910882722200000e+02 -5.173749859393000e+02	 4.908000000000000e-07  0.000000000000000e+00 -9.987300000000000e-06	1.000000000000000e+00	8073	0	746
747	6.160581109743000e+02 4.084755258387000e+02 3.804874067123000e+02	2.595300000000000e-06 3.307800000000000e-06 0.000000000000000e+00	1.000000000000000e+00	8006	0	747
753	5.729427118879000e+02 4.062864896996000e+02 2.286190426598000e+02	-1.229226416015625e-05 -2.039700234375000e-05  0.000000000000000e+00	2.373046875000000e-01	8073	0	753
755	-2.736576258477000e+02  5.517663960992001e+02 -6.793251553319001e+02	-2.987737500000000e-05 -6.927592500000001e-05  0.000000000000000e+00	7.500000000000000e-01	8073	0	755
771	6.567353925021000e+02 3.784753132326000e+02 3.804874067123000e+02	-2.988300000000000e-06 -3.959000000000001e-06  0.000000000000000e+00	1.000000000000000e+00	8006	0	771
776	 2.560014578174000e+02  6.910882722200000e+02 -7.299166688466000e+02	-4.301000000000000e-07  0.000000000000000e+00 -1.170900000000000e-06	1.000000000000000e+00	8073	0	776
805	-1.091882286876000e+02  3.865733517383000e+02 -7.313220070690001e+02	 1.597045096296297e-05 -2.766163279012346e-05  7.502440770370372e-05	1.580246913580247e-02	8073	0	805
828	-1.398977804539000e+02  3.403479836873000e+02 -7.450987093279000e+02	1.409618320312500e-05 0.000000000000000e+00 1.229086406250000e-05	2.373046875000000e-01	8073	0	828
864	-2.699356144604000e+02 -1.869499681915000e+02  7.225856445949000e+02	 7.147000000000000e-07  1.237900000000000e-06 -4.661800000000000e-06	1.000000000000000e+00	491	0	864
865	 4.015541105971000e+02 -5.473280551918000e+02 -2.220412134540000e+02	-3.594560000000000e-05  0.000000000000000e+00 -8.825000000000000e-07	1.000000000000000e+00	8073	0	865
909	-1.272672889664000e+02  6.910882722200000e+02  3.592584956082000e+02	0.000000000000000e+00 0.000000000000000e+00 0.000000000000000e+00	4.218750000000000e-01	8073	0	909
1000	-3.555036176682000e+02  6.910882722200000e+02  2.671305741237000e+02	-4.338600000000000e-06  0.000000000000000e+00 -3.511400000000000e-06	1.000000000000000e+00	8073	0	1000
1002	7.037106648047001e+02 3.427739176513000e+02 3.804874067123000e+02	-5.751100000000000e-06 -7.073700000000001e-06  0.000000000000000e+00	1.000000000000000e+00	8006	0	1002
1003	-4.404602826706000e+02  6.910882722200000e+02  3.992326987103000e+02	-1.086500000000000e-05  0.000000000000000e+00  3.607100000000000e-06	1.000000000000000e+00	8073	0	1003
1011	6.941500026327001e+02 2.751362662224000e+02 1.590392782460000e+02	-2.452823437500000e-06  4.248407812500000e-06  1.533064218750000e-05	4.218750000000000e-01	8073	0	1011
1012	 3.872431990194000e+02 -5.473280551918000e+02 -1.663004119163000e+02	-1.056419000000000e-04  0.000000000000000e+00  1.004180000000000e-05	1.000000000000000e+00	8073	0	1012
1014	-3.324630448363000e+02  6.207672538184000e+02  1.518683640526000e+02	-1.169100000000000e-06 -4.381000000000000e-07  0.000000000000000e+00	1.000000000000000e+00	8073	0	1014
1015	-3.578037048009000e+02  6.863240988655000e+02  1.518683640526000e+02	-7.470000000000000e-07 -8.190000000000000e-08  0.000000000000000e+00	1.000000000000000e+00	8073	0	1015
1020	-3.623395206123000e+02  6.863514161763001e+02  1.518683640526000e+02	-7.168000000000001e-07  6.282000000000000e-07  0.000000000000000e+00	1.000000000000000e+00	8073	0	1020
1081	-5.188236671943000e+02 -7.218115679914000e+02  5.829785587824000e+02	-1.582930000000000e-05  3.412820000000000e-05  0.000000000000000e+00	1.000000000000000e+00	105	0	1081
1396	-4.301872681106000e+02  6.910882722200000e+02 -7.690067877140001e+01	-9.040500000000001e-06  0.000000000000000e+00  1.517065000000000e-04	1.000000000000000e+00	8073	0	1396
1705	 3.908865933729000e+02 -5.473280551918000e+02 -1.069529804802000e+02	-1.540110000000000e-04  0.000000000000000e+00  1.294917000000000e-04	1.000000000000000e+00	8073	0	1705
1759	5.399810630639000e+02 6.979836757148000e+02 2.529164394518000e+02	1.298363060302734e-05 2.248829736328125e-05 1.508622874145508e-05	1.334838867187500e-01	8073	0	1759
1801	-2.409191868384000e+02 -1.366920412961000e+02  7.373464993501000e+02	 8.930000000000000e-08  1.547000000000000e-07 -8.326000000000000e-07	1.000000000000000e+00	491	0	1801
2264	6.427547602018000e+02 3.641554373799000e+02 2.286190426598000e+02	-3.797630000000000e-05 -3.740600000000000e-05 -3.607100000000000e-06	1.000000000000000e+00	8073	0	2264
2827	6.419156555472000e+02 3.656088092747000e+02 2.230248554687000e+02	 7.646115234375000e-06 -1.324350000000000e-05  8.431182421875001e-06	3.164062500000000e-01	8073	0	2827
2939	6.205391580319000e+02 3.227789637731000e+02 2.286190426598000e+02	-3.048700000000000e-06  1.644900000000000e-06  0.000000000000000e+00	1.000000000000000e+00	8073	0	2939
3478	3.260304835438000e+02 3.274104016771000e+02 2.286190426598000e+02	-6.729300000000001e-05 -1.165548000000000e-04  0.000000000000000e+00	1.000000000000000e+00	8073	0	3478
4128	-6.640943260698000e+02 -7.131254535829000e+02 -1.159425144917000e+02	 3.778500000000000e-06 -5.968000000000001e-07  0.000000000000000e+00	1.000000000000000e+00	661	0	4128
4210	 4.276638630253000e+02 -5.432817472582000e+02  7.297712888900000e+00	-2.493789750000000e-04  4.319370562500000e-04  2.217688875000000e-04	5.625000000000000e-01	8073	0	4210
4213	-3.300268215989000e+02  6.910882722200000e+02 -2.682832896638000e+02	-4.599000000000000e-06  0.000000000000000e+00  3.074310000000000e-05	1.000000000000000e+00	8073	0	4213
4214	4.318237187427000e+02 7.345572951394000e+02 2.286190426598000e+02	1.253850000000000e-06 1.977450000000000e-06 0.000000000000000e+00	7.500000000000000e-01	8073	0	4214
4220	 4.352859258069000e+02 -5.564835472544000e+02  6.708876334710000e+01	-7.078970000000000e-05  1.226114000000000e-04 -1.755875000000000e-04	1.000000000000000e+00	8073	0	4220
4224	-7.244240345479001e+02  6.910882722200000e+02  7.174039282450000e+02	-4.137866000000000e-04  0.000000000000000e+00  4.696100000000000e-04	1.000000000000000e+00	8073	0	4224
4225	-2.479352442755000e+02  6.910882722200000e+02 -3.883689717962000e+02	 2.465631000000000e-04  0.000000000000000e+00 -2.689802000000000e-04	1.000000000000000e+00	8073	0	4225
4234	5.628124715773000e+02 7.375288352683000e+02 3.155659375621000e+02	5.285300000000000e-06 9.154300000000000e-06 1.030180000000000e-05	1.000000000000000e+00	8073	0	4234
4235	5.172861770995000e+02 6.708520398186000e+02 2.286190426598000e+02	9.188803839111328e-06 7.566934570312500e-06 0.000000000000000e+00	1.334838867187500e-01	8073	0	4235
4236	5.221195436905000e+02 4.301079304065000e+02 2.286190426598000e+02	 4.209270000000000e-05 -4.571610000000000e-05  0.000000000000000e+00	1.000000000000000e+00	8073	0	4236
4237	5.093608166479000e+02 6.034576741600000e+02 2.286190426598000e+02	1.932840000000000e-05 5.232360000000000e-05 0.000000000000000e+00	1.000000000000000e+00	8073	0	4237
4240	5.111356126179000e+02 5.395446621046000e+02 2.286190426598000e+02	3.524650000000000e-05 1.291400000000000e-06 0.000000000000000e+00	1.000000000000000e+00	8073	0	4240
4244	4.651530140006000e+02 3.954984257044000e+02 2.286190426598000e+02	 3.239170000000000e-05 -5.318810000000000e-05  0.000000000000000e+00	1.000000000000000e+00	8073	0	4244
4245	3.945141375568000e+02 3.482784179831000e+02 2.286190426598000e+02	-4.669610000000000e-05 -9.966700000000001e-05  0.000000000000000e+00	1.000000000000000e+00	8073	0	4245
4246	3.459613145570000e+02 3.619316136290000e+02 3.592584956082000e+02	2.073422000000000e-04 3.591273000000000e-04 0.000000000000000e+00	1.000000000000000e+00	8073	0	4246
4250	 3.862337027722000e+02 -1.678635289020000e+01  6.580962442277000e+02	2.196400000000000e-05 5.225080000000000e-05 0.000000000000000e+00	1.000000000000000e+00	1105	0	4250
4253	 4.134618828630000e+02 -5.759729143345000e+02  5.146608993600000e+00	 2.412834100000000e-03  4.179151200000000e-03 -4.996229000000000e-04	1.000000000000000e+00	8073	0	4253
4254	-1.461093253278000e+02  4.505225669902000e+02 -6.983164337421000e+02	-8.222517749999999e-04  1.424181825000000e-03 -1.187697900000000e-03	7.500000000000000e-01	8073	0	4254
4256	-1.693786037739000e+02  6.910882722200000e+02 -4.393649999197000e+02	-9.595134000000001e-04  0.000000000000000e+00 -3.682335750000000e-04	7.500000000000000e-01	8073	0	4256
4257	-2.116366159204000e+02  5.035212575881000e+02 -6.793251553319001e+02	-5.548489031250001e-04 -1.216302285937500e-03  0.000000000000000e+00	4.218750000000000e-01	8073	0	4257
4258	-2.951199072299000e+02  6.910882722200000e+02 -3.236279128616000e+02	 1.281138000000000e-04  0.000000000000000e+00 -1.916919000000000e-04	1.000000000000000e+00	8073	0	4258
4259	3.034797565044000e+02 2.883513966972000e+02 1.872390312248000e+02	1.061069308593750e-04 1.837825769531250e-04 3.401316562500000e-05	3.164062500000000e-01	8073	0	4259
4260	7.243547694179000e+02 2.228200755195000e+02 1.208080898243000e+02	 3.403128977050781e-05 -5.894392148437500e-05 -3.789308540039063e-05	1.334838867187500e-01	8073	0	4260
4262	 5.389006338674001e+02 -7.359494860266000e+02 -6.224382606615001e+02	 7.966730000000000e-05 -1.379878000000000e-04 -4.445577000000000e-04	1.000000000000000e+00	8073	0	4262
4263	6.660663573822001e+02 3.237785666579000e+02 1.903122348720000e+02	-6.207693662109375e-05  1.075204045898438e-04  8.290310449218750e-05	2.373046875000000e-01	8073	0	4263
4264	3.670634716660000e+02 2.965148219605000e+02 3.592584956082000e+02	2.029608000000000e-04 8.700850000000000e-05 0.000000000000000e+00	1.000000000000000e+00	8073	0	4264
4265	 3.720369361447000e+02 -6.477230267515000e+02  3.329659440300000e+00	 7.376400000000000e-06  1.277628750000000e-05 -6.689261812500001e-04	5.625000000000000e-01	8073	0	4265
0	 5.000000000000000e-01 -8.660254037844386e-01  0.000000000000000e+00	8.660254037844385e-01 5.000000000000000e-01 0.000000000000000e+00	5.632499999999998e+02 3.251925391210567e+02 0.000000000000000e+00	1	0	0.000000000000000e+00	0.000000000000000e+00	0.000000000000000e+00	9.350906391120660e+04
1	5.000000000000000e-01 8.660254037844386e-01 0.000000000000000e+00	0.000000000000000e+00 0.000000000000000e+00 1.000000000000000e+00	0.000000000000000e+00 0.000000000000000e+00 2.286190426597633e+02	1	0	0.000000000000000e+00	0.000000000000000e+00	0.000000000000000e+00	3.479657236128143e+05
3	-5.000000000000000e-01 -8.660254037844386e-01  0.000000000000000e+00	0.000000000000000e+00 0.000000000000000e+00 1.000000000000000e+00	0.000000000000000e+00 0.000000000000000e+00 6.580962442277471e+02	1	0	0.000000000000000e+00	0.000000000000000e+00	0.000000000000000e+00	1.210736514974700e+06
4	-1.000000000000000e+00  0.000000000000000e+00  0.000000000000000e+00	0.000000000000000e+00 0.000000000000000e+00 1.000000000000000e+00	-0.000000000000000e+00 -0.000000000000000e+00 -1.159425144917371e+02	1	0	0.000000000000000e+00	0.000000000000000e+00	0.000000000000000e+00	1.891365822985013e+06
7	-5.000000000000000e-01 -8.660254037844386e-01  0.000000000000000e+00	0.000000000000000e+00 0.000000000000000e+00 1.000000000000000e+00	-0.000000000000000e+00 -0.000000000000000e+00 -1.894272067752324e+02	1	0	0.000000000000000e+00	0.000000000000000e+00	0.000000000000000e+00	1.360831156370304e+06
9	-5.000000000000000e-01 -8.660254037844386e-01  0.000000000000000e+00	 8.660254037844385e-01 -5.000000000000000e-01  0.000000000000000e+00	-1.215000000000000e+02  7.014805770653952e+01 -0.000000000000000e+00	1	0	0.000000000000000e+00	0.000000000000000e+00	0.000000000000000e+00	2.460476796914668e+06
10	-5.000000000000000e-01  8.660254037844386e-01  0.000000000000000e+00	8.660254037844385e-01 5.000000000000000e-01 0.000000000000000e+00	-1.409999999999999e+02 -8.140638795573722e+01 -0.000000000000000e+00	1	0	0.000000000000000e+00	0.000000000000000e+00	0.000000000000000e+00	2.360449506780364e+03
12	1.000000000000000e+00 0.000000000000000e+00 0.000000000000000e+00	 0.000000000000000e+00 -1.000000000000000e+00  0.000000000000000e+00	0.000000000000000e+00 2.381569860407206e+02 0.000000000000000e+00	1	0	0.000000000000000e+00	0.000000000000000e+00	0.000000000000000e+00	2.250000000000000e+06
13	 5.000000000000000e-01 -8.660254037844386e-01  0.000000000000000e+00	0.000000000000000e+00 0.000000000000000e+00 1.000000000000000e+00	0.000000000000000e+00 0.000000000000000e+00 1.518683640525570e+02	1	0	0.000000000000000e+00	0.000000000000000e+00	0.000000000000000e+00	1.230694066908239e+06
15	5.000000000000000e-01 8.660254037844386e-01 0.000000000000000e+00	 8.660254037844385e-01 -5.000000000000000e-01  0.000000000000000e+00	 5.594999999999998e+02 -3.230274756115955e+02  0.000000000000000e+00	1	0	0.000000000000000e+00	0.000000000000000e+00	0.000000000000000e+00	4.809090763260978e+05
18	-5.000000000000000e-01 -8.660254037844386e-01  0.000000000000000e+00	0.000000000000000e+00 0.000000000000000e+00 1.000000000000000e+00	0.000000000000000e+00 0.000000000000000e+00 1.469693845669907e+01	1	0	0.000000000000000e+00	0.000000000000000e+00	0.000000000000000e+00	3.385466482772765e+05
21	-5.000000000000000e-01 -8.660254037844386e-01  0.000000000000000e+00	0.000000000000000e+00 0.000000000000000e+00 1.000000000000000e+00	0.000000000000000e+00 0.000000000000000e+00 3.592584956081994e+02	1	0	0.000000000000000e+00	0.000000000000000e+00	0.000000000000000e+00	1.353232782214895e+03
22	-5.000000000000000e-01 -8.660254037844386e-01  0.000000000000000e+00	 8.660254037844385e-01 -5.000000000000000e-01  0.000000000000000e+00	 1.027500000000000e+02 -5.932274015923404e+01  0.000000000000000e+00	1	0	0.000000000000000e+00	0.000000000000000e+00	0.000000000000000e+00	1.194539541639276e+06
24	5.000000000000000e-01 8.660254037844386e-01 0.000000000000000e+00	 8.660254037844385e-01 -5.000000000000000e-01  0.000000000000000e+00	 7.694999999999998e+02 -4.442710321414170e+02  0.000000000000000e+00	1	0	0.000000000000000e+00	0.000000000000000e+00	0.000000000000000e+00	2.360152905671366e+05
25	-5.000000000000000e-01  8.660254037844386e-01  0.000000000000000e+00	8.660254037844385e-01 5.000000000000000e-01 0.000000000000000e+00	-8.017499999999998e+02 -4.628905783227824e+02 -0.000000000000000e+00	1	0	0.000000000000000e+00	0.000000000000000e+00	0.000000000000000e+00	1.974568915210525e+05
26	1.000000000000000e+00 0.000000000000000e+00 0.000000000000000e+00	0.000000000000000e+00 0.000000000000000e+00 1.000000000000000e+00	0.000000000000000e+00 0.000000000000000e+00 5.829785587823964e+02	1	0	0.000000000000000e+00	0.000000000000000e+00	0.000000000000000e+00	5.188283533437789e+05
27	 5.000000000000000e-01 -8.660254037844386e-01  0.000000000000000e+00	 0.000000000000000e+00  0.000000000000000e+00 -1.000000000000000e+00	0.000000000000000e+00 0.000000000000000e+00 6.580962442277471e+02	1	0	0.000000000000000e+00	0.000000000000000e+00	0.000000000000000e+00	1.345434191415681e+04
28	1.000000000000000e+00 0.000000000000000e+00 0.000000000000000e+00	0.000000000000000e+00 0.000000000000000e+00 1.000000000000000e+00	0.000000000000000e+00 0.000000000000000e+00 2.286190426597633e+02	1	0	0.000000000000000e+00	0.000000000000000e+00	0.000000000000000e+00	2.709809402533679e+04
29	1.000000000000000e+00 0.000000000000000e+00 0.000000000000000e+00	 0.000000000000000e+00 -1.000000000000000e+00  0.000000000000000e+00	0.000000000000000e+00 5.715767664977295e+01 0.000000000000000e+00	1	0	0.000000000000000e+00	0.000000000000000e+00	0.000000000000000e+00	2.112144366341550e+06
43	5.000000000000000e-01 8.660254037844386e-01 0.000000000000000e+00	 0.000000000000000e+00  0.000000000000000e+00 -1.000000000000000e+00	-0.000000000000000e+00 -0.000000000000000e+00 -1.159425144917371e+02	1	0	0.000000000000000e+00	0.000000000000000e+00	0.000000000000000e+00	2.268065684091086e+03
55	-1.000000000000000e+00  0.000000000000000e+00  0.000000000000000e+00	0.000000000000000e+00 0.000000000000000e+00 1.000000000000000e+00	-0.000000000000000e+00 -0.000000000000000e+00 -4.262112152442729e+02	1	0	0.000000000000000e+00	0.000000000000000e+00	0.000000000000000e+00	5.559914282579799e+04
66	-5.000000000000000e-01 -8.660254037844386e-01  0.000000000000000e+00	0.000000000000000e+00 0.000000000000000e+00 1.000000000000000e+00	0.000000000000000e+00 0.000000000000000e+00 1.077775486824598e+02	1	0	0.000000000000000e+00	0.000000000000000e+00	0.000000000000000e+00	2.086109171278350e+06
76	-1.000000000000000e+00  0.000000000000000e+00  0.000000000000000e+00	0.000000000000000e+00 0.000000000000000e+00 1.000000000000000e+00	0.000000000000000e+00 0.000000000000000e+00 2.286190426597633e+02	1	0	0.000000000000000e+00	0.000000000000000e+00	0.000000000000000e+00	7.154229243232687e+02
106	-1.000000000000000e+00  0.000000000000000e+00  0.000000000000000e+00	 0.000000000000000e+00 -1.000000000000000e+00  0.000000000000000e+00	-0.000000000000000e+00 -5.473280551917652e+02 -0.000000000000000e+00	1	0	0.000000000000000e+00	0.000000000000000e+00	0.000000000000000e+00	7.107981169088740e+03
107	 5.000000000000000e-01 -8.660254037844386e-01  0.000000000000000e+00	0.000000000000000e+00 0.000000000000000e+00 1.000000000000000e+00	0.000000000000000e+00 0.000000000000000e+00 3.804874067123203e+02	1	0	0.000000000000000e+00	0.000000000000000e+00	0.000000000000000e+00	2.156151774544456e+06
108	5.000000000000000e-01 8.660254037844386e-01 0.000000000000000e+00	0.000000000000000e+00 0.000000000000000e+00 1.000000000000000e+00	-0.000000000000000e+00 -0.000000000000000e+00 -4.164132562731402e+02	1	0	0.000000000000000e+00	0.000000000000000e+00	0.000000000000000e+00	1.972533370963453e+06
113	 5.000000000000000e-01 -8.660254037844386e-01  0.000000000000000e+00	0.000000000000000e+00 0.000000000000000e+00 1.000000000000000e+00	-0.000000000000000e+00 -0.000000000000000e+00 -6.793251553318680e+02	1	0	0.000000000000000e+00	0.000000000000000e+00	0.000000000000000e+00	1.249331896384933e+06
208	1.000000000000000e+00 0.000000000000000e+00 0.000000000000000e+00	 0.000000000000000e+00 -1.000000000000000e+00  0.000000000000000e+00	0.000000000000000e+00 3.403479836872843e+02 0.000000000000000e+00	1	0	0.000000000000000e+00	0.000000000000000e+00	0.000000000000000e+00	2.525397977405749e+04
243	 5.000000000000000e-01 -8.660254037844386e-01  0.000000000000000e+00	0.000000000000000e+00 0.000000000000000e+00 1.000000000000000e+00	0.000000000000000e+00 0.000000000000000e+00 3.592584956081994e+02	1	0	0.000000000000000e+00	0.000000000000000e+00	0.000000000000000e+00	0.000000000000000e+00
246	1.000000000000000e+00 0.000000000000000e+00 0.000000000000000e+00	0.000000000000000e+00 0.000000000000000e+00 1.000000000000000e+00	0.000000000000000e+00 0.000000000000000e+00 3.592584956081994e+02	1	0	0.000000000000000e+00	0.000000000000000e+00	0.000000000000000e+00	0.000000000000000e+00
248	1.000000000000000e+00 0.000000000000000e+00 0.000000000000000e+00	0.000000000000000e+00 0.000000000000000e+00 1.000000000000000e+00	0.000000000000000e+00 0.000000000000000e+00 3.592584956081994e+02	1	0	0.000000000000000e+00	0.000000000000000e+00	0.000000000000000e+00	0.000000000000000e+00
297	-1.000000000000000e+00  0.000000000000000e+00  0.000000000000000e+00	0.000000000000000e+00 1.000000000000000e+00 0.000000000000000e+00	0.000000000000000e+00 6.910882722199819e+02 0.000000000000000e+00	1	0	0.000000000000000e+00	0.000000000000000e+00	0.000000000000000e+00	0.000000000000000e+00
319	5.000000000000000e-01 8.660254037844386e-01 0.000000000000000e+00	0.000000000000000e+00 0.000000000000000e+00 1.000000000000000e+00	0.000000000000000e+00 0.000000000000000e+00 3.592584956081994e+02	1	0	0.000000000000000e+00	0.000000000000000e+00	0.000000000000000e+00	1.353232782214895e+03
320	-1.000000000000000e+00  0.000000000000000e+00  0.000000000000000e+00	 0.000000000000000e+00 -1.000000000000000e+00  0.000000000000000e+00	0.000000000000000e+00 6.910882722199819e+02 0.000000000000000e+00	1	0	0.000000000000000e+00	0.000000000000000e+00	0.000000000000000e+00	1.633389901221231e+06
321	-5.000000000000000e-01 -8.660254037844386e-01  0.000000000000000e+00	0.000000000000000e+00 0.000000000000000e+00 1.000000000000000e+00	0.000000000000000e+00 0.000000000000000e+00 3.592584956081994e+02	1	0	0.000000000000000e+00	0.000000000000000e+00	0.000000000000000e+00	5.496771558626253e+05
323	-5.000000000000000e-01 -8.660254037844386e-01  0.000000000000000e+00	 0.000000000000000e+00  0.000000000000000e+00 -1.000000000000000e+00	0.000000000000000e+00 0.000000000000000e+00 1.518683640525570e+02	1	0	0.000000000000000e+00	0.000000000000000e+00	0.000000000000000e+00	3.836161002098543e+01
324	1.000000000000000e+00 0.000000000000000e+00 0.000000000000000e+00	 0.000000000000000e+00  0.000000000000000e+00 -1.000000000000000e+00	0.000000000000000e+00 0.000000000000000e+00 1.518683640525570e+02	1	0	0.000000000000000e+00	0.000000000000000e+00	0.000000000000000e+00	3.836161002098543e+01
325	-1.000000000000000e+00  0.000000000000000e+00  0.000000000000000e+00	 0.000000000000000e+00  0.000000000000000e+00 -1.000000000000000e+00	0.000000000000000e+00 0.000000000000000e+00 1.518683640525570e+02	1	0	0.000000000000000e+00	0.000000000000000e+00	0.000000000000000e+00	3.836161002098543e+01
327	1.000000000000000e+00 0.000000000000000e+00 0.000000000000000e+00	0.000000000000000e+00 0.000000000000000e+00 1.000000000000000e+00	0.000000000000000e+00 0.000000000000000e+00 1.518683640525570e+02	1	0	0.000000000000000e+00	0.000000000000000e+00	0.000000000000000e+00	1.066868241167180e+01
337	 5.000000000000000e-01 -8.660254037844386e-01  0.000000000000000e+00	8.660254037844385e-01 5.000000000000000e-01 0.000000000000000e+00	8.549999999999997e+01 4.936344801571300e+01 0.000000000000000e+00	1	0	0.000000000000000e+00	0.000000000000000e+00	0.000000000000000e+00	2.428563046554923e+05
340	-5.000000000000000e-01 -8.660254037844386e-01  0.000000000000000e+00	0.000000000000000e+00 0.000000000000000e+00 1.000000000000000e+00	0.000000000000000e+00 0.000000000000000e+00 9.471360338761622e+01	1	0	0.000000000000000e+00	0.000000000000000e+00	0.000000000000000e+00	3.994255879400884e+05
2428	-5.000000000000000e-01  8.660254037844386e-01  0.000000000000000e+00	8.660254037844385e-01 5.000000000000000e-01 0.000000000000000e+00	6.397499999999998e+02 3.693598347140630e+02 0.000000000000000e+00	1	0	0.000000000000000e+00	0.000000000000000e+00	0.000000000000000e+00	3.597669887019092e+05
2429	 5.000000000000000e-01 -8.660254037844386e-01  0.000000000000000e+00	 0.000000000000000e+00  0.000000000000000e+00 -1.000000000000000e+00	0.000000000000000e+00 0.000000000000000e+00 2.286190426597633e+02	1	0	0.000000000000000e+00	0.000000000000000e+00	0.000000000000000e+00	2.149919569670284e+04
2432	5.000000000000000e-01 8.660254037844386e-01 0.000000000000000e+00	0.000000000000000e+00 0.000000000000000e+00 1.000000000000000e+00	0.000000000000000e+00 0.000000000000000e+00 2.286190426597633e+02	1	0	0.000000000000000e+00	0.000000000000000e+00	0.000000000000000e+00	1.347964437772415e+03
0	0	1	1
0	246	0	0
0	1	2	1
0	2	681	0
0	112	246	0
0	247	112	0
0	201	143	0
0	143	247	0
0	436	201	0
0	488	436	0
0	535	488	0
0	585	535	0
0	620	585	0
0	681	620	0
1	4	5	1
1	63	4	1
1	5	6	1
1	6	2264	0
1	292	63	0
1	164	113	0
1	113	328	0
1	144	364	0
1	365	144	0
1	505	164	0
1	202	292	0
1	364	202	0
1	328	248	0
1	248	365	0
1	367	249	0
1	249	505	0
1	2939	367	0
1	2264	2939	0
3	10	11	1
3	479	10	0
3	11	12	1
3	12	13	1
3	13	479	0
4	15	16	1
4	104	15	1
4	16	17	1
4	17	655	0
4	101	104	0
4	150	101	1
4	571	116	0
4	116	625	0
4	373	150	0
4	374	151	0
4	151	375	0
4	297	209	0
4	209	374	0
4	332	254	0
4	254	683	0
4	255	333	0
4	375	255	0
4	465	297	0
4	625	332	0
4	333	571	0
4	683	373	0
4	512	465	0
4	589	512	0
4	655	589	0
7	27	28	1
7	301	27	0
7	28	29	1
7	29	30	1
7	30	302	0
7	119	338	0
7	339	119	0
7	155	382	0
7	383	155	0
7	384	156	0
7	156	385	0
7	213	301	0
7	382	213	0
7	302	214	0
7	214	384	0
7	338	260	0
7	260	383	0
7	261	339	0
7	385	261	0
9	36	37	1
9	159	36	1
9	37	38	1
9	38	39	1
9	39	1801	0
9	491	122	0
9	122	507	0
9	521	159	0
9	216	160	0
9	160	497	0
9	455	216	0
9	507	262	0
9	262	521	0
9	263	491	0
9	497	263	0
9	529	455	0
9	616	529	0
9	740	616	0
9	864	740	0
9	1801	864	0
10	41	42	1
10	161	41	1
10	42	162	0
10	123	161	0
10	162	123	0
12	47	48	1
12	50	47	1
12	48	49	1
12	49	50	1
13	52	53	1
13	305	52	0
13	53	54	1
13	54	55	1
13	55	306	0
13	126	342	0
13	343	126	0
13	167	390	0
13	391	167	0
13	392	168	0
13	168	393	0
13	221	305	0
13	390	221	0
13	222	392	0
13	1014	222	0
13	342	268	0
13	268	391	0
13	269	343	0
13	393	269	0
13	306	572	0
13	572	1015	0
13	1015	1014	0
15	59	60	1
15	496	59	0
15	60	61	1
15	61	62	1
15	62	226	0
15	273	128	0
15	128	499	0
15	226	172	0
15	172	273	0
15	615	346	0
15	346	4253	0
15	4265	496	0
15	499	696	0
15	696	615	0
15	4253	4265	0
18	71	72	1
18	313	71	0
18	72	73	1
18	73	74	1
18	74	314	0
18	527	131	0
18	131	553	0
18	177	483	0
18	495	177	0
18	231	313	0
18	406	231	0
18	350	278	0
18	278	407	0
18	279	351	0
18	409	279	0
18	314	408	0
18	553	350	0
18	351	527	0
18	483	406	0
18	407	495	0
18	408	409	0
21	352	416	0
21	909	352	0
21	416	444	0
21	444	909	0
22	87	88	1
22	319	87	0
22	88	89	1
22	89	90	1
22	90	531	0
22	137	439	0
22	440	137	0
22	185	441	0
22	442	185	0
22	237	445	0
22	446	237	0
22	447	238	0
22	238	448	0
22	449	286	0
22	286	450	0
22	287	451	0
22	452	287	0
22	445	319	0
22	438	320	0
22	320	447	0
22	439	358	0
22	358	449	0
22	359	440	0
22	451	359	0
22	441	418	0
22	418	446	0
22	419	442	0
22	450	419	0
22	448	420	0
22	420	4246	0
22	531	438	0
22	444	4234	0
22	4246	444	0
22	4259	452	0
22	1759	487	0
22	487	3478	0
22	4234	1759	0
22	3478	4259	0
24	97	98	1
24	189	97	0
24	98	99	1
24	99	100	1
24	100	190	0
24	139	189	0
24	190	139	0
25	101	102	1
25	104	101	0
25	102	103	1
25	103	104	1
26	105	106	1
26	1081	105	0
26	106	107	1
26	107	242	0
26	141	362	0
26	363	141	0
26	191	426	0
26	427	191	0
26	428	192	0
26	192	429	0
26	241	323	0
26	426	241	0
26	242	428	0
26	362	290	0
26	290	427	0
26	291	363	0
26	429	291	0
26	323	486	0
26	486	582	0
26	582	660	0
26	660	1081	0
27	468	10	0
27	10	479	0
27	484	468	0
27	479	729	0
27	501	484	0
27	503	501	0
27	519	503	0
27	537	519	0
27	545	537	0
27	568	545	0
27	583	568	0
27	600	583	0
27	618	600	0
27	631	618	0
27	664	631	0
27	689	664	0
27	703	689	0
27	710	703	0
27	4250	710	0
27	715	714	0
27	714	4250	0
27	717	715	0
27	720	717	0
27	729	720	0
28	2264	6	0
28	6	4214	0
28	487	3478	0
28	4235	487	0
28	753	2264	0
28	4236	753	0
28	3478	4236	0
28	4214	4235	0
29	10	44	1
29	479	10	0
29	45	13	1
29	13	479	0
29	44	45	1
43	101	104	0
43	560	101	0
43	104	4128	0
43	540	560	0
43	4128	540	0
55	7	8	1
55	204	7	0
55	8	205	1
55	114	250	0
55	251	114	0
55	146	204	0
55	250	146	0
55	205	147	0
55	147	251	0
66	23	24	1
66	378	23	0
66	24	25	1
66	25	26	1
66	26	300	0
66	118	547	0
66	566	118	0
66	153	378	0
66	379	153	0
66	380	154	0
66	154	381	0
66	300	212	0
66	212	380	0
66	258	379	0
66	611	258	0
66	538	259	0
66	259	567	0
66	547	336	0
66	336	611	0
66	337	566	0
66	567	337	0
66	381	538	0
76	292	63	0
76	63	627	0
76	627	292	0
106	615	346	0
106	346	1705	0
106	708	615	0
106	865	708	0
106	1012	865	0
106	1705	1012	0
107	92	93	1
107	187	92	1
107	93	94	1
107	94	95	1
107	95	1002	0
107	424	187	0
107	322	424	0
107	490	322	0
107	595	490	0
107	733	595	0
107	747	733	0
107	771	747	0
107	1002	771	0
108	18	19	1
108	298	18	0
108	19	20	1
108	20	21	1
108	21	22	1
108	22	108	0
108	108	243	0
108	117	334	0
108	335	117	0
108	152	376	0
108	377	152	0
108	430	193	0
108	193	431	0
108	210	298	0
108	376	210	0
108	243	430	0
108	334	256	0
108	256	377	0
108	257	335	0
108	431	257	0
113	67	68	1
113	745	67	0
113	68	277	1
113	130	403	0
113	755	130	0
113	402	229	0
113	229	718	0
113	277	349	0
113	349	4257	0
113	403	402	0
113	718	724	0
113	724	745	0
113	4257	755	0
208	56	57	1
208	307	56	0
208	57	66	1
208	66	828	0
208	127	344	0
208	828	127	0
208	169	394	0
208	395	169	0
208	223	307	0
208	394	223	0
208	344	270	0
208	270	395	0
243	416	352	0
243	352	909	0
243	909	416	0
246	352	416	0
246	909	352	0
246	416	909	0
248	416	352	0
248	352	909	0
248	909	416	0
297	416	352	0
297	352	909	0
297	909	416	0
319	416	444	0
319	909	416	0
319	444	909	0
320	75	76	1
320	776	75	0
320	76	77	1
320	77	78	1
320	78	4224	0
320	108	194	0
320	432	108	0
320	132	179	0
320	746	132	0
320	133	306	0
320	630	133	0
320	179	523	0
320	194	4256	0
320	1396	195	0
320	195	4213	0
320	315	233	0
320	233	1003	0
320	572	281	0
320	281	602	0
320	306	572	0
320	530	315	0
320	352	1000	0
320	1003	352	0
320	4225	432	0
320	602	433	0
320	433	1396	0
320	523	598	0
320	610	530	0
320	598	639	0
320	688	610	0
320	712	630	0
320	639	722	0
320	737	688	0
320	1000	712	0
320	722	776	0
320	4224	737	0
320	4256	746	0
320	4213	4258	0
320	4258	4225	0
321	83	84	1
321	453	83	0
321	84	85	1
321	85	444	1
321	136	460	0
321	4264	136	0
321	183	646	0
321	647	183	0
321	235	459	0
321	471	235	0
321	356	284	0
321	284	707	0
321	317	453	0
321	459	317	0
321	460	356	0
321	414	471	0
321	646	414	0
321	415	647	0
321	707	415	0
321	444	4246	0
321	4246	4264	0
323	572	306	0
323	306	1015	0
323	1015	572	0
324	572	306	0
324	306	1015	0
324	1015	572	0
325	572	306	0
325	306	1015	0
325	1015	572	0
327	1015	572	0
327	572	1020	0
327	1020	1015	0
337	63	65	1
337	292	63	0
337	65	66	1
337	66	805	0
337	174	401	0
337	728	174	0
337	228	400	0
337	4262	228	0
337	274	292	0
337	4220	274	0
337	349	277	0
337	277	4262	0
337	615	346	0
337	346	4210	0
337	4254	349	0
337	400	728	0
337	401	615	0
337	805	4254	0
337	4210	4220	0
340	80	34	1
340	34	434	0
340	79	80	1
340	494	79	0
340	134	354	0
340	355	134	0
340	181	412	0
340	413	181	0
340	198	388	0
340	434	198	0
340	234	316	0
340	412	234	0
340	354	282	0
340	282	413	0
340	283	355	0
340	388	283	0
340	316	494	0
2428	6	32	1
2428	2264	6	0
2428	32	33	1
2428	33	34	1
2428	34	4260	0
2428	4260	1011	0
2428	1011	4263	0
2428	2827	2264	0
2428	4263	2827	0
2429	3478	487	0
2429	487	4237	0
2429	4236	3478	0
2429	4240	4236	0
2429	4237	4240	0
2432	4236	3478	0
2432	3478	4245	0
2432	4244	4236	0
2432	4245	4244	0
