461
43
519
0	 7.500000000000000e+02  1.732050807600000e+00 -5.809029778925001e+02	 1.328000000000000e-07 -2.300000000000000e-07 -4.317900000000000e-06	1.000000000000000e+00	0	1	0
1	 7.500000000000000e+02  1.732050807600000e+00 -7.500000000000000e+02	0.000000000000000e+00 0.000000000000000e+00 0.000000000000000e+00	1.000000000000000e+00	0	1	1
2	 3.179872981078000e+02  7.500000000000000e+02 -7.500000000000000e+02	-2.542186530000000e-02  4.403196230000000e-02  0.000000000000000e+00	1.000000000000000e+00	0	1	2
4	 7.500000000000000e+02 -7.500000000000000e+02  2.286190426598000e+02	0.000000000000000e+00 0.000000000000000e+00 0.000000000000000e+00	1.000000000000000e+00	7973	1	4
5	7.500000000000000e+02 7.500000000000000e+02 2.286190426598000e+02	0.000000000000000e+00 0.000000000000000e+00 0.000000000000000e+00	1.000000000000000e+00	7973	1	5
6	4.199872981078000e+02 7.500000000000000e+02 2.286190426598000e+02	0.000000000000000e+00 0.000000000000000e+00 0.000000000000000e+00	7.500000000000000e-01	7973	1	6
7	 7.500000000000000e+02  6.207741384669000e+02 -4.262112152443000e+02	5.550000000000000e-08 3.880000000000000e-07 0.000000000000000e+00	1.000000000000000e+00	646	1	7
8	 7.500000000000000e+02  7.500000000000000e+02 -4.262112152443000e+02	0.000000000000000e+00 0.000000000000000e+00 0.000000000000000e+00	1.000000000000000e+00	646	1	8
10	-7.500000000000000e+02  5.715767664980000e+01  6.580962442277000e+02	0.000000000000000e+00 0.000000000000000e+00 0.000000000000000e+00	1.000000000000000e+00	1105	1	10
11	-7.500000000000000e+02 -7.500000000000000e+02  6.580962442277000e+02	0.000000000000000e+00 0.000000000000000e+00 0.000000000000000e+00	1.000000000000000e+00	1105	1	11
12	 7.500000000000000e+02 -7.500000000000000e+02  6.580962442277000e+02	0.000000000000000e+00 0.000000000000000e+00 0.000000000000000e+00	1.000000000000000e+00	1105	1	12
13	7.500000000000000e+02 5.715767664980000e+01 6.580962442277000e+02	0.000000000000000e+00 0.000000000000000e+00 0.000000000000000e+00	4.218750000000000e-01	1105	1	13
15	 7.500000000000000e+02 -7.500000000000000e+02 -1.159425144917000e+02	0.000000000000000e+00 0.000000000000000e+00 0.000000000000000e+00	1.000000000000000e+00	661	1	15
16	 7.500000000000000e+02  7.500000000000000e+02 -1.159425144917000e+02	0.000000000000000e+00 0.000000000000000e+00 0.000000000000000e+00	1.000000000000000e+00	661	1	16
17	 2.507438916301000e+02  7.500000000000000e+02 -1.159425144917000e+02	 8.519100000000001e-06 -1.978720000000000e-05  0.000000000000000e+00	1.000000000000000e+00	661	1	17
18	-7.500000000000000e+02 -9.496869311580001e+01 -4.164132562731000e+02	 7.493000000000001e-07 -6.190000000000000e-07  0.000000000000000e+00	1.000000000000000e+00	7977	1	18
19	-7.500000000000000e+02 -7.500000000000000e+02 -4.164132562731000e+02	0.000000000000000e+00 0.000000000000000e+00 0.000000000000000e+00	1.000000000000000e+00	7977	1	19
20	 7.500000000000000e+02 -7.500000000000000e+02 -4.164132562731000e+02	0.000000000000000e+00 0.000000000000000e+00 0.000000000000000e+00	1.000000000000000e+00	7977	1	20
21	 7.500000000000000e+02  7.500000000000000e+02 -4.164132562731000e+02	0.000000000000000e+00 0.000000000000000e+00 0.000000000000000e+00	1.000000000000000e+00	7977	1	21
22	-2.061859281089000e+02  7.500000000000000e+02 -4.164132562731000e+02	-3.687172200000000e-03  0.000000000000000e+00  0.000000000000000e+00	5.625000000000000e-01	7977	1	22
23	-6.245796779698001e+02 -7.500000000000000e+02  1.077775486825000e+02	-2.305905000000000e-04  4.626910000000000e-05  0.000000000000000e+00	1.000000000000000e+00	23	1	23
24	 7.500000000000000e+02 -7.500000000000000e+02  1.077775486825000e+02	0.000000000000000e+00 0.000000000000000e+00 0.000000000000000e+00	1.000000000000000e+00	23	1	24
25	7.500000000000000e+02 7.500000000000000e+02 1.077775486825000e+02	0.000000000000000e+00 0.000000000000000e+00 0.000000000000000e+00	1.000000000000000e+00	23	1	25
26	-6.132758256989000e+02  7.500000000000000e+02  1.077775486825000e+02	 1.184680000000000e-05 -1.271500000000000e-06  0.000000000000000e+00	1.000000000000000e+00	23	1	26
27	-7.365755089418001e+02 -7.500000000000000e+02 -1.894272067752000e+02	 2.932000000000000e-07 -2.261000000000000e-07  0.000000000000000e+00	1.000000000000000e+00	27	1	27
28	 7.500000000000000e+02 -7.500000000000000e+02 -1.894272067752000e+02	0.000000000000000e+00 0.000000000000000e+00 0.000000000000000e+00	1.000000000000000e+00	27	1	28
29	 7.500000000000000e+02  7.500000000000000e+02 -1.894272067752000e+02	0.000000000000000e+00 0.000000000000000e+00 0.000000000000000e+00	1.000000000000000e+00	27	1	29
30	 4.223948543991000e+02  7.500000000000000e+02 -1.894272067752000e+02	-1.630000000000000e-07  1.259000000000000e-07  0.000000000000000e+00	1.000000000000000e+00	27	1	30
32	4.199872981078000e+02 7.500000000000000e+02 7.500000000000000e+02	0.000000000000000e+00 0.000000000000000e+00 0.000000000000000e+00	1.000000000000000e+00	7973	1	32
33	7.500000000000000e+02 1.784012331796000e+02 7.500000000000000e+02	0.000000000000000e+00 0.000000000000000e+00 0.000000000000000e+00	1.000000000000000e+00	7973	1	33
34	7.500000000000000e+02 1.784012331796000e+02 9.471360338760000e+01	 0.000000000000000e+00 -0.000000000000000e+00  0.000000000000000e+00	7.500000000000000e-01	7973	1	34
36	-5.950127018922000e+02 -7.500000000000000e+02 -7.500000000000000e+02	0.000000000000000e+00 0.000000000000000e+00 0.000000000000000e+00	1.000000000000000e+00	491	1	36
37	 2.710127018922000e+02  7.500000000000000e+02 -7.500000000000000e+02	0.000000000000000e+00 0.000000000000000e+00 0.000000000000000e+00	1.000000000000000e+00	491	1	37
38	2.710127018922000e+02 7.500000000000000e+02 7.500000000000000e+02	0.000000000000000e+00 0.000000000000000e+00 0.000000000000000e+00	1.000000000000000e+00	491	1	38
39	-2.115680685066000e+02 -8.585441308640000e+01  7.500000000000000e+02	 4.137000000000000e-07  7.166000000000001e-07 -3.866200000000000e-06	1.000000000000000e+00	491	1	39
41	 2.450127018922000e+02 -7.500000000000000e+02  7.500000000000000e+02	0.000000000000000e+00 0.000000000000000e+00 0.000000000000000e+00	1.000000000000000e+00	729	1	41
42	 2.450127018922000e+02 -7.500000000000000e+02  7.353962475807000e+02	 3.000000000000000e-09 -5.300000000000000e-09  1.562000000000000e-07	1.000000000000000e+00	729	1	42
44	-7.500000000000000e+02  5.715767664980000e+01 -7.500000000000000e+02	0.000000000000000e+00 0.000000000000000e+00 0.000000000000000e+00	1.000000000000000e+00	1105	1	44
45	 7.500000000000000e+02  5.715767664980000e+01 -7.500000000000000e+02	0.000000000000000e+00 0.000000000000000e+00 0.000000000000000e+00	1.000000000000000e+00	1105	1	45
47	-7.500000000000000e+02  2.381569860407000e+02  7.500000000000000e+02	0.000000000000000e+00 0.000000000000000e+00 0.000000000000000e+00	1.000000000000000e+00	1074	1	47
48	-7.500000000000000e+02  2.381569860407000e+02 -7.500000000000000e+02	0.000000000000000e+00 0.000000000000000e+00 0.000000000000000e+00	1.000000000000000e+00	1074	1	48
49	 7.500000000000000e+02  2.381569860407000e+02 -7.500000000000000e+02	0.000000000000000e+00 0.000000000000000e+00 0.000000000000000e+00	1.000000000000000e+00	1074	1	49
50	7.500000000000000e+02 2.381569860407000e+02 7.500000000000000e+02	0.000000000000000e+00 0.000000000000000e+00 0.000000000000000e+00	1.000000000000000e+00	1074	1	50
52	 2.613765877468000e+02 -7.500000000000000e+02  1.518683640526000e+02	3.337000000000000e-07 1.693000000000000e-07 0.000000000000000e+00	1.000000000000000e+00	7977	1	52
53	 7.500000000000000e+02 -7.500000000000000e+02  1.518683640526000e+02	0.000000000000000e+00 0.000000000000000e+00 0.000000000000000e+00	1.000000000000000e+00	7977	1	53
54	7.500000000000000e+02 7.500000000000000e+02 1.518683640526000e+02	0.000000000000000e+00 0.000000000000000e+00 0.000000000000000e+00	1.000000000000000e+00	7977	1	54
55	-3.651364036691000e+02  7.500000000000000e+02  1.518683640526000e+02	-2.443787402343750e-06 -5.654733398437500e-07  0.000000000000000e+00	1.779785156250000e-01	7977	1	55
56	-7.500000000000000e+02  3.403479836873000e+02 -6.859627708179000e+02	-7.360000000000000e-08  0.000000000000000e+00 -2.331100000000000e-06	1.000000000000000e+00	7973	1	56
57	-7.500000000000000e+02  3.403479836873000e+02 -7.500000000000000e+02	0.000000000000000e+00 0.000000000000000e+00 0.000000000000000e+00	1.000000000000000e+00	7973	1	57
59	 3.129872981078000e+02 -7.500000000000000e+02 -1.312151769050000e+01	-2.791000000000000e-06 -4.834100000000000e-06  9.509500000000000e-05	1.000000000000000e+00	7973	1	59
60	 3.129872981078000e+02 -7.500000000000000e+02 -7.500000000000000e+02	0.000000000000000e+00 0.000000000000000e+00 0.000000000000000e+00	1.000000000000000e+00	7973	1	60
61	 7.500000000000000e+02  6.928203230300000e+00 -7.500000000000000e+02	0.000000000000000e+00 0.000000000000000e+00 0.000000000000000e+00	1.000000000000000e+00	7973	1	61
62	 7.500000000000000e+02  6.928203230300000e+00 -2.872700859227000e+02	2.859000000000000e-07 4.952000000000000e-07 2.774580000000000e-05	1.000000000000000e+00	7973	1	62
63	 5.470127018922000e+02 -7.500000000000000e+02  2.286190426598000e+02	-0.000000000000000e+00 -0.000000000000000e+00  0.000000000000000e+00	1.000000000000000e+00	7973	1	63
65	 5.470127018922000e+02 -7.500000000000000e+02 -7.500000000000000e+02	0.000000000000000e+00 0.000000000000000e+00 0.000000000000000e+00	1.000000000000000e+00	7973	1	65
66	-8.250000000000000e+01  3.403479836873000e+02 -7.500000000000000e+02	0.000000000000000e+00 0.000000000000000e+00 0.000000000000000e+00	7.500000000000000e-01	7973	1	66
67	-7.500000000000000e+02  7.500000000000000e+02 -6.793251553319001e+02	0.000000000000000e+00 1.447550972000000e-01 0.000000000000000e+00	1.000000000000000e+00	7973	1	67
68	-7.500000000000000e+02 -7.500000000000000e+02 -6.793251553319001e+02	0.000000000000000e+00 0.000000000000000e+00 0.000000000000000e+00	1.000000000000000e+00	7973	1	68
71	 4.505716784473000e+02 -7.500000000000000e+02  1.469693845670000e+01	-1.792100000000000e-05  4.288700000000000e-06  0.000000000000000e+00	1.000000000000000e+00	5009	1	71
72	 7.500000000000000e+02 -7.500000000000000e+02  1.469693845670000e+01	0.000000000000000e+00 0.000000000000000e+00 0.000000000000000e+00	1.000000000000000e+00	5009	1	72
73	7.500000000000000e+02 7.500000000000000e+02 1.469693845670000e+01	0.000000000000000e+00 0.000000000000000e+00 0.000000000000000e+00	1.000000000000000e+00	5009	1	73
74	5.764568435269000e+02 7.500000000000000e+02 1.469693845670000e+01	 2.298581000000000e-04 -7.462350000000000e-05  0.000000000000000e+00	1.000000000000000e+00	5009	1	74
75	 3.130425193392000e+02  6.910882722200000e+02 -7.500000000000000e+02	3.291000000000000e-07 0.000000000000000e+00 9.212000000000001e-07	1.000000000000000e+00	7977	1	75
76	 7.500000000000000e+02  6.910882722200000e+02 -7.500000000000000e+02	0.000000000000000e+00 0.000000000000000e+00 0.000000000000000e+00	1.000000000000000e+00	7977	1	76
77	7.500000000000000e+02 6.910882722200000e+02 7.500000000000000e+02	0.000000000000000e+00 0.000000000000000e+00 0.000000000000000e+00	1.000000000000000e+00	7977	1	77
78	-7.500000000000000e+02  6.910882722200000e+02  7.500000000000000e+02	-8.790152380000001e-02  0.000000000000000e+00  0.000000000000000e+00	1.000000000000000e+00	7977	1	78
79	-5.587126932120000e+01 -7.500000000000000e+02  9.471360338760000e+01	 1.237530000000000e-05 -1.234650000000000e-05  0.000000000000000e+00	1.000000000000000e+00	7973	1	79
80	 7.500000000000000e+02 -7.500000000000000e+02  9.471360338760000e+01	0.000000000000000e+00 0.000000000000000e+00 0.000000000000000e+00	1.000000000000000e+00	7973	1	80
83	 3.224839930878000e+02 -7.500000000000000e+02  3.592584956082000e+02	-6.291900000000000e-06  8.445000000000000e-07  0.000000000000000e+00	1.000000000000000e+00	7977	1	83
84	 7.500000000000000e+02 -7.500000000000000e+02  3.592584956082000e+02	0.000000000000000e+00 0.000000000000000e+00 0.000000000000000e+00	1.000000000000000e+00	7977	1	84
85	7.500000000000000e+02 7.500000000000000e+02 3.592584956082000e+02	0.000000000000000e+00 0.000000000000000e+00 0.000000000000000e+00	1.000000000000000e+00	7977	1	85
86	4.019196106934000e+02 7.500000000000000e+02 3.592584956082000e+02	 9.960720000000000e-05 -4.135800000000000e-06  0.000000000000000e+00	1.000000000000000e+00	7977	1	86
87	-2.960127018922000e+02 -7.500000000000000e+02 -4.867901734397000e+02	-4.370000000000000e-08 -7.570000000000000e-08  8.562000000000001e-07	1.000000000000000e+00	7977	1	87
88	-2.960127018922000e+02 -7.500000000000000e+02 -7.500000000000000e+02	0.000000000000000e+00 0.000000000000000e+00 0.000000000000000e+00	1.000000000000000e+00	7977	1	88
89	 5.700127018922000e+02  7.500000000000000e+02 -7.500000000000000e+02	0.000000000000000e+00 0.000000000000000e+00 0.000000000000000e+00	1.000000000000000e+00	7977	1	89
90	5.700127018922000e+02 7.500000000000000e+02 6.239828499140000e+02	 7.357100000000000e-06  1.274280000000000e-05 -1.082403000000000e-04	1.000000000000000e+00	7977	1	90
92	-7.500000000000000e+02  7.500000000000000e+02  3.804874067123000e+02	0.000000000000000e+00 0.000000000000000e+00 0.000000000000000e+00	1.000000000000000e+00	2905	1	92
93	-7.500000000000000e+02 -7.500000000000000e+02  3.804874067123000e+02	0.000000000000000e+00 0.000000000000000e+00 0.000000000000000e+00	1.000000000000000e+00	2905	1	93
94	 7.500000000000000e+02 -7.500000000000000e+02  3.804874067123000e+02	0.000000000000000e+00 0.000000000000000e+00 0.000000000000000e+00	1.000000000000000e+00	2905	1	94
95	7.500000000000000e+02 3.013006432179000e+02 3.804874067123000e+02	-2.068220000000000e-05 -2.127830000000000e-05  0.000000000000000e+00	1.000000000000000e+00	2905	1	95
97	 5.929872981078000e+02 -7.500000000000000e+02 -1.594438986230000e+01	 5.500000000000000e-09  9.500000000000001e-09 -1.041000000000000e-07	1.000000000000000e+00	97	1	97
98	 5.929872981078000e+02 -7.500000000000000e+02 -7.500000000000000e+02	0.000000000000000e+00 0.000000000000000e+00 0.000000000000000e+00	1.000000000000000e+00	97	1	98
99	 7.500000000000000e+02 -4.780460228890000e+02 -7.500000000000000e+02	0.000000000000000e+00 0.000000000000000e+00 0.000000000000000e+00	1.000000000000000e+00	97	1	99
100	 7.500000000000000e+02 -4.780460228890000e+02  1.943388270810000e+01	 1.990000000000000e-08  3.450000000000000e-08 -4.269000000000000e-07	1.000000000000000e+00	97	1	100
101	-7.500000000000000e+02 -5.525242076145000e+02 -1.159425144917000e+02	-0.000000000000000e+00 -0.000000000000000e+00  0.000000000000000e+00	1.779785156250000e-01	661	1	101
102	-7.500000000000000e+02 -5.525242076145000e+02  7.500000000000000e+02	0.000000000000000e+00 0.000000000000000e+00 0.000000000000000e+00	1.000000000000000e+00	661	1	102
103	-6.359872981078000e+02 -7.500000000000000e+02  7.500000000000000e+02	0.000000000000000e+00 0.000000000000000e+00 0.000000000000000e+00	1.000000000000000e+00	661	1	103
104	-6.359872981078000e+02 -7.500000000000000e+02 -1.159425144917000e+02	0.000000000000000e+00 0.000000000000000e+00 0.000000000000000e+00	7.500000000000000e-01	661	1	104
105	-5.740275323220001e+02 -7.500000000000000e+02  5.829785587824000e+02	-5.544670000000000e-05  1.740312000000000e-04  0.000000000000000e+00	1.000000000000000e+00	105	1	105
106	 7.500000000000000e+02 -7.500000000000000e+02  5.829785587824000e+02	0.000000000000000e+00 0.000000000000000e+00 0.000000000000000e+00	1.000000000000000e+00	105	1	106
107	7.500000000000000e+02 2.510087532480000e+01 5.829785587824000e+02	 3.864000000000000e-07 -1.409400000000000e-06  0.000000000000000e+00	1.000000000000000e+00	105	1	107
108	-2.073154414429000e+02  6.910882722200000e+02 -4.164132562731000e+02	-3.750432764062500e-03  0.000000000000000e+00  0.000000000000000e+00	3.164062500000000e-01	7977	0	108
112	 6.715438469419000e+02  1.376220940706000e+02 -5.926020777349000e+02	 1.701000000000000e-07 -2.945000000000000e-07 -3.730100000000000e-06	1.000000000000000e+00	0	0	112
113	 5.175334053873000e+02 -6.576806300100000e+00  2.286190426598000e+02	-3.060280000000000e-05  2.329500000000000e-06  0.000000000000000e+00	1.000000000000000e+00	7973	0	113
114	 2.990320748819000e+02  6.853935841951001e+02 -4.262112152443000e+02	-1.200000000000000e-09 -7.900000000000000e-09  0.000000000000000e+00	1.000000000000000e+00	646	0	114
116	-5.773953903963001e+02  1.410030930403000e+02 -1.159425144917000e+02	 4.235100000000000e-06 -2.755600000000000e-06  0.000000000000000e+00	1.000000000000000e+00	661	0	116
117	-4.258141464332000e+02  2.980020008263000e+02 -4.164132562731000e+02	 5.609000000000000e-07 -4.614000000000000e-07  0.000000000000000e+00	1.000000000000000e+00	7977	0	117
118	-6.223990943688000e+02 -1.580996562520000e+02  1.077775486825000e+02	-1.672743000000000e-04 -7.087200000000001e-06  0.000000000000000e+00	1.000000000000000e+00	23	0	118
119	-1.571640861787000e+02  4.583205200000001e-02 -1.894272067752000e+02	-2.826000000000000e-07  2.184000000000000e-07  0.000000000000000e+00	1.000000000000000e+00	27	0	119
122	-5.462517554276001e+02 -6.655435632981000e+02  3.842138311590000e+02	-7.036400000000000e-06 -1.218750000000000e-05 -3.378950000000000e-05	1.000000000000000e+00	491	0	122
123	 1.455991333651000e+02 -5.778106483492001e+02  7.443146114474000e+02	 4.500000000000000e-09 -7.900000000000000e-09  1.712000000000000e-07	1.000000000000000e+00	729	0	123
126	-7.299993829030001e+01 -5.475907600000001e-03  1.518683640526000e+02	-8.650000000000000e-08 -3.760000000000000e-08  0.000000000000000e+00	1.000000000000000e+00	7977	0	126
127	-2.081630047301000e+02  3.403479836873000e+02 -7.339146320635000e+02	-1.485000000000000e-07  0.000000000000000e+00 -3.381000000000000e-06	1.000000000000000e+00	7973	0	127
128	 5.325197249977000e+02 -3.697586827178000e+02 -2.727515379751000e+02	1.497000000000000e-07 2.592000000000000e-07 6.211100000000001e-06	1.000000000000000e+00	7973	0	128
130	-3.313684921270000e+02  5.866323966628000e+02 -6.793251553319001e+02	-1.438700000000000e-05 -2.749720000000000e-05  0.000000000000000e+00	1.000000000000000e+00	7973	0	130
131	5.089819976230000e+02 1.489978204026000e+02 1.469693845670000e+01	1.717225000000000e-04 5.910400000000000e-06 0.000000000000000e+00	1.000000000000000e+00	5009	0	131
132	-4.744983077890000e+01  6.910882722200000e+02 -5.555316167549000e+02	-5.212880000000001e-04  0.000000000000000e+00 -5.614753000000000e-04	1.000000000000000e+00	7977	0	132
133	-3.446444061845000e+02  6.910882722200000e+02  1.558844507281000e+02	-2.601476367187500e-06  0.000000000000000e+00  7.232334960937500e-07	2.373046875000000e-01	7977	0	133
134	 3.668402918421000e+02 -1.671182846985000e+02  9.471360338760000e+01	 1.456460000000000e-05 -1.093450000000000e-05  0.000000000000000e+00	1.000000000000000e+00	7973	0	134
136	3.409365635546000e+02 2.234313138744000e+02 3.592584956082000e+02	2.267848000000000e-04 8.808210000000001e-05 0.000000000000000e+00	1.000000000000000e+00	7977	0	136
137	 1.601790482714000e+02  4.014728927720000e+01 -7.449884309110000e+01	 2.814180000000000e-05  4.874310000000000e-05 -6.428130000000000e-05	1.000000000000000e+00	7977	0	137
139	 6.776774482484000e+02 -6.033123570558000e+02  3.707781810300000e+00	 2.072000000000000e-07  3.588000000000000e-07 -3.333100000000000e-06	1.000000000000000e+00	97	0	139
141	 2.368599653190000e+02 -2.560055247535000e+02  5.829785587824000e+02	 2.339370000000000e-05 -3.885120000000000e-05  0.000000000000000e+00	1.000000000000000e+00	105	0	141
143	 5.701246673571001e+02  3.132852659734000e+02 -6.179162875749000e+02	 1.957000000000000e-07 -3.390000000000000e-07 -2.576700000000000e-06	1.000000000000000e+00	0	0	143
144	 4.907607643512000e+02 -3.774020188145000e+02  2.286190426598000e+02	-3.897640000000000e-05  4.235300000000000e-06  0.000000000000000e+00	1.000000000000000e+00	7973	0	144
146	 5.245191752478000e+02  6.530619696983000e+02 -4.262112152443000e+02	1.450000000000000e-08 1.011000000000000e-07 0.000000000000000e+00	1.000000000000000e+00	646	0	146
147	 7.247357317150001e+01  7.225298696068000e+02 -4.262112152443000e+02	2.649000000000000e-07 1.031700000000000e-06 0.000000000000000e+00	1.000000000000000e+00	646	0	147
150	-7.500000000000000e+02 -2.078483792553000e+02 -1.159425144917000e+02	-2.563680000000000e-05  2.489600000000000e-06  0.000000000000000e+00	1.000000000000000e+00	661	1	150
151	-2.356486783118000e+02  4.493407197303000e+02 -1.159425144917000e+02	 2.195200000000000e-06 -2.822000000000000e-06  0.000000000000000e+00	1.000000000000000e+00	661	0	151
152	-5.878515320884001e+02  1.015392474909000e+02 -4.164132562731000e+02	 5.327000000000000e-07 -4.394000000000000e-07  0.000000000000000e+00	1.000000000000000e+00	7977	0	152
153	-6.040895115929001e+02 -6.147297496982001e+02  1.077775486825000e+02	-2.466764000000000e-04  1.668600000000000e-06  0.000000000000000e+00	1.000000000000000e+00	23	0	153
154	-6.312620994384000e+02  3.320357807253000e+02  1.077775486825000e+02	-6.900410000000000e-05  4.798000000000000e-07  0.000000000000000e+00	1.000000000000000e+00	23	0	154
155	-4.469341756648000e+02 -3.749492776831000e+02 -1.894272067752000e+02	-2.736000000000000e-07  2.113000000000000e-07  0.000000000000000e+00	1.000000000000000e+00	27	0	155
156	 1.326360185474000e+02  3.750177145675000e+02 -1.894272067752000e+02	-1.178000000000000e-07  9.100000000000001e-08  0.000000000000000e+00	1.000000000000000e+00	27	0	156
159	-5.950127018922000e+02 -7.500000000000000e+02  2.311213746209000e+02	-2.767510000000000e-05 -4.793480000000000e-05  7.089800000000000e-06	1.000000000000000e+00	491	1	159
160	-4.495049294713000e+02 -4.979731452707000e+02  5.430990764519000e+02	 8.065300000000001e-06  1.396940000000000e-05 -2.186180000000000e-05	1.000000000000000e+00	491	0	160
161	 9.392988919110000e+01 -4.883168922512000e+02  7.500000000000000e+02	 4.600000000000000e-09 -7.900000000000000e-09  1.665000000000000e-07	1.000000000000000e+00	729	1	161
162	 1.965549102420000e+02 -6.660686428392000e+02  7.391688960180001e+02	 3.400000000000000e-09 -5.800000000000000e-09  1.491000000000000e-07	1.000000000000000e+00	729	0	162
164	5.243857735910000e+02 5.424471600360000e+01 2.286190426598000e+02	-1.500190000000000e-05  1.641000000000000e-06  0.000000000000000e+00	1.000000000000000e+00	7973	0	164
167	 9.028474395780000e+01 -3.750346610914000e+02  1.518683640526000e+02	-3.539000000000000e-07 -1.543000000000000e-07  0.000000000000000e+00	1.000000000000000e+00	7977	0	167
168	-2.362400446375000e+02  3.750024589547000e+02  1.518683640526000e+02	5.190000000000000e-08 2.260000000000000e-08 0.000000000000000e+00	1.000000000000000e+00	7977	0	168
169	-4.953067966267000e+02  3.403479836873000e+02 -7.002701523740001e+02	-2.286000000000000e-07  0.000000000000000e+00 -2.688700000000000e-06	1.000000000000000e+00	7973	0	169
170	 1.225053567763000e+02  3.403479836873000e+02 -7.499948684905000e+02	-0.000000000000000e+00  0.000000000000000e+00 -5.925000000000000e-07	1.000000000000000e+00	1263	0	170
172	 6.452585897508001e+02 -1.744892409778000e+02 -2.821231190520000e+02	3.288000000000000e-07 5.695000000000000e-07 2.053280000000000e-05	1.000000000000000e+00	7973	0	172
174	 4.587922560616000e+02 -5.971977055549000e+02 -3.204705098346000e+02	-4.160040000000000e-05  7.205410000000001e-05  1.020272000000000e-04	1.000000000000000e+00	7973	0	174
177	 5.045605514527000e+02 -3.046762332246000e+02  1.469693845670000e+01	 6.185630000000001e-05 -3.863600000000000e-06  0.000000000000000e+00	1.000000000000000e+00	5009	0	177
179	 8.149758158500001e+00  6.910882722200000e+02 -6.012950390111000e+02	-3.164080000000000e-05  0.000000000000000e+00 -3.480310000000000e-05	1.000000000000000e+00	7977	0	179
181	 2.145594390856000e+02 -4.509901168152000e+02  9.471360338760000e+01	 1.066000000000000e-07 -4.910000000000000e-08  0.000000000000000e+00	1.000000000000000e+00	7973	0	181
183	 3.451601426429000e+02 -2.768489953523000e+02  3.592584956082000e+02	9.710040000000000e-05 3.110000000000000e-08 0.000000000000000e+00	1.000000000000000e+00	7977	0	183
185	-8.286095591720000e+01 -3.808103462493000e+02 -3.800118423965000e+02	 2.643100000000000e-06  4.578100000000000e-06 -1.250420000000000e-05	1.000000000000000e+00	7977	0	185
187	3.906977541755000e+02 7.500000000000000e+02 3.804874067123000e+02	1.022649000000000e-04 2.708310000000000e-05 0.000000000000000e+00	1.000000000000000e+00	2905	1	187
189	 6.312115616236000e+02 -6.837936335088000e+02 -7.913716373700001e+00	 2.315000000000000e-07  4.010000000000000e-07 -3.723700000000000e-06	1.000000000000000e+00	97	0	189
190	 7.226556392506001e+02 -5.254078450075000e+02  1.432659998740000e+01	 1.049000000000000e-07  1.816000000000000e-07 -1.790400000000000e-06	1.000000000000000e+00	97	0	190
191	-8.457421345050000e+01 -4.569937779684000e+02  5.829785587824000e+02	-1.100580000000000e-05  1.685440000000000e-05  0.000000000000000e+00	1.000000000000000e+00	105	0	191
192	 5.627475691785000e+02 -6.719746029220001e+01  5.829785587824000e+02	 4.989600000000000e-05 -7.909130000000000e-05  0.000000000000000e+00	1.000000000000000e+00	105	0	192
193	-2.653138837544000e+02  4.951113752516000e+02 -4.164132562731000e+02	-2.747137500000000e-06  1.477350000000000e-06  0.000000000000000e+00	5.625000000000000e-01	7977	0	193
194	-1.999796556583000e+02  6.910882722200000e+02 -4.170321203519000e+02	2.004113473187256e-03 0.000000000000000e+00 9.272210711791992e-04	1.001129150390625e-01	7977	0	194
195	-3.600609269213000e+02  6.910882722200000e+02 -2.107297884748000e+02	-4.907082000000000e-04  0.000000000000000e+00 -1.456103000000000e-04	1.000000000000000e+00	7977	0	195
198	5.988800700473000e+02 5.783884560840000e+01 9.471360338760000e+01	 5.872100000000000e-06 -7.045100000000001e-06  0.000000000000000e+00	1.000000000000000e+00	7973	0	198
201	 5.169145819003000e+02  4.054478374598000e+02 -6.360824216786000e+02	 1.560000000000000e-07 -2.703000000000000e-07 -1.807400000000000e-06	1.000000000000000e+00	0	0	201
202	 4.630356444978000e+02 -5.766430096775000e+02  2.286190426598000e+02	-9.047035546875000e-06 -5.392195312500001e-07  0.000000000000000e+00	3.164062500000000e-01	7973	0	202
204	 6.372634165996001e+02  6.369010155689000e+02 -4.262112152443000e+02	2.390000000000000e-08 1.666000000000000e-07 0.000000000000000e+00	1.000000000000000e+00	646	0	204
205	-2.396632978390000e+01  7.500000000000000e+02 -4.262112152443000e+02	-5.250000000000000e-08 -1.844000000000000e-07  0.000000000000000e+00	1.000000000000000e+00	646	1	205
209	-7.724355837500001e+01  5.616621609735000e+02 -1.159425144917000e+02	 3.893700000000001e-06 -5.876600000000001e-06  0.000000000000000e+00	1.000000000000000e+00	661	0	209
210	-6.688777826904001e+02  3.314198136500000e+00 -4.164132562731000e+02	 4.815000000000001e-07 -3.971000000000000e-07  0.000000000000000e+00	1.000000000000000e+00	7977	0	210
212	-6.265913880650000e+02  5.592133252230000e+02  1.077775486825000e+02	-2.164390000000000e-05  6.123000000000000e-07  0.000000000000000e+00	1.000000000000000e+00	23	0	212
213	-5.917676389093000e+02 -5.624866888479000e+02 -1.894272067752000e+02	-5.840000000000000e-08  4.510000000000000e-08  0.000000000000000e+00	1.000000000000000e+00	27	0	213
214	 2.775342545185000e+02  5.625050684231001e+02 -1.894272067752000e+02	-4.940000000000000e-08  3.810000000000000e-08  0.000000000000000e+00	1.000000000000000e+00	27	0	214
216	-4.007025434356000e+02 -4.134449331263000e+02  6.082042155205000e+02	 7.048400000000000e-06  1.220820000000000e-05 -2.205440000000000e-05	1.000000000000000e+00	491	0	216
221	 1.722501931746000e+02 -5.624945674368000e+02  1.518683640526000e+02	3.840000000000000e-08 1.740000000000000e-08 0.000000000000000e+00	1.000000000000000e+00	7977	0	221
222	-3.120812090217000e+02  5.641188763250000e+02  1.518683640526000e+02	-5.028000000000000e-07 -1.807000000000000e-07  0.000000000000000e+00	1.000000000000000e+00	7977	0	222
223	-6.345202323309001e+02  3.403479836873000e+02 -6.906126094841001e+02	-1.353000000000000e-07  0.000000000000000e+00 -2.507100000000000e-06	1.000000000000000e+00	7973	0	223
226	 7.013792972743000e+02 -7.728532419040000e+01 -2.852662263955000e+02	2.952000000000000e-07 5.113000000000000e-07 2.499880000000000e-05	1.000000000000000e+00	7973	0	226
228	 5.240269679603000e+02 -7.101875409807001e+02 -5.486161457106000e+02	 2.512300000000000e-06 -4.351400000000000e-06 -8.979600000000000e-06	1.000000000000000e+00	7973	0	228
229	-5.012308696166000e+02  6.682841298546000e+02 -6.793251553319001e+02	-9.658200000000000e-06 -2.202850000000000e-05  0.000000000000000e+00	1.000000000000000e+00	7973	0	229
231	 4.863621498245000e+02 -5.371180655686001e+02  1.469693845670000e+01	 3.126700000000000e-06 -2.348000000000000e-07  0.000000000000000e+00	1.000000000000000e+00	5009	0	231
233	-4.665300012712000e+02  6.910882722200000e+02  4.388393630778000e+02	-7.245600000000001e-06  0.000000000000000e+00 -8.334700000000000e-06	1.000000000000000e+00	7977	0	233
234	 1.233349856022000e+02 -5.779737816601000e+02  9.471360338760000e+01	-1.148900000000000e-06  1.086200000000000e-06  0.000000000000000e+00	1.000000000000000e+00	7973	0	234
235	 3.404060785943000e+02 -5.356498560555000e+02  3.592584956082000e+02	 4.067570000000000e-05 -1.674700000000000e-06  0.000000000000000e+00	1.000000000000000e+00	7977	0	235
237	-2.086892968880000e+02 -5.987514258428000e+02 -4.619959014195000e+02	-2.660000000000000e-08 -4.600000000000000e-08  2.607000000000000e-07	1.000000000000000e+00	7977	0	237
238	4.208995567133000e+02 4.917284564737000e+02 5.394170764016001e+02	 1.059300000000000e-05  1.834760000000000e-05 -3.741630000000000e-05	1.000000000000000e+00	7977	0	238
240	4.295027188625000e+02 6.146008073744000e+02 3.804874067123000e+02	6.477000000000000e-05 2.442850000000000e-05 0.000000000000000e+00	1.000000000000000e+00	2905	0	240
241	-2.430821733181000e+02 -5.638227757585000e+02  5.829785587824000e+02	-2.739810000000000e-05  3.961340000000000e-05  0.000000000000000e+00	1.000000000000000e+00	105	0	241
242	7.091531636192000e+02 1.390174204900000e+01 5.829785587824000e+02	 8.851100000000001e-06 -1.841670000000000e-05  0.000000000000000e+00	1.000000000000000e+00	105	0	242
243	-2.200071232398000e+02  6.047457035787000e+02 -4.164132562731000e+02	-1.130715200830078e-03  1.662231592529297e-04  0.000000000000000e+00	1.779785156250000e-01	7977	0	243
244	-2.240159884693000e+02  6.910882722200000e+02 -4.102875110957000e+02	-3.062500762500000e-03  0.000000000000000e+00 -1.373672700000000e-03	5.625000000000000e-01	7977	0	244
246	 7.169295999841000e+02  5.901166386180000e+01 -5.849712216471000e+02	 1.694000000000000e-07 -2.934000000000000e-07 -4.095300000000000e-06	1.000000000000000e+00	0	0	246
247	 6.219632681197000e+02  2.234981756594000e+02 -6.034822239378000e+02	 1.933000000000000e-07 -3.348000000000000e-07 -3.220200000000000e-06	1.000000000000000e+00	0	0	247
248	 5.059128878356000e+02 -1.960146256539000e+02  2.286190426598000e+02	-6.562890000000000e-05  4.044300000000000e-06  0.000000000000000e+00	1.000000000000000e+00	7973	0	248
249	5.474536693636001e+02 1.797127986455000e+02 2.286190426598000e+02	 7.051000000000000e-07 -2.614000000000000e-07  0.000000000000000e+00	1.000000000000000e+00	7973	0	249
250	 4.117752515056000e+02  6.692251625725000e+02 -4.262112152443000e+02	5.100000000000000e-09 3.540000000000000e-08 0.000000000000000e+00	1.000000000000000e+00	646	0	250
251	 1.864140249497000e+02  7.024215646019001e+02 -4.262112152443000e+02	1.940000000000000e-08 1.132000000000000e-07 0.000000000000000e+00	1.000000000000000e+00	646	0	251
254	-7.028435078792000e+02 -6.986704841060001e+01 -1.159425144917000e+02	-1.925800000000000e-06  6.491500000000000e-06  0.000000000000000e+00	1.000000000000000e+00	661	0	254
255	-4.000440681241000e+02  3.202004343501000e+02 -1.159425144917000e+02	 1.905900000000000e-06 -9.090800000000001e-06  0.000000000000000e+00	1.000000000000000e+00	661	0	255
256	-5.068292584676000e+02  1.997675686951000e+02 -4.164132562731000e+02	 5.626000000000000e-07 -4.640000000000000e-07  0.000000000000000e+00	1.000000000000000e+00	7977	0	256
257	-3.450788625822000e+02  3.962808609632000e+02 -4.164132562731000e+02	 2.939625000000000e-07 -2.416500000000000e-07  0.000000000000000e+00	5.625000000000000e-01	7977	0	257
258	-6.109859073640000e+02 -4.252221365913000e+02  1.077775486825000e+02	-2.161378000000000e-04 -8.956100000000001e-06  0.000000000000000e+00	1.000000000000000e+00	23	0	258
259	-6.300796718680000e+02  8.898440427720000e+01  1.077775486825000e+02	-1.198587000000000e-04 -2.116300000000000e-06  0.000000000000000e+00	1.000000000000000e+00	23	0	259
260	-3.020663438219000e+02 -1.874384193995000e+02 -1.894272067752000e+02	-3.508000000000000e-07  2.711000000000000e-07  0.000000000000000e+00	1.000000000000000e+00	27	0	260
261	-1.225975431540000e+01  1.875284640034000e+02 -1.894272067752000e+02	-1.694000000000000e-07  1.309000000000000e-07  0.000000000000000e+00	1.000000000000000e+00	27	0	261
262	-5.856435135342000e+02 -7.337720897383000e+02  2.810636176357000e+02	-1.940500000000000e-06 -3.361000000000000e-06 -1.906330000000000e-05	1.000000000000000e+00	491	0	262
263	-4.968368226359000e+02 -5.799543890504000e+02  4.725385973211000e+02	 6.120600000000000e-06  1.060120000000000e-05 -1.674290000000000e-05	1.000000000000000e+00	491	0	263
268	 8.649638950900000e+00 -1.875168946515000e+02  1.518683640526000e+02	-1.714000000000000e-07 -7.460000000000001e-08  0.000000000000000e+00	1.000000000000000e+00	7977	0	268
269	-1.545968504282000e+02  1.875085659694000e+02  1.518683640526000e+02	7.520000000000000e-08 3.270000000000000e-08 0.000000000000000e+00	1.000000000000000e+00	7977	0	269
270	-3.566338133456000e+02  3.403479836873000e+02 -7.141776327896000e+02	-2.599000000000000e-07  0.000000000000000e+00 -2.260500000000000e-06	1.000000000000000e+00	7973	0	270
273	 5.891411241864000e+02 -2.716875425273000e+02 -2.780324262503000e+02	2.957000000000000e-07 5.122000000000000e-07 1.441210000000000e-05	1.000000000000000e+00	7973	0	273
274	 4.512037740634000e+02 -5.840540691818001e+02  1.453457927457000e+02	-2.568500000000000e-06  4.448700000000000e-06  2.013770000000000e-05	1.000000000000000e+00	7973	0	274
277	 5.470127018922000e+02 -7.500000000000000e+02 -6.793251553319001e+02	0.000000000000000e+00 0.000000000000000e+00 0.000000000000000e+00	1.000000000000000e+00	7973	1	277
278	 5.165591051525000e+02 -5.710279137660000e+01  1.469693845670000e+01	 1.271834000000000e-04 -3.808000000000000e-07  0.000000000000000e+00	1.000000000000000e+00	5009	0	278
279	5.050288932716000e+02 4.082244553600000e+02 1.469693845670000e+01	 2.134607000000000e-04 -1.501480000000000e-05  0.000000000000000e+00	1.000000000000000e+00	5009	0	279
281	-4.071697359245000e+02  6.910882722200000e+02  1.070704277224000e+02	6.071680000000000e-05 0.000000000000000e+00 1.040438000000000e-04	1.000000000000000e+00	7977	0	281
282	 2.816903772401000e+02 -3.032874893302000e+02  9.471360338760000e+01	 9.164700000000001e-06 -4.881800000000000e-06  0.000000000000000e+00	1.000000000000000e+00	7973	0	282
283	 4.705401036657000e+02 -5.183172733760000e+01  9.471360338760000e+01	 8.605200000000000e-06 -9.559600000000001e-06  0.000000000000000e+00	1.000000000000000e+00	7973	0	283
284	 3.446627501936000e+02 -8.602865198400000e+00  3.592584956082000e+02	 1.501542000000000e-04 -1.233000000000000e-07  0.000000000000000e+00	1.000000000000000e+00	7977	0	284
286	 4.375300779180000e+01 -1.615085281575000e+02 -2.534729700163000e+02	 1.580100000000000e-05  2.736820000000000e-05 -5.163520000000000e-05	1.000000000000000e+00	7977	0	286
287	2.574416290253000e+02 2.086110208182000e+02 9.188561448350001e+01	 3.229320000000000e-05  5.593350000000000e-05 -8.404290000000000e-05	1.000000000000000e+00	7977	0	287
290	 7.603409346260000e+01 -3.555757128621000e+02  5.829785587824000e+02	 7.515200000000000e-06 -1.202870000000000e-05  0.000000000000000e+00	1.000000000000000e+00	105	0	290
291	 4.021331280276000e+02 -1.623946014793000e+02  5.829785587824000e+02	 2.612870000000000e-05 -4.775500000000000e-05  0.000000000000000e+00	1.000000000000000e+00	105	0	291
292	 4.664428034326000e+02 -6.104488423073000e+02  2.286190426598000e+02	-9.144451314926148e-06  1.583865655403137e-05  0.000000000000000e+00	7.508468627929688e-02	7973	0	292
297	-3.079565395700000e+00  6.102866812254000e+02 -1.159425144917000e+02	 6.494000000000000e-06 -1.010890000000000e-05  0.000000000000000e+00	1.000000000000000e+00	661	0	297
298	-7.093818809562000e+02 -4.580583653140000e+01 -4.164132562731000e+02	 4.942000000000000e-07 -4.079000000000000e-07  0.000000000000000e+00	1.000000000000000e+00	7977	0	298
300	-6.220687813845000e+02  6.680773117385000e+02  1.077775486825000e+02	 4.406000000000000e-07 -1.302000000000000e-07  0.000000000000000e+00	1.000000000000000e+00	23	0	300
301	-6.642339492690000e+02 -6.562171051740000e+02 -1.894272067752000e+02	-1.680000000000000e-07  1.298000000000000e-07  0.000000000000000e+00	1.000000000000000e+00	27	0	301
302	 3.499782111627000e+02  6.562527404651000e+02 -1.894272067752000e+02	-4.120000000000000e-08  3.180000000000000e-08  0.000000000000000e+00	1.000000000000000e+00	27	0	302
305	 2.137825680468000e+02 -6.561609739966000e+02  1.518683640526000e+02	3.742000000000000e-07 1.778000000000000e-07 0.000000000000000e+00	1.000000000000000e+00	7977	0	305
306	-3.515045502712000e+02  6.910882722200000e+02  1.518683640526000e+02	-1.712250000000000e-07 -1.465875000000000e-07 -7.895250000000000e-07	5.625000000000000e-01	7977	0	306
307	-7.048069805546000e+02  3.403479836873000e+02 -6.873890214057001e+02	-8.690000000000000e-08  0.000000000000000e+00 -2.354600000000000e-06	1.000000000000000e+00	7973	0	307
313	 4.759293834906000e+02 -6.440395424845000e+02  1.469693845670000e+01	-9.419600000000000e-06  1.676200000000000e-06  0.000000000000000e+00	1.000000000000000e+00	5009	0	313
314	5.437220508694001e+02 6.491690973246000e+02 1.469693845670000e+01	 2.113970000000000e-04 -6.850100000000000e-05  0.000000000000000e+00	1.000000000000000e+00	5009	0	314
315	-5.025886091387000e+02  6.910882722200000e+02  4.820190837775000e+02	 1.048000000000000e-06  0.000000000000000e+00 -1.396950000000000e-05	1.000000000000000e+00	7977	0	315
316	 5.873746907220000e+01 -6.432792963977000e+02  9.471360338760000e+01	-1.064600000000000e-06  1.152600000000000e-06  0.000000000000000e+00	1.000000000000000e+00	7973	0	316
317	 3.336096081225000e+02 -6.548734855888000e+02  3.592584956082000e+02	 1.456700000000000e-05 -1.091500000000000e-06  0.000000000000000e+00	1.000000000000000e+00	7977	0	317
319	-2.677088037225000e+02 -7.009762103179000e+02 -4.810136247095000e+02	-7.900000000000000e-09 -1.370000000000000e-08  1.361000000000000e-07	1.000000000000000e+00	7977	0	319
320	4.788577548754000e+02 5.921150004056000e+02 5.874389587761000e+02	 1.069720000000000e-05  1.852800000000000e-05 -7.275010000000000e-05	1.000000000000000e+00	7977	0	320
322	4.548766230834000e+02 5.600724661472000e+02 3.804874067123000e+02	4.008130000000000e-05 2.471610000000000e-05 0.000000000000000e+00	1.000000000000000e+00	2905	0	322
323	-3.208619648296000e+02 -6.179979118767001e+02  5.829785587824000e+02	-3.384030000000000e-05  4.926430000000000e-05  0.000000000000000e+00	1.000000000000000e+00	105	0	323
328	 5.110512421136000e+02 -1.026816442761000e+02  2.286190426598000e+02	-5.741220000000000e-05  3.461000000000000e-06  0.000000000000000e+00	1.000000000000000e+00	7973	0	328
332	-6.549933942206001e+02  2.339670622210000e+01 -1.159425144917000e+02	-2.249660000000000e-05 -2.562770000000000e-05  0.000000000000000e+00	1.000000000000000e+00	661	0	332
333	-4.846845147279000e+02  2.437942406084000e+02 -1.159425144917000e+02	1.574180000000000e-05 2.272500000000000e-06 0.000000000000000e+00	1.000000000000000e+00	661	0	333
334	-4.663201312109000e+02  2.488833900646000e+02 -4.164132562731000e+02	 5.689000000000001e-07 -4.692000000000000e-07  0.000000000000000e+00	1.000000000000000e+00	7977	0	334
335	-3.854723054625000e+02  3.471627226189000e+02 -4.164132562731000e+02	 3.184875000000000e-07 -2.616187500000000e-07  0.000000000000000e+00	5.625000000000000e-01	7977	0	335
336	-6.162723384410000e+02 -2.973230654914000e+02  1.077775486825000e+02	-1.923924000000000e-04 -8.567000000000001e-06  0.000000000000000e+00	1.000000000000000e+00	23	0	336
337	-6.270808148160000e+02 -3.284883050160000e+01  1.077775486825000e+02	-1.442660000000000e-04 -4.543700000000000e-06  0.000000000000000e+00	1.000000000000000e+00	23	0	337
338	-2.296194831168000e+02 -9.369299324730001e+01 -1.894272067752000e+02	-3.397000000000000e-07  2.625000000000000e-07  0.000000000000000e+00	1.000000000000000e+00	27	0	338
339	-8.470863929690000e+01  9.378461306570000e+01 -1.894272067752000e+02	-2.092000000000000e-07  1.617000000000000e-07  0.000000000000000e+00	1.000000000000000e+00	27	0	339
342	-3.218118729600000e+01 -9.376381526110001e+01  1.518683640526000e+02	-1.505000000000000e-07 -6.550000000000000e-08  0.000000000000000e+00	1.000000000000000e+00	7977	0	342
343	-1.137944226263000e+02  9.375327496500000e+01  1.518683640526000e+02	2.200000000000000e-09 1.000000000000000e-09 0.000000000000000e+00	1.000000000000000e+00	7977	0	343
344	-2.840569103518000e+02  3.403479836873000e+02 -7.232228068919001e+02	-2.541000000000000e-07  0.000000000000000e+00 -1.851200000000000e-06	1.000000000000000e+00	7973	0	344
346	 4.300000000000000e+02 -5.473280551918000e+02 -1.496480299100000e+00	0.000000000000000e+00 0.000000000000000e+00 0.000000000000000e+00	1.000000000000000e+00	7973	0	346
349	-1.666536857231000e+02  4.861064430039000e+02 -6.793251553319001e+02	-4.018930000000000e-05  6.960990000000000e-05  0.000000000000000e+00	1.000000000000000e+00	7973	0	349
350	5.148316872142000e+02 2.534254862690000e+01 1.469693845670000e+01	1.482095000000000e-04 4.728400000000000e-06 0.000000000000000e+00	1.000000000000000e+00	5009	0	350
351	5.040805115343000e+02 3.002529770269000e+02 1.469693845670000e+01	2.058933000000000e-04 6.026500000000000e-06 0.000000000000000e+00	1.000000000000000e+00	5009	0	351
352	-4.066467646303000e+02  6.910882722200000e+02  3.592584956082000e+02	-1.476040000000000e-05  0.000000000000000e+00  0.000000000000000e+00	1.000000000000000e+00	7977	0	352
354	 3.217685357472000e+02 -2.331142919046000e+02  9.471360338760000e+01	 1.361710000000000e-05 -8.567500000000001e-06  0.000000000000000e+00	1.000000000000000e+00	7973	0	354
355	 4.162957050132000e+02 -1.066073126844000e+02  9.471360338760000e+01	 1.245460000000000e-05 -1.113390000000000e-05  0.000000000000000e+00	1.000000000000000e+00	7973	0	355
356	3.447159801231000e+02 9.945275951130000e+01 3.592584956082000e+02	1.808966000000000e-04 2.523600000000000e-06 0.000000000000000e+00	1.000000000000000e+00	7977	0	356
358	 1.039892752550000e+02 -5.717625245310001e+01 -1.710391209380000e+02	 2.251390000000000e-05  3.899530000000000e-05 -5.816350000000000e-05	1.000000000000000e+00	7977	0	358
359	2.100135187517000e+02 1.264631241174000e+02 1.466372700580000e+01	 3.297220000000000e-05  5.710960000000000e-05 -7.463830000000001e-05	1.000000000000000e+00	7977	0	359
362	 1.563115972656000e+02 -3.054723240672000e+02  5.829785587824000e+02	 1.635400000000000e-05 -2.642980000000000e-05  0.000000000000000e+00	1.000000000000000e+00	105	0	362
363	 3.182176220936000e+02 -2.079299367094000e+02  5.829785587824000e+02	 2.847470000000000e-05 -4.990810000000000e-05  0.000000000000000e+00	1.000000000000000e+00	105	0	363
364	 4.800292762115000e+02 -4.639278845002000e+02  2.286190426598000e+02	-2.567180000000000e-05  3.445500000000000e-06  0.000000000000000e+00	1.000000000000000e+00	7973	0	364
365	 4.994893525408000e+02 -2.877847220044000e+02  2.286190426598000e+02	-5.315940000000000e-05  4.300100000000001e-06  0.000000000000000e+00	1.000000000000000e+00	7973	0	365
367	5.860285785031000e+02 2.689395584793000e+02 2.286190426598000e+02	-5.832000000000000e-07  2.294000000000000e-07  0.000000000000000e+00	1.000000000000000e+00	7973	0	367
373	-7.488428845256001e+02 -1.959329412240000e+02 -1.159425144917000e+02	-1.514775000000000e-06 -2.484000000000000e-07  0.000000000000000e+00	7.500000000000000e-01	661	0	373
374	-1.571125519051000e+02  5.065987442712000e+02 -1.159425144917000e+02	 2.372100000000000e-06 -3.328000000000000e-06  0.000000000000000e+00	1.000000000000000e+00	661	0	374
375	-3.148814775598000e+02  3.888500895960000e+02 -1.159425144917000e+02	 2.678700000000000e-06 -3.906600000000000e-06  0.000000000000000e+00	1.000000000000000e+00	661	0	375
376	-6.283644258464000e+02  5.242652721440000e+01 -4.164132562731000e+02	 5.089000000000000e-07 -4.198000000000000e-07  0.000000000000000e+00	1.000000000000000e+00	7977	0	376
377	-5.473398166664000e+02  1.506529308127000e+02 -4.164132562731000e+02	 5.504000000000001e-07 -4.540000000000000e-07  0.000000000000000e+00	1.000000000000000e+00	7977	0	377
378	-6.087901401246000e+02 -6.713099603039000e+02  1.077775486825000e+02	-2.384812000000000e-04  2.310430000000000e-05  0.000000000000000e+00	1.000000000000000e+00	23	0	378
379	-6.063234309816000e+02 -5.326960044073001e+02  1.077775486825000e+02	-2.458319000000000e-04 -9.114700000000001e-06  0.000000000000000e+00	1.000000000000000e+00	23	0	379
380	-6.291771719352000e+02  4.464119785128000e+02  1.077775486825000e+02	-4.534500000000000e-05  9.163000000000000e-07  0.000000000000000e+00	1.000000000000000e+00	23	0	380
381	-6.312828233316001e+02  2.124849826854000e+02  1.077775486825000e+02	-9.405070000000000e-05 -1.790000000000000e-07  0.000000000000000e+00	1.000000000000000e+00	23	0	381
382	-5.193500195447000e+02 -4.687186724869000e+02 -1.894272067752000e+02	-1.638000000000000e-07  1.265000000000000e-07  0.000000000000000e+00	1.000000000000000e+00	27	0	382
383	-3.745047439816000e+02 -2.811903839962000e+02 -1.894272067752000e+02	-3.275000000000000e-07  2.530000000000000e-07  0.000000000000000e+00	1.000000000000000e+00	27	0	383
384	 2.050839760707000e+02  4.687622881982000e+02 -1.894272067752000e+02	-8.820000000000001e-08  6.810000000000001e-08  0.000000000000000e+00	1.000000000000000e+00	27	0	384
385	 6.018809921120000e+01  2.812731147766000e+02 -1.894272067752000e+02	-1.457000000000000e-07  1.126000000000000e-07  0.000000000000000e+00	1.000000000000000e+00	27	0	385
388	5.478892512067000e+02 1.665820043240000e+01 9.471360338760000e+01	 7.603600000000000e-06 -8.959100000000000e-06  0.000000000000000e+00	1.000000000000000e+00	7973	0	388
390	 1.312116407629000e+02 -4.687890944119000e+02  1.518683640526000e+02	-4.071000000000000e-07 -1.780000000000000e-07  0.000000000000000e+00	1.000000000000000e+00	7977	0	390
391	 4.947759722010000e+01 -2.812712183719000e+02  1.518683640526000e+02	-2.166000000000000e-07 -9.430000000000000e-08  0.000000000000000e+00	1.000000000000000e+00	7977	0	391
392	-2.772696054264000e+02  4.686534433181000e+02  1.518683640526000e+02	3.000000000000000e-08 1.490000000000000e-08 0.000000000000000e+00	1.000000000000000e+00	7977	0	392
393	-1.954084824231000e+02  2.812598538393000e+02  1.518683640526000e+02	1.083000000000000e-07 4.720000000000000e-08 0.000000000000000e+00	1.000000000000000e+00	7977	0	393
394	-5.642376030735001e+02  3.403479836873000e+02 -6.949476294732000e+02	-1.861000000000000e-07  0.000000000000000e+00 -2.663400000000000e-06	1.000000000000000e+00	7973	0	394
395	-4.270912530786000e+02  3.403479836873000e+02 -7.065755331887000e+02	-2.535000000000000e-07  0.000000000000000e+00 -2.549700000000000e-06	1.000000000000000e+00	7973	0	395
396	 2.034734292334000e+02  3.403479836873000e+02 -7.500000000000000e+02	-1.000000000000000e-10  0.000000000000000e+00 -2.126500000000000e-06	1.000000000000000e+00	1263	1	396
397	 4.086626175720000e+01  3.403479836873000e+02 -7.500000000000000e+02	 0.000000000000000e+00  0.000000000000000e+00 -1.966000000000000e-07	1.000000000000000e+00	1263	1	397
400	 5.082828405961000e+02 -6.829179124650000e+02 -4.823203954237000e+02	-2.907400000000000e-06  5.035800000000000e-06  9.084900000000000e-06	1.000000000000000e+00	7973	0	400
401	 4.336665817279000e+02 -5.536787610347001e+02 -2.640154701090000e+02	-7.004190234375001e-06  1.213161679687500e-05  7.647127734375001e-06	3.164062500000000e-01	7973	0	401
402	-4.612982517149000e+02  6.503808594352000e+02 -6.793251553319001e+02	-1.131790000000000e-05 -2.475420000000000e-05  0.000000000000000e+00	1.000000000000000e+00	7973	0	402
403	-3.923073188789000e+02  6.176635940601000e+02 -6.793251553319001e+02	-1.420940000000000e-05 -2.906610000000000e-05  0.000000000000000e+00	1.000000000000000e+00	7973	0	403
406	 4.954934520119000e+02 -4.288209855639000e+02  1.469693845670000e+01	 3.181190000000000e-05 -2.679000000000000e-06  0.000000000000000e+00	1.000000000000000e+00	5009	0	406
407	 5.115054251708000e+02 -1.655746112950000e+02  1.469693845670000e+01	 9.938420000000001e-05 -4.350700000000001e-06  0.000000000000000e+00	1.000000000000000e+00	5009	0	407
408	5.324794594984000e+02 6.043973993055000e+02 1.469693845670000e+01	 2.204540000000000e-04 -3.969430000000000e-05  0.000000000000000e+00	1.000000000000000e+00	5009	0	408
409	5.143316665693001e+02 5.032905262069000e+02 1.469693845670000e+01	 2.206277000000000e-04 -2.636780000000000e-05  0.000000000000000e+00	1.000000000000000e+00	5009	0	409
412	 1.665463300548000e+02 -5.267497421099000e+02  9.471360338760000e+01	-6.913000000000001e-07  5.019000000000000e-07  0.000000000000000e+00	1.000000000000000e+00	7973	0	412
413	 2.471480191187000e+02 -3.771313987039000e+02  9.471360338760000e+01	 8.746000000000001e-07 -4.009000000000000e-07  0.000000000000000e+00	1.000000000000000e+00	7973	0	413
414	 3.442663831665000e+02 -4.057555314851000e+02  3.592584956082000e+02	 6.873800000000000e-05 -1.194800000000000e-06  0.000000000000000e+00	1.000000000000000e+00	7977	0	414
415	 3.447838814017000e+02 -1.414716093077000e+02  3.592584956082000e+02	1.281568000000000e-04 4.298000000000000e-07 0.000000000000000e+00	1.000000000000000e+00	7977	0	415
416	-8.132625707990000e+01  6.910882722200000e+02  3.592584956082000e+02	0.000000000000000e+00 0.000000000000000e+00 0.000000000000000e+00	1.000000000000000e+00	7977	0	416
417	4.404203235229000e+02 5.989064675877000e+02 3.592584956082000e+02	 6.138850000000000e-05 -3.618500000000000e-06  0.000000000000000e+00	1.000000000000000e+00	7977	0	417
418	-1.457353570587000e+02 -4.897120035217000e+02 -4.279206407901000e+02	 7.600000000000001e-08  1.317000000000000e-07 -4.342000000000000e-07	1.000000000000000e+00	7977	0	418
419	-1.944318378610000e+01 -2.709675428154000e+02 -3.229649295344000e+02	 8.168000000000000e-06  1.414730000000000e-05 -3.237500000000000e-05	1.000000000000000e+00	7977	0	419
420	3.640553395771000e+02 3.932713842773000e+02 4.662355822396000e+02	 7.924890000000001e-05  1.372630000000000e-04 -1.916988000000000e-04	1.000000000000000e+00	7977	0	420
421	3.210727961499000e+02 3.188234352229000e+02 1.744216666098000e+02	 8.518500000000000e-06  1.475440000000000e-05 -2.766180000000000e-05	1.000000000000000e+00	7977	0	421
424	4.168902567176000e+02 6.510981133600001e+02 3.804874067123000e+02	7.642260000000001e-05 2.065800000000000e-05 0.000000000000000e+00	1.000000000000000e+00	2905	0	424
426	-1.644648655063000e+02 -5.096767189594000e+02  5.829785587824000e+02	-1.974440000000000e-05  2.916100000000000e-05  0.000000000000000e+00	1.000000000000000e+00	105	0	426
427	-4.303140646200000e+00 -4.058964131783000e+02  5.829785587824000e+02	-1.813200000000000e-06  2.817800000000000e-06  0.000000000000000e+00	1.000000000000000e+00	105	0	427
428	 6.367926357254000e+02 -2.162187172910000e+01  5.829785587824000e+02	 3.812550000000000e-05 -6.389290000000000e-05  0.000000000000000e+00	1.000000000000000e+00	105	0	428
429	 4.854115773647000e+02 -1.165464261389000e+02  5.829785587824000e+02	 4.208680000000000e-05 -6.895880000000000e-05  0.000000000000000e+00	1.000000000000000e+00	105	0	429
430	-2.371778361812000e+02  5.495338811260000e+02 -4.164132562731000e+02	-3.268600000000000e-06  1.196300000000000e-06  0.000000000000000e+00	1.000000000000000e+00	7977	0	430
431	-3.047079961147000e+02  4.454177018869000e+02 -4.164132562731000e+02	 1.417500000000000e-07 -1.156500000000000e-07  0.000000000000000e+00	5.625000000000000e-01	7977	0	431
432	-2.778571533398000e+02  6.910882722200000e+02 -3.449485330094000e+02	-1.829457400000000e-03  0.000000000000000e+00 -2.630804200000000e-03	1.000000000000000e+00	7977	0	432
433	-4.362850622370000e+02  6.910882722200000e+02 -3.220379108020000e+01	-8.233690000000000e-05  0.000000000000000e+00  2.974039000000000e-04	1.000000000000000e+00	7977	0	433
434	6.618315289133001e+02 1.124467951846000e+02 9.471360338760000e+01	 6.971300000000000e-06 -8.803900000000001e-06  0.000000000000000e+00	1.000000000000000e+00	7973	0	434
436	 4.902320770586000e+02  4.516632915187000e+02 -6.468229223439000e+02	 1.514000000000000e-07 -2.622000000000000e-07 -1.319000000000000e-06	1.000000000000000e+00	0	0	436
438	5.085560388484000e+02 6.435539371445000e+02 6.038656116583001e+02	 1.032570000000000e-05  1.788460000000000e-05 -8.720500000000000e-05	1.000000000000000e+00	7977	0	438
439	 1.321589177209000e+02 -8.385000471000000e+00 -1.242619951662000e+02	 2.495960000000000e-05  4.323130000000000e-05 -6.138610000000001e-05	1.000000000000000e+00	7977	0	439
440	 1.857274317434000e+02  8.439838750190000e+01 -2.835461146930000e+01	 3.101920000000000e-05  5.372680000000000e-05 -6.838660000000001e-05	1.000000000000000e+00	7977	0	440
441	-1.142367309682000e+02 -4.351547827645000e+02 -4.053548364300000e+02	 4.981000000000000e-07  8.628000000000000e-07 -2.535600000000000e-06	1.000000000000000e+00	7977	0	441
442	-5.121899039810000e+01 -3.260048543189000e+02 -3.529433298368000e+02	 5.261300000000000e-06  9.112800000000000e-06 -2.314550000000000e-05	1.000000000000000e+00	7977	0	442
443	3.112365878473000e+02 3.017866226890000e+02 3.592584956082000e+02	1.764704000000000e-04 3.056557000000000e-04 0.000000000000000e+00	1.000000000000000e+00	7977	0	443
444	4.659668713409000e+02 5.697873351695000e+02 3.592584956082000e+02	9.995900000000000e-06 1.731330000000000e-05 0.000000000000000e+00	1.000000000000000e+00	7977	0	444
445	-2.391543225895000e+02 -6.515183982116000e+02 -4.732429282761000e+02	-2.330000000000000e-08 -4.040000000000000e-08  3.075000000000000e-07	1.000000000000000e+00	7977	0	445
446	-1.773157631538000e+02 -5.444108714021000e+02 -4.468644988061000e+02	-9.200000000000000e-09 -1.590000000000000e-08  7.100000000000000e-08	1.000000000000000e+00	7977	0	446
447	4.493753482268000e+02 5.410499741608000e+02 5.660017437771000e+02	 1.080660000000000e-05  1.871760000000000e-05 -5.523180000000000e-05	1.000000000000000e+00	7977	0	447
448	3.919989586224000e+02 4.416711522112000e+02 5.059226425605000e+02	 9.257400000000001e-06  1.603440000000000e-05 -3.273930000000000e-05	1.000000000000000e+00	7977	0	448
449	 7.488140520080000e+01 -1.075925622871000e+02 -2.139738487697000e+02	 1.932320000000000e-05  3.346880000000000e-05 -5.515350000000000e-05	1.000000000000000e+00	7977	0	449
450	 1.218575814360000e+01 -2.161846084035000e+02 -2.896043945586000e+02	 1.156020000000000e-05  2.002290000000000e-05 -4.194870000000000e-05	1.000000000000000e+00	7977	0	450
451	2.341576583007000e+02 1.682820005212000e+02 5.542135008860000e+01	 3.351030000000000e-05  5.804160000000000e-05 -8.124220000000001e-05	1.000000000000000e+00	7977	0	451
452	2.818869591298000e+02 2.509515745670000e+02 1.260589208445000e+02	 2.034910000000000e-05  3.524570000000000e-05 -6.465100000000000e-05	1.000000000000000e+00	7977	0	452
453	 3.289094100607000e+02 -7.021266746318000e+02  3.592584956082000e+02	 4.025900000000000e-06 -4.135000000000000e-07  0.000000000000000e+00	1.000000000000000e+00	7977	0	453
455	-3.769494546991000e+02 -3.723033765980000e+02  6.362806452909000e+02	 6.208800000000001e-06  1.075390000000000e-05 -2.186410000000000e-05	1.000000000000000e+00	491	0	455
459	 3.375478058934000e+02 -5.955285205020000e+02  3.592584956082000e+02	 2.767280000000000e-05 -1.525000000000000e-06  0.000000000000000e+00	1.000000000000000e+00	7977	0	459
460	3.431455432979000e+02 1.488667341029000e+02 3.592584956082000e+02	2.335535000000000e-04 7.159200000000000e-06 0.000000000000000e+00	1.000000000000000e+00	7977	0	460
463	4.164834061779000e+02 6.560466413312000e+02 3.592584956082000e+02	7.125560000000000e-05 4.236960000000000e-05 0.000000000000000e+00	1.000000000000000e+00	7977	0	463
465	 4.231490724690000e+01  6.389287656836000e+02 -1.159425144917000e+02	 8.134700000000000e-06 -1.310770000000000e-05  0.000000000000000e+00	1.000000000000000e+00	661	0	465
468	-6.380565002609001e+02  9.127956400670000e+01  6.580962442277000e+02	-9.356000000000001e-05 -1.700880000000000e-05  0.000000000000000e+00	1.000000000000000e+00	1105	0	468
471	 3.426693712645000e+02 -4.733518743169000e+02  3.592584956082000e+02	 5.414570000000000e-05 -1.563000000000000e-06  0.000000000000000e+00	1.000000000000000e+00	7977	0	471
479	7.497148549991000e+02 5.715767664980000e+01 6.580962442277000e+02	-2.433796875000000e-07  2.739128906250000e-07  0.000000000000000e+00	3.164062500000000e-01	1105	0	479
483	 5.005235234109000e+02 -3.689931112114000e+02  1.469693845670000e+01	 4.753970000000000e-05 -3.369500000000000e-06  0.000000000000000e+00	1.000000000000000e+00	5009	0	483
484	-5.597439406349000e+02  1.008520970180000e+02  6.580962442277000e+02	-5.707240000000000e-05 -2.254500000000000e-06  0.000000000000000e+00	1.000000000000000e+00	1105	0	484
486	-3.676564257432000e+02 -6.492639415043001e+02  5.829785587824000e+02	-3.627520000000000e-05  5.581270000000000e-05  0.000000000000000e+00	1.000000000000000e+00	105	0	486
487	4.772238371735000e+02 6.234316790672000e+02 2.286190426598000e+02	-9.722430000000000e-05  9.729450000000000e-05  0.000000000000000e+00	1.000000000000000e+00	7973	0	487
488	 4.621049511209000e+02  5.003809027136000e+02 -6.601861521289001e+02	 7.780000000000001e-08 -1.348000000000000e-07 -6.165000000000000e-07	1.000000000000000e+00	0	0	488
490	4.800536417096000e+02 5.196494980798000e+02 3.804874067123000e+02	3.551870000000000e-05 2.541570000000000e-05 0.000000000000000e+00	1.000000000000000e+00	2905	0	490
491	-5.211094648837001e+02 -6.219958386574000e+02  4.322839174540000e+02	 2.532800000000000e-06  4.386900000000000e-06 -1.730120000000000e-05	1.000000000000000e+00	491	0	491
494	 7.857050284700001e+00 -6.861233803783000e+02  9.471360338760000e+01	 1.706200000000000e-06 -1.856600000000000e-06  0.000000000000000e+00	1.000000000000000e+00	7973	0	494
495	 5.083776159192000e+02 -2.432625464423000e+02  1.469693845670000e+01	 8.204120000000000e-05 -3.900300000000000e-06  0.000000000000000e+00	1.000000000000000e+00	5009	0	495
496	 3.407750283443000e+02 -7.018702394032000e+02 -9.859304484300001e+00	5.128900000000000e-06 8.883400000000000e-06 6.925590000000001e-05	1.000000000000000e+00	7973	0	496
497	-4.728925424124000e+02 -5.384816791525000e+02  5.091256711668000e+02	 7.265300000000001e-06  1.258390000000000e-05 -1.977640000000000e-05	1.000000000000000e+00	491	0	497
499	 5.031829086736000e+02 -4.205715391234000e+02 -2.692333443715000e+02	1.180000000000000e-08 2.040000000000000e-08 4.554000000000000e-07	1.000000000000000e+00	7973	0	499
501	-4.904443537824000e+02  1.042682245740000e+02  6.580962442277000e+02	-1.773680000000000e-05  4.623000000000000e-06  0.000000000000000e+00	1.000000000000000e+00	1105	0	501
503	-4.248704621860000e+02  1.043446699051000e+02  6.580962442277000e+02	6.910400000000000e-06 7.893900000000001e-06 0.000000000000000e+00	1.000000000000000e+00	1105	0	503
505	5.313245578388000e+02 1.199572396056000e+02 2.286190426598000e+02	 2.830000000000000e-08 -5.730000000000000e-08  0.000000000000000e+00	1.000000000000000e+00	7973	0	505
507	-5.689240817219001e+02 -7.048131843656000e+02  3.314301114966000e+02	-6.363800000000000e-06 -1.102240000000000e-05 -3.314560000000000e-05	1.000000000000000e+00	491	0	507
512	 9.173059271460001e+01  6.690485299007000e+02 -1.159425144917000e+02	 9.855800000000000e-06 -1.656460000000000e-05  0.000000000000000e+00	1.000000000000000e+00	661	0	512
519	-3.537021161706000e+02  1.014617758425000e+02  6.580962442277000e+02	-1.163400000000000e-05  1.279820000000000e-05  0.000000000000000e+00	1.000000000000000e+00	1105	0	519
521	-5.943003737884001e+02 -7.487662115325001e+02  2.422436507031000e+02	-1.800000000000000e-09 -3.093750000000000e-09 -2.064487500000000e-06	5.625000000000000e-01	491	0	521
523	 5.011168158080000e+01  6.910882722200000e+02 -6.300769980341000e+02	-2.041100000000000e-06  0.000000000000000e+00 -3.392500000000000e-06	1.000000000000000e+00	7977	0	523
527	5.077440558982000e+02 2.212495094001000e+02 1.469693845670000e+01	1.834979000000000e-04 6.929200000000001e-06 0.000000000000000e+00	1.000000000000000e+00	5009	0	527
529	-3.518217973369000e+02 -3.287809973715000e+02  6.623105713216000e+02	 4.707200000000000e-06  8.153100000000000e-06 -1.929470000000000e-05	1.000000000000000e+00	491	0	529
530	-5.339962973834000e+02  6.910882722200000e+02  5.177621877915000e+02	-4.151300000000000e-06  0.000000000000000e+00 -4.297500000000000e-06	1.000000000000000e+00	7977	0	530
531	5.343930164033001e+02 6.883048949836000e+02 6.142985963062000e+02	 7.435400000000000e-06  1.287850000000000e-05 -9.756380000000000e-05	1.000000000000000e+00	7977	0	531
535	 4.338521007026000e+02  5.493162750968000e+02 -6.754065583739000e+02	-4.683000000000000e-07  8.112000000000000e-07  3.123750000000000e-06	7.500000000000000e-01	0	0	535
537	-2.886747304738000e+02  9.639721614930001e+01  6.580962442277000e+02	-1.250000000000000e-07  1.647650000000000e-05  0.000000000000000e+00	1.000000000000000e+00	1105	0	537
538	-6.309443554399001e+02  1.517441261571000e+02  1.077775486825000e+02	-1.067982000000000e-04 -1.071600000000000e-06  0.000000000000000e+00	1.000000000000000e+00	23	0	538
540	-7.105406269416001e+02 -6.595786451188001e+02 -1.159425144917000e+02	 1.575210000000000e-05 -2.935300000000000e-06  0.000000000000000e+00	1.000000000000000e+00	661	0	540
545	-2.250850057330000e+02  8.947269214110000e+01  6.580962442277000e+02	-2.990800000000000e-06  2.146020000000000e-05  0.000000000000000e+00	1.000000000000000e+00	1105	0	545
547	-6.193889389514001e+02 -2.259600942001000e+02  1.077775486825000e+02	-1.796551000000000e-04 -7.905600000000001e-06  0.000000000000000e+00	1.000000000000000e+00	23	0	547
553	5.118716954491000e+02 8.730001489070000e+01 1.469693845670000e+01	1.594583000000000e-04 7.538700000000000e-06 0.000000000000000e+00	1.000000000000000e+00	5009	0	553
560	-7.320975048913000e+02 -6.171800325512000e+02 -1.159425144917000e+02	 1.089500000000000e-05 -3.658500000000000e-06  0.000000000000000e+00	1.000000000000000e+00	661	0	560
566	-6.249411581757000e+02 -9.464835717900000e+01  1.077775486825000e+02	-1.559463000000000e-04 -5.846000000000000e-06  0.000000000000000e+00	1.000000000000000e+00	23	0	566
567	-6.287908572049000e+02  2.824787418450000e+01  1.077775486825000e+02	-1.322493000000000e-04 -3.278900000000000e-06  0.000000000000000e+00	1.000000000000000e+00	23	0	567
568	-1.615849845484000e+02  8.101320864940000e+01  6.580962442277000e+02	1.039800000000000e-06 2.618680000000000e-05 0.000000000000000e+00	1.000000000000000e+00	1105	0	568
571	-5.346978909226000e+02  1.920368797055000e+02 -1.159425144917000e+02	 1.023700000000000e-05 -3.168700000000000e-06  0.000000000000000e+00	1.000000000000000e+00	661	0	571
572	-3.676986704200000e+02  6.910882722200000e+02  1.518683640526000e+02	 6.793100000000000e-06  0.000000000000000e+00 -5.985300000000000e-06	1.000000000000000e+00	7977	0	572
577	5.371095680293000e+02 4.740918417419000e+02 2.286190426598000e+02	-8.687480000000000e-05 -1.896706000000000e-04  0.000000000000000e+00	1.000000000000000e+00	7973	0	577
582	-4.141275946787000e+02 -6.783567452948000e+02  5.829785587824000e+02	-3.770850000000000e-05  6.222570000000000e-05  0.000000000000000e+00	1.000000000000000e+00	105	0	582
583	-9.896113571880001e+01  7.165511958320000e+01  6.580962442277000e+02	5.077100000000000e-06 3.133390000000000e-05 0.000000000000000e+00	1.000000000000000e+00	1105	0	583
585	 4.052240229336000e+02  5.989015603158000e+02 -6.924837467952000e+02	-1.437600000000000e-06  2.490000000000000e-06  9.248000000000000e-07	1.000000000000000e+00	0	0	585
589	 1.422379525108000e+02  6.982958684394000e+02 -1.159425144917000e+02	 1.114010000000000e-05 -1.996870000000000e-05  0.000000000000000e+00	1.000000000000000e+00	661	0	589
595	5.174481402586000e+02 4.783846250652000e+02 3.804874067123000e+02	2.771770000000000e-05 2.637530000000000e-05 0.000000000000000e+00	1.000000000000000e+00	2905	0	595
598	 9.640900858260001e+01  6.910882722200000e+02 -6.582232941169000e+02	-7.979000000000000e-07  0.000000000000000e+00 -1.330300000000000e-06	1.000000000000000e+00	7977	0	598
600	-3.739743515470000e+01  6.162854032720000e+01  6.580962442277000e+02	8.028499999999999e-06 3.726380000000000e-05 0.000000000000000e+00	1.000000000000000e+00	1105	0	600
602	-4.356351035665000e+02  6.910882722200000e+02  3.609732416120000e+01	4.263700000000000e-05 0.000000000000000e+00 2.300204000000000e-04	1.000000000000000e+00	7977	0	602
610	-5.672876592985000e+02  6.910882722200000e+02  5.543347077554000e+02	-2.338700000000000e-06  0.000000000000000e+00 -2.897000000000000e-06	1.000000000000000e+00	7977	0	610
611	-6.134561420235000e+02 -3.593318019651000e+02  1.077775486825000e+02	-2.060728000000000e-04 -8.566000000000001e-06  0.000000000000000e+00	1.000000000000000e+00	23	0	611
615	 4.300000000000000e+02 -5.473280551918000e+02 -2.606506917860000e+02	0.000000000000000e+00 0.000000000000000e+00 0.000000000000000e+00	1.000000000000000e+00	7973	0	615
616	-3.256056163648000e+02 -2.833732399475000e+02  6.857158647586000e+02	 3.306200000000000e-06  5.726500000000000e-06 -1.584070000000000e-05	1.000000000000000e+00	491	0	616
618	2.254795460160000e+01 5.089123299210000e+01 6.580962442277000e+02	1.066890000000000e-05 4.396430000000000e-05 0.000000000000000e+00	1.000000000000000e+00	1105	0	618
620	 3.761352502336000e+02  6.492847925619001e+02 -7.067217245126001e+02	-2.044781261444092e-06  3.541669567108154e-06 -5.421639942169189e-07	7.508468627929688e-02	0	0	620
625	-6.152804615778000e+02  8.821883782900001e+01 -1.159425144917000e+02	-2.878400000000000e-06 -7.127000000000001e-07  0.000000000000000e+00	1.000000000000000e+00	661	0	625
627	 5.232688625202001e+02 -6.920190785953000e+02  2.286190426598000e+02	-4.770900000000000e-06  7.698200000000000e-06  0.000000000000000e+00	1.000000000000000e+00	7973	0	627
630	-3.330905448212000e+02  6.910882722200000e+02  1.799291144501000e+02	-1.159360000000000e-05  0.000000000000000e+00 -1.544900000000000e-06	1.000000000000000e+00	7977	0	630
631	8.091702560230000e+01 3.919674141090000e+01 6.580962442277000e+02	1.380320000000000e-05 5.132200000000000e-05 0.000000000000000e+00	1.000000000000000e+00	1105	0	631
639	 1.465976764860000e+02  6.910882722200000e+02 -6.845947776247000e+02	-2.659000000000000e-07  0.000000000000000e+00 -5.308000000000001e-07	1.000000000000000e+00	7977	0	639
646	 3.450461741816000e+02 -3.412296542066000e+02  3.592584956082000e+02	 8.305550000000000e-05 -5.369000000000000e-07  0.000000000000000e+00	1.000000000000000e+00	7977	0	646
647	 3.450174644703000e+02 -2.119779307107000e+02  3.592584956082000e+02	1.108470000000000e-04 3.111000000000000e-07 0.000000000000000e+00	1.000000000000000e+00	7977	0	647
655	 1.947632724204000e+02  7.258982985959000e+02 -1.159425144917000e+02	 8.214000000000000e-06 -1.650460000000000e-05  0.000000000000000e+00	1.000000000000000e+00	661	0	655
660	-4.616717297145000e+02 -7.062629695397001e+02  5.829785587824000e+02	-3.623670000000000e-05  6.456140000000001e-05  0.000000000000000e+00	1.000000000000000e+00	105	0	660
664	1.391683020362000e+02 2.599369086030000e+01 6.580962442277000e+02	1.588110000000000e-05 5.992120000000000e-05 0.000000000000000e+00	1.000000000000000e+00	1105	0	664
675	4.011504917734000e+02 7.314764245042001e+02 3.592584956082000e+02	9.943820000000001e-05 1.496260000000000e-05 0.000000000000000e+00	1.000000000000000e+00	7977	0	675
681	 3.361151741445000e+02  7.186015976711001e+02 -7.313006810134000e+02	-1.696061698722839e-06  2.937667702388764e-06 -3.922602337360383e-06	5.631351470947266e-02	0	0	681
683	-7.337491721890000e+02 -1.446689595808000e+02 -1.159425144917000e+02	-6.915000000000001e-07 -4.883600000000000e-06  0.000000000000000e+00	1.000000000000000e+00	661	0	683
688	-6.032031999747001e+02  6.910882722200000e+02  5.926449122170001e+02	-2.050000000000000e-07  0.000000000000000e+00 -1.749100000000000e-06	1.000000000000000e+00	7977	0	688
689	1.981187289285000e+02 1.086695182710000e+01 6.580962442277000e+02	1.716560000000000e-05 7.022010000000001e-05 0.000000000000000e+00	1.000000000000000e+00	1105	0	689
696	 4.690700118337000e+02 -4.796568096434000e+02 -2.660044417267000e+02	4.106953125000000e-08 7.109648437500000e-08 1.448887500000000e-06	3.164062500000000e-01	7973	0	696
703	 2.571195411634000e+02 -5.975471098400000e+00  6.580962442277000e+02	2.310490000000000e-05 8.069370000000000e-05 0.000000000000000e+00	1.000000000000000e+00	1105	0	703
707	 3.445678754638000e+02 -7.784641910440000e+01  3.592584956082000e+02	1.417704000000000e-04 1.316000000000000e-07 0.000000000000000e+00	1.000000000000000e+00	7977	0	707
708	 4.240262750285000e+02 -5.473280551918000e+02 -2.581282338438000e+02	8.243252929687500e-07 0.000000000000000e+00 4.793554687500001e-09	2.373046875000000e-01	7973	0	708
710	 3.203753903556000e+02 -2.540313871490000e+01  6.580962442277000e+02	3.385100000000000e-05 9.151990000000000e-05 0.000000000000000e+00	1.000000000000000e+00	1105	0	710
712	-3.337663405096000e+02  6.910882722200000e+02  2.152515816540000e+02	-1.549370000000000e-05  0.000000000000000e+00 -1.011610000000000e-05	1.000000000000000e+00	7977	0	712
714	 4.285227469596000e+02 -5.698249741700000e+01  6.580962442277000e+02	1.466928000000000e-04 8.336430000000000e-05 0.000000000000000e+00	1.000000000000000e+00	1105	0	714
715	 4.915894723669000e+02 -6.753101614720001e+01  6.580962442277000e+02	1.329095000000000e-04 8.618000000000000e-05 0.000000000000000e+00	1.000000000000000e+00	1105	0	715
717	 5.443586851265001e+02 -6.444912443550000e+01  6.580962442277000e+02	7.143720000000000e-05 5.999010000000000e-05 0.000000000000000e+00	1.000000000000000e+00	1105	0	717
718	-5.435185992180000e+02  6.864187847822001e+02 -6.793251553319001e+02	-8.221500000000001e-06 -1.873580000000000e-05  0.000000000000000e+00	1.000000000000000e+00	7973	0	718
720	 6.084958676076001e+02 -4.342858079330000e+01  6.580962442277000e+02	-6.612940000000000e-05 -3.293890000000000e-05  0.000000000000000e+00	1.000000000000000e+00	1105	0	720
722	 1.998318045505000e+02  6.910882722200000e+02 -7.086960000411000e+02	1.760000000000000e-08 0.000000000000000e+00 1.170000000000000e-08	1.000000000000000e+00	7977	0	722
724	-6.200761071973001e+02  7.167761858953000e+02 -6.793251553319001e+02	-2.189740000000000e-05 -9.246700000000001e-06  0.000000000000000e+00	1.000000000000000e+00	7973	0	724
728	 4.892122535239000e+02 -6.498866867257000e+02 -4.121814385472000e+02	-3.672610000000000e-05  6.361150000000001e-05  1.216376000000000e-04	1.000000000000000e+00	7973	0	728
729	6.894245520399000e+02 3.590711555800000e+00 6.580962442277000e+02	-2.387370000000000e-05 -3.381420000000000e-05  0.000000000000000e+00	1.000000000000000e+00	1105	0	729
733	5.815638879407001e+02 4.292687104131000e+02 3.804874067123000e+02	5.194000000000001e-06 7.558200000000000e-06 0.000000000000000e+00	1.000000000000000e+00	2905	0	733
737	-6.422054076487000e+02  6.910882722200000e+02  6.333713138572000e+02	-2.971000000000000e-07  0.000000000000000e+00  1.238000000000000e-06	1.000000000000000e+00	7977	0	737
740	-2.983703927889000e+02 -2.362004489585000e+02  7.062700688284000e+02	 2.035600000000000e-06  3.525700000000000e-06 -1.156510000000000e-05	1.000000000000000e+00	491	0	740
745	-7.337447099000000e+02  7.494903584052000e+02 -6.793251553319001e+02	-3.932100000000000e-06 -4.014400000000000e-06  0.000000000000000e+00	1.000000000000000e+00	7973	0	745
746	-9.092039591900000e+01  6.910882722200000e+02 -5.138135602442001e+02	-2.785390800000000e-03  0.000000000000000e+00 -2.920546000000000e-03	1.000000000000000e+00	7977	0	746
747	6.152160990025001e+02 4.073394877780000e+02 3.804874067123000e+02	-1.724300000000000e-06 -2.703000000000000e-06  0.000000000000000e+00	1.000000000000000e+00	2905	0	747
753	5.832134484200001e+02 4.231178895716000e+02 2.286190426598000e+02	-1.635024000000000e-04 -2.038216000000000e-04  0.000000000000000e+00	1.000000000000000e+00	7973	0	753
755	-2.762314339169000e+02  5.574028813278001e+02 -6.793251553319001e+02	1.607527500000000e-05 1.173727500000000e-05 0.000000000000000e+00	7.500000000000000e-01	7973	0	755
756	-7.128249604848000e+02  6.910882722200000e+02  7.057847421010000e+02	-3.215678000000000e-04  0.000000000000000e+00  3.446412000000000e-04	1.000000000000000e+00	7977	0	756
771	6.577900614952000e+02 3.799473210438000e+02 3.804874067123000e+02	-1.088220000000000e-05 -1.602860000000000e-05  0.000000000000000e+00	1.000000000000000e+00	2905	0	771
776	 2.560965752607000e+02  6.910882722200000e+02 -7.296574532534000e+02	-5.054000000000001e-07  0.000000000000000e+00 -1.379300000000000e-06	1.000000000000000e+00	7977	0	776
805	-1.140999990371000e+02  3.950807875386000e+02 -7.272604164182001e+02	 1.713953671875000e-05 -2.968656328125000e-05 -4.974681445312500e-05	3.164062500000000e-01	7973	0	805
828	-1.442701971796000e+02  3.403479836873000e+02 -7.446073764904000e+02	 3.272360449218750e-06  0.000000000000000e+00 -4.426230761718750e-06	2.373046875000000e-01	7973	0	828
864	-2.701028676564000e+02 -1.872396592247000e+02  7.237036830876000e+02	 9.282000000000001e-07  1.607700000000000e-06 -6.366000000000001e-06	1.000000000000000e+00	491	0	864
865	 4.026524825213000e+02 -5.473280551918000e+02 -2.228555855578000e+02	 3.155920312500000e-06  0.000000000000000e+00 -1.070317968750000e-05	4.218750000000000e-01	7973	0	865
909	-1.272672889664000e+02  6.910882722200000e+02  3.592584956082000e+02	0.000000000000000e+00 0.000000000000000e+00 0.000000000000000e+00	4.218750000000000e-01	7977	0	909
1000	-3.535953188207000e+02  6.910882722200000e+02  2.698186229566000e+02	-1.029790000000000e-05  0.000000000000000e+00 -1.712910000000000e-05	1.000000000000000e+00	7977	0	1000
1002	7.053046650462001e+02 3.447438420175000e+02 3.804874067123000e+02	-1.120280000000000e-05 -1.371590000000000e-05  0.000000000000000e+00	1.000000000000000e+00	2905	0	1002
1003	-4.358411555552000e+02  6.910882722200000e+02  3.994563565397000e+02	-1.905740000000000e-05  0.000000000000000e+00  4.512100000000000e-06	1.000000000000000e+00	7977	0	1003
1011	6.929015181587000e+02 2.772987047638000e+02 1.537242200341000e+02	 8.501512500000000e-05 -1.472505000000000e-04  3.013811250000000e-04	7.500000000000000e-01	7973	0	1011
1012	 3.890269111334000e+02 -5.473280551918000e+02 -1.686261261516000e+02	-2.987500000000000e-06  0.000000000000000e+00 -2.288810000000000e-05	1.000000000000000e+00	7973	0	1012
1014	-3.322256845195000e+02  6.208561526680000e+02  1.518683640526000e+02	-1.165900000000000e-06 -4.364000000000000e-07  0.000000000000000e+00	1.000000000000000e+00	7977	0	1014
1015	-3.576591675045000e+02  6.863193496286000e+02  1.518683640526000e+02	-6.659000000000001e-07 -1.517000000000000e-07  0.000000000000000e+00	1.000000000000000e+00	7977	0	1015
1020	-3.619632805010000e+02  6.863643532974000e+02  1.518683640526000e+02	7.900000000000000e-09 7.538000000000000e-07 0.000000000000000e+00	1.000000000000000e+00	7977	0	1020
1081	-5.149078745892000e+02 -7.311643475092001e+02  5.829785587824000e+02	-1.604710000000000e-05  3.957870000000000e-05  0.000000000000000e+00	1.000000000000000e+00	105	0	1081
1292	6.307326955383000e+02 3.849782641890000e+02 2.286190426598000e+02	 6.540930000000000e-04 -1.132922200000000e-03  0.000000000000000e+00	1.000000000000000e+00	7973	0	1292
1396	-4.079558187371000e+02  6.910882722200000e+02 -1.198892957038000e+02	-3.028509000000000e-04  0.000000000000000e+00  3.161875000000000e-04	1.000000000000000e+00	7977	0	1396
1615	3.500141832574000e+02 3.689513881346000e+02 2.058168194758000e+02	 7.492500000000001e-07  1.297725000000000e-06 -3.030675000000000e-06	7.500000000000000e-01	7977	0	1615
1675	3.823716675212000e+02 4.249961948846000e+02 2.370923603618000e+02	-1.253680664062500e-05 -2.171439140625000e-05  6.021109687500000e-05	3.164062500000000e-01	7977	0	1675
1705	 3.919127438209000e+02 -5.473280551918000e+02 -1.144960938710000e+02	-1.690990000000000e-05  0.000000000000000e+00 -2.419410000000000e-05	1.000000000000000e+00	7973	0	1705
1759	4.598982598683000e+02 5.592761917675000e+02 3.302004966724000e+02	5.546100000000000e-05 9.606130000000001e-05 8.936700000000000e-06	1.000000000000000e+00	7977	0	1759
1801	-2.409283011313000e+02 -1.367078277145000e+02  7.374319958870000e+02	-9.600000000000000e-09 -1.660000000000000e-08  8.480000000000000e-08	1.000000000000000e+00	491	0	1801
1886	3.153154109515000e+02 3.088513515405000e+02 3.751199199193000e+02	-7.769001093750001e-05 -1.345630640625000e-04  2.777430937500000e-05	4.218750000000000e-01	7977	0	1886
2050	4.452887093651000e+02 5.339717080203001e+02 2.989889452631000e+02	2.264977500000000e-05 3.923062500000000e-05 1.756888500000000e-04	7.500000000000000e-01	7977	0	2050
2264	6.299328814157000e+02 3.863635828861000e+02 2.235159697009000e+02	 7.170091500000001e-04 -1.241896275000000e-03 -2.029959750000000e-04	7.500000000000000e-01	7973	0	2264
2820	-7.135499018086000e+02  7.302414843670000e+01  6.580962442277000e+02	-4.774650000000000e-05 -1.865510000000000e-05  0.000000000000000e+00	1.000000000000000e+00	1105	0	2820
2827	6.589050305379001e+02 3.361823486019000e+02 1.882410433692000e+02	-2.113373000000000e-04  3.660470000000000e-04  4.001558000000000e-04	1.000000000000000e+00	7973	0	2827
2939	6.059517057991001e+02 3.258702254312000e+02 2.286190426598000e+02	 2.631000000000000e-07 -1.098000000000000e-07  0.000000000000000e+00	1.000000000000000e+00	7973	0	2939
3478	5.116700380446000e+02 5.160042035138000e+02 2.286190426598000e+02	-1.193429000000000e-04 -8.297600000000000e-05  0.000000000000000e+00	1.000000000000000e+00	7973	0	3478
4123	-2.045365577076000e+02  5.057063343271000e+02 -6.793251553319001e+02	 9.682505859375001e-05 -4.407478312500001e-04  0.000000000000000e+00	3.164062500000000e-01	7973	0	4123
4128	-6.696635218148000e+02 -7.078663376217000e+02 -1.159425144917000e+02	 6.651940000000001e-05 -6.344780000000001e-05  0.000000000000000e+00	1.000000000000000e+00	661	0	4128
4210	 4.283229015333000e+02 -5.444232354382000e+02  3.718747090700000e+00	 1.451643750000000e-06 -2.514375000000000e-06 -1.730953125000000e-05	5.625000000000000e-01	7973	0	4210
4212	 3.713592334916000e+02 -6.488968421790000e+02 -4.155947802300000e+00	2.593614462890625e-05 4.492270283203125e-05 4.813592695312500e-05	2.373046875000000e-01	7973	0	4212
4213	-3.275191475164000e+02  6.910882722200000e+02 -2.651126964566000e+02	-1.012428000000000e-03  0.000000000000000e+00 -6.300895000000000e-04	1.000000000000000e+00	7977	0	4213
4214	4.438086065911000e+02 6.934710075647000e+02 2.286190426598000e+02	-2.112250000000000e-04  3.560801000000000e-04  0.000000000000000e+00	1.000000000000000e+00	7973	0	4214
4216	 5.396065245217001e+02 -7.371721245044000e+02 -6.247555307287000e+02	 6.599770000000001e-05 -1.143114000000000e-04 -3.802715000000000e-04	1.000000000000000e+00	7973	0	4216
4217	7.231570114964001e+02 2.248946530948000e+02 1.192388595368000e+02	 1.411073156250000e-04 -2.444050652343750e-04  3.488745937500000e-05	3.164062500000000e-01	7973	0	4217
4218	3.395076347364000e+02 3.507535122840000e+02 4.269768714844000e+02	 2.026264781250000e-04  3.509593312500000e-04 -9.139281468750000e-04	4.218750000000000e-01	7977	0	4218
4219	4.213575588832000e+02 4.925217395020000e+02 2.700856342946000e+02	3.564125895080566e-05 6.173247412834167e-05 2.255577763938904e-05	7.508468627929688e-02	7977	0	4219
4220	 4.406310660295000e+02 -5.657416016935000e+02  8.904308915110001e+01	-2.641150000000000e-05  4.574600000000000e-05 -1.222511000000000e-04	1.000000000000000e+00	7973	0	4220
4221	-1.452857183160000e+02  6.910882722200000e+02 -4.652288630258000e+02	2.131842525828552e-03 0.000000000000000e+00 2.417534120764160e-03	1.001129150390625e-01	7977	0	4221
0	 5.000000000000000e-01 -8.660254037844386e-01  0.000000000000000e+00	8.660254037844385e-01 5.000000000000000e-01 0.000000000000000e+00	5.632499999999998e+02 3.251925391210567e+02 0.000000000000000e+00	1	0	0.000000000000000e+00	0.000000000000000e+00	0.000000000000000e+00	9.368287632782127e+04
1	5.000000000000000e-01 8.660254037844386e-01 0.000000000000000e+00	0.000000000000000e+00 0.000000000000000e+00 1.000000000000000e+00	0.000000000000000e+00 0.000000000000000e+00 2.286190426597633e+02	1	0	0.000000000000000e+00	0.000000000000000e+00	0.000000000000000e+00	3.446186158105857e+05
3	-5.000000000000000e-01 -8.660254037844386e-01  0.000000000000000e+00	0.000000000000000e+00 0.000000000000000e+00 1.000000000000000e+00	0.000000000000000e+00 0.000000000000000e+00 6.580962442277471e+02	1	0	0.000000000000000e+00	0.000000000000000e+00	0.000000000000000e+00	1.210736514974700e+06
4	-1.000000000000000e+00  0.000000000000000e+00  0.000000000000000e+00	0.000000000000000e+00 0.000000000000000e+00 1.000000000000000e+00	-0.000000000000000e+00 -0.000000000000000e+00 -1.159425144917371e+02	1	0	0.000000000000000e+00	0.000000000000000e+00	0.000000000000000e+00	1.890359461792276e+06
7	-5.000000000000000e-01 -8.660254037844386e-01  0.000000000000000e+00	0.000000000000000e+00 0.000000000000000e+00 1.000000000000000e+00	-0.000000000000000e+00 -0.000000000000000e+00 -1.894272067752324e+02	1	0	0.000000000000000e+00	0.000000000000000e+00	0.000000000000000e+00	1.360748121188147e+06
9	-5.000000000000000e-01 -8.660254037844386e-01  0.000000000000000e+00	 8.660254037844385e-01 -5.000000000000000e-01  0.000000000000000e+00	-1.215000000000000e+02  7.014805770653952e+01 -0.000000000000000e+00	1	0	0.000000000000000e+00	0.000000000000000e+00	0.000000000000000e+00	2.463197420518375e+06
10	-5.000000000000000e-01  8.660254037844386e-01  0.000000000000000e+00	8.660254037844385e-01 5.000000000000000e-01 0.000000000000000e+00	-1.409999999999999e+02 -8.140638795573722e+01 -0.000000000000000e+00	1	0	0.000000000000000e+00	0.000000000000000e+00	0.000000000000000e+00	2.367887409878442e+03
12	1.000000000000000e+00 0.000000000000000e+00 0.000000000000000e+00	 0.000000000000000e+00 -1.000000000000000e+00  0.000000000000000e+00	0.000000000000000e+00 2.381569860407206e+02 0.000000000000000e+00	1	0	0.000000000000000e+00	0.000000000000000e+00	0.000000000000000e+00	2.250000000000000e+06
13	 5.000000000000000e-01 -8.660254037844386e-01  0.000000000000000e+00	0.000000000000000e+00 0.000000000000000e+00 1.000000000000000e+00	0.000000000000000e+00 0.000000000000000e+00 1.518683640525570e+02	1	0	0.000000000000000e+00	0.000000000000000e+00	0.000000000000000e+00	1.230633878713444e+06
15	5.000000000000000e-01 8.660254037844386e-01 0.000000000000000e+00	 8.660254037844385e-01 -5.000000000000000e-01  0.000000000000000e+00	 5.594999999999998e+02 -3.230274756115955e+02  0.000000000000000e+00	1	0	0.000000000000000e+00	0.000000000000000e+00	0.000000000000000e+00	4.770852376809948e+05
18	-5.000000000000000e-01 -8.660254037844386e-01  0.000000000000000e+00	0.000000000000000e+00 0.000000000000000e+00 1.000000000000000e+00	0.000000000000000e+00 0.000000000000000e+00 1.469693845669907e+01	1	0	0.000000000000000e+00	0.000000000000000e+00	0.000000000000000e+00	3.637772132690247e+05
21	-5.000000000000000e-01 -8.660254037844386e-01  0.000000000000000e+00	0.000000000000000e+00 0.000000000000000e+00 1.000000000000000e+00	0.000000000000000e+00 0.000000000000000e+00 3.592584956081994e+02	1	0	0.000000000000000e+00	0.000000000000000e+00	0.000000000000000e+00	9.277366959626270e+02
22	-5.000000000000000e-01 -8.660254037844386e-01  0.000000000000000e+00	 8.660254037844385e-01 -5.000000000000000e-01  0.000000000000000e+00	 1.027500000000000e+02 -5.932274015923404e+01  0.000000000000000e+00	1	0	0.000000000000000e+00	0.000000000000000e+00	0.000000000000000e+00	1.246381395493536e+06
24	5.000000000000000e-01 8.660254037844386e-01 0.000000000000000e+00	 8.660254037844385e-01 -5.000000000000000e-01  0.000000000000000e+00	 7.694999999999998e+02 -4.442710321414170e+02  0.000000000000000e+00	1	0	0.000000000000000e+00	0.000000000000000e+00	0.000000000000000e+00	2.361459745070052e+05
25	-5.000000000000000e-01  8.660254037844386e-01  0.000000000000000e+00	8.660254037844385e-01 5.000000000000000e-01 0.000000000000000e+00	-8.017499999999998e+02 -4.628905783227824e+02 -0.000000000000000e+00	1	0	0.000000000000000e+00	0.000000000000000e+00	0.000000000000000e+00	1.974568915210525e+05
26	1.000000000000000e+00 0.000000000000000e+00 0.000000000000000e+00	0.000000000000000e+00 0.000000000000000e+00 1.000000000000000e+00	0.000000000000000e+00 0.000000000000000e+00 5.829785587823964e+02	1	0	0.000000000000000e+00	0.000000000000000e+00	0.000000000000000e+00	5.205218879737319e+05
27	 5.000000000000000e-01 -8.660254037844386e-01  0.000000000000000e+00	 0.000000000000000e+00  0.000000000000000e+00 -1.000000000000000e+00	0.000000000000000e+00 0.000000000000000e+00 6.580962442277471e+02	1	0	0.000000000000000e+00	0.000000000000000e+00	0.000000000000000e+00	2.867808615025042e+04
28	1.000000000000000e+00 0.000000000000000e+00 0.000000000000000e+00	0.000000000000000e+00 0.000000000000000e+00 1.000000000000000e+00	0.000000000000000e+00 0.000000000000000e+00 2.286190426597633e+02	1	0	0.000000000000000e+00	0.000000000000000e+00	0.000000000000000e+00	8.299841994658682e+03
29	1.000000000000000e+00 0.000000000000000e+00 0.000000000000000e+00	 0.000000000000000e+00 -1.000000000000000e+00  0.000000000000000e+00	0.000000000000000e+00 5.715767664977295e+01 0.000000000000000e+00	1	0	0.000000000000000e+00	0.000000000000000e+00	0.000000000000000e+00	2.112144366341550e+06
43	5.000000000000000e-01 8.660254037844386e-01 0.000000000000000e+00	 0.000000000000000e+00  0.000000000000000e+00 -1.000000000000000e+00	-0.000000000000000e+00 -0.000000000000000e+00 -1.159425144917371e+02	1	0	0.000000000000000e+00	0.000000000000000e+00	0.000000000000000e+00	2.475938234535217e+03
55	-1.000000000000000e+00  0.000000000000000e+00  0.000000000000000e+00	0.000000000000000e+00 0.000000000000000e+00 1.000000000000000e+00	-0.000000000000000e+00 -0.000000000000000e+00 -4.262112152442729e+02	1	0	0.000000000000000e+00	0.000000000000000e+00	0.000000000000000e+00	5.563022639118866e+04
66	-5.000000000000000e-01 -8.660254037844386e-01  0.000000000000000e+00	0.000000000000000e+00 0.000000000000000e+00 1.000000000000000e+00	0.000000000000000e+00 0.000000000000000e+00 1.077775486824598e+02	1	0	0.000000000000000e+00	0.000000000000000e+00	0.000000000000000e+00	2.057297458146249e+06
76	-1.000000000000000e+00  0.000000000000000e+00  0.000000000000000e+00	0.000000000000000e+00 0.000000000000000e+00 1.000000000000000e+00	0.000000000000000e+00 0.000000000000000e+00 2.286190426597633e+02	1	0	0.000000000000000e+00	0.000000000000000e+00	0.000000000000000e+00	6.790183388693110e+02
106	-1.000000000000000e+00  0.000000000000000e+00  0.000000000000000e+00	 0.000000000000000e+00 -1.000000000000000e+00  0.000000000000000e+00	-0.000000000000000e+00 -5.473280551917652e+02 -0.000000000000000e+00	1	0	0.000000000000000e+00	0.000000000000000e+00	0.000000000000000e+00	6.739385371749053e+03
107	 5.000000000000000e-01 -8.660254037844386e-01  0.000000000000000e+00	0.000000000000000e+00 0.000000000000000e+00 1.000000000000000e+00	0.000000000000000e+00 0.000000000000000e+00 3.804874067123203e+02	1	0	0.000000000000000e+00	0.000000000000000e+00	0.000000000000000e+00	2.145597392267657e+06
108	5.000000000000000e-01 8.660254037844386e-01 0.000000000000000e+00	0.000000000000000e+00 0.000000000000000e+00 1.000000000000000e+00	-0.000000000000000e+00 -0.000000000000000e+00 -4.164132562731402e+02	1	0	0.000000000000000e+00	0.000000000000000e+00	0.000000000000000e+00	1.972224765448940e+06
113	 5.000000000000000e-01 -8.660254037844386e-01  0.000000000000000e+00	0.000000000000000e+00 0.000000000000000e+00 1.000000000000000e+00	-0.000000000000000e+00 -0.000000000000000e+00 -6.793251553318680e+02	1	0	0.000000000000000e+00	0.000000000000000e+00	0.000000000000000e+00	1.251671635746949e+06
160	1.000000000000000e+00 0.000000000000000e+00 0.000000000000000e+00	 0.000000000000000e+00 -1.000000000000000e+00  0.000000000000000e+00	0.000000000000000e+00 3.403479836872843e+02 0.000000000000000e+00	1	0	0.000000000000000e+00	0.000000000000000e+00	0.000000000000000e+00	4.172101123329254e-01
208	1.000000000000000e+00 0.000000000000000e+00 0.000000000000000e+00	 0.000000000000000e+00 -1.000000000000000e+00  0.000000000000000e+00	0.000000000000000e+00 3.403479836872843e+02 0.000000000000000e+00	1	0	0.000000000000000e+00	0.000000000000000e+00	0.000000000000000e+00	2.550205843125046e+04
243	 5.000000000000000e-01 -8.660254037844386e-01  0.000000000000000e+00	0.000000000000000e+00 0.000000000000000e+00 1.000000000000000e+00	0.000000000000000e+00 0.000000000000000e+00 3.592584956081994e+02	1	0	0.000000000000000e+00	0.000000000000000e+00	0.000000000000000e+00	0.000000000000000e+00
246	1.000000000000000e+00 0.000000000000000e+00 0.000000000000000e+00	0.000000000000000e+00 0.000000000000000e+00 1.000000000000000e+00	0.000000000000000e+00 0.000000000000000e+00 3.592584956081994e+02	1	0	0.000000000000000e+00	0.000000000000000e+00	0.000000000000000e+00	0.000000000000000e+00
248	1.000000000000000e+00 0.000000000000000e+00 0.000000000000000e+00	0.000000000000000e+00 0.000000000000000e+00 1.000000000000000e+00	0.000000000000000e+00 0.000000000000000e+00 3.592584956081994e+02	1	0	0.000000000000000e+00	0.000000000000000e+00	0.000000000000000e+00	0.000000000000000e+00
297	-1.000000000000000e+00  0.000000000000000e+00  0.000000000000000e+00	0.000000000000000e+00 1.000000000000000e+00 0.000000000000000e+00	0.000000000000000e+00 6.910882722199819e+02 0.000000000000000e+00	1	0	0.000000000000000e+00	0.000000000000000e+00	0.000000000000000e+00	0.000000000000000e+00
319	5.000000000000000e-01 8.660254037844386e-01 0.000000000000000e+00	0.000000000000000e+00 0.000000000000000e+00 1.000000000000000e+00	0.000000000000000e+00 0.000000000000000e+00 3.592584956081994e+02	1	0	0.000000000000000e+00	0.000000000000000e+00	0.000000000000000e+00	9.277366959626252e+02
320	-1.000000000000000e+00  0.000000000000000e+00  0.000000000000000e+00	 0.000000000000000e+00 -1.000000000000000e+00  0.000000000000000e+00	0.000000000000000e+00 6.910882722199819e+02 0.000000000000000e+00	1	0	0.000000000000000e+00	0.000000000000000e+00	0.000000000000000e+00	1.629186507720035e+06
321	-5.000000000000000e-01 -8.660254037844386e-01  0.000000000000000e+00	0.000000000000000e+00 0.000000000000000e+00 1.000000000000000e+00	0.000000000000000e+00 0.000000000000000e+00 3.592584956081994e+02	1	0	0.000000000000000e+00	0.000000000000000e+00	0.000000000000000e+00	5.867002707338238e+05
323	-5.000000000000000e-01 -8.660254037844386e-01  0.000000000000000e+00	 0.000000000000000e+00  0.000000000000000e+00 -1.000000000000000e+00	0.000000000000000e+00 0.000000000000000e+00 1.518683640525570e+02	1	0	0.000000000000000e+00	0.000000000000000e+00	0.000000000000000e+00	3.861425271272955e+01
324	1.000000000000000e+00 0.000000000000000e+00 0.000000000000000e+00	 0.000000000000000e+00  0.000000000000000e+00 -1.000000000000000e+00	0.000000000000000e+00 0.000000000000000e+00 1.518683640525570e+02	1	0	0.000000000000000e+00	0.000000000000000e+00	0.000000000000000e+00	3.861425271272955e+01
325	-1.000000000000000e+00  0.000000000000000e+00  0.000000000000000e+00	 0.000000000000000e+00  0.000000000000000e+00 -1.000000000000000e+00	0.000000000000000e+00 0.000000000000000e+00 1.518683640525570e+02	1	0	0.000000000000000e+00	0.000000000000000e+00	0.000000000000000e+00	3.861425271272955e+01
327	1.000000000000000e+00 0.000000000000000e+00 0.000000000000000e+00	0.000000000000000e+00 0.000000000000000e+00 1.000000000000000e+00	0.000000000000000e+00 0.000000000000000e+00 1.518683640525570e+02	1	0	0.000000000000000e+00	0.000000000000000e+00	0.000000000000000e+00	1.003708362041036e+01
337	 5.000000000000000e-01 -8.660254037844386e-01  0.000000000000000e+00	8.660254037844385e-01 5.000000000000000e-01 0.000000000000000e+00	8.549999999999997e+01 4.936344801571300e+01 0.000000000000000e+00	1	0	0.000000000000000e+00	0.000000000000000e+00	0.000000000000000e+00	2.415286329190944e+05
340	-5.000000000000000e-01 -8.660254037844386e-01  0.000000000000000e+00	0.000000000000000e+00 0.000000000000000e+00 1.000000000000000e+00	0.000000000000000e+00 0.000000000000000e+00 9.471360338761622e+01	1	0	0.000000000000000e+00	0.000000000000000e+00	0.000000000000000e+00	4.006778759622211e+05
782	-5.000000000000000e-01  8.660254037844386e-01  0.000000000000000e+00	8.660254037844385e-01 5.000000000000000e-01 0.000000000000000e+00	6.397499999999998e+02 3.693598347140630e+02 0.000000000000000e+00	1	0	0.000000000000000e+00	0.000000000000000e+00	0.000000000000000e+00	3.614629952286779e+05
0	0	1	1
0	246	0	0
0	1	2	1
0	2	681	0
0	112	246	0
0	247	112	0
0	201	143	0
0	143	247	0
0	436	201	0
0	488	436	0
0	535	488	0
0	585	535	0
0	620	585	0
0	681	620	0
1	4	5	1
1	63	4	1
1	5	6	1
1	6	1292	0
1	292	63	0
1	164	113	0
1	113	328	0
1	144	364	0
1	365	144	0
1	505	164	0
1	202	292	0
1	364	202	0
1	328	248	0
1	248	365	0
1	367	249	0
1	249	505	0
1	2939	367	0
1	1292	2939	0
3	10	11	1
3	479	10	0
3	11	12	1
3	12	13	1
3	13	479	0
4	15	16	1
4	104	15	1
4	16	17	1
4	17	655	0
4	101	104	0
4	150	101	1
4	571	116	0
4	116	625	0
4	373	150	0
4	374	151	0
4	151	375	0
4	297	209	0
4	209	374	0
4	332	254	0
4	254	683	0
4	255	333	0
4	375	255	0
4	465	297	0
4	625	332	0
4	333	571	0
4	683	373	0
4	512	465	0
4	589	512	0
4	655	589	0
7	27	28	1
7	301	27	0
7	28	29	1
7	29	30	1
7	30	302	0
7	119	338	0
7	339	119	0
7	155	382	0
7	383	155	0
7	384	156	0
7	156	385	0
7	213	301	0
7	382	213	0
7	302	214	0
7	214	384	0
7	338	260	0
7	260	383	0
7	261	339	0
7	385	261	0
9	36	37	1
9	159	36	1
9	37	38	1
9	38	39	1
9	39	1801	0
9	491	122	0
9	122	507	0
9	521	159	0
9	216	160	0
9	160	497	0
9	455	216	0
9	507	262	0
9	262	521	0
9	263	491	0
9	497	263	0
9	529	455	0
9	616	529	0
9	740	616	0
9	864	740	0
9	1801	864	0
10	41	42	1
10	161	41	1
10	42	162	0
10	123	161	0
10	162	123	0
12	47	48	1
12	50	47	1
12	48	49	1
12	49	50	1
13	52	53	1
13	305	52	0
13	53	54	1
13	54	55	1
13	55	306	0
13	126	342	0
13	343	126	0
13	167	390	0
13	391	167	0
13	392	168	0
13	168	393	0
13	221	305	0
13	390	221	0
13	222	392	0
13	1014	222	0
13	342	268	0
13	268	391	0
13	269	343	0
13	393	269	0
13	306	572	0
13	572	1015	0
13	1015	1014	0
15	59	60	1
15	496	59	0
15	60	61	1
15	61	62	1
15	62	226	0
15	273	128	0
15	128	499	0
15	226	172	0
15	172	273	0
15	615	346	0
15	346	4212	0
15	4212	496	0
15	499	696	0
15	696	615	0
18	71	72	1
18	313	71	0
18	72	73	1
18	73	74	1
18	74	314	0
18	527	131	0
18	131	553	0
18	177	483	0
18	495	177	0
18	231	313	0
18	406	231	0
18	350	278	0
18	278	407	0
18	279	351	0
18	409	279	0
18	314	408	0
18	553	350	0
18	351	527	0
18	483	406	0
18	407	495	0
18	408	409	0
21	352	416	0
21	909	352	0
21	416	675	0
21	675	909	0
22	87	88	1
22	319	87	0
22	88	89	1
22	89	90	1
22	90	531	0
22	137	439	0
22	440	137	0
22	185	441	0
22	442	185	0
22	237	445	0
22	446	237	0
22	447	238	0
22	238	448	0
22	449	286	0
22	286	450	0
22	287	451	0
22	452	287	0
22	445	319	0
22	438	320	0
22	320	447	0
22	439	358	0
22	358	449	0
22	359	440	0
22	451	359	0
22	441	418	0
22	418	446	0
22	419	442	0
22	450	419	0
22	448	420	0
22	420	4218	0
22	421	452	0
22	1615	421	0
22	531	438	0
22	443	444	0
22	1886	443	0
22	444	1759	0
22	1675	1615	0
22	4219	1675	0
22	1759	2050	0
22	4218	1886	0
22	2050	4219	0
24	97	98	1
24	189	97	0
24	98	99	1
24	99	100	1
24	100	190	0
24	139	189	0
24	190	139	0
25	101	102	1
25	104	101	0
25	102	103	1
25	103	104	1
26	105	106	1
26	1081	105	0
26	106	107	1
26	107	242	0
26	141	362	0
26	363	141	0
26	191	426	0
26	427	191	0
26	428	192	0
26	192	429	0
26	241	323	0
26	426	241	0
26	242	428	0
26	362	290	0
26	290	427	0
26	291	363	0
26	429	291	0
26	323	486	0
26	486	582	0
26	582	660	0
26	660	1081	0
27	10	479	0
27	2820	10	0
27	484	468	0
27	468	2820	0
27	479	729	0
27	501	484	0
27	503	501	0
27	519	503	0
27	537	519	0
27	545	537	0
27	568	545	0
27	583	568	0
27	600	583	0
27	618	600	0
27	631	618	0
27	664	631	0
27	689	664	0
27	703	689	0
27	710	703	0
27	714	710	0
27	715	714	0
27	717	715	0
27	720	717	0
27	729	720	0
28	1292	6	0
28	6	4214	0
28	487	3478	0
28	4214	487	0
28	577	753	0
28	3478	577	0
28	753	1292	0
29	10	44	1
29	479	10	0
29	45	13	1
29	13	479	0
29	44	45	1
43	101	104	0
43	560	101	0
43	104	4128	0
43	540	560	0
43	4128	540	0
55	7	8	1
55	204	7	0
55	8	205	1
55	114	250	0
55	251	114	0
55	146	204	0
55	250	146	0
55	205	147	0
55	147	251	0
66	23	24	1
66	378	23	0
66	24	25	1
66	25	26	1
66	26	300	0
66	118	547	0
66	566	118	0
66	153	378	0
66	379	153	0
66	380	154	0
66	154	381	0
66	300	212	0
66	212	380	0
66	258	379	0
66	611	258	0
66	538	259	0
66	259	567	0
66	547	336	0
66	336	611	0
66	337	566	0
66	567	337	0
66	381	538	0
76	292	63	0
76	63	627	0
76	627	292	0
106	615	346	0
106	346	1705	0
106	708	615	0
106	865	708	0
106	1012	865	0
106	1705	1012	0
107	92	93	1
107	187	92	1
107	93	94	1
107	94	95	1
107	95	1002	0
107	424	187	0
107	322	240	0
107	240	424	0
107	490	322	0
107	595	490	0
107	733	595	0
107	747	733	0
107	771	747	0
107	1002	771	0
108	18	19	1
108	298	18	0
108	19	20	1
108	20	21	1
108	21	22	1
108	22	108	0
108	108	243	0
108	117	334	0
108	335	117	0
108	152	376	0
108	377	152	0
108	430	193	0
108	193	431	0
108	210	298	0
108	376	210	0
108	243	430	0
108	334	256	0
108	256	377	0
108	257	335	0
108	431	257	0
113	67	68	1
113	745	67	0
113	68	277	1
113	130	403	0
113	755	130	0
113	402	229	0
113	229	718	0
113	277	349	0
113	349	4123	0
113	403	402	0
113	718	724	0
113	724	745	0
113	4123	755	0
160	396	170	0
160	170	397	0
160	397	396	1
208	56	57	1
208	307	56	0
208	57	66	1
208	66	828	0
208	127	344	0
208	828	127	0
208	169	394	0
208	395	169	0
208	223	307	0
208	394	223	0
208	344	270	0
208	270	395	0
243	416	352	0
243	352	909	0
243	909	416	0
246	352	416	0
246	909	352	0
246	416	909	0
248	416	352	0
248	352	909	0
248	909	416	0
297	416	352	0
297	352	909	0
297	909	416	0
319	416	675	0
319	909	416	0
319	675	909	0
320	75	76	1
320	776	75	0
320	76	77	1
320	77	78	1
320	78	756	0
320	108	194	0
320	244	108	0
320	132	179	0
320	746	132	0
320	133	306	0
320	630	133	0
320	179	523	0
320	194	4221	0
320	1396	195	0
320	195	4213	0
320	315	233	0
320	233	1003	0
320	432	244	0
320	572	281	0
320	281	602	0
320	306	572	0
320	530	315	0
320	352	1000	0
320	1003	352	0
320	4213	432	0
320	602	433	0
320	433	1396	0
320	523	598	0
320	610	530	0
320	598	639	0
320	688	610	0
320	712	630	0
320	639	722	0
320	737	688	0
320	1000	712	0
320	722	776	0
320	756	737	0
320	4221	746	0
321	83	84	1
321	453	83	0
321	84	85	1
321	85	86	1
321	86	675	0
321	443	136	0
321	136	460	0
321	183	646	0
321	647	183	0
321	235	459	0
321	471	235	0
321	356	284	0
321	284	707	0
321	317	453	0
321	459	317	0
321	460	356	0
321	414	471	0
321	646	414	0
321	415	647	0
321	707	415	0
321	417	444	0
321	463	417	0
321	444	443	0
321	675	463	0
323	572	306	0
323	306	1015	0
323	1015	572	0
324	572	306	0
324	306	1015	0
324	1015	572	0
325	572	306	0
325	306	1015	0
325	1015	572	0
327	1015	572	0
327	572	1020	0
327	1020	1015	0
337	63	65	1
337	292	63	0
337	65	66	1
337	66	805	0
337	174	401	0
337	728	174	0
337	228	400	0
337	4216	228	0
337	274	292	0
337	4220	274	0
337	349	277	0
337	277	4216	0
337	615	346	0
337	346	4210	0
337	805	349	0
337	400	728	0
337	401	615	0
337	4210	4220	0
340	80	34	1
340	34	434	0
340	79	80	1
340	494	79	0
340	134	354	0
340	355	134	0
340	181	412	0
340	413	181	0
340	198	388	0
340	434	198	0
340	234	316	0
340	412	234	0
340	354	282	0
340	282	413	0
340	283	355	0
340	388	283	0
340	316	494	0
782	6	32	1
782	1292	6	0
782	32	33	1
782	33	34	1
782	34	4217	0
782	1011	2827	0
782	4217	1011	0
782	2264	1292	0
782	2827	2264	0
