458
42
516
0	 7.500000000000000e+02  1.732050807600000e+00 -5.810992721477000e+02	 1.339000000000000e-07 -2.320000000000000e-07 -4.361500000000001e-06	1.000000000000000e+00	0	1	0
1	 7.500000000000000e+02  1.732050807600000e+00 -7.500000000000000e+02	0.000000000000000e+00 0.000000000000000e+00 0.000000000000000e+00	1.000000000000000e+00	0	1	1
2	 3.179872981078000e+02  7.500000000000000e+02 -7.500000000000000e+02	-2.554044200000000e-02  4.423734330000000e-02  0.000000000000000e+00	1.000000000000000e+00	0	1	2
4	 7.500000000000000e+02 -7.500000000000000e+02  2.286190426598000e+02	0.000000000000000e+00 0.000000000000000e+00 0.000000000000000e+00	1.000000000000000e+00	7973	1	4
5	7.500000000000000e+02 7.500000000000000e+02 2.286190426598000e+02	0.000000000000000e+00 0.000000000000000e+00 0.000000000000000e+00	1.000000000000000e+00	7973	1	5
6	4.199872981078000e+02 7.500000000000000e+02 2.286190426598000e+02	0.000000000000000e+00 0.000000000000000e+00 0.000000000000000e+00	7.500000000000000e-01	7973	1	6
7	 7.500000000000000e+02  6.207906615395000e+02 -4.262112152443000e+02	5.440000000000000e-08 3.806000000000000e-07 0.000000000000000e+00	1.000000000000000e+00	646	1	7
8	 7.500000000000000e+02  7.500000000000000e+02 -4.262112152443000e+02	0.000000000000000e+00 0.000000000000000e+00 0.000000000000000e+00	1.000000000000000e+00	646	1	8
10	-7.500000000000000e+02  5.715767664980000e+01  6.580962442277000e+02	0.000000000000000e+00 0.000000000000000e+00 0.000000000000000e+00	1.000000000000000e+00	1105	1	10
11	-7.500000000000000e+02 -7.500000000000000e+02  6.580962442277000e+02	0.000000000000000e+00 0.000000000000000e+00 0.000000000000000e+00	1.000000000000000e+00	1105	1	11
12	 7.500000000000000e+02 -7.500000000000000e+02  6.580962442277000e+02	0.000000000000000e+00 0.000000000000000e+00 0.000000000000000e+00	1.000000000000000e+00	1105	1	12
13	7.500000000000000e+02 5.715767664980000e+01 6.580962442277000e+02	0.000000000000000e+00 0.000000000000000e+00 0.000000000000000e+00	4.218750000000000e-01	1105	1	13
15	 7.500000000000000e+02 -7.500000000000000e+02 -1.159425144917000e+02	0.000000000000000e+00 0.000000000000000e+00 0.000000000000000e+00	1.000000000000000e+00	661	1	15
16	 7.500000000000000e+02  7.500000000000000e+02 -1.159425144917000e+02	0.000000000000000e+00 0.000000000000000e+00 0.000000000000000e+00	1.000000000000000e+00	661	1	16
17	 2.511413906804000e+02  7.500000000000000e+02 -1.159425144917000e+02	 9.676400000000001e-06 -2.187550000000000e-05  0.000000000000000e+00	1.000000000000000e+00	661	1	17
18	-7.500000000000000e+02 -9.499549328350000e+01 -4.164132562731000e+02	 7.491000000000001e-07 -6.191000000000000e-07  0.000000000000000e+00	1.000000000000000e+00	8007	1	18
19	-7.500000000000000e+02 -7.500000000000000e+02 -4.164132562731000e+02	0.000000000000000e+00 0.000000000000000e+00 0.000000000000000e+00	1.000000000000000e+00	8007	1	19
20	 7.500000000000000e+02 -7.500000000000000e+02 -4.164132562731000e+02	0.000000000000000e+00 0.000000000000000e+00 0.000000000000000e+00	1.000000000000000e+00	8007	1	20
21	 7.500000000000000e+02  7.500000000000000e+02 -4.164132562731000e+02	0.000000000000000e+00 0.000000000000000e+00 0.000000000000000e+00	1.000000000000000e+00	8007	1	21
22	-2.076897610885000e+02  7.500000000000000e+02 -4.164132562731000e+02	4.370101800000000e-03 0.000000000000000e+00 0.000000000000000e+00	7.500000000000000e-01	8007	1	22
23	-6.336269715101000e+02 -7.500000000000000e+02  1.077775486825000e+02	-1.930157000000000e-04  3.740560000000000e-05  0.000000000000000e+00	1.000000000000000e+00	23	1	23
24	 7.500000000000000e+02 -7.500000000000000e+02  1.077775486825000e+02	0.000000000000000e+00 0.000000000000000e+00 0.000000000000000e+00	1.000000000000000e+00	23	1	24
25	7.500000000000000e+02 7.500000000000000e+02 1.077775486825000e+02	0.000000000000000e+00 0.000000000000000e+00 0.000000000000000e+00	1.000000000000000e+00	23	1	25
26	-6.127964904019000e+02  7.500000000000000e+02  1.077775486825000e+02	 1.039780000000000e-05 -1.175400000000000e-06  0.000000000000000e+00	1.000000000000000e+00	23	1	26
27	-7.365627162380000e+02 -7.500000000000000e+02 -1.894272067752000e+02	 2.963000000000000e-07 -2.285000000000000e-07  0.000000000000000e+00	1.000000000000000e+00	27	1	27
28	 7.500000000000000e+02 -7.500000000000000e+02 -1.894272067752000e+02	0.000000000000000e+00 0.000000000000000e+00 0.000000000000000e+00	1.000000000000000e+00	27	1	28
29	 7.500000000000000e+02  7.500000000000000e+02 -1.894272067752000e+02	0.000000000000000e+00 0.000000000000000e+00 0.000000000000000e+00	1.000000000000000e+00	27	1	29
30	 4.223876413328000e+02  7.500000000000000e+02 -1.894272067752000e+02	-1.634000000000000e-07  1.262000000000000e-07  0.000000000000000e+00	1.000000000000000e+00	27	1	30
32	4.199872981078000e+02 7.500000000000000e+02 7.500000000000000e+02	0.000000000000000e+00 0.000000000000000e+00 0.000000000000000e+00	1.000000000000000e+00	7973	1	32
33	7.500000000000000e+02 1.784012331796000e+02 7.500000000000000e+02	0.000000000000000e+00 0.000000000000000e+00 0.000000000000000e+00	1.000000000000000e+00	7973	1	33
34	7.500000000000000e+02 1.784012331796000e+02 9.471360338760000e+01	 0.000000000000000e+00 -0.000000000000000e+00  0.000000000000000e+00	7.500000000000000e-01	7973	1	34
36	-5.950127018922000e+02 -7.500000000000000e+02 -7.500000000000000e+02	0.000000000000000e+00 0.000000000000000e+00 0.000000000000000e+00	1.000000000000000e+00	491	1	36
37	 2.710127018922000e+02  7.500000000000000e+02 -7.500000000000000e+02	0.000000000000000e+00 0.000000000000000e+00 0.000000000000000e+00	1.000000000000000e+00	491	1	37
38	2.710127018922000e+02 7.500000000000000e+02 7.500000000000000e+02	0.000000000000000e+00 0.000000000000000e+00 0.000000000000000e+00	1.000000000000000e+00	491	1	38
39	-2.115441479198000e+02 -8.581298141480001e+01  7.500000000000000e+02	 7.088000000000000e-07  1.227800000000000e-06 -6.629100000000001e-06	1.000000000000000e+00	491	1	39
41	 2.450127018922000e+02 -7.500000000000000e+02  7.500000000000000e+02	0.000000000000000e+00 0.000000000000000e+00 0.000000000000000e+00	1.000000000000000e+00	729	1	41
42	 2.450127018922000e+02 -7.500000000000000e+02  7.354028026715000e+02	 2.900000000000000e-09 -5.000000000000000e-09  1.473000000000000e-07	1.000000000000000e+00	729	1	42
44	-7.500000000000000e+02  5.715767664980000e+01 -7.500000000000000e+02	0.000000000000000e+00 0.000000000000000e+00 0.000000000000000e+00	1.000000000000000e+00	1105	1	44
45	 7.500000000000000e+02  5.715767664980000e+01 -7.500000000000000e+02	0.000000000000000e+00 0.000000000000000e+00 0.000000000000000e+00	1.000000000000000e+00	1105	1	45
47	-7.500000000000000e+02  2.381569860407000e+02  7.500000000000000e+02	0.000000000000000e+00 0.000000000000000e+00 0.000000000000000e+00	1.000000000000000e+00	1074	1	47
48	-7.500000000000000e+02  2.381569860407000e+02 -7.500000000000000e+02	0.000000000000000e+00 0.000000000000000e+00 0.000000000000000e+00	1.000000000000000e+00	1074	1	48
49	 7.500000000000000e+02  2.381569860407000e+02 -7.500000000000000e+02	0.000000000000000e+00 0.000000000000000e+00 0.000000000000000e+00	1.000000000000000e+00	1074	1	49
50	7.500000000000000e+02 2.381569860407000e+02 7.500000000000000e+02	0.000000000000000e+00 0.000000000000000e+00 0.000000000000000e+00	1.000000000000000e+00	1074	1	50
52	 2.613910174714000e+02 -7.500000000000000e+02  1.518683640526000e+02	3.329000000000000e-07 1.688000000000000e-07 0.000000000000000e+00	1.000000000000000e+00	8007	1	52
53	 7.500000000000000e+02 -7.500000000000000e+02  1.518683640526000e+02	0.000000000000000e+00 0.000000000000000e+00 0.000000000000000e+00	1.000000000000000e+00	8007	1	53
54	7.500000000000000e+02 7.500000000000000e+02 1.518683640526000e+02	0.000000000000000e+00 0.000000000000000e+00 0.000000000000000e+00	1.000000000000000e+00	8007	1	54
55	-3.652493690379000e+02  7.500000000000000e+02  1.518683640526000e+02	-2.282716845703125e-06 -5.314260498046875e-07  0.000000000000000e+00	1.779785156250000e-01	8007	1	55
56	-7.500000000000000e+02  3.403479836873000e+02 -6.860675637521000e+02	-7.510000000000000e-08  0.000000000000000e+00 -2.375800000000000e-06	1.000000000000000e+00	7973	1	56
57	-7.500000000000000e+02  3.403479836873000e+02 -7.500000000000000e+02	0.000000000000000e+00 0.000000000000000e+00 0.000000000000000e+00	1.000000000000000e+00	7973	1	57
59	 3.129872981078000e+02 -7.500000000000000e+02 -7.465330967100000e+00	-2.503900000000000e-06 -4.337000000000000e-06  1.574935000000000e-04	1.000000000000000e+00	7973	1	59
60	 3.129872981078000e+02 -7.500000000000000e+02 -7.500000000000000e+02	0.000000000000000e+00 0.000000000000000e+00 0.000000000000000e+00	1.000000000000000e+00	7973	1	60
61	 7.500000000000000e+02  6.928203230300000e+00 -7.500000000000000e+02	0.000000000000000e+00 0.000000000000000e+00 0.000000000000000e+00	1.000000000000000e+00	7973	1	61
62	 7.500000000000000e+02  6.928203230300000e+00 -2.860331329427000e+02	2.341000000000000e-07 4.055000000000000e-07 2.423530000000000e-05	1.000000000000000e+00	7973	1	62
63	 5.470127018922000e+02 -7.500000000000000e+02  2.286190426598000e+02	-0.000000000000000e+00 -0.000000000000000e+00  0.000000000000000e+00	1.000000000000000e+00	7973	1	63
65	 5.470127018922000e+02 -7.500000000000000e+02 -7.500000000000000e+02	0.000000000000000e+00 0.000000000000000e+00 0.000000000000000e+00	1.000000000000000e+00	7973	1	65
66	-8.250000000000000e+01  3.403479836873000e+02 -7.500000000000000e+02	0.000000000000000e+00 0.000000000000000e+00 0.000000000000000e+00	7.500000000000000e-01	7973	1	66
67	-7.500000000000000e+02  7.500000000000000e+02 -6.793251553319001e+02	0.000000000000000e+00 1.458862474000000e-01 0.000000000000000e+00	1.000000000000000e+00	7973	1	67
68	-7.500000000000000e+02 -7.500000000000000e+02 -6.793251553319001e+02	0.000000000000000e+00 0.000000000000000e+00 0.000000000000000e+00	1.000000000000000e+00	7973	1	68
71	 4.498858470572000e+02 -7.500000000000000e+02  1.469693845670000e+01	-1.449120000000000e-05  3.509000000000000e-06  0.000000000000000e+00	1.000000000000000e+00	5009	1	71
72	 7.500000000000000e+02 -7.500000000000000e+02  1.469693845670000e+01	0.000000000000000e+00 0.000000000000000e+00 0.000000000000000e+00	1.000000000000000e+00	5009	1	72
73	7.500000000000000e+02 7.500000000000000e+02 1.469693845670000e+01	0.000000000000000e+00 0.000000000000000e+00 0.000000000000000e+00	1.000000000000000e+00	5009	1	73
74	5.849355485590000e+02 7.500000000000000e+02 1.469693845670000e+01	 1.455062000000000e-04 -4.643300000000000e-05  0.000000000000000e+00	1.000000000000000e+00	5009	1	74
75	 3.130550281633000e+02  6.910882722200000e+02 -7.500000000000000e+02	2.654000000000000e-07 0.000000000000000e+00 7.455000000000000e-07	1.000000000000000e+00	8007	1	75
76	 7.500000000000000e+02  6.910882722200000e+02 -7.500000000000000e+02	0.000000000000000e+00 0.000000000000000e+00 0.000000000000000e+00	1.000000000000000e+00	8007	1	76
77	7.500000000000000e+02 6.910882722200000e+02 7.500000000000000e+02	0.000000000000000e+00 0.000000000000000e+00 0.000000000000000e+00	1.000000000000000e+00	8007	1	77
78	-7.500000000000000e+02  6.910882722200000e+02  7.500000000000000e+02	-6.235312230000000e-02  0.000000000000000e+00  0.000000000000000e+00	1.000000000000000e+00	8007	1	78
79	-5.541184945530000e+01 -7.500000000000000e+02  9.471360338760000e+01	 9.044200000000001e-06 -8.979400000000001e-06  0.000000000000000e+00	1.000000000000000e+00	7973	1	79
80	 7.500000000000000e+02 -7.500000000000000e+02  9.471360338760000e+01	0.000000000000000e+00 0.000000000000000e+00 0.000000000000000e+00	1.000000000000000e+00	7973	1	80
83	 3.222340171500000e+02 -7.500000000000000e+02  3.592584956082000e+02	-5.308800000000000e-06  7.587000000000000e-07  0.000000000000000e+00	1.000000000000000e+00	8007	1	83
84	 7.500000000000000e+02 -7.500000000000000e+02  3.592584956082000e+02	0.000000000000000e+00 0.000000000000000e+00 0.000000000000000e+00	1.000000000000000e+00	8007	1	84
85	7.500000000000000e+02 7.500000000000000e+02 3.592584956082000e+02	0.000000000000000e+00 0.000000000000000e+00 0.000000000000000e+00	1.000000000000000e+00	8007	1	85
86	4.386512563806000e+02 7.500000000000000e+02 3.592584956082000e+02	2.247393000000000e-04 9.227000000000001e-07 0.000000000000000e+00	1.000000000000000e+00	8007	1	86
87	-2.960127018922000e+02 -7.500000000000000e+02 -4.867563145734000e+02	-3.660000000000000e-08 -6.340000000000000e-08  7.204000000000000e-07	1.000000000000000e+00	8007	1	87
88	-2.960127018922000e+02 -7.500000000000000e+02 -7.500000000000000e+02	0.000000000000000e+00 0.000000000000000e+00 0.000000000000000e+00	1.000000000000000e+00	8007	1	88
89	 5.700127018922000e+02  7.500000000000000e+02 -7.500000000000000e+02	0.000000000000000e+00 0.000000000000000e+00 0.000000000000000e+00	1.000000000000000e+00	8007	1	89
90	5.700127018922000e+02 7.500000000000000e+02 6.186543004089000e+02	 0.000000000000000e+00 -0.000000000000000e+00 -4.174318000000000e-04	1.000000000000000e+00	8007	1	90
92	-7.500000000000000e+02  7.500000000000000e+02  3.804874067123000e+02	0.000000000000000e+00 0.000000000000000e+00 0.000000000000000e+00	1.000000000000000e+00	8006	1	92
93	-7.500000000000000e+02 -7.500000000000000e+02  3.804874067123000e+02	0.000000000000000e+00 0.000000000000000e+00 0.000000000000000e+00	1.000000000000000e+00	8006	1	93
94	 7.500000000000000e+02 -7.500000000000000e+02  3.804874067123000e+02	0.000000000000000e+00 0.000000000000000e+00 0.000000000000000e+00	1.000000000000000e+00	8006	1	94
95	7.500000000000000e+02 3.004062272040000e+02 3.804874067123000e+02	-1.221430000000000e-05 -1.259490000000000e-05  0.000000000000000e+00	1.000000000000000e+00	8006	1	95
97	 5.929872981078000e+02 -7.500000000000000e+02 -1.594883150750000e+01	 5.400000000000000e-09  9.400000000000000e-09 -1.052000000000000e-07	1.000000000000000e+00	97	1	97
98	 5.929872981078000e+02 -7.500000000000000e+02 -7.500000000000000e+02	0.000000000000000e+00 0.000000000000000e+00 0.000000000000000e+00	1.000000000000000e+00	97	1	98
99	 7.500000000000000e+02 -4.780460228890000e+02 -7.500000000000000e+02	0.000000000000000e+00 0.000000000000000e+00 0.000000000000000e+00	1.000000000000000e+00	97	1	99
100	 7.500000000000000e+02 -4.780460228890000e+02  1.941431467470000e+01	 2.540000000000000e-08  4.410000000000000e-08 -5.394000000000000e-07	1.000000000000000e+00	97	1	100
101	-7.500000000000000e+02 -5.525242076145000e+02 -1.159425144917000e+02	-0.000000000000000e+00  0.000000000000000e+00  0.000000000000000e+00	1.779785156250000e-01	661	1	101
102	-7.500000000000000e+02 -5.525242076145000e+02  7.500000000000000e+02	0.000000000000000e+00 0.000000000000000e+00 0.000000000000000e+00	1.000000000000000e+00	661	1	102
103	-6.359872981078000e+02 -7.500000000000000e+02  7.500000000000000e+02	0.000000000000000e+00 0.000000000000000e+00 0.000000000000000e+00	1.000000000000000e+00	661	1	103
104	-6.359872981078000e+02 -7.500000000000000e+02 -1.159425144917000e+02	0.000000000000000e+00 0.000000000000000e+00 0.000000000000000e+00	7.500000000000000e-01	661	1	104
105	-5.770586009546000e+02 -7.500000000000000e+02  5.829785587824000e+02	-7.259240000000000e-05  2.157974000000000e-04  0.000000000000000e+00	1.000000000000000e+00	105	1	105
106	 7.500000000000000e+02 -7.500000000000000e+02  5.829785587824000e+02	0.000000000000000e+00 0.000000000000000e+00 0.000000000000000e+00	1.000000000000000e+00	105	1	106
107	7.500000000000000e+02 2.502824631360000e+01 5.829785587824000e+02	 5.875000000000000e-07 -1.961800000000000e-06  0.000000000000000e+00	1.000000000000000e+00	105	1	107
108	-2.088534062179000e+02  6.910882722200000e+02 -4.164132562731000e+02	1.655494700000000e-03 0.000000000000000e+00 0.000000000000000e+00	1.000000000000000e+00	8007	0	108
112	 6.715519143791000e+02  1.376081208595000e+02 -5.927791126687000e+02	 1.782000000000000e-07 -3.086000000000000e-07 -3.912700000000000e-06	1.000000000000000e+00	0	0	112
113	 5.163371042068001e+02 -6.478963001100000e+00  2.286190426598000e+02	-2.490750000000000e-05  2.180800000000000e-06  0.000000000000000e+00	1.000000000000000e+00	7973	0	113
114	 2.990318671779000e+02  6.853921856666000e+02 -4.262112152443000e+02	-5.600000000000001e-09 -3.770000000000000e-08  0.000000000000000e+00	1.000000000000000e+00	646	0	114
116	-5.769817282253000e+02  1.411705164676000e+02 -1.159425144917000e+02	-2.640110000000000e-05  2.774830000000000e-05  0.000000000000000e+00	1.000000000000000e+00	661	0	116
117	-4.257899066540000e+02  2.979820622806000e+02 -4.164132562731000e+02	 5.596000000000000e-07 -4.602000000000000e-07  0.000000000000000e+00	1.000000000000000e+00	8007	0	117
118	-6.290238796772001e+02 -1.583567540911000e+02  1.077775486825000e+02	-1.403533000000000e-04 -4.949700000000000e-06  0.000000000000000e+00	1.000000000000000e+00	23	0	118
119	-1.571762575380000e+02  5.524004310000000e-02 -1.894272067752000e+02	-2.837000000000000e-07  2.193000000000000e-07  0.000000000000000e+00	1.000000000000000e+00	27	0	119
122	-5.464673019751000e+02 -6.659169008698000e+02  3.827497359360000e+02	-3.675600000000000e-06 -6.366400000000001e-06 -3.239050000000000e-05	1.000000000000000e+00	491	0	122
123	 1.455993269103000e+02 -5.778109835793000e+02  7.443219172307000e+02	 4.400000000000001e-09 -7.600000000000000e-09  1.664000000000000e-07	1.000000000000000e+00	729	0	123
126	-7.300378518640001e+01 -7.150117900000000e-03  1.518683640526000e+02	-9.130000000000000e-08 -3.970000000000000e-08  0.000000000000000e+00	1.000000000000000e+00	8007	0	126
127	-2.081563639264000e+02  3.403479836873000e+02 -7.339633604242000e+02	 2.999000000000000e-07  0.000000000000000e+00 -2.750000000000000e-08	1.000000000000000e+00	7973	0	127
128	 5.325260118799000e+02 -3.697477935184000e+02 -2.724820495671000e+02	1.229000000000000e-07 2.129000000000000e-07 5.448700000000000e-06	1.000000000000000e+00	7973	0	128
130	-3.320481880681000e+02  5.853157145484000e+02 -6.793251553319001e+02	-1.362390000000000e-05 -2.685510000000000e-05  0.000000000000000e+00	1.000000000000000e+00	7973	0	130
131	5.157971110384000e+02 1.492089467932000e+02 1.469693845670000e+01	1.513178000000000e-04 4.204700000000000e-06 0.000000000000000e+00	1.000000000000000e+00	5009	0	131
132	-4.809394405160000e+01  6.910882722200000e+02 -5.568642438748000e+02	1.442933000000000e-04 0.000000000000000e+00 1.399322000000000e-04	1.000000000000000e+00	8007	0	132
133	-3.445755960533000e+02  6.910882722200000e+02  1.558679158314000e+02	-3.028809375000000e-06  0.000000000000000e+00  2.979956250000000e-06	4.218750000000000e-01	8007	0	133
134	 3.673474031089000e+02 -1.674989229649000e+02  9.471360338760000e+01	 1.045720000000000e-05 -7.851600000000000e-06  0.000000000000000e+00	1.000000000000000e+00	7973	0	134
136	3.470291652332000e+02 2.269517154910000e+02 3.592584956082000e+02	1.641229312500000e-04 6.480427500000000e-05 0.000000000000000e+00	5.625000000000000e-01	8007	0	136
137	 1.618949553831000e+02  4.311932757570000e+01 -7.842262869340000e+01	 6.617000000000000e-05  1.146098000000000e-04 -1.518347000000000e-04	1.000000000000000e+00	8007	0	137
139	 6.776858176372000e+02 -6.032978608492000e+02  3.573297744000000e+00	 2.073000000000000e-07  3.591000000000000e-07 -3.327100000000000e-06	1.000000000000000e+00	97	0	139
141	 2.377946622861000e+02 -2.575677711145000e+02  5.829785587824000e+02	 1.989040000000000e-05 -3.346040000000000e-05  0.000000000000000e+00	1.000000000000000e+00	105	0	141
143	 5.701348305039000e+02  3.132676628868000e+02 -6.180501601844001e+02	 2.188000000000000e-07 -3.789000000000000e-07 -2.884500000000000e-06	1.000000000000000e+00	0	0	143
144	 4.890211731744000e+02 -3.772190655814000e+02  2.286190426598000e+02	-4.110740000000000e-05  4.181900000000001e-06  0.000000000000000e+00	1.000000000000000e+00	7973	0	144
146	 5.245197292695000e+02  6.530658356347001e+02 -4.262112152443000e+02	1.290000000000000e-08 8.980000000000000e-08 0.000000000000000e+00	1.000000000000000e+00	646	0	146
147	 7.248399982190000e+01  7.225705786151000e+02 -4.262112152443000e+02	2.300000000000000e-07 9.000000000000001e-07 0.000000000000000e+00	1.000000000000000e+00	646	0	147
150	-7.500000000000000e+02 -2.077459827157000e+02 -1.159425144917000e+02	0.000000000000000e+00 0.000000000000000e+00 0.000000000000000e+00	1.000000000000000e+00	661	1	150
151	-2.355642414888000e+02  4.492328234973000e+02 -1.159425144917000e+02	-2.685900000000000e-06  3.688400000000000e-06  0.000000000000000e+00	1.000000000000000e+00	661	0	151
152	-5.878285160926000e+02  1.015202620431000e+02 -4.164132562731000e+02	 5.316000000000000e-07 -4.385000000000000e-07  0.000000000000000e+00	1.000000000000000e+00	8007	0	152
153	-6.138815718530000e+02 -6.147306318505000e+02  1.077775486825000e+02	-2.097608000000000e-04 -1.098400000000000e-06  0.000000000000000e+00	1.000000000000000e+00	23	0	153
154	-6.340049052175000e+02  3.320662219799000e+02  1.077775486825000e+02	-5.825640000000000e-05  8.885000000000000e-07  0.000000000000000e+00	1.000000000000000e+00	23	0	154
155	-4.469458348361000e+02 -3.749402724641000e+02 -1.894272067752000e+02	-2.662000000000000e-07  2.056000000000000e-07  0.000000000000000e+00	1.000000000000000e+00	27	0	155
156	 1.326307995707000e+02  3.750217479802000e+02 -1.894272067752000e+02	-1.294000000000000e-07  1.000000000000000e-07  0.000000000000000e+00	1.000000000000000e+00	27	0	156
159	-5.950127018922000e+02 -7.500000000000000e+02  2.313997952611000e+02	-2.183210000000000e-05 -3.781430000000000e-05  5.925000000000000e-06	1.000000000000000e+00	491	1	159
160	-4.491685589524000e+02 -4.973905344420000e+02  5.421868657187000e+02	 7.260400000000000e-06  1.257540000000000e-05 -1.967240000000000e-05	1.000000000000000e+00	491	0	160
161	 9.393008473700000e+01 -4.883172309466000e+02  7.500000000000000e+02	 4.500000000000000e-09 -7.699999999999999e-09  1.624000000000000e-07	1.000000000000000e+00	729	1	161
162	 1.965550529784000e+02 -6.660688900659001e+02  7.391752170740000e+02	 3.200000000000000e-09 -5.600000000000001e-09  1.432000000000000e-07	1.000000000000000e+00	729	0	162
164	5.237831007079001e+02 5.431352848140000e+01 2.286190426598000e+02	-1.269280000000000e-05  1.509700000000000e-06  0.000000000000000e+00	1.000000000000000e+00	7973	0	164
167	 9.026942121090001e+01 -3.750413413534000e+02  1.518683640526000e+02	-3.525000000000000e-07 -1.537000000000000e-07  0.000000000000000e+00	1.000000000000000e+00	8007	0	167
168	-2.362378014124000e+02  3.750034372231000e+02  1.518683640526000e+02	5.150000000000000e-08 2.250000000000000e-08 0.000000000000000e+00	1.000000000000000e+00	8007	0	168
169	-4.953170467012000e+02  3.403479836873000e+02 -7.003907118091000e+02	-2.215000000000000e-07  0.000000000000000e+00 -2.606100000000000e-06	1.000000000000000e+00	7973	0	169
172	 6.452726299796000e+02 -1.744649225882000e+02 -2.812160876969000e+02	2.656000000000000e-07 4.600000000000000e-07 1.776330000000000e-05	1.000000000000000e+00	7973	0	172
174	 4.569327417926000e+02 -5.939769323637000e+02 -3.156667136986000e+02	-1.910644000000000e-04  3.309333000000000e-04 -2.110643000000000e-04	1.000000000000000e+00	7973	0	174
177	 5.070013353753000e+02 -3.048416637593000e+02  1.469693845670000e+01	 5.159960000000000e-05 -3.766300000000000e-06  0.000000000000000e+00	1.000000000000000e+00	5009	0	177
179	 7.406723839100001e+00  6.910882722200000e+02 -6.020580118291000e+02	-5.843700000000000e-06  0.000000000000000e+00 -3.961400000000000e-06	1.000000000000000e+00	8007	0	179
181	 2.145643475205000e+02 -4.509924157571000e+02  9.471360338760000e+01	 1.191000000000000e-07 -5.650000000000000e-08  0.000000000000000e+00	1.000000000000000e+00	7973	0	181
183	 3.490192375575000e+02 -2.768641718026000e+02  3.592584956082000e+02	 8.164990000000000e-05 -6.705000000000000e-07  0.000000000000000e+00	1.000000000000000e+00	8007	0	183
185	-8.273990667430000e+01 -3.806006828103000e+02 -3.805905318547000e+02	 2.824600000000000e-06  4.892400000000000e-06 -1.364660000000000e-05	1.000000000000000e+00	8007	0	185
187	4.244875166213000e+02 7.500000000000000e+02 3.804874067123000e+02	2.182306000000000e-04 6.267580000000001e-05 0.000000000000000e+00	1.000000000000000e+00	8006	1	187
189	 6.312210151848000e+02 -6.837772594604000e+02 -8.065698065099999e+00	 2.348000000000000e-07  4.066000000000000e-07 -3.770700000000000e-06	1.000000000000000e+00	97	0	189
190	 7.226598005371001e+02 -5.254006374479001e+02  1.425570283980000e+01	 1.040000000000000e-07  1.801000000000000e-07 -1.766200000000000e-06	1.000000000000000e+00	97	0	190
191	-8.500969774220000e+01 -4.563221973184000e+02  5.829785587824000e+02	-9.117300000000000e-06  1.415980000000000e-05  0.000000000000000e+00	1.000000000000000e+00	105	0	191
192	 5.647093393112000e+02 -7.031060294170000e+01  5.829785587824000e+02	 4.092110000000000e-05 -6.501900000000001e-05  0.000000000000000e+00	1.000000000000000e+00	105	0	192
193	-2.655705783090000e+02  4.952462319958000e+02 -4.164132562731000e+02	-6.194081250000000e-06  3.234993750000000e-06  0.000000000000000e+00	5.625000000000000e-01	8007	0	193
194	-2.015362284767000e+02  6.910882722200000e+02 -4.171819954911000e+02	 2.292704050781250e-04  0.000000000000000e+00 -2.012397760546875e-03	3.164062500000000e-01	8007	0	194
195	-3.669571958718000e+02  6.910882722200000e+02 -2.065221810014000e+02	1.107410000000000e-05 0.000000000000000e+00 2.250273000000000e-04	1.000000000000000e+00	8007	0	195
198	5.991301303381000e+02 5.753926943220000e+01 9.471360338760000e+01	 5.804500000000000e-06 -6.949200000000000e-06  0.000000000000000e+00	1.000000000000000e+00	7973	0	198
201	 5.169228879410000e+02  4.054334509752000e+02 -6.361788877520000e+02	 1.758000000000000e-07 -3.044000000000000e-07 -2.042100000000000e-06	1.000000000000000e+00	0	0	201
202	 4.626238620866000e+02 -5.766635413155000e+02  2.286190426598000e+02	-1.005105585937500e-05 -4.552136718750000e-07  0.000000000000000e+00	3.164062500000000e-01	7973	0	202
204	 6.372644004836001e+02  6.369078880772000e+02 -4.262112152443000e+02	2.280000000000000e-08 1.591000000000000e-07 0.000000000000000e+00	1.000000000000000e+00	646	0	204
205	-2.396934017720000e+01  7.500000000000000e+02 -4.262112152443000e+02	-7.940000000000000e-08 -2.793000000000000e-07  0.000000000000000e+00	1.000000000000000e+00	646	1	205
209	-7.710593243150001e+01  5.614536483654000e+02 -1.159425144917000e+02	 7.221000000000000e-07 -1.175400000000000e-06  0.000000000000000e+00	1.000000000000000e+00	661	0	209
210	-6.688569754034000e+02  3.297037448900000e+00 -4.164132562731000e+02	 4.807000000000000e-07 -3.964000000000000e-07  0.000000000000000e+00	1.000000000000000e+00	8007	0	210
212	-6.274551113383001e+02  5.592413627343000e+02  1.077775486825000e+02	-1.845690000000000e-05  6.760000000000001e-07  0.000000000000000e+00	1.000000000000000e+00	23	0	212
213	-5.917700925866001e+02 -5.624847926951001e+02 -1.894272067752000e+02	-5.600000000000001e-08  4.320000000000000e-08  0.000000000000000e+00	1.000000000000000e+00	27	0	213
214	 2.775319373067000e+02  5.625068592761000e+02 -1.894272067752000e+02	-5.810000000000000e-08  4.490000000000000e-08  0.000000000000000e+00	1.000000000000000e+00	27	0	214
216	-4.004114784909000e+02 -4.129407938538000e+02  6.072923744447000e+02	 6.334900000000000e-06  1.097230000000000e-05 -1.987750000000000e-05	1.000000000000000e+00	491	0	216
221	 1.722519201403000e+02 -5.624937876574000e+02  1.518683640526000e+02	4.240000000000000e-08 1.910000000000000e-08 0.000000000000000e+00	1.000000000000000e+00	8007	0	221
222	-3.121030583733000e+02  5.641110192238000e+02  1.518683640526000e+02	-5.041000000000000e-07 -1.814000000000000e-07  0.000000000000000e+00	1.000000000000000e+00	8007	0	222
223	-6.345263151394000e+02  3.403479836873000e+02 -6.907252447765001e+02	-1.358000000000000e-07  0.000000000000000e+00 -2.512600000000000e-06	1.000000000000000e+00	7973	0	223
226	 7.013920173356000e+02 -7.726329239800000e+01 -2.841551166153000e+02	2.410000000000000e-07 4.174000000000000e-07 2.169820000000000e-05	1.000000000000000e+00	7973	0	226
228	 5.240345562748000e+02 -7.102006843269000e+02 -5.494860575734000e+02	-6.614290000000000e-05  1.145628000000000e-04 -1.021036000000000e-04	1.000000000000000e+00	7973	0	228
229	-5.017143216851000e+02  6.671842524497000e+02 -6.793251553319001e+02	-1.033700000000000e-05 -2.342890000000000e-05  0.000000000000000e+00	1.000000000000000e+00	7973	0	229
231	 4.864903162914000e+02 -5.371286676195000e+02  1.469693845670000e+01	 2.804100000000000e-06 -2.525000000000000e-07  0.000000000000000e+00	1.000000000000000e+00	5009	0	231
233	-4.679868003468000e+02  6.910882722200000e+02  4.375746750326000e+02	-5.315820000000000e-05  0.000000000000000e+00 -4.443510000000000e-05	1.000000000000000e+00	8007	0	233
234	 1.232862542366000e+02 -5.779277429400000e+02  9.471360338760000e+01	-1.104600000000000e-06  1.042900000000000e-06  0.000000000000000e+00	1.000000000000000e+00	7973	0	234
235	 3.420235253938000e+02 -5.357234014585000e+02  3.592584956082000e+02	 3.428160000000000e-05 -1.706500000000000e-06  0.000000000000000e+00	1.000000000000000e+00	8007	0	235
237	-2.086903716206000e+02 -5.987532873343000e+02 -4.619853730695000e+02	-2.340000000000000e-08 -4.060000000000000e-08  2.292000000000000e-07	1.000000000000000e+00	8007	0	237
238	4.219825932238000e+02 4.936043307363000e+02 5.355897962337000e+02	 8.428770000000001e-05  1.459905000000000e-04 -2.978159000000000e-04	1.000000000000000e+00	8007	0	238
241	-2.441775852572000e+02 -5.622299620756000e+02  5.829785587824000e+02	-2.318800000000000e-05  3.391290000000000e-05  0.000000000000000e+00	1.000000000000000e+00	105	0	241
242	7.096327607924001e+02 1.293895459510000e+01 5.829785587824000e+02	 1.285190000000000e-05 -2.508170000000000e-05  0.000000000000000e+00	1.000000000000000e+00	105	0	242
243	-2.211316256947000e+02  6.049011638016000e+02 -4.164132562731000e+02	 1.071883012500000e-03 -1.526460750000000e-04  0.000000000000000e+00	5.625000000000000e-01	8007	0	243
244	-2.202819921933000e+02  6.910882722200000e+02 -4.136622630754000e+02	 5.046614092529297e-04  0.000000000000000e+00 -9.977917684570313e-04	1.779785156250000e-01	8007	0	244
246	 7.169374115760000e+02  5.899813378770000e+01 -5.851601678087001e+02	 1.732000000000000e-07 -3.000000000000000e-07 -4.192900000000000e-06	1.000000000000000e+00	0	0	246
247	 6.219728250605000e+02  2.234816225523000e+02 -6.036415138922000e+02	 2.091000000000000e-07 -3.622000000000000e-07 -3.488000000000000e-06	1.000000000000000e+00	0	0	247
248	 5.031295984446000e+02 -1.958419848075000e+02  2.286190426598000e+02	-6.242490000000001e-05  3.914400000000000e-06  0.000000000000000e+00	1.000000000000000e+00	7973	0	248
249	5.482439632317000e+02 1.793568397821000e+02 2.286190426598000e+02	 8.085700000000000e-06 -3.623300000000000e-06  0.000000000000000e+00	1.000000000000000e+00	7973	0	249
250	 4.117753595035000e+02  6.692259225194000e+02 -4.262112152443000e+02	2.300000000000000e-09 1.570000000000000e-08 0.000000000000000e+00	1.000000000000000e+00	646	0	250
251	 1.864146490944000e+02  7.024251462288000e+02 -4.262112152443000e+02	1.290000000000000e-08 7.370000000000000e-08 0.000000000000000e+00	1.000000000000000e+00	646	0	251
254	-7.028920866122000e+02 -6.961820791620001e+01 -1.159425144917000e+02	-2.432700000000000e-05  1.620370000000000e-05  0.000000000000000e+00	1.000000000000000e+00	661	0	254
255	-3.999198923664000e+02  3.197692177867000e+02 -1.159425144917000e+02	-1.096780000000000e-05  6.141100000000000e-06  0.000000000000000e+00	1.000000000000000e+00	661	0	255
256	-5.068049491882000e+02  1.997475182739000e+02 -4.164132562731000e+02	 5.614000000000000e-07 -4.630000000000000e-07  0.000000000000000e+00	1.000000000000000e+00	8007	0	256
257	-3.450661825735000e+02  3.962704387091000e+02 -4.164132562731000e+02	 2.920500000000000e-07 -2.400187500000000e-07  0.000000000000000e+00	5.625000000000000e-01	8007	0	257
258	-6.195362459462000e+02 -4.255359086626000e+02  1.077775486825000e+02	-1.808320000000000e-04 -5.778100000000001e-06  0.000000000000000e+00	1.000000000000000e+00	23	0	258
259	-6.348418221646000e+02  8.891975812660000e+01  1.077775486825000e+02	-1.010253000000000e-04 -9.584000000000000e-07  0.000000000000000e+00	1.000000000000000e+00	23	0	259
260	-3.020813961715000e+02 -1.874267878667000e+02 -1.894272067752000e+02	-3.466000000000000e-07  2.679000000000000e-07  0.000000000000000e+00	1.000000000000000e+00	27	0	260
261	-1.226701382080000e+01  1.875340746544000e+02 -1.894272067752000e+02	-1.719000000000000e-07  1.328000000000000e-07  0.000000000000000e+00	1.000000000000000e+00	27	0	261
262	-5.856645459071000e+02 -7.338085188767001e+02  2.803088080470000e+02	 4.796000000000000e-07  8.307000000000000e-07 -1.561720000000000e-05	1.000000000000000e+00	491	0	262
263	-4.965548535395000e+02 -5.794660042491000e+02  4.717711965710000e+02	 6.141800000000000e-06  1.063790000000000e-05 -1.681190000000000e-05	1.000000000000000e+00	491	0	263
268	 8.642188239500001e+00 -1.875201392499000e+02  1.518683640526000e+02	-1.719000000000000e-07 -7.490000000000000e-08  0.000000000000000e+00	1.000000000000000e+00	8007	0	268
269	-1.545936571189000e+02  1.875099557814000e+02  1.518683640526000e+02	7.140000000000000e-08 3.110000000000000e-08 0.000000000000000e+00	1.000000000000000e+00	8007	0	269
270	-3.566457383192000e+02  3.403479836873000e+02 -7.142814530447000e+02	-2.509000000000000e-07  0.000000000000000e+00 -2.186800000000000e-06	1.000000000000000e+00	7973	0	270
273	 5.891536404869000e+02 -2.716658636589000e+02 -2.774009025447000e+02	2.395000000000000e-07 4.148000000000000e-07 1.251950000000000e-05	1.000000000000000e+00	7973	0	273
274	 4.509460183015000e+02 -5.836076231063000e+02  1.462625506277000e+02	-1.104100000000000e-06  1.912400000000000e-06  1.587740000000000e-05	1.000000000000000e+00	7973	0	274
277	 5.470127018922000e+02 -7.500000000000000e+02 -6.793251553319001e+02	0.000000000000000e+00 0.000000000000000e+00 0.000000000000000e+00	1.000000000000000e+00	7973	1	277
278	 5.215976201720000e+02 -5.714391772570000e+01  1.469693845670000e+01	 1.074162000000000e-04 -1.444400000000000e-06  0.000000000000000e+00	1.000000000000000e+00	5009	0	278
279	5.136495678338000e+02 4.076084252721000e+02 1.469693845670000e+01	 2.371835000000000e-04 -1.903680000000000e-05  0.000000000000000e+00	1.000000000000000e+00	5009	0	279
281	-4.060344600338000e+02  6.910882722200000e+02  1.097189801996000e+02	4.087570000000000e-05 0.000000000000000e+00 6.689160000000001e-05	1.000000000000000e+00	8007	0	281
282	 2.820194628406000e+02 -3.034631836282000e+02  9.471360338760000e+01	 6.499400000000000e-06 -3.478600000000000e-06  0.000000000000000e+00	1.000000000000000e+00	7973	0	282
283	 4.708347797003000e+02 -5.215806441110000e+01  9.471360338760000e+01	 6.339900000000000e-06 -7.015500000000000e-06  0.000000000000000e+00	1.000000000000000e+00	7973	0	283
284	 3.507869235839000e+02 -8.626266257000001e+00  3.592584956082000e+02	 1.349088000000000e-04 -7.458000000000000e-07  0.000000000000000e+00	1.000000000000000e+00	8007	0	284
286	 4.440711241710000e+01 -1.603755857131000e+02 -2.556259753730000e+02	 1.434870000000000e-05  2.485260000000000e-05 -4.762450000000000e-05	1.000000000000000e+00	8007	0	286
287	2.598496323152000e+02 2.127818048610000e+02 8.549766525840000e+01	 1.335177000000000e-04  2.312595000000000e-04 -3.768412000000000e-04	1.000000000000000e+00	8007	0	287
290	 7.633314702500000e+01 -3.560582538884000e+02  5.829785587824000e+02	 6.383600000000000e-06 -1.038360000000000e-05  0.000000000000000e+00	1.000000000000000e+00	105	0	290
291	 4.032062064192000e+02 -1.643688152663000e+02  5.829785587824000e+02	 2.343810000000000e-05 -4.337310000000000e-05  0.000000000000000e+00	1.000000000000000e+00	105	0	291
292	 4.659968803537000e+02 -6.096764808783000e+02  2.286190426598000e+02	-9.928605744552613e-06  1.719684842720032e-05  0.000000000000000e+00	7.508468627929688e-02	7973	0	292
297	-2.854071185500000e+00  6.099343419885000e+02 -1.159425144917000e+02	 2.946200000000000e-06 -4.647200000000000e-06  0.000000000000000e+00	1.000000000000000e+00	661	0	297
298	-7.093605302929001e+02 -4.582346182510000e+01 -4.164132562731000e+02	 4.929000000000000e-07 -4.069000000000000e-07  0.000000000000000e+00	1.000000000000000e+00	8007	0	298
300	-6.220578661945000e+02  6.680724791226000e+02  1.077775486825000e+02	 1.120000000000000e-07 -9.640000000000000e-08  0.000000000000000e+00	1.000000000000000e+00	23	0	300
301	-6.642411017646000e+02 -6.562115783773000e+02 -1.894272067752000e+02	-1.631000000000000e-07  1.261000000000000e-07  0.000000000000000e+00	1.000000000000000e+00	27	0	301
302	 3.499762723434000e+02  6.562542383678000e+02 -1.894272067752000e+02	-4.360000000000000e-08  3.370000000000000e-08  0.000000000000000e+00	1.000000000000000e+00	27	0	302
305	 2.137987976265000e+02 -6.561532612939001e+02  1.518683640526000e+02	3.759000000000000e-07 1.786000000000000e-07 0.000000000000000e+00	1.000000000000000e+00	8007	0	305
306	-3.515344627554000e+02  6.910882722200000e+02  1.518683640526000e+02	-1.283681250000000e-06 -1.207687500000000e-07  1.331043750000000e-06	5.625000000000000e-01	8007	0	306
307	-7.048109162440001e+02  3.403479836873000e+02 -6.874956538371000e+02	-8.920000000000000e-08  0.000000000000000e+00 -2.416500000000000e-06	1.000000000000000e+00	7973	0	307
313	 4.755595414908000e+02 -6.439742582051000e+02  1.469693845670000e+01	-7.923200000000001e-06  1.391300000000000e-06  0.000000000000000e+00	1.000000000000000e+00	5009	0	313
314	5.519163357832000e+02 6.465283617196001e+02 1.469693845670000e+01	 1.865669000000000e-04 -5.943200000000000e-05  0.000000000000000e+00	1.000000000000000e+00	5009	0	314
315	-5.037192754774000e+02  6.910882722200000e+02  4.804599506872000e+02	-4.203320000000000e-05  0.000000000000000e+00 -4.863440000000000e-05	1.000000000000000e+00	8007	0	315
316	 5.869272598930000e+01 -6.432309931934000e+02  9.471360338760000e+01	-1.004300000000000e-06  1.081200000000000e-06  0.000000000000000e+00	1.000000000000000e+00	7973	0	316
317	 3.341918181226000e+02 -6.549197032850000e+02  3.592584956082000e+02	 1.239820000000000e-05 -1.039300000000000e-06  0.000000000000000e+00	1.000000000000000e+00	8007	0	317
319	-2.677091360366000e+02 -7.009767859027000e+02 -4.810079215433000e+02	-7.500000000000001e-09 -1.290000000000000e-08  1.282000000000000e-07	1.000000000000000e+00	8007	0	319
320	4.795507603366000e+02 5.933153210743001e+02 5.826817039701000e+02	 5.197080000000000e-05  9.001610000000001e-05 -3.616074000000000e-04	1.000000000000000e+00	8007	0	320
322	4.819936528870000e+02 5.723128010951000e+02 3.804874067123000e+02	4.227311000000000e-04 1.544547000000000e-04 0.000000000000000e+00	1.000000000000000e+00	8006	0	322
323	-3.222176981168000e+02 -6.160139790340000e+02  5.829785587824000e+02	-2.882310000000000e-05  4.240360000000000e-05  0.000000000000000e+00	1.000000000000000e+00	105	0	323
328	 5.087652289639000e+02 -1.025357747082000e+02  2.286190426598000e+02	-4.827280000000000e-05  3.269300000000000e-06  0.000000000000000e+00	1.000000000000000e+00	7973	0	328
332	-6.557858946003000e+02  2.239479831630000e+01 -1.159425144917000e+02	-4.785130000000000e-05 -4.027100000000000e-06  0.000000000000000e+00	1.000000000000000e+00	661	0	332
333	-4.840026269016000e+02  2.438462653126000e+02 -1.159425144917000e+02	-7.920200000000001e-06  2.406310000000000e-05  0.000000000000000e+00	1.000000000000000e+00	661	0	333
334	-4.662955425641000e+02  2.488631115546000e+02 -4.164132562731000e+02	 5.678000000000000e-07 -4.683000000000000e-07  0.000000000000000e+00	1.000000000000000e+00	8007	0	334
335	-3.854585187809000e+02  3.471513983909000e+02 -4.164132562731000e+02	 3.186562500000000e-07 -2.617312500000000e-07  0.000000000000000e+00	5.625000000000000e-01	8007	0	335
336	-6.238843670448000e+02 -2.976319760463000e+02  1.077775486825000e+02	-1.610489000000000e-04 -5.899500000000000e-06  0.000000000000000e+00	1.000000000000000e+00	23	0	336
337	-6.328061867486000e+02 -3.300742380550000e+01  1.077775486825000e+02	-1.214282000000000e-04 -2.903700000000000e-06  0.000000000000000e+00	1.000000000000000e+00	23	0	337
338	-2.296341001029000e+02 -9.368169622810001e+01 -1.894272067752000e+02	-3.384000000000000e-07  2.615000000000000e-07  0.000000000000000e+00	1.000000000000000e+00	27	0	338
339	-8.471761722350000e+01  9.379155209530001e+01 -1.894272067752000e+02	-2.107000000000000e-07  1.628000000000000e-07  0.000000000000000e+00	1.000000000000000e+00	27	0	339
342	-3.218775354480000e+01 -9.376667418750000e+01  1.518683640526000e+02	-1.523000000000000e-07 -6.630000000000000e-08  0.000000000000000e+00	1.000000000000000e+00	8007	0	342
343	-1.137944378369000e+02  9.375326851750000e+01  1.518683640526000e+02	-3.600000000000000e-09 -1.600000000000000e-09  0.000000000000000e+00	1.000000000000000e+00	8007	0	343
344	-2.840674523319000e+02  3.403479836873000e+02 -7.232999330624000e+02	-2.149000000000000e-07  0.000000000000000e+00 -1.576500000000000e-06	1.000000000000000e+00	7973	0	344
346	 4.300000000000000e+02 -5.473280551918000e+02 -1.496480299100000e+00	0.000000000000000e+00 0.000000000000000e+00 0.000000000000000e+00	1.000000000000000e+00	7973	0	346
349	-1.643249811390000e+02  4.820730083485000e+02 -6.793251553319001e+02	-1.047477750000000e-04  1.814284500000000e-04  0.000000000000000e+00	7.500000000000000e-01	7973	0	349
350	5.207507751376000e+02 2.550521574470000e+01 1.469693845670000e+01	1.297276000000000e-04 3.001500000000000e-06 0.000000000000000e+00	1.000000000000000e+00	5009	0	350
351	5.120460439212001e+02 3.004458752865000e+02 1.469693845670000e+01	1.681006000000000e-04 3.253600000000000e-06 0.000000000000000e+00	1.000000000000000e+00	5009	0	351
352	-4.088182911224000e+02  6.910882722200000e+02  3.592584956082000e+02	-8.738020000000001e-05  0.000000000000000e+00  0.000000000000000e+00	1.000000000000000e+00	8007	0	352
354	 3.222480004203000e+02 -2.334164290268000e+02  9.471360338760000e+01	 9.584200000000000e-06 -6.051200000000001e-06  0.000000000000000e+00	1.000000000000000e+00	7973	0	354
355	 4.167241098884000e+02 -1.069898217007000e+02  9.471360338760000e+01	 9.154400000000000e-06 -8.159200000000000e-06  0.000000000000000e+00	1.000000000000000e+00	7973	0	355
356	3.512143175278000e+02 9.946288557800000e+01 3.592584956082000e+02	 1.298662000000000e-04 -1.254000000000000e-06  0.000000000000000e+00	1.000000000000000e+00	8007	0	356
358	 1.051308652891000e+02 -5.519896051250000e+01 -1.739857557406000e+02	 3.028630000000000e-05  5.245750000000000e-05 -7.841200000000001e-05	1.000000000000000e+00	8007	0	358
359	2.121118245708000e+02 1.300974964058000e+02 9.856834575200001e+00	 1.091619000000000e-04  1.890739000000000e-04 -2.552704000000000e-04	1.000000000000000e+00	8007	0	359
362	 1.569627756589000e+02 -3.065325199929000e+02  5.829785587824000e+02	 1.384100000000000e-05 -2.270290000000000e-05  0.000000000000000e+00	1.000000000000000e+00	105	0	362
363	 3.193671546431000e+02 -2.099537462568000e+02  5.829785587824000e+02	 2.464850000000000e-05 -4.358950000000000e-05  0.000000000000000e+00	1.000000000000000e+00	105	0	363
364	 4.788756667047000e+02 -4.637768903539000e+02  2.286190426598000e+02	-2.753160000000000e-05  3.513700000000000e-06  0.000000000000000e+00	1.000000000000000e+00	7973	0	364
365	 4.971514819253000e+02 -2.876025247475000e+02  2.286190426598000e+02	-5.463490000000000e-05  4.113000000000000e-06  0.000000000000000e+00	1.000000000000000e+00	7973	0	365
367	5.884849541951000e+02 2.680337702957000e+02 2.286190426598000e+02	 2.529000000000000e-07 -1.142000000000000e-07  0.000000000000000e+00	1.000000000000000e+00	7973	0	367
373	-7.488450891596000e+02 -1.959602776843000e+02 -1.159425144917000e+02	-3.690375000000000e-06  1.083900000000000e-06  0.000000000000000e+00	7.500000000000000e-01	661	0	373
374	-1.570245653664000e+02  5.064752849940000e+02 -1.159425144917000e+02	-1.138700000000000e-06  1.597700000000000e-06  0.000000000000000e+00	1.000000000000000e+00	661	0	374
375	-3.147494387335000e+02  3.886608285779000e+02 -1.159425144917000e+02	-4.429100000000001e-06  5.071300000000000e-06  0.000000000000000e+00	1.000000000000000e+00	661	0	375
376	-6.283424348140001e+02  5.240838633270000e+01 -4.164132562731000e+02	 5.080000000000000e-07 -4.191000000000000e-07  0.000000000000000e+00	1.000000000000000e+00	8007	0	376
377	-5.473160395127001e+02  1.506333182049000e+02 -4.164132562731000e+02	 5.491000000000001e-07 -4.529000000000000e-07  0.000000000000000e+00	1.000000000000000e+00	8007	0	377
378	-6.182093217902001e+02 -6.704437973606000e+02  1.077775486825000e+02	-2.014995000000000e-04  1.765040000000000e-05  0.000000000000000e+00	1.000000000000000e+00	23	0	378
379	-6.160764529066000e+02 -5.330221915276001e+02  1.077775486825000e+02	-2.064045000000000e-04 -6.155700000000000e-06  0.000000000000000e+00	1.000000000000000e+00	23	0	379
380	-6.309813527339001e+02  4.464558839681000e+02  1.077775486825000e+02	-3.838610000000000e-05  1.092700000000000e-06  0.000000000000000e+00	1.000000000000000e+00	23	0	380
381	-6.350197521348000e+02  2.124934045648000e+02  1.077775486825000e+02	-7.931040000000000e-05  5.091000000000000e-07  0.000000000000000e+00	1.000000000000000e+00	23	0	381
382	-5.193569620613000e+02 -4.687133111993000e+02 -1.894272067752000e+02	-1.580000000000000e-07  1.220000000000000e-07  0.000000000000000e+00	1.000000000000000e+00	27	0	382
383	-3.745187509348000e+02 -2.811795625931000e+02 -1.894272067752000e+02	-3.211000000000000e-07  2.481000000000000e-07  0.000000000000000e+00	1.000000000000000e+00	27	0	383
384	 2.050799804398000e+02  4.687653762753000e+02 -1.894272067752000e+02	-1.010000000000000e-07  7.810000000000000e-08  0.000000000000000e+00	1.000000000000000e+00	27	0	384
385	 6.018177212170000e+01  2.812780044152000e+02 -1.894272067752000e+02	-1.528000000000000e-07  1.181000000000000e-07  0.000000000000000e+00	1.000000000000000e+00	27	0	385
388	5.481826414936000e+02 1.631140567290000e+01 9.471360338760000e+01	 6.469900000000001e-06 -7.657000000000000e-06  0.000000000000000e+00	1.000000000000000e+00	7973	0	388
390	 1.311940669565000e+02 -4.687967769809000e+02  1.518683640526000e+02	-4.030000000000000e-07 -1.762000000000000e-07  0.000000000000000e+00	1.000000000000000e+00	8007	0	390
391	 4.946819400450000e+01 -2.812753115866000e+02  1.518683640526000e+02	-2.167000000000000e-07 -9.430000000000000e-08  0.000000000000000e+00	1.000000000000000e+00	8007	0	391
392	-2.772683386560000e+02  4.686540778998000e+02  1.518683640526000e+02	2.890000000000000e-08 1.450000000000000e-08 0.000000000000000e+00	1.000000000000000e+00	8007	0	392
393	-1.954038126176000e+02  2.812618871263000e+02  1.518683640526000e+02	1.067000000000000e-07 4.650000000000000e-08 0.000000000000000e+00	1.000000000000000e+00	8007	0	393
394	-5.642459009943000e+02  3.403479836873000e+02 -6.950663275185000e+02	-1.817000000000000e-07  0.000000000000000e+00 -2.598100000000000e-06	1.000000000000000e+00	7973	0	394
395	-4.271028077059000e+02  3.403479836873000e+02 -7.066917957179000e+02	-2.475000000000000e-07  0.000000000000000e+00 -2.491600000000000e-06	1.000000000000000e+00	7973	0	395
400	 5.079960362446000e+02 -6.824211527564000e+02 -4.817765210574000e+02	-4.110513000000000e-04  7.119617000000000e-04 -4.244204000000000e-04	1.000000000000000e+00	7973	0	400
401	 4.334966881172000e+02 -5.533844966689001e+02 -2.637981489057000e+02	-2.681150625000000e-05  4.643887500000001e-05 -3.310633125000000e-05	5.625000000000000e-01	7973	0	401
402	-4.618397503889000e+02  6.492009285846000e+02 -6.793251553319001e+02	-1.166030000000000e-05 -2.533850000000000e-05  0.000000000000000e+00	1.000000000000000e+00	7973	0	402
403	-3.929304183377000e+02  6.163892451442000e+02 -6.793251553319001e+02	-1.330630000000000e-05 -2.720910000000000e-05  0.000000000000000e+00	1.000000000000000e+00	7973	0	403
406	 4.967472827483000e+02 -4.289331547308000e+02  1.469693845670000e+01	 2.637340000000000e-05 -2.499000000000000e-06  0.000000000000000e+00	1.000000000000000e+00	5009	0	406
407	 5.154374026383000e+02 -1.657657226204000e+02  1.469693845670000e+01	 8.322990000000001e-05 -4.455400000000001e-06  0.000000000000000e+00	1.000000000000000e+00	5009	0	407
408	5.411900933682000e+02 6.028303876056000e+02 1.469693845670000e+01	 2.179181000000000e-04 -3.883470000000000e-05  0.000000000000000e+00	1.000000000000000e+00	5009	0	408
409	5.233030167822001e+02 5.022015536506000e+02 1.469693845670000e+01	 2.567817000000000e-04 -3.183680000000000e-05  0.000000000000000e+00	1.000000000000000e+00	5009	0	409
412	 1.665176941157000e+02 -5.267288245659000e+02  9.471360338760000e+01	-6.363000000000001e-07  4.673000000000000e-07  0.000000000000000e+00	1.000000000000000e+00	7973	0	412
413	 2.471845951344000e+02 -3.771482102915000e+02  9.471360338760000e+01	 8.231000000000000e-07 -3.793000000000000e-07  0.000000000000000e+00	1.000000000000000e+00	7973	0	413
414	 3.469976420655000e+02 -4.058148429069000e+02  3.592584956082000e+02	 5.784700000000000e-05 -1.506600000000000e-06  0.000000000000000e+00	1.000000000000000e+00	8007	0	414
415	 3.498246715188000e+02 -1.414779705307000e+02  3.592584956082000e+02	 1.058206000000000e-04 -6.201000000000000e-07  0.000000000000000e+00	1.000000000000000e+00	8007	0	415
416	-8.132625707990000e+01  6.910882722200000e+02  3.592584956082000e+02	0.000000000000000e+00 0.000000000000000e+00 0.000000000000000e+00	1.000000000000000e+00	8007	0	416
418	-1.457317937032000e+02 -4.897058316089000e+02 -4.279410718442000e+02	 8.780000000000001e-08  1.520000000000000e-07 -5.052000000000001e-07	1.000000000000000e+00	8007	0	418
419	-1.908141564560000e+01 -2.703409420155000e+02 -3.244108009321000e+02	 8.130800000000000e-06  1.408300000000000e-05 -3.275090000000000e-05	1.000000000000000e+00	8007	0	419
420	3.652884490218000e+02 3.954071924868000e+02 4.633677593409000e+02	 9.136860000000000e-05  1.582550000000000e-04 -2.308035000000000e-04	1.000000000000000e+00	8007	0	420
421	3.246369837477000e+02 3.249967892300000e+02 1.623441989378000e+02	 1.303868000000000e-03  2.258365700000000e-03 -4.622923700000000e-03	1.000000000000000e+00	8007	0	421
424	4.500857737691000e+02 6.608694950371000e+02 3.804874067123000e+02	3.611699000000000e-04 1.044865000000000e-04 0.000000000000000e+00	1.000000000000000e+00	8006	0	424
426	-1.652508729123000e+02 -5.085086482259000e+02  5.829785587824000e+02	-1.656240000000000e-05  2.476810000000000e-05  0.000000000000000e+00	1.000000000000000e+00	105	0	426
427	-4.373541473800000e+00 -4.057862678574000e+02  5.829785587824000e+02	-1.408400000000000e-06  2.217600000000000e-06  0.000000000000000e+00	1.000000000000000e+00	105	0	427
428	 6.383815111203000e+02 -2.426652921900000e+01  5.829785587824000e+02	 3.406580000000000e-05 -5.637210000000000e-05  0.000000000000000e+00	1.000000000000000e+00	105	0	428
429	 4.870847428952000e+02 -1.193022566583000e+02  5.829785587824000e+02	 3.541940000000000e-05 -5.860970000000000e-05  0.000000000000000e+00	1.000000000000000e+00	105	0	429
430	-2.378477452219000e+02  5.497544734774000e+02 -4.164132562731000e+02	-4.089300000000000e-06  1.541800000000000e-06  0.000000000000000e+00	1.000000000000000e+00	8007	0	430
431	-3.047024752930000e+02  4.454131890215000e+02 -4.164132562731000e+02	 1.211062500000000e-07 -9.900000000000001e-08  0.000000000000000e+00	5.625000000000000e-01	8007	0	431
432	-2.594913810432000e+02  6.910882722200000e+02 -3.743613319958000e+02	1.781637200000000e-03 0.000000000000000e+00 1.061519000000000e-04	1.000000000000000e+00	8007	0	432
433	-4.399548927091000e+02  6.910882722200000e+02 -2.157679836920000e+01	-2.399830000000000e-05  0.000000000000000e+00  2.051923000000000e-04	1.000000000000000e+00	8007	0	433
434	6.620535667181000e+02 1.121729725305000e+02 9.471360338760000e+01	-8.615200000000000e-06  1.194890000000000e-05  0.000000000000000e+00	1.000000000000000e+00	7973	0	434
436	 4.902399064980000e+02  4.516497305318000e+02 -6.468911423348001e+02	 1.649000000000000e-07 -2.856000000000000e-07 -1.440700000000000e-06	1.000000000000000e+00	0	0	436
438	5.091403499004000e+02 6.445659935740000e+02 5.988745521070000e+02	 4.439270000000000e-05  7.689050000000000e-05 -3.828470000000000e-04	1.000000000000000e+00	8007	0	438
439	 1.335716458833000e+02 -5.938083516500000e+00 -1.277085452338000e+02	 4.592400000000000e-05  7.954260000000001e-05 -1.112650000000000e-04	1.000000000000000e+00	8007	0	439
440	 1.876785130480000e+02  8.777775945130000e+01 -3.270693293910000e+01	 8.706560000000001e-05  1.508021000000000e-04 -1.974519000000000e-04	1.000000000000000e+00	8007	0	440
441	-1.142138224026000e+02 -4.351151039648000e+02 -4.054725235199000e+02	 5.548000000000001e-07  9.609000000000000e-07 -2.875900000000000e-06	1.000000000000000e+00	8007	0	441
442	-5.098336101150000e+01 -3.255967322495000e+02 -3.539904897339000e+02	 5.332600000000000e-06  9.236300000000000e-06 -2.393890000000000e-05	1.000000000000000e+00	8007	0	442
443	3.151616131314000e+02 3.085849659021000e+02 3.592584956082000e+02	1.322842403320313e-04 2.291230388671875e-04 0.000000000000000e+00	2.373046875000000e-01	8007	0	443
444	4.865981342451000e+02 6.055217307438000e+02 3.592584956082000e+02	1.760055900000000e-03 3.048506200000000e-03 0.000000000000000e+00	1.000000000000000e+00	8007	0	444
445	-2.391552674569000e+02 -6.515200347700001e+02 -4.732304980013000e+02	-2.060000000000000e-08 -3.570000000000000e-08  2.707000000000000e-07	1.000000000000000e+00	8007	0	445
446	-1.773160729177000e+02 -5.444114079289001e+02 -4.468620271264000e+02	-5.500000000000000e-09 -9.500000000000001e-09  4.540000000000000e-08	1.000000000000000e+00	8007	0	446
447	4.502211665615000e+02 5.425149744906000e+02 5.616185528991000e+02	 6.344500000000000e-05  1.098899000000000e-04 -3.341846000000000e-04	1.000000000000000e+00	8007	0	447
448	3.930539961773000e+02 4.434985308601000e+02 5.023976251438000e+02	 8.412680000000000e-05  1.457118000000000e-04 -2.826013000000000e-04	1.000000000000000e+00	8007	0	448
449	 7.574698047970000e+01 -1.060933419262000e+02 -2.164606413153000e+02	 1.995730000000000e-05  3.456710000000000e-05 -5.784670000000000e-05	1.000000000000000e+00	8007	0	449
450	 1.268047854050000e+01 -2.153277275405000e+02 -2.914156434626000e+02	 1.102930000000000e-05  1.910330000000000e-05 -4.069340000000000e-05	1.000000000000000e+00	8007	0	450
451	2.363407272881000e+02 1.720631869238000e+02 5.008935064260000e+01	 1.340368000000000e-04  2.321586000000000e-04 -3.324977000000000e-04	1.000000000000000e+00	8007	0	451
452	2.845711559579000e+02 2.556007398507000e+02 1.171422711599000e+02	 2.217491000000000e-04  3.840808000000000e-04 -7.835515000000000e-04	1.000000000000000e+00	8007	0	452
453	 3.290730046315000e+02 -7.021442490147000e+02  3.592584956082000e+02	 3.532800000000000e-06 -3.958000000000000e-07  0.000000000000000e+00	1.000000000000000e+00	8007	0	453
455	-3.766942266646000e+02 -3.718613086748000e+02  6.353840068180000e+02	 5.585400000000000e-06  9.674200000000000e-06 -1.957720000000000e-05	1.000000000000000e+00	491	0	455
459	 3.386496264804000e+02 -5.955940327743000e+02  3.592584956082000e+02	 2.338400000000000e-05 -1.492200000000000e-06  0.000000000000000e+00	1.000000000000000e+00	8007	0	459
460	3.529419222095000e+02 1.493465049759000e+02 3.592584956082000e+02	2.035038000000000e-04 1.372410000000000e-05 0.000000000000000e+00	1.000000000000000e+00	8007	0	460
463	4.510927372605000e+02 6.664325606516001e+02 3.592584956082000e+02	 1.241700700000000e-03 -2.867010000000000e-04  0.000000000000000e+00	1.000000000000000e+00	8007	0	463
465	 4.260590736470000e+01  6.384585906154000e+02 -1.159425144917000e+02	 4.721100000000000e-06 -7.651200000000001e-06  0.000000000000000e+00	1.000000000000000e+00	661	0	465
468	-6.416366467530000e+02  9.080622399910000e+01  6.580962442277000e+02	-7.524070000000000e-05  9.462000000000000e-06  0.000000000000000e+00	1.000000000000000e+00	1105	0	468
471	 3.448218496593000e+02 -4.734232237610000e+02  3.592584956082000e+02	 4.560260000000000e-05 -1.707300000000000e-06  0.000000000000000e+00	1.000000000000000e+00	8007	0	471
479	7.497260525128000e+02 5.715767664980000e+01 6.580962442277000e+02	 7.772519531250001e-07 -8.671113281250001e-07  0.000000000000000e+00	3.164062500000000e-01	1105	0	479
483	 5.024100201817000e+02 -3.691355338999000e+02  1.469693845670000e+01	 3.999400000000000e-05 -3.203700000000000e-06  0.000000000000000e+00	1.000000000000000e+00	5009	0	483
484	-5.623001545270000e+02  1.010527016856000e+02  6.580962442277000e+02	-6.225610000000000e-05  3.557020000000000e-05  0.000000000000000e+00	1.000000000000000e+00	1105	0	484
486	-3.691098862703000e+02 -6.470161681506000e+02  5.829785587824000e+02	-3.097370000000000e-05  4.815560000000000e-05  0.000000000000000e+00	1.000000000000000e+00	105	0	486
487	4.616377832232000e+02 6.174173857703000e+02 2.286190426598000e+02	-1.214956900000000e-03 -1.282579700000000e-03  0.000000000000000e+00	1.000000000000000e+00	7973	0	487
488	 4.621083297518000e+02  5.003750507534000e+02 -6.602130481810000e+02	 7.100000000000000e-08 -1.230000000000000e-07 -5.671000000000000e-07	1.000000000000000e+00	0	0	488
490	5.009092660207000e+02 5.314137846474000e+02 3.804874067123000e+02	2.739013000000000e-04 1.274948000000000e-04 0.000000000000000e+00	1.000000000000000e+00	8006	0	490
491	-5.209700456427000e+02 -6.217543574485001e+02  4.314535837627000e+02	 3.097700000000000e-06  5.365400000000000e-06 -1.919740000000000e-05	1.000000000000000e+00	491	0	491
494	 7.929131774200000e+00 -6.862017440746000e+02  9.471360338760000e+01	 1.620700000000000e-06 -1.760100000000000e-06  0.000000000000000e+00	1.000000000000000e+00	7973	0	494
495	 5.115876132011000e+02 -2.434312000066000e+02  1.469693845670000e+01	 6.722130000000001e-05 -3.875600000000000e-06  0.000000000000000e+00	1.000000000000000e+00	5009	0	495
496	 3.411346797946000e+02 -7.012473048183000e+02 -5.675304526500001e+00	1.139670000000000e-05 1.973970000000000e-05 1.149959000000000e-04	1.000000000000000e+00	7973	0	496
497	-4.725767012837000e+02 -5.379346262705001e+02  5.082652528320000e+02	 6.791100000000000e-06  1.176250000000000e-05 -1.854410000000000e-05	1.000000000000000e+00	491	0	497
499	 5.031834338241000e+02 -4.205706295361000e+02 -2.692128634687000e+02	1.130000000000000e-08 1.960000000000000e-08 4.447000000000000e-07	1.000000000000000e+00	7973	0	499
501	-4.912629073864000e+02  1.048559386934000e+02  6.580962442277000e+02	-2.111170000000000e-05  5.363320000000000e-05  0.000000000000000e+00	1.000000000000000e+00	1105	0	501
503	-4.246287337790000e+02  1.051320738795000e+02  6.580962442277000e+02	4.972500000000000e-06 6.506840000000001e-05 0.000000000000000e+00	1.000000000000000e+00	1105	0	503
505	5.313199580767000e+02 1.199555928321000e+02 2.286190426598000e+02	 4.061000000000000e-07 -1.037000000000000e-07  0.000000000000000e+00	1.000000000000000e+00	7973	0	505
507	-5.690869915505000e+02 -7.050953524658000e+02  3.300966868208000e+02	-1.988700000000000e-06 -3.444500000000000e-06 -2.814750000000000e-05	1.000000000000000e+00	491	0	507
512	 9.209377259650000e+01  6.684362753539000e+02 -1.159425144917000e+02	 6.574300000000000e-06 -1.112320000000000e-05  0.000000000000000e+00	1.000000000000000e+00	661	0	512
519	-3.541313711764000e+02  1.024989757205000e+02  6.580962442277000e+02	-6.019900000000001e-06  7.648810000000000e-05  0.000000000000000e+00	1.000000000000000e+00	1105	0	519
521	-5.942833106774000e+02 -7.487366573573000e+02  2.421502917418000e+02	 4.436437500000000e-07  7.683750000000001e-07 -1.998168750000000e-06	5.625000000000000e-01	491	0	521
523	 4.979161806080000e+01  6.910882722200000e+02 -6.305799086323000e+02	-6.502700000000000e-06  0.000000000000000e+00 -1.029940000000000e-05	1.000000000000000e+00	8007	0	523
527	5.149055703699000e+02 2.214852585219000e+02 1.469693845670000e+01	1.567445000000000e-04 4.462200000000000e-06 0.000000000000000e+00	1.000000000000000e+00	5009	0	527
529	-3.516274499017000e+02 -3.284443777394000e+02  6.615171414932000e+02	 4.246400000000001e-06  7.354900000000001e-06 -1.726320000000000e-05	1.000000000000000e+00	491	0	529
530	-5.353077608791000e+02  6.910882722200000e+02  5.165591181557000e+02	-4.217380000000000e-05  0.000000000000000e+00 -3.848090000000000e-05	1.000000000000000e+00	8007	0	530
531	5.347809969569000e+02 6.889768970148000e+02 6.091356502658000e+02	 2.944670000000000e-05  5.100310000000000e-05 -3.999696000000000e-04	1.000000000000000e+00	8007	0	531
535	 4.338309907684000e+02  5.493528385754000e+02 -6.752662799833000e+02	-5.541750000000001e-07  9.598500000000000e-07  3.678225000000000e-06	7.500000000000000e-01	0	0	535
537	-2.886540972992000e+02  9.762791599800001e+01  6.580962442277000e+02	5.161700000000000e-06 8.565400000000000e-05 0.000000000000000e+00	1.000000000000000e+00	1105	0	537
538	-6.351879001787000e+02  1.517191383108000e+02  1.077775486825000e+02	-9.003580000000000e-05 -1.561000000000000e-07  0.000000000000000e+00	1.000000000000000e+00	23	0	538
540	-7.105109831347000e+02 -6.585040362068000e+02 -1.159425144917000e+02	-4.463000000000000e-06  1.082030000000000e-05  0.000000000000000e+00	1.000000000000000e+00	661	0	540
545	-2.251451956362000e+02  9.093943608200000e+01  6.580962442277000e+02	5.923100000000000e-06 9.517460000000001e-05 0.000000000000000e+00	1.000000000000000e+00	1105	0	545
547	-6.265002647275001e+02 -2.262477175698000e+02  1.077775486825000e+02	-1.505523000000000e-04 -5.555200000000001e-06  0.000000000000000e+00	1.000000000000000e+00	23	0	547
553	5.182354273109000e+02 8.757769363910000e+01 1.469693845670000e+01	1.425920000000000e-04 5.706900000000000e-06 0.000000000000000e+00	1.000000000000000e+00	5009	0	553
560	-7.317738395562001e+02 -6.168703036131001e+02 -1.159425144917000e+02	-2.837000000000000e-06  1.391120000000000e-05  0.000000000000000e+00	1.000000000000000e+00	661	0	560
566	-6.311241769739000e+02 -9.485785656300000e+01  1.077775486825000e+02	-1.310869000000000e-04 -3.971400000000000e-06  0.000000000000000e+00	1.000000000000000e+00	23	0	566
567	-6.340433503074000e+02  2.813841512090000e+01  1.077775486825000e+02	-1.114199000000000e-04 -1.881400000000000e-06  0.000000000000000e+00	1.000000000000000e+00	23	0	567
568	-1.614650042376000e+02  8.270382494010001e+01  6.580962442277000e+02	1.168560000000000e-05 1.044627000000000e-04 0.000000000000000e+00	1.000000000000000e+00	1105	0	568
571	-5.343204071831000e+02  1.919214481573000e+02 -1.159425144917000e+02	-2.053680000000000e-05  2.435710000000000e-05  0.000000000000000e+00	1.000000000000000e+00	661	0	571
572	-3.675902999811000e+02  6.910882722200000e+02  1.518683640526000e+02	 1.857037500000000e-06 -3.038062500000000e-07 -1.930162500000000e-06	5.625000000000000e-01	8007	0	572
577	5.234664707669000e+02 4.646472817854000e+02 2.286190426598000e+02	-1.287817300000000e-03 -9.675044000000000e-04  0.000000000000000e+00	1.000000000000000e+00	7973	0	577
582	-4.156365206493000e+02 -6.758571137008000e+02  5.829785587824000e+02	-3.219030000000000e-05  5.355040000000000e-05  0.000000000000000e+00	1.000000000000000e+00	105	0	582
583	-9.865880538840000e+01  7.357933058900001e+01  6.580962442277000e+02	1.742390000000000e-05 1.140564000000000e-04 0.000000000000000e+00	1.000000000000000e+00	1105	0	583
585	 4.051584596915000e+02  5.990151191822000e+02 -6.924432212338000e+02	-1.834100000000000e-06  3.176800000000000e-06  2.013600000000000e-06	1.000000000000000e+00	0	0	585
589	 1.426601245717000e+02  6.975374181229000e+02 -1.159425144917000e+02	 8.220300000000000e-06 -1.480910000000000e-05  0.000000000000000e+00	1.000000000000000e+00	661	0	589
595	5.298478724402000e+02 4.892107593628000e+02 3.804874067123000e+02	7.272540000000001e-05 6.620120000000000e-05 0.000000000000000e+00	1.000000000000000e+00	8006	0	595
598	 9.629518921200000e+01  6.910882722200000e+02 -6.584171934127000e+02	-3.057600000000000e-06  0.000000000000000e+00 -5.260000000000000e-06	1.000000000000000e+00	8007	0	598
600	-3.696091917640000e+01  6.381328952500000e+01  6.580962442277000e+02	2.226830000000000e-05 1.249634000000000e-04 0.000000000000000e+00	1.000000000000000e+00	1105	0	600
602	-4.351335894693000e+02  6.910882722200000e+02  4.442339435160000e+01	3.300660000000000e-05 0.000000000000000e+00 1.503804000000000e-04	1.000000000000000e+00	8007	0	602
610	-5.684859472107000e+02  6.910882722200000e+02  5.532007300417000e+02	-3.604440000000000e-05  0.000000000000000e+00 -3.364620000000000e-05	1.000000000000000e+00	8007	0	610
611	-6.216138192320000e+02 -3.596401870248000e+02  1.077775486825000e+02	-1.726085000000000e-04 -5.877700000000000e-06  0.000000000000000e+00	1.000000000000000e+00	23	0	611
615	 4.300000000000000e+02 -5.473280551918000e+02 -2.606506917860000e+02	0.000000000000000e+00 0.000000000000000e+00 0.000000000000000e+00	1.000000000000000e+00	7973	0	615
616	-3.254684441509000e+02 -2.831356507035000e+02  6.850616660267000e+02	 2.994100000000000e-06  5.185900000000001e-06 -1.421200000000000e-05	1.000000000000000e+00	491	0	616
618	2.310881404390000e+01 5.336821869370000e+01 6.580962442277000e+02	2.765350000000000e-05 1.381529000000000e-04 0.000000000000000e+00	1.000000000000000e+00	1105	0	618
620	 3.760358814033000e+02  6.494569044248000e+02 -7.067207014341001e+02	-2.819587647628784e-06  4.883673181915284e-06  1.239715746688843e-06	7.508468627929688e-02	0	0	620
625	-6.156483863854000e+02  8.766245809400000e+01 -1.159425144917000e+02	-4.407230000000000e-05  8.257700000000001e-06  0.000000000000000e+00	1.000000000000000e+00	661	0	625
627	 5.231627130873001e+02 -6.918885890027000e+02  2.286190426598000e+02	8.977000000000000e-07 1.988000000000000e-06 0.000000000000000e+00	1.000000000000000e+00	7973	0	627
630	-3.327231944091000e+02  6.910882722200000e+02  1.809835431458000e+02	-2.090860000000000e-05  0.000000000000000e+00 -8.977800000000001e-06	1.000000000000000e+00	8007	0	630
631	8.162626290030001e+01 4.200069596200000e+01 6.580962442277000e+02	3.467650000000000e-05 1.543882000000000e-04 0.000000000000000e+00	1.000000000000000e+00	1105	0	631
639	 1.465697908963000e+02  6.910882722200000e+02 -6.846501290542001e+02	-8.069000000000001e-07  0.000000000000000e+00 -1.605800000000000e-06	1.000000000000000e+00	8007	0	639
646	 3.483412230371000e+02 -3.412653373429000e+02  3.592584956082000e+02	 6.966620000000001e-05 -1.060100000000000e-06  0.000000000000000e+00	1.000000000000000e+00	8007	0	646
647	 3.494181911553000e+02 -2.119850534107000e+02  3.592584956082000e+02	 9.315730000000001e-05 -5.535000000000000e-07  0.000000000000000e+00	1.000000000000000e+00	8007	0	647
655	 1.951050259603000e+02  7.252128605043000e+02 -1.159425144917000e+02	 7.409100000000000e-06 -1.485010000000000e-05  0.000000000000000e+00	1.000000000000000e+00	661	0	655
660	-4.631637017783000e+02 -7.035942795715000e+02  5.829785587824000e+02	-3.249200000000000e-05  5.835650000000000e-05  0.000000000000000e+00	1.000000000000000e+00	105	0	660
664	1.399905350538000e+02 2.918632553750000e+01 6.580962442277000e+02	4.235090000000000e-05 1.744454000000000e-04 0.000000000000000e+00	1.000000000000000e+00	1105	0	664
675	4.387327041587000e+02 7.301610632208000e+02 3.592584956082000e+02	3.046208000000000e-04 5.034710000000000e-05 0.000000000000000e+00	1.000000000000000e+00	8007	0	675
681	 3.360339604272000e+02  7.187422639558000e+02 -7.313442549619000e+02	-1.793382714843750e-06  3.106236577320099e-06  1.194297019958496e-07	5.631351470947266e-02	0	0	681
683	-7.338097662354000e+02 -1.447702561789000e+02 -1.159425144917000e+02	-1.313310000000000e-05  5.048900000000000e-06  0.000000000000000e+00	1.000000000000000e+00	661	0	683
688	-6.042510580138000e+02  6.910882722200000e+02  5.915953909165000e+02	-2.812560000000000e-05  0.000000000000000e+00 -2.825560000000000e-05	1.000000000000000e+00	8007	0	688
689	1.990133164740000e+02 1.452085588260000e+01 6.580962442277000e+02	5.017400000000000e-05 1.980828000000000e-04 0.000000000000000e+00	1.000000000000000e+00	1105	0	689
696	 4.690717674506000e+02 -4.796537688259000e+02 -2.659424846654000e+02	3.417187500000000e-08 5.919960937500000e-08 1.207975781250000e-06	3.164062500000000e-01	7973	0	696
703	 2.582814022615000e+02 -1.871577314200000e+00  6.580962442277000e+02	6.295420000000001e-05 2.222129000000000e-04 0.000000000000000e+00	1.000000000000000e+00	1105	0	703
707	 3.502035717228000e+02 -7.786236667680001e+01  3.592584956082000e+02	 1.178016000000000e-04 -8.553000000000000e-07  0.000000000000000e+00	1.000000000000000e+00	8007	0	707
708	 4.240274658770000e+02 -5.473280551918000e+02 -2.581429481266000e+02	 3.144761718750000e-07  0.000000000000000e+00 -9.349804687500001e-08	2.373046875000000e-01	7973	0	708
710	 3.219991374477000e+02 -2.085867389640000e+01  6.580962442277000e+02	7.879790000000001e-05 2.489564000000000e-04 0.000000000000000e+00	1.000000000000000e+00	1105	0	710
712	-3.337590130186000e+02  6.910882722200000e+02  2.138151857088000e+02	-3.427760000000000e-05  0.000000000000000e+00 -2.737560000000000e-05	1.000000000000000e+00	8007	0	712
714	 4.344330039301000e+02 -5.278582330540000e+01  6.580962442277000e+02	1.652919000000000e-04 2.758761000000000e-04 0.000000000000000e+00	1.000000000000000e+00	1105	0	714
715	 4.973172659899000e+02 -6.349661995280000e+01  6.580962442277000e+02	1.463886000000000e-04 2.696669000000000e-04 0.000000000000000e+00	1.000000000000000e+00	1105	0	715
717	 5.488259636855000e+02 -6.149315157980000e+01  6.580962442277000e+02	8.593560000000000e-05 2.096300000000000e-04 0.000000000000000e+00	1.000000000000000e+00	1105	0	717
718	-5.439465758382000e+02  6.854326465963001e+02 -6.793251553319001e+02	-9.142700000000000e-06 -2.089980000000000e-05  0.000000000000000e+00	1.000000000000000e+00	7973	0	718
720	 6.072935386441001e+02 -4.395980138180000e+01  6.580962442277000e+02	-1.424940000000000e-05  9.356890000000000e-05  0.000000000000000e+00	1.000000000000000e+00	1105	0	720
722	 1.998286095194000e+02  6.910882722200000e+02 -7.087045558049000e+02	-1.171000000000000e-07  0.000000000000000e+00 -2.964000000000000e-07	1.000000000000000e+00	8007	0	722
724	-6.210147919192000e+02  7.162649827572001e+02 -6.793251553319001e+02	-1.982060000000000e-05 -9.015200000000000e-06  0.000000000000000e+00	1.000000000000000e+00	7973	0	724
728	 4.876291792955000e+02 -6.471447217301001e+02 -4.071623350311000e+02	-5.515366000000000e-04  9.552894000000000e-04 -4.408835000000000e-04	1.000000000000000e+00	7973	0	728
729	6.884084282041000e+02 2.192820180200000e+00 6.580962442277000e+02	-3.868300000000000e-05  4.910500000000000e-06  0.000000000000000e+00	1.000000000000000e+00	1105	0	729
733	5.853977167451001e+02 4.335683175515000e+02 3.804874067123000e+02	5.003800000000000e-06 5.125500000000000e-06 0.000000000000000e+00	1.000000000000000e+00	8006	0	733
737	-6.431606032015001e+02  6.910882722200000e+02  6.325330318469000e+02	-2.505210000000000e-05  0.000000000000000e+00 -1.486780000000000e-05	1.000000000000000e+00	8007	0	737
740	-2.982853850244000e+02 -2.360532111914000e+02  7.057897954864001e+02	 1.860000000000000e-06  3.221700000000000e-06 -1.044990000000000e-05	1.000000000000000e+00	491	0	740
745	-7.339756034873001e+02  7.493917699533000e+02 -6.793251553319001e+02	-4.443500000000000e-06 -1.132700000000000e-06  0.000000000000000e+00	1.000000000000000e+00	7973	0	745
746	-9.118091391960000e+01  6.910882722200000e+02 -5.153763126155001e+02	4.761531000000000e-04 0.000000000000000e+00 4.565423000000000e-04	1.000000000000000e+00	8007	0	746
747	6.154117360412000e+02 4.076100529273000e+02 3.804874067123000e+02	6.570700000000000e-06 9.309400000000001e-06 0.000000000000000e+00	1.000000000000000e+00	8006	0	747
753	5.784499127340000e+02 4.146552099792000e+02 2.286190426598000e+02	-1.741716000000000e-04 -2.180224000000000e-04  0.000000000000000e+00	1.000000000000000e+00	7973	0	753
755	-2.757629953632000e+02  5.567517534320000e+02 -6.793251553319001e+02	 8.863300000000000e-06 -3.508130000000000e-05  0.000000000000000e+00	1.000000000000000e+00	7973	0	755
771	6.573793313638000e+02 3.793501215773000e+02 3.804874067123000e+02	-5.264200000000000e-06 -7.355900000000000e-06  0.000000000000000e+00	1.000000000000000e+00	8006	0	771
776	 2.560746135198000e+02  6.910882722200000e+02 -7.297173659848000e+02	-4.980000000000000e-07  0.000000000000000e+00 -1.358100000000000e-06	1.000000000000000e+00	8007	0	776
805	-1.129970886523000e+02  3.931704907160000e+02 -7.273894822075000e+02	 3.400607812500000e-05 -5.890022578125001e-05  5.335625039062500e-05	3.164062500000000e-01	7973	0	805
828	-1.441241163246000e+02  3.403479836873000e+02 -7.446362687365000e+02	 3.249792773437500e-06  0.000000000000000e+00 -5.927871093750001e-08	2.373046875000000e-01	7973	0	828
864	-2.700636861682000e+02 -1.871717948964000e+02  7.234366904320000e+02	 8.655000000000000e-07  1.499100000000000e-06 -5.860100000000000e-06	1.000000000000000e+00	491	0	864
865	 4.024911648551000e+02 -5.473280551918000e+02 -2.230801253143000e+02	-7.393401562500000e-06  0.000000000000000e+00  1.813471875000000e-06	4.218750000000000e-01	7973	0	865
909	-1.272672889664000e+02  6.910882722200000e+02  3.592584956082000e+02	0.000000000000000e+00 0.000000000000000e+00 0.000000000000000e+00	4.218750000000000e-01	8007	0	909
1000	-3.543529059896000e+02  6.910882722200000e+02  2.687667045182000e+02	-4.328230000000000e-05  0.000000000000000e+00 -4.603830000000000e-05	1.000000000000000e+00	8007	0	1000
1002	7.048538881082001e+02 3.441881557096000e+02 3.804874067123000e+02	-7.721900000000000e-06 -9.707800000000000e-06  0.000000000000000e+00	1.000000000000000e+00	8006	0	1002
1003	-4.377599197874000e+02  6.910882722200000e+02  3.988390032008000e+02	-6.652590000000000e-05  0.000000000000000e+00 -3.171250000000000e-05	1.000000000000000e+00	8007	0	1003
1011	6.937320459652000e+02 2.758601884058000e+02 1.565172424506000e+02	-8.099627827148438e-05  1.402896605712891e-04 -2.561152664794922e-04	1.779785156250000e-01	7973	0	1011
1012	 3.884099028622000e+02 -5.473280551918000e+02 -1.687225375779000e+02	-1.823530000000000e-05  0.000000000000000e+00  1.385910000000000e-05	1.000000000000000e+00	7973	0	1012
1014	-3.322764865212000e+02  6.208371350081001e+02  1.518683640526000e+02	-1.170600000000000e-06 -4.382000000000000e-07  0.000000000000000e+00	1.000000000000000e+00	8007	0	1014
1015	-3.576887714004000e+02  6.863181881370000e+02  1.518683640526000e+02	-6.781000000000000e-07  2.883000000000000e-07  0.000000000000000e+00	1.000000000000000e+00	8007	0	1015
1020	-3.620355098763000e+02  6.863500747095001e+02  1.518683640526000e+02	-2.516200000000000e-06  9.273000000000000e-07  0.000000000000000e+00	1.000000000000000e+00	8007	0	1020
1081	-5.156720328519000e+02 -7.293500684665000e+02  5.829785587824000e+02	-1.814430000000000e-05  4.158030000000000e-05  0.000000000000000e+00	1.000000000000000e+00	105	0	1081
1396	-4.171740569547000e+02  6.910882722200000e+02 -1.069889976964000e+02	-9.673940000000000e-05  0.000000000000000e+00  2.806823000000000e-04	1.000000000000000e+00	8007	0	1396
1615	3.540049181478000e+02 3.758635437244000e+02 1.900216760572000e+02	 8.494000000000001e-07  1.471200000000000e-06 -4.254600000000000e-06	1.000000000000000e+00	8007	0	1615
1675	3.867804512715000e+02 4.326324323396000e+02 2.161566896345000e+02	 4.116180000000000e-05  7.129430000000001e-05 -2.487855000000000e-04	1.000000000000000e+00	8007	0	1675
1705	 3.911227456572000e+02 -5.473280551918000e+02 -1.138875252816000e+02	-1.802900000000000e-05  0.000000000000000e+00  3.524570000000000e-05	1.000000000000000e+00	7973	0	1705
1759	4.794625537535000e+02 5.931625427908000e+02 3.227986393907000e+02	 2.363942800000000e-03  4.094469000000000e-03 -1.439245400000000e-03	1.000000000000000e+00	8007	0	1759
1801	-2.409283169433000e+02 -1.367078551016000e+02  7.374319533191000e+02	 9.100000000000000e-09  1.580000000000000e-08 -8.960000000000001e-08	1.000000000000000e+00	491	0	1801
1886	3.155091647565000e+02 3.091869429750000e+02 3.635593688930000e+02	 7.375906406250001e-05  1.277544656250000e-04 -3.204645187500000e-04	4.218750000000000e-01	8007	0	1886
2050	4.605643729889000e+02 5.604299335359000e+02 2.782525522795000e+02	 2.438141800000000e-03  4.222985400000000e-03 -5.552673700000000e-03	1.000000000000000e+00	8007	0	2050
2264	6.398693954309000e+02 3.691530357615000e+02 2.286190426598000e+02	 1.565995000000000e-04 -2.712383000000000e-04  0.000000000000000e+00	1.000000000000000e+00	7973	0	2264
2820	-7.151023832156001e+02  7.245035631990000e+01  6.580962442277000e+02	-2.788230000000000e-05 -4.511200000000000e-06  0.000000000000000e+00	1.000000000000000e+00	1105	0	2820
2827	6.391091173125001e+02 3.704698760906000e+02 2.229834991595000e+02	 2.506400000000000e-04 -4.341213000000000e-04  2.410553000000000e-04	1.000000000000000e+00	7973	0	2827
2939	6.212422073163000e+02 3.224201290743000e+02 2.286190426598000e+02	-5.574000000000001e-07  2.938000000000000e-07  0.000000000000000e+00	1.000000000000000e+00	7973	0	2939
3478	4.848839865876000e+02 5.119967253917000e+02 2.286190426598000e+02	-5.617579300000000e-03  4.983766000000000e-04  0.000000000000000e+00	1.000000000000000e+00	7973	0	3478
4128	-6.672073591762000e+02 -7.102787724595000e+02 -1.159425144917000e+02	 4.347100000000000e-05 -4.872690000000000e-05  0.000000000000000e+00	1.000000000000000e+00	661	0	4128
4210	 4.278587891273000e+02 -5.436193691706001e+02  5.448652011700000e+00	-2.889000000000000e-07  5.004750000000001e-07  3.328125000000000e-06	7.500000000000000e-01	7973	0	4210
4212	 3.731699591416000e+02 -6.457605733547000e+02 -1.195284760200000e+00	6.109114921875000e-05 1.058129894531250e-04 7.923277617187500e-05	3.164062500000000e-01	7973	0	4212
4213	-3.298727212859000e+02  6.910882722200000e+02 -2.683293520952000e+02	3.135563000000000e-04 0.000000000000000e+00 1.928006000000000e-04	1.000000000000000e+00	8007	0	4213
4214	4.269278422073000e+02 7.116391802312000e+02 2.286190426598000e+02	-6.564617000000000e-04  1.340510000000000e-05  0.000000000000000e+00	1.000000000000000e+00	7973	0	4214
4216	 5.424029982818000e+02 -7.420157591389001e+02 -6.421995871334000e+02	 3.664880000000000e-05 -6.347750000000000e-05 -3.173804000000000e-04	1.000000000000000e+00	7973	0	4216
4217	7.260297353312001e+02 2.199189494568000e+02 1.172138218550000e+02	 6.683131546875000e-04 -1.157552353125000e-03  1.756090167187500e-03	4.218750000000000e-01	7973	0	4217
4218	3.370747252488000e+02 3.465395894414000e+02 4.144097537819000e+02	 8.541056250000001e-06  1.479352500000000e-05 -5.206491000000000e-04	5.625000000000000e-01	8007	0	4218
4219	4.444788429707000e+02 5.325689782777000e+02 2.539217846107000e+02	 1.379725400000000e-03  2.389754500000000e-03 -2.774824800000000e-03	1.000000000000000e+00	8007	0	4219
4220	 4.394515557900000e+02 -5.636986300306000e+02  8.458956750500001e+01	-1.761840000000000e-05  3.051590000000000e-05 -8.348360000000000e-05	1.000000000000000e+00	7973	0	4220
4221	-1.648313887958000e+02  6.910882722200000e+02 -4.424042779950000e+02	-2.571897000000000e-04  0.000000000000000e+00  1.964839500000000e-03	1.000000000000000e+00	8007	0	4221
4223	-2.133842024041000e+02  5.069663630386000e+02 -6.793251553319001e+02	3.016126893913150e-05 2.307793614018560e-05 0.000000000000000e+00	3.167635202407837e-02	7973	0	4223
4224	-6.860868724880000e+02  6.910882722200000e+02  6.764822236022001e+02	-1.489541000000000e-04  0.000000000000000e+00  1.331240000000000e-04	1.000000000000000e+00	8007	0	4224
4225	-2.978355635389000e+02  6.910882722200000e+02 -3.193399216955000e+02	8.696539000000001e-04 0.000000000000000e+00 5.004502000000000e-04	1.000000000000000e+00	8007	0	4225
4230	6.670312268554001e+02 3.221073637078000e+02 1.854569594184000e+02	 2.876255156250000e-05 -4.981816406250000e-05  7.314783468750000e-04	4.218750000000000e-01	7973	0	4230
4231	4.154482939229000e+02 4.822865923553000e+02 2.339683711512000e+02	 8.793114000000001e-04  1.523011900000000e-03 -5.119040300000001e-03	1.000000000000000e+00	8007	0	4231
0	 5.000000000000000e-01 -8.660254037844386e-01  0.000000000000000e+00	8.660254037844385e-01 5.000000000000000e-01 0.000000000000000e+00	5.632499999999998e+02 3.251925391210567e+02 0.000000000000000e+00	1	0	0.000000000000000e+00	0.000000000000000e+00	0.000000000000000e+00	9.361820988262531e+04
1	5.000000000000000e-01 8.660254037844386e-01 0.000000000000000e+00	0.000000000000000e+00 0.000000000000000e+00 1.000000000000000e+00	0.000000000000000e+00 0.000000000000000e+00 2.286190426597633e+02	1	0	0.000000000000000e+00	0.000000000000000e+00	0.000000000000000e+00	3.441469113383215e+05
3	-5.000000000000000e-01 -8.660254037844386e-01  0.000000000000000e+00	0.000000000000000e+00 0.000000000000000e+00 1.000000000000000e+00	0.000000000000000e+00 0.000000000000000e+00 6.580962442277471e+02	1	0	0.000000000000000e+00	0.000000000000000e+00	0.000000000000000e+00	1.210736514974700e+06
4	-1.000000000000000e+00  0.000000000000000e+00  0.000000000000000e+00	0.000000000000000e+00 0.000000000000000e+00 1.000000000000000e+00	-0.000000000000000e+00 -0.000000000000000e+00 -1.159425144917371e+02	1	0	0.000000000000000e+00	0.000000000000000e+00	0.000000000000000e+00	1.889988728585688e+06
7	-5.000000000000000e-01 -8.660254037844386e-01  0.000000000000000e+00	0.000000000000000e+00 0.000000000000000e+00 1.000000000000000e+00	-0.000000000000000e+00 -0.000000000000000e+00 -1.894272067752324e+02	1	0	0.000000000000000e+00	0.000000000000000e+00	0.000000000000000e+00	1.360765840003664e+06
9	-5.000000000000000e-01 -8.660254037844386e-01  0.000000000000000e+00	 8.660254037844385e-01 -5.000000000000000e-01  0.000000000000000e+00	-1.215000000000000e+02  7.014805770653952e+01 -0.000000000000000e+00	1	0	0.000000000000000e+00	0.000000000000000e+00	0.000000000000000e+00	2.462531195058035e+06
10	-5.000000000000000e-01  8.660254037844386e-01  0.000000000000000e+00	8.660254037844385e-01 5.000000000000000e-01 0.000000000000000e+00	-1.409999999999999e+02 -8.140638795573722e+01 -0.000000000000000e+00	1	0	0.000000000000000e+00	0.000000000000000e+00	0.000000000000000e+00	2.366187131262716e+03
12	1.000000000000000e+00 0.000000000000000e+00 0.000000000000000e+00	 0.000000000000000e+00 -1.000000000000000e+00  0.000000000000000e+00	0.000000000000000e+00 2.381569860407206e+02 0.000000000000000e+00	1	0	0.000000000000000e+00	0.000000000000000e+00	0.000000000000000e+00	2.250000000000000e+06
13	 5.000000000000000e-01 -8.660254037844386e-01  0.000000000000000e+00	0.000000000000000e+00 0.000000000000000e+00 1.000000000000000e+00	0.000000000000000e+00 0.000000000000000e+00 1.518683640525570e+02	1	0	0.000000000000000e+00	0.000000000000000e+00	0.000000000000000e+00	1.230647012457643e+06
15	5.000000000000000e-01 8.660254037844386e-01 0.000000000000000e+00	 8.660254037844385e-01 -5.000000000000000e-01  0.000000000000000e+00	 5.594999999999998e+02 -3.230274756115955e+02  0.000000000000000e+00	1	0	0.000000000000000e+00	0.000000000000000e+00	0.000000000000000e+00	4.781198371369841e+05
18	-5.000000000000000e-01 -8.660254037844386e-01  0.000000000000000e+00	0.000000000000000e+00 0.000000000000000e+00 1.000000000000000e+00	0.000000000000000e+00 0.000000000000000e+00 1.469693845669907e+01	1	0	0.000000000000000e+00	0.000000000000000e+00	0.000000000000000e+00	3.563113383187726e+05
21	-5.000000000000000e-01 -8.660254037844386e-01  0.000000000000000e+00	0.000000000000000e+00 0.000000000000000e+00 1.000000000000000e+00	0.000000000000000e+00 0.000000000000000e+00 3.592584956081994e+02	1	0	0.000000000000000e+00	0.000000000000000e+00	0.000000000000000e+00	8.975221686311479e+02
22	-5.000000000000000e-01 -8.660254037844386e-01  0.000000000000000e+00	 8.660254037844385e-01 -5.000000000000000e-01  0.000000000000000e+00	 1.027500000000000e+02 -5.932274015923404e+01  0.000000000000000e+00	1	0	0.000000000000000e+00	0.000000000000000e+00	0.000000000000000e+00	1.228317045438303e+06
24	5.000000000000000e-01 8.660254037844386e-01 0.000000000000000e+00	 8.660254037844385e-01 -5.000000000000000e-01  0.000000000000000e+00	 7.694999999999998e+02 -4.442710321414170e+02  0.000000000000000e+00	1	0	0.000000000000000e+00	0.000000000000000e+00	0.000000000000000e+00	2.361145357775998e+05
25	-5.000000000000000e-01  8.660254037844386e-01  0.000000000000000e+00	8.660254037844385e-01 5.000000000000000e-01 0.000000000000000e+00	-8.017499999999998e+02 -4.628905783227824e+02 -0.000000000000000e+00	1	0	0.000000000000000e+00	0.000000000000000e+00	0.000000000000000e+00	1.974568915210525e+05
26	1.000000000000000e+00 0.000000000000000e+00 0.000000000000000e+00	0.000000000000000e+00 0.000000000000000e+00 1.000000000000000e+00	0.000000000000000e+00 0.000000000000000e+00 5.829785587823964e+02	1	0	0.000000000000000e+00	0.000000000000000e+00	0.000000000000000e+00	5.200095256512534e+05
27	 5.000000000000000e-01 -8.660254037844386e-01  0.000000000000000e+00	 0.000000000000000e+00  0.000000000000000e+00 -1.000000000000000e+00	0.000000000000000e+00 0.000000000000000e+00 6.580962442277471e+02	1	0	0.000000000000000e+00	0.000000000000000e+00	0.000000000000000e+00	2.565307475445017e+04
28	1.000000000000000e+00 0.000000000000000e+00 0.000000000000000e+00	0.000000000000000e+00 0.000000000000000e+00 1.000000000000000e+00	0.000000000000000e+00 0.000000000000000e+00 2.286190426597633e+02	1	0	0.000000000000000e+00	0.000000000000000e+00	0.000000000000000e+00	1.469077697362865e+04
29	1.000000000000000e+00 0.000000000000000e+00 0.000000000000000e+00	 0.000000000000000e+00 -1.000000000000000e+00  0.000000000000000e+00	0.000000000000000e+00 5.715767664977295e+01 0.000000000000000e+00	1	0	0.000000000000000e+00	0.000000000000000e+00	0.000000000000000e+00	2.112144366341550e+06
43	5.000000000000000e-01 8.660254037844386e-01 0.000000000000000e+00	 0.000000000000000e+00  0.000000000000000e+00 -1.000000000000000e+00	-0.000000000000000e+00 -0.000000000000000e+00 -1.159425144917371e+02	1	0	0.000000000000000e+00	0.000000000000000e+00	0.000000000000000e+00	2.395308872640948e+03
55	-1.000000000000000e+00  0.000000000000000e+00  0.000000000000000e+00	0.000000000000000e+00 0.000000000000000e+00 1.000000000000000e+00	-0.000000000000000e+00 -0.000000000000000e+00 -4.262112152442729e+02	1	0	0.000000000000000e+00	0.000000000000000e+00	0.000000000000000e+00	5.562322687245983e+04
66	-5.000000000000000e-01 -8.660254037844386e-01  0.000000000000000e+00	0.000000000000000e+00 0.000000000000000e+00 1.000000000000000e+00	0.000000000000000e+00 0.000000000000000e+00 1.077775486824598e+02	1	0	0.000000000000000e+00	0.000000000000000e+00	0.000000000000000e+00	2.065160657337518e+06
76	-1.000000000000000e+00  0.000000000000000e+00  0.000000000000000e+00	0.000000000000000e+00 0.000000000000000e+00 1.000000000000000e+00	0.000000000000000e+00 0.000000000000000e+00 2.286190426597633e+02	1	0	0.000000000000000e+00	0.000000000000000e+00	0.000000000000000e+00	6.806146712954896e+02
106	-1.000000000000000e+00  0.000000000000000e+00  0.000000000000000e+00	 0.000000000000000e+00 -1.000000000000000e+00  0.000000000000000e+00	-0.000000000000000e+00 -5.473280551917652e+02 -0.000000000000000e+00	1	0	0.000000000000000e+00	0.000000000000000e+00	0.000000000000000e+00	6.863431813153305e+03
107	 5.000000000000000e-01 -8.660254037844386e-01  0.000000000000000e+00	0.000000000000000e+00 0.000000000000000e+00 1.000000000000000e+00	0.000000000000000e+00 0.000000000000000e+00 3.804874067123203e+02	1	0	0.000000000000000e+00	0.000000000000000e+00	0.000000000000000e+00	2.155296608477687e+06
108	5.000000000000000e-01 8.660254037844386e-01 0.000000000000000e+00	0.000000000000000e+00 0.000000000000000e+00 1.000000000000000e+00	-0.000000000000000e+00 -0.000000000000000e+00 -4.164132562731402e+02	1	0	0.000000000000000e+00	0.000000000000000e+00	0.000000000000000e+00	1.972503732143012e+06
113	 5.000000000000000e-01 -8.660254037844386e-01  0.000000000000000e+00	0.000000000000000e+00 0.000000000000000e+00 1.000000000000000e+00	-0.000000000000000e+00 -0.000000000000000e+00 -6.793251553318680e+02	1	0	0.000000000000000e+00	0.000000000000000e+00	0.000000000000000e+00	1.250845847851976e+06
208	1.000000000000000e+00 0.000000000000000e+00 0.000000000000000e+00	 0.000000000000000e+00 -1.000000000000000e+00  0.000000000000000e+00	0.000000000000000e+00 3.403479836872843e+02 0.000000000000000e+00	1	0	0.000000000000000e+00	0.000000000000000e+00	0.000000000000000e+00	2.544348215464927e+04
243	 5.000000000000000e-01 -8.660254037844386e-01  0.000000000000000e+00	0.000000000000000e+00 0.000000000000000e+00 1.000000000000000e+00	0.000000000000000e+00 0.000000000000000e+00 3.592584956081994e+02	1	0	0.000000000000000e+00	0.000000000000000e+00	0.000000000000000e+00	0.000000000000000e+00
246	1.000000000000000e+00 0.000000000000000e+00 0.000000000000000e+00	0.000000000000000e+00 0.000000000000000e+00 1.000000000000000e+00	0.000000000000000e+00 0.000000000000000e+00 3.592584956081994e+02	1	0	0.000000000000000e+00	0.000000000000000e+00	0.000000000000000e+00	0.000000000000000e+00
248	1.000000000000000e+00 0.000000000000000e+00 0.000000000000000e+00	0.000000000000000e+00 0.000000000000000e+00 1.000000000000000e+00	0.000000000000000e+00 0.000000000000000e+00 3.592584956081994e+02	1	0	0.000000000000000e+00	0.000000000000000e+00	0.000000000000000e+00	0.000000000000000e+00
297	-1.000000000000000e+00  0.000000000000000e+00  0.000000000000000e+00	0.000000000000000e+00 1.000000000000000e+00 0.000000000000000e+00	0.000000000000000e+00 6.910882722199819e+02 0.000000000000000e+00	1	0	0.000000000000000e+00	0.000000000000000e+00	0.000000000000000e+00	0.000000000000000e+00
319	5.000000000000000e-01 8.660254037844386e-01 0.000000000000000e+00	0.000000000000000e+00 0.000000000000000e+00 1.000000000000000e+00	0.000000000000000e+00 0.000000000000000e+00 3.592584956081994e+02	1	0	0.000000000000000e+00	0.000000000000000e+00	0.000000000000000e+00	8.975221686311506e+02
320	-1.000000000000000e+00  0.000000000000000e+00  0.000000000000000e+00	 0.000000000000000e+00 -1.000000000000000e+00  0.000000000000000e+00	0.000000000000000e+00 6.910882722199819e+02 0.000000000000000e+00	1	0	0.000000000000000e+00	0.000000000000000e+00	0.000000000000000e+00	1.631761185744325e+06
321	-5.000000000000000e-01 -8.660254037844386e-01  0.000000000000000e+00	0.000000000000000e+00 0.000000000000000e+00 1.000000000000000e+00	0.000000000000000e+00 0.000000000000000e+00 3.592584956081994e+02	1	0	0.000000000000000e+00	0.000000000000000e+00	0.000000000000000e+00	5.755578709836261e+05
323	-5.000000000000000e-01 -8.660254037844386e-01  0.000000000000000e+00	 0.000000000000000e+00  0.000000000000000e+00 -1.000000000000000e+00	0.000000000000000e+00 0.000000000000000e+00 1.518683640525570e+02	1	0	0.000000000000000e+00	0.000000000000000e+00	0.000000000000000e+00	3.829384679477553e+01
324	1.000000000000000e+00 0.000000000000000e+00 0.000000000000000e+00	 0.000000000000000e+00  0.000000000000000e+00 -1.000000000000000e+00	0.000000000000000e+00 0.000000000000000e+00 1.518683640525570e+02	1	0	0.000000000000000e+00	0.000000000000000e+00	0.000000000000000e+00	3.829384679477553e+01
325	-1.000000000000000e+00  0.000000000000000e+00  0.000000000000000e+00	 0.000000000000000e+00  0.000000000000000e+00 -1.000000000000000e+00	0.000000000000000e+00 0.000000000000000e+00 1.518683640525570e+02	1	0	0.000000000000000e+00	0.000000000000000e+00	0.000000000000000e+00	3.829384679477553e+01
327	1.000000000000000e+00 0.000000000000000e+00 0.000000000000000e+00	0.000000000000000e+00 0.000000000000000e+00 1.000000000000000e+00	0.000000000000000e+00 0.000000000000000e+00 1.518683640525570e+02	1	0	0.000000000000000e+00	0.000000000000000e+00	0.000000000000000e+00	1.020929110395218e+01
337	 5.000000000000000e-01 -8.660254037844386e-01  0.000000000000000e+00	8.660254037844385e-01 5.000000000000000e-01 0.000000000000000e+00	8.549999999999997e+01 4.936344801571300e+01 0.000000000000000e+00	1	0	0.000000000000000e+00	0.000000000000000e+00	0.000000000000000e+00	2.416728678566158e+05
340	-5.000000000000000e-01 -8.660254037844386e-01  0.000000000000000e+00	0.000000000000000e+00 0.000000000000000e+00 1.000000000000000e+00	0.000000000000000e+00 0.000000000000000e+00 9.471360338761622e+01	1	0	0.000000000000000e+00	0.000000000000000e+00	0.000000000000000e+00	4.003530681960128e+05
2428	-5.000000000000000e-01  8.660254037844386e-01  0.000000000000000e+00	8.660254037844385e-01 5.000000000000000e-01 0.000000000000000e+00	6.397499999999998e+02 3.693598347140630e+02 0.000000000000000e+00	1	0	0.000000000000000e+00	0.000000000000000e+00	0.000000000000000e+00	3.603675793041060e+05
0	0	1	1
0	246	0	0
0	1	2	1
0	2	681	0
0	112	246	0
0	247	112	0
0	201	143	0
0	143	247	0
0	436	201	0
0	488	436	0
0	535	488	0
0	585	535	0
0	620	585	0
0	681	620	0
1	4	5	1
1	63	4	1
1	5	6	1
1	6	2264	0
1	292	63	0
1	164	113	0
1	113	328	0
1	144	364	0
1	365	144	0
1	505	164	0
1	202	292	0
1	364	202	0
1	328	248	0
1	248	365	0
1	367	249	0
1	249	505	0
1	2939	367	0
1	2264	2939	0
3	10	11	1
3	479	10	0
3	11	12	1
3	12	13	1
3	13	479	0
4	15	16	1
4	104	15	1
4	16	17	1
4	17	655	0
4	101	104	0
4	150	101	1
4	571	116	0
4	116	625	0
4	373	150	0
4	374	151	0
4	151	375	0
4	297	209	0
4	209	374	0
4	332	254	0
4	254	683	0
4	255	333	0
4	375	255	0
4	465	297	0
4	625	332	0
4	333	571	0
4	683	373	0
4	512	465	0
4	589	512	0
4	655	589	0
7	27	28	1
7	301	27	0
7	28	29	1
7	29	30	1
7	30	302	0
7	119	338	0
7	339	119	0
7	155	382	0
7	383	155	0
7	384	156	0
7	156	385	0
7	213	301	0
7	382	213	0
7	302	214	0
7	214	384	0
7	338	260	0
7	260	383	0
7	261	339	0
7	385	261	0
9	36	37	1
9	159	36	1
9	37	38	1
9	38	39	1
9	39	1801	0
9	491	122	0
9	122	507	0
9	521	159	0
9	216	160	0
9	160	497	0
9	455	216	0
9	507	262	0
9	262	521	0
9	263	491	0
9	497	263	0
9	529	455	0
9	616	529	0
9	740	616	0
9	864	740	0
9	1801	864	0
10	41	42	1
10	161	41	1
10	42	162	0
10	123	161	0
10	162	123	0
12	47	48	1
12	50	47	1
12	48	49	1
12	49	50	1
13	52	53	1
13	305	52	0
13	53	54	1
13	54	55	1
13	55	306	0
13	126	342	0
13	343	126	0
13	167	390	0
13	391	167	0
13	392	168	0
13	168	393	0
13	221	305	0
13	390	221	0
13	222	392	0
13	1014	222	0
13	342	268	0
13	268	391	0
13	269	343	0
13	393	269	0
13	306	572	0
13	572	1015	0
13	1015	1014	0
15	59	60	1
15	496	59	0
15	60	61	1
15	61	62	1
15	62	226	0
15	273	128	0
15	128	499	0
15	226	172	0
15	172	273	0
15	615	346	0
15	346	4212	0
15	4212	496	0
15	499	696	0
15	696	615	0
18	71	72	1
18	313	71	0
18	72	73	1
18	73	74	1
18	74	314	0
18	527	131	0
18	131	553	0
18	177	483	0
18	495	177	0
18	231	313	0
18	406	231	0
18	350	278	0
18	278	407	0
18	279	351	0
18	409	279	0
18	314	408	0
18	553	350	0
18	351	527	0
18	483	406	0
18	407	495	0
18	408	409	0
21	352	416	0
21	909	352	0
21	416	675	0
21	675	909	0
22	87	88	1
22	319	87	0
22	88	89	1
22	89	90	1
22	90	531	0
22	137	439	0
22	440	137	0
22	185	441	0
22	442	185	0
22	237	445	0
22	446	237	0
22	447	238	0
22	238	448	0
22	449	286	0
22	286	450	0
22	287	451	0
22	452	287	0
22	445	319	0
22	438	320	0
22	320	447	0
22	439	358	0
22	358	449	0
22	359	440	0
22	451	359	0
22	441	418	0
22	418	446	0
22	419	442	0
22	450	419	0
22	448	420	0
22	420	4218	0
22	421	452	0
22	1615	421	0
22	531	438	0
22	443	444	0
22	1886	443	0
22	444	1759	0
22	1675	1615	0
22	4231	1675	0
22	1759	2050	0
22	4218	1886	0
22	2050	4219	0
22	4219	4231	0
24	97	98	1
24	189	97	0
24	98	99	1
24	99	100	1
24	100	190	0
24	139	189	0
24	190	139	0
25	101	102	1
25	104	101	0
25	102	103	1
25	103	104	1
26	105	106	1
26	1081	105	0
26	106	107	1
26	107	242	0
26	141	362	0
26	363	141	0
26	191	426	0
26	427	191	0
26	428	192	0
26	192	429	0
26	241	323	0
26	426	241	0
26	242	428	0
26	362	290	0
26	290	427	0
26	291	363	0
26	429	291	0
26	323	486	0
26	486	582	0
26	582	660	0
26	660	1081	0
27	10	479	0
27	2820	10	0
27	484	468	0
27	468	2820	0
27	479	729	0
27	501	484	0
27	503	501	0
27	519	503	0
27	537	519	0
27	545	537	0
27	568	545	0
27	583	568	0
27	600	583	0
27	618	600	0
27	631	618	0
27	664	631	0
27	689	664	0
27	703	689	0
27	710	703	0
27	714	710	0
27	715	714	0
27	717	715	0
27	720	717	0
27	729	720	0
28	2264	6	0
28	6	4214	0
28	487	3478	0
28	4214	487	0
28	577	753	0
28	3478	577	0
28	753	2264	0
29	10	44	1
29	479	10	0
29	45	13	1
29	13	479	0
29	44	45	1
43	101	104	0
43	560	101	0
43	104	4128	0
43	540	560	0
43	4128	540	0
55	7	8	1
55	204	7	0
55	8	205	1
55	114	250	0
55	251	114	0
55	146	204	0
55	250	146	0
55	205	147	0
55	147	251	0
66	23	24	1
66	378	23	0
66	24	25	1
66	25	26	1
66	26	300	0
66	118	547	0
66	566	118	0
66	153	378	0
66	379	153	0
66	380	154	0
66	154	381	0
66	300	212	0
66	212	380	0
66	258	379	0
66	611	258	0
66	538	259	0
66	259	567	0
66	547	336	0
66	336	611	0
66	337	566	0
66	567	337	0
66	381	538	0
76	292	63	0
76	63	627	0
76	627	292	0
106	615	346	0
106	346	1705	0
106	708	615	0
106	865	708	0
106	1012	865	0
106	1705	1012	0
107	92	93	1
107	187	92	1
107	93	94	1
107	94	95	1
107	95	1002	0
107	424	187	0
107	322	424	0
107	490	322	0
107	595	490	0
107	733	595	0
107	747	733	0
107	771	747	0
107	1002	771	0
108	18	19	1
108	298	18	0
108	19	20	1
108	20	21	1
108	21	22	1
108	22	108	0
108	108	243	0
108	117	334	0
108	335	117	0
108	152	376	0
108	377	152	0
108	430	193	0
108	193	431	0
108	210	298	0
108	376	210	0
108	243	430	0
108	334	256	0
108	256	377	0
108	257	335	0
108	431	257	0
113	67	68	1
113	745	67	0
113	68	277	1
113	130	403	0
113	755	130	0
113	402	229	0
113	229	718	0
113	277	349	0
113	349	4223	0
113	403	402	0
113	718	724	0
113	724	745	0
113	4223	755	0
208	56	57	1
208	307	56	0
208	57	66	1
208	66	828	0
208	127	344	0
208	828	127	0
208	169	394	0
208	395	169	0
208	223	307	0
208	394	223	0
208	344	270	0
208	270	395	0
243	416	352	0
243	352	909	0
243	909	416	0
246	352	416	0
246	909	352	0
246	416	909	0
248	416	352	0
248	352	909	0
248	909	416	0
297	416	352	0
297	352	909	0
297	909	416	0
319	416	675	0
319	909	416	0
319	675	909	0
320	75	76	1
320	776	75	0
320	76	77	1
320	77	78	1
320	78	4224	0
320	108	194	0
320	244	108	0
320	132	179	0
320	746	132	0
320	133	306	0
320	630	133	0
320	179	523	0
320	194	4221	0
320	1396	195	0
320	195	4213	0
320	315	233	0
320	233	1003	0
320	432	244	0
320	572	281	0
320	281	602	0
320	306	572	0
320	530	315	0
320	352	1000	0
320	1003	352	0
320	4225	432	0
320	602	433	0
320	433	1396	0
320	523	598	0
320	610	530	0
320	598	639	0
320	688	610	0
320	712	630	0
320	639	722	0
320	737	688	0
320	1000	712	0
320	722	776	0
320	4224	737	0
320	4221	746	0
320	4213	4225	0
321	83	84	1
321	453	83	0
321	84	85	1
321	85	86	1
321	86	675	0
321	443	136	0
321	136	460	0
321	183	646	0
321	647	183	0
321	235	459	0
321	471	235	0
321	356	284	0
321	284	707	0
321	317	453	0
321	459	317	0
321	460	356	0
321	414	471	0
321	646	414	0
321	415	647	0
321	707	415	0
321	444	443	0
321	463	444	0
321	675	463	0
323	572	306	0
323	306	1015	0
323	1015	572	0
324	572	306	0
324	306	1015	0
324	1015	572	0
325	572	306	0
325	306	1015	0
325	1015	572	0
327	1015	572	0
327	572	1020	0
327	1020	1015	0
337	63	65	1
337	292	63	0
337	65	66	1
337	66	805	0
337	174	401	0
337	728	174	0
337	228	400	0
337	4216	228	0
337	274	292	0
337	4220	274	0
337	349	277	0
337	277	4216	0
337	615	346	0
337	346	4210	0
337	805	349	0
337	400	728	0
337	401	615	0
337	4210	4220	0
340	80	34	1
340	34	434	0
340	79	80	1
340	494	79	0
340	134	354	0
340	355	134	0
340	181	412	0
340	413	181	0
340	198	388	0
340	434	198	0
340	234	316	0
340	412	234	0
340	354	282	0
340	282	413	0
340	283	355	0
340	388	283	0
340	316	494	0
2428	6	32	1
2428	2264	6	0
2428	32	33	1
2428	33	34	1
2428	34	4217	0
2428	4217	1011	0
2428	1011	4230	0
2428	2827	2264	0
2428	4230	2827	0
