454
44
519
0	 7.500000000000000e+02  1.732050807600000e+00 -5.813358331605000e+02	 9.770000000000001e-08 -1.692000000000000e-07 -3.192300000000000e-06	1.000000000000000e+00	0	1	0
1	 7.500000000000000e+02  1.732050807600000e+00 -7.500000000000000e+02	0.000000000000000e+00 0.000000000000000e+00 0.000000000000000e+00	1.000000000000000e+00	0	1	1
2	 3.179872981078000e+02  7.500000000000000e+02 -7.500000000000000e+02	-2.597547880000000e-02  4.499084910000000e-02  0.000000000000000e+00	1.000000000000000e+00	0	1	2
4	 7.500000000000000e+02 -7.500000000000000e+02  2.286190426598000e+02	0.000000000000000e+00 0.000000000000000e+00 0.000000000000000e+00	1.000000000000000e+00	8048	1	4
5	7.500000000000000e+02 7.500000000000000e+02 2.286190426598000e+02	0.000000000000000e+00 0.000000000000000e+00 0.000000000000000e+00	1.000000000000000e+00	8048	1	5
6	4.199872981078000e+02 7.500000000000000e+02 2.286190426598000e+02	0.000000000000000e+00 0.000000000000000e+00 0.000000000000000e+00	7.500000000000000e-01	8048	1	6
7	 7.500000000000000e+02  6.208180077328000e+02 -4.262112152443000e+02	5.510000000000000e-08 3.858000000000000e-07 0.000000000000000e+00	1.000000000000000e+00	646	1	7
8	 7.500000000000000e+02  7.500000000000000e+02 -4.262112152443000e+02	0.000000000000000e+00 0.000000000000000e+00 0.000000000000000e+00	1.000000000000000e+00	646	1	8
10	-7.500000000000000e+02  5.715767664980000e+01  6.580962442277000e+02	0.000000000000000e+00 0.000000000000000e+00 0.000000000000000e+00	1.000000000000000e+00	1105	1	10
11	-7.500000000000000e+02 -7.500000000000000e+02  6.580962442277000e+02	0.000000000000000e+00 0.000000000000000e+00 0.000000000000000e+00	1.000000000000000e+00	1105	1	11
12	 7.500000000000000e+02 -7.500000000000000e+02  6.580962442277000e+02	0.000000000000000e+00 0.000000000000000e+00 0.000000000000000e+00	1.000000000000000e+00	1105	1	12
13	7.500000000000000e+02 5.715767664980000e+01 6.580962442277000e+02	0.000000000000000e+00 0.000000000000000e+00 0.000000000000000e+00	4.218750000000000e-01	1105	1	13
15	 7.500000000000000e+02 -7.500000000000000e+02 -1.159425144917000e+02	0.000000000000000e+00 0.000000000000000e+00 0.000000000000000e+00	1.000000000000000e+00	661	1	15
16	 7.500000000000000e+02  7.500000000000000e+02 -1.159425144917000e+02	0.000000000000000e+00 0.000000000000000e+00 0.000000000000000e+00	1.000000000000000e+00	661	1	16
17	 2.518838080676000e+02  7.500000000000000e+02 -1.159425144917000e+02	 1.183080000000000e-05 -2.593490000000000e-05  0.000000000000000e+00	1.000000000000000e+00	661	1	17
18	-7.500000000000000e+02 -9.503925538730000e+01 -4.164132562731000e+02	 7.504000000000000e-07 -6.205000000000000e-07  0.000000000000000e+00	1.000000000000000e+00	8048	1	18
19	-7.500000000000000e+02 -7.500000000000000e+02 -4.164132562731000e+02	0.000000000000000e+00 0.000000000000000e+00 0.000000000000000e+00	1.000000000000000e+00	8048	1	19
20	 7.500000000000000e+02 -7.500000000000000e+02 -4.164132562731000e+02	0.000000000000000e+00 0.000000000000000e+00 0.000000000000000e+00	1.000000000000000e+00	8048	1	20
21	 7.500000000000000e+02  7.500000000000000e+02 -4.164132562731000e+02	0.000000000000000e+00 0.000000000000000e+00 0.000000000000000e+00	1.000000000000000e+00	8048	1	21
22	-2.070920753885000e+02  7.500000000000000e+02 -4.164132562731000e+02	 4.367118164062500e-06 -1.294971679687500e-07  0.000000000000000e+00	2.373046875000000e-01	8048	1	22
23	-6.452922125508001e+02 -7.500000000000000e+02  1.077775486825000e+02	-1.436320000000000e-04  2.674800000000000e-05  0.000000000000000e+00	1.000000000000000e+00	23	1	23
24	 7.500000000000000e+02 -7.500000000000000e+02  1.077775486825000e+02	0.000000000000000e+00 0.000000000000000e+00 0.000000000000000e+00	1.000000000000000e+00	23	1	24
25	7.500000000000000e+02 7.500000000000000e+02 1.077775486825000e+02	0.000000000000000e+00 0.000000000000000e+00 0.000000000000000e+00	1.000000000000000e+00	23	1	25
26	-6.121219452640000e+02  7.500000000000000e+02  1.077775486825000e+02	 8.773200000000001e-06 -1.064000000000000e-06  0.000000000000000e+00	1.000000000000000e+00	23	1	26
27	-7.365415849128000e+02 -7.500000000000000e+02 -1.894272067752000e+02	 3.015000000000000e-07 -2.324000000000000e-07  0.000000000000000e+00	1.000000000000000e+00	27	1	27
28	 7.500000000000000e+02 -7.500000000000000e+02 -1.894272067752000e+02	0.000000000000000e+00 0.000000000000000e+00 0.000000000000000e+00	1.000000000000000e+00	27	1	28
29	 7.500000000000000e+02  7.500000000000000e+02 -1.894272067752000e+02	0.000000000000000e+00 0.000000000000000e+00 0.000000000000000e+00	1.000000000000000e+00	27	1	29
30	 4.223757027952000e+02  7.500000000000000e+02 -1.894272067752000e+02	-1.701000000000000e-07  1.314000000000000e-07  0.000000000000000e+00	1.000000000000000e+00	27	1	30
32	4.199872981078000e+02 7.500000000000000e+02 7.500000000000000e+02	0.000000000000000e+00 0.000000000000000e+00 0.000000000000000e+00	1.000000000000000e+00	8048	1	32
33	7.500000000000000e+02 1.784012331796000e+02 7.500000000000000e+02	0.000000000000000e+00 0.000000000000000e+00 0.000000000000000e+00	1.000000000000000e+00	8048	1	33
34	7.500000000000000e+02 1.784012331796000e+02 9.471360338760000e+01	 0.000000000000000e+00 -0.000000000000000e+00  0.000000000000000e+00	7.500000000000000e-01	8048	1	34
36	-5.950127018922000e+02 -7.500000000000000e+02 -7.500000000000000e+02	0.000000000000000e+00 0.000000000000000e+00 0.000000000000000e+00	1.000000000000000e+00	491	1	36
37	 2.710127018922000e+02  7.500000000000000e+02 -7.500000000000000e+02	0.000000000000000e+00 0.000000000000000e+00 0.000000000000000e+00	1.000000000000000e+00	491	1	37
38	2.710127018922000e+02 7.500000000000000e+02 7.500000000000000e+02	0.000000000000000e+00 0.000000000000000e+00 0.000000000000000e+00	1.000000000000000e+00	491	1	38
39	-2.114522721986000e+02 -8.565384799770000e+01  7.500000000000000e+02	 1.604200000000000e-06  2.778500000000000e-06 -1.501460000000000e-05	1.000000000000000e+00	491	1	39
41	 2.450127018922000e+02 -7.500000000000000e+02  7.500000000000000e+02	0.000000000000000e+00 0.000000000000000e+00 0.000000000000000e+00	1.000000000000000e+00	729	1	41
42	 2.450127018922000e+02 -7.500000000000000e+02  7.354124887409000e+02	 2.600000000000000e-09 -4.500000000000000e-09  1.343000000000000e-07	1.000000000000000e+00	729	1	42
44	-7.500000000000000e+02  5.715767664980000e+01 -7.500000000000000e+02	0.000000000000000e+00 0.000000000000000e+00 0.000000000000000e+00	1.000000000000000e+00	1105	1	44
45	 7.500000000000000e+02  5.715767664980000e+01 -7.500000000000000e+02	0.000000000000000e+00 0.000000000000000e+00 0.000000000000000e+00	1.000000000000000e+00	1105	1	45
47	-7.500000000000000e+02  2.381569860407000e+02  7.500000000000000e+02	0.000000000000000e+00 0.000000000000000e+00 0.000000000000000e+00	1.000000000000000e+00	1074	1	47
48	-7.500000000000000e+02  2.381569860407000e+02 -7.500000000000000e+02	0.000000000000000e+00 0.000000000000000e+00 0.000000000000000e+00	1.000000000000000e+00	1074	1	48
49	 7.500000000000000e+02  2.381569860407000e+02 -7.500000000000000e+02	0.000000000000000e+00 0.000000000000000e+00 0.000000000000000e+00	1.000000000000000e+00	1074	1	49
50	7.500000000000000e+02 2.381569860407000e+02 7.500000000000000e+02	0.000000000000000e+00 0.000000000000000e+00 0.000000000000000e+00	1.000000000000000e+00	1074	1	50
52	 2.614148365559000e+02 -7.500000000000000e+02  1.518683640526000e+02	3.391000000000000e-07 1.719000000000000e-07 0.000000000000000e+00	1.000000000000000e+00	8048	1	52
53	 7.500000000000000e+02 -7.500000000000000e+02  1.518683640526000e+02	0.000000000000000e+00 0.000000000000000e+00 0.000000000000000e+00	1.000000000000000e+00	8048	1	53
54	7.500000000000000e+02 7.500000000000000e+02 1.518683640526000e+02	0.000000000000000e+00 0.000000000000000e+00 0.000000000000000e+00	1.000000000000000e+00	8048	1	54
55	-3.654190938320000e+02  7.500000000000000e+02  1.518683640526000e+02	-2.668396289062500e-06 -6.257724609375000e-07  0.000000000000000e+00	1.779785156250000e-01	8048	1	55
56	-7.500000000000000e+02  3.403479836873000e+02 -6.862202505606000e+02	-6.800000000000000e-08  0.000000000000000e+00 -2.148500000000000e-06	1.000000000000000e+00	8048	1	56
57	-7.500000000000000e+02  3.403479836873000e+02 -7.500000000000000e+02	0.000000000000000e+00 0.000000000000000e+00 0.000000000000000e+00	1.000000000000000e+00	8048	1	57
59	 3.129872981078000e+02 -7.500000000000000e+02 -1.294897812600000e+00	-1.600000000000000e-09 -2.800000000000000e-09  3.986000000000000e-07	1.000000000000000e+00	8048	1	59
60	 3.129872981078000e+02 -7.500000000000000e+02 -7.500000000000000e+02	0.000000000000000e+00 0.000000000000000e+00 0.000000000000000e+00	1.000000000000000e+00	8048	1	60
61	 7.500000000000000e+02  6.928203230300000e+00 -7.500000000000000e+02	0.000000000000000e+00 0.000000000000000e+00 0.000000000000000e+00	1.000000000000000e+00	8048	1	61
62	 7.500000000000000e+02  6.928203230300000e+00 -2.839337374775000e+02	1.965000000000000e-07 3.404000000000000e-07 2.294150000000000e-05	1.000000000000000e+00	8048	1	62
63	 5.470127018922000e+02 -7.500000000000000e+02  2.286190426598000e+02	-0.000000000000000e+00 -0.000000000000000e+00  0.000000000000000e+00	1.000000000000000e+00	8048	1	63
65	 5.470127018922000e+02 -7.500000000000000e+02 -7.500000000000000e+02	0.000000000000000e+00 0.000000000000000e+00 0.000000000000000e+00	1.000000000000000e+00	8048	1	65
66	-8.250000000000000e+01  3.403479836873000e+02 -7.500000000000000e+02	0.000000000000000e+00 0.000000000000000e+00 0.000000000000000e+00	7.500000000000000e-01	8048	1	66
67	-7.500000000000000e+02  7.500000000000000e+02 -6.793251553319001e+02	0.000000000000000e+00 1.470885857000000e-01 0.000000000000000e+00	1.000000000000000e+00	8048	1	67
68	-7.500000000000000e+02 -7.500000000000000e+02 -6.793251553319001e+02	0.000000000000000e+00 0.000000000000000e+00 0.000000000000000e+00	1.000000000000000e+00	8048	1	68
71	 4.490793045041000e+02 -7.500000000000000e+02  1.469693845670000e+01	-1.015780000000000e-05  2.491900000000000e-06  0.000000000000000e+00	1.000000000000000e+00	5009	1	71
72	 7.500000000000000e+02 -7.500000000000000e+02  1.469693845670000e+01	0.000000000000000e+00 0.000000000000000e+00 0.000000000000000e+00	1.000000000000000e+00	5009	1	72
73	7.500000000000000e+02 7.500000000000000e+02 1.469693845670000e+01	0.000000000000000e+00 0.000000000000000e+00 0.000000000000000e+00	1.000000000000000e+00	5009	1	73
74	5.925885287531000e+02 7.500000000000000e+02 1.469693845670000e+01	 8.948980000000000e-05 -2.900870000000000e-05  0.000000000000000e+00	1.000000000000000e+00	5009	1	74
75	 3.130719232903000e+02  6.910882722200000e+02 -7.500000000000000e+02	1.940000000000000e-07 0.000000000000000e+00 5.479000000000000e-07	1.000000000000000e+00	8048	1	75
76	 7.500000000000000e+02  6.910882722200000e+02 -7.500000000000000e+02	0.000000000000000e+00 0.000000000000000e+00 0.000000000000000e+00	1.000000000000000e+00	8048	1	76
77	7.500000000000000e+02 6.910882722200000e+02 7.500000000000000e+02	0.000000000000000e+00 0.000000000000000e+00 0.000000000000000e+00	1.000000000000000e+00	8048	1	77
78	-7.500000000000000e+02  6.910882722200000e+02  7.500000000000000e+02	-7.044178890000000e-02  0.000000000000000e+00  0.000000000000000e+00	1.000000000000000e+00	8048	1	78
79	-5.481740805060000e+01 -7.500000000000000e+02  9.471360338760000e+01	 7.032700000000000e-06 -6.942600000000000e-06  0.000000000000000e+00	1.000000000000000e+00	8048	1	79
80	 7.500000000000000e+02 -7.500000000000000e+02  9.471360338760000e+01	0.000000000000000e+00 0.000000000000000e+00 0.000000000000000e+00	1.000000000000000e+00	8048	1	80
83	 3.219061596826000e+02 -7.500000000000000e+02  3.592584956082000e+02	-4.141200000000000e-06  6.410000000000000e-07  0.000000000000000e+00	1.000000000000000e+00	8048	1	83
84	 7.500000000000000e+02 -7.500000000000000e+02  3.592584956082000e+02	0.000000000000000e+00 0.000000000000000e+00 0.000000000000000e+00	1.000000000000000e+00	8048	1	84
85	7.500000000000000e+02 7.500000000000000e+02 3.592584956082000e+02	0.000000000000000e+00 0.000000000000000e+00 0.000000000000000e+00	1.000000000000000e+00	8048	1	85
87	-2.960127018922000e+02 -7.500000000000000e+02 -4.867114951401000e+02	-3.060000000000000e-08 -5.290000000000000e-08  6.058000000000000e-07	1.000000000000000e+00	8048	1	87
88	-2.960127018922000e+02 -7.500000000000000e+02 -7.500000000000000e+02	0.000000000000000e+00 0.000000000000000e+00 0.000000000000000e+00	1.000000000000000e+00	8048	1	88
89	 5.700127018922000e+02  7.500000000000000e+02 -7.500000000000000e+02	0.000000000000000e+00 0.000000000000000e+00 0.000000000000000e+00	1.000000000000000e+00	8048	1	89
90	5.700127018922000e+02 7.500000000000000e+02 5.897138006021000e+02	 9.242900000000001e-06  1.600920000000000e-05 -1.397375000000000e-04	1.000000000000000e+00	8048	1	90
92	-7.500000000000000e+02  7.500000000000000e+02  3.804874067123000e+02	0.000000000000000e+00 0.000000000000000e+00 0.000000000000000e+00	1.000000000000000e+00	8006	1	92
93	-7.500000000000000e+02 -7.500000000000000e+02  3.804874067123000e+02	0.000000000000000e+00 0.000000000000000e+00 0.000000000000000e+00	1.000000000000000e+00	8006	1	93
94	 7.500000000000000e+02 -7.500000000000000e+02  3.804874067123000e+02	0.000000000000000e+00 0.000000000000000e+00 0.000000000000000e+00	1.000000000000000e+00	8006	1	94
95	7.500000000000000e+02 2.989814889524000e+02 3.804874067123000e+02	-1.474420000000000e-05 -1.515850000000000e-05  0.000000000000000e+00	1.000000000000000e+00	8006	1	95
97	 5.929872981078000e+02 -7.500000000000000e+02 -1.595583933110000e+01	 4.700000000000000e-09  8.100000000000000e-09 -9.350000000000000e-08	1.000000000000000e+00	97	1	97
98	 5.929872981078000e+02 -7.500000000000000e+02 -7.500000000000000e+02	0.000000000000000e+00 0.000000000000000e+00 0.000000000000000e+00	1.000000000000000e+00	97	1	98
99	 7.500000000000000e+02 -4.780460228890000e+02 -7.500000000000000e+02	0.000000000000000e+00 0.000000000000000e+00 0.000000000000000e+00	1.000000000000000e+00	97	1	99
100	 7.500000000000000e+02 -4.780460228890000e+02  1.937324633110000e+01	 3.080000000000000e-08  5.330000000000000e-08 -6.431000000000000e-07	1.000000000000000e+00	97	1	100
101	-7.500000000000000e+02 -5.525242076145000e+02 -1.159425144917000e+02	-0.000000000000000e+00 -0.000000000000000e+00  0.000000000000000e+00	1.779785156250000e-01	661	1	101
102	-7.500000000000000e+02 -5.525242076145000e+02  7.500000000000000e+02	0.000000000000000e+00 0.000000000000000e+00 0.000000000000000e+00	1.000000000000000e+00	661	1	102
103	-6.359872981078000e+02 -7.500000000000000e+02  7.500000000000000e+02	0.000000000000000e+00 0.000000000000000e+00 0.000000000000000e+00	1.000000000000000e+00	661	1	103
104	-6.359872981078000e+02 -7.500000000000000e+02 -1.159425144917000e+02	0.000000000000000e+00 0.000000000000000e+00 0.000000000000000e+00	7.500000000000000e-01	661	1	104
105	-5.876078955157000e+02 -7.500000000000000e+02  5.829785587824000e+02	-6.547260000000000e-05  1.899194000000000e-04  0.000000000000000e+00	1.000000000000000e+00	105	1	105
106	 7.500000000000000e+02 -7.500000000000000e+02  5.829785587824000e+02	0.000000000000000e+00 0.000000000000000e+00 0.000000000000000e+00	1.000000000000000e+00	105	1	106
107	7.500000000000000e+02 2.484555974230000e+01 5.829785587824000e+02	 1.223100000000000e-06 -3.500700000000000e-06  0.000000000000000e+00	1.000000000000000e+00	105	1	107
108	-2.088389693973000e+02  6.910882722200000e+02 -4.164132562731000e+02	-5.577294946289063e-06  0.000000000000000e+00  0.000000000000000e+00	1.779785156250000e-01	8048	0	108
112	 6.715610209713000e+02  1.375923477791000e+02 -5.929794217634001e+02	 1.229000000000000e-07 -2.129000000000000e-07 -2.706800000000000e-06	1.000000000000000e+00	0	0	112
113	 5.147274476996000e+02 -6.325525520400000e+00  2.286190426598000e+02	-2.025500000000000e-05  2.083000000000000e-06  0.000000000000000e+00	1.000000000000000e+00	8048	0	113
114	 2.990314327068000e+02  6.853892615395000e+02 -4.262112152443000e+02	-5.900000000000000e-09 -3.940000000000000e-08  0.000000000000000e+00	1.000000000000000e+00	646	0	114
116	-5.779251938197000e+02  1.419300564284000e+02 -1.159425144917000e+02	-1.067230000000000e-05  3.191900000000000e-06  0.000000000000000e+00	1.000000000000000e+00	661	0	116
117	-4.257502970113000e+02  2.979494907914000e+02 -4.164132562731000e+02	 5.592000000000000e-07 -4.597000000000000e-07  0.000000000000000e+00	1.000000000000000e+00	8048	0	117
118	-6.378187035725000e+02 -1.586262842547000e+02  1.077775486825000e+02	-1.118200000000000e-04 -2.911600000000000e-06  0.000000000000000e+00	1.000000000000000e+00	23	0	118
119	-1.571962574535000e+02  7.070061090000000e-02 -1.894272067752000e+02	-2.788000000000000e-07  2.155000000000000e-07  0.000000000000000e+00	1.000000000000000e+00	27	0	119
122	-5.466421571215001e+02 -6.662197588673000e+02  3.806998503236000e+02	-2.977200000000000e-06 -5.156700000000000e-06 -2.329500000000000e-05	1.000000000000000e+00	491	0	122
123	 1.455996253917000e+02 -5.778115005643000e+02  7.443331994488000e+02	 4.200000000000000e-09 -7.200000000000000e-09  1.578000000000000e-07	1.000000000000000e+00	729	0	123
126	-7.301005287600000e+01 -9.877469700000001e-03  1.518683640526000e+02	-8.800000000000001e-08 -3.830000000000000e-08  0.000000000000000e+00	1.000000000000000e+00	8048	0	126
127	-2.080493392381000e+02  3.403479836873000e+02 -7.337890336067001e+02	 1.411900000000000e-06  0.000000000000000e+00 -2.137100000000000e-06	1.000000000000000e+00	8048	0	127
128	 5.325358520184000e+02 -3.697307498985000e+02 -2.720179331998000e+02	1.026000000000000e-07 1.778000000000000e-07 5.147300000000000e-06	1.000000000000000e+00	8048	0	128
130	-3.328737974655000e+02  5.836714868773000e+02 -6.793251553319001e+02	-1.185950000000000e-05 -2.364910000000000e-05  0.000000000000000e+00	1.000000000000000e+00	8048	0	130
131	5.253183464187000e+02 1.494312299958000e+02 1.469693845670000e+01	1.168065000000000e-04 2.171400000000000e-06 0.000000000000000e+00	1.000000000000000e+00	5009	0	131
132	-4.739743110280000e+01  6.910882722200000e+02 -5.571061617918000e+02	 8.261000000000001e-06  0.000000000000000e+00 -6.019400000000000e-06	1.000000000000000e+00	8048	0	132
133	-3.446913115636000e+02  6.910882722200000e+02  1.559748163278000e+02	-1.113792187500000e-06  0.000000000000000e+00  6.753796875000000e-07	4.218750000000000e-01	8048	0	133
134	 3.681242854394000e+02 -1.680820646043000e+02  9.471360338760000e+01	 7.768900000000001e-06 -5.826500000000000e-06  0.000000000000000e+00	1.000000000000000e+00	8048	0	134
136	3.605969797710000e+02 2.313481408169000e+02 3.592584956082000e+02	1.539426750000000e-04 4.161855000000000e-05 0.000000000000000e+00	7.500000000000000e-01	8048	0	136
137	 1.591444605246000e+02  3.835533073480000e+01 -7.302349630430000e+01	-9.390900000000000e-06 -1.626560000000000e-05  1.546250000000000e-05	1.000000000000000e+00	8048	0	137
139	 6.776986524264000e+02 -6.032756303421000e+02  3.367680938700000e+00	 1.545000000000000e-07  2.675000000000000e-07 -2.471200000000000e-06	1.000000000000000e+00	97	0	139
141	 2.390323144401000e+02 -2.596683126758000e+02  5.829785587824000e+02	 1.592770000000000e-05 -2.727490000000000e-05  0.000000000000000e+00	1.000000000000000e+00	105	0	141
143	 5.701451182895000e+02  3.132498439194000e+02 -6.181859653067000e+02	 1.377000000000000e-07 -2.385000000000000e-07 -1.820300000000000e-06	1.000000000000000e+00	0	0	143
144	 4.858749778758000e+02 -3.769152467577000e+02  2.286190426598000e+02	-4.516520000000000e-05  4.121800000000000e-06  0.000000000000000e+00	1.000000000000000e+00	8048	0	144
146	 5.245206745642000e+02  6.530724344674001e+02 -4.262112152443000e+02	1.350000000000000e-08 9.450000000000001e-08 0.000000000000000e+00	1.000000000000000e+00	646	0	146
147	 7.249960612760000e+01  7.226317316060000e+02 -4.262112152443000e+02	2.188000000000000e-07 8.588000000000000e-07 0.000000000000000e+00	1.000000000000000e+00	646	0	147
150	-7.500000000000000e+02 -2.078206344010000e+02 -1.159425144917000e+02	 2.090430000000000e-05 -1.991300000000000e-06  0.000000000000000e+00	1.000000000000000e+00	661	1	150
151	-2.363648671966000e+02  4.503135557175000e+02 -1.159425144917000e+02	-5.580700000000001e-06  7.622600000000001e-06  0.000000000000000e+00	1.000000000000000e+00	661	0	151
152	-5.877909226394000e+02  1.014892501516000e+02 -4.164132562731000e+02	 5.318000000000000e-07 -4.388000000000000e-07  0.000000000000000e+00	1.000000000000000e+00	8048	0	152
153	-6.270823342047000e+02 -6.148336675359001e+02  1.077775486825000e+02	-1.672325000000000e-04 -1.687800000000000e-06  0.000000000000000e+00	1.000000000000000e+00	23	0	153
154	-6.376754961759000e+02  3.321423744151000e+02  1.077775486825000e+02	-4.671340000000000e-05  1.225500000000000e-06  0.000000000000000e+00	1.000000000000000e+00	23	0	154
155	-4.469642784969000e+02 -3.749260286410000e+02 -1.894272067752000e+02	-2.577000000000000e-07  1.990000000000000e-07  0.000000000000000e+00	1.000000000000000e+00	27	0	155
156	 1.326206838647000e+02  3.750295659378000e+02 -1.894272067752000e+02	-1.394000000000000e-07  1.077000000000000e-07  0.000000000000000e+00	1.000000000000000e+00	27	0	156
159	-5.950127018922000e+02 -7.500000000000000e+02  2.317600495895000e+02	-1.303660000000000e-05 -2.258010000000000e-05  3.827500000000000e-06	1.000000000000000e+00	491	1	159
160	-4.486553710440000e+02 -4.965016669107000e+02  5.407940485809000e+02	 6.163100000000000e-06  1.067480000000000e-05 -1.665480000000000e-05	1.000000000000000e+00	491	0	160
161	 9.393038740790000e+01 -4.883177551881000e+02  7.500000000000000e+02	 4.200000000000000e-09 -7.300000000000000e-09  1.546000000000000e-07	1.000000000000000e+00	729	1	161
162	 1.965552698382000e+02 -6.660692656781000e+02  7.391848133079001e+02	 3.000000000000000e-09 -5.200000000000000e-09  1.338000000000000e-07	1.000000000000000e+00	729	0	162
164	5.229072885594001e+02 5.442323605300000e+01 2.286190426598000e+02	-1.139210000000000e-05  1.497000000000000e-06  0.000000000000000e+00	1.000000000000000e+00	8048	0	164
167	 9.024517853450000e+01 -3.750519089323000e+02  1.518683640526000e+02	-3.394000000000000e-07 -1.480000000000000e-07  0.000000000000000e+00	1.000000000000000e+00	8048	0	167
168	-2.362336751125000e+02  3.750052370402000e+02  1.518683640526000e+02	5.930000000000000e-08 2.590000000000000e-08 0.000000000000000e+00	1.000000000000000e+00	8048	0	168
169	-4.953301714849000e+02  3.403479836873000e+02 -7.005452317794001e+02	-1.786000000000000e-07  0.000000000000000e+00 -2.103000000000000e-06	1.000000000000000e+00	8048	0	169
172	 6.452942575294001e+02 -1.744274625731000e+02 -2.796742249616000e+02	2.216000000000000e-07 3.838000000000000e-07 1.684360000000000e-05	1.000000000000000e+00	8048	0	172
174	 4.549867492323000e+02 -5.906063743781000e+02 -3.120417336459000e+02	-2.133640000000000e-05  3.695570000000000e-05  4.942370000000000e-05	1.000000000000000e+00	8048	0	174
177	 5.102618452766000e+02 -3.051012215583000e+02  1.469693845670000e+01	 4.129460000000000e-05 -3.554100000000000e-06  0.000000000000000e+00	1.000000000000000e+00	5009	0	177
179	 7.257020367800000e+00  6.910882722200000e+02 -6.019732793307001e+02	-2.035400000000000e-06  0.000000000000000e+00  1.256700000000000e-06	1.000000000000000e+00	8048	0	179
181	 2.145744417061000e+02 -4.509973866436000e+02  9.471360338760000e+01	 1.484000000000000e-07 -7.350000000000000e-08  0.000000000000000e+00	1.000000000000000e+00	8048	0	181
183	 3.543293750752000e+02 -2.769399701316000e+02  3.592584956082000e+02	 6.737510000000000e-05 -1.377000000000000e-06  0.000000000000000e+00	1.000000000000000e+00	8048	0	183
185	-8.255197037350000e+01 -3.802751675887000e+02 -3.815131077994000e+02	 2.174400000000000e-06  3.766200000000000e-06 -1.084160000000000e-05	1.000000000000000e+00	8048	0	185
187	4.254202987915000e+02 7.500000000000000e+02 3.804874067123000e+02	-3.766000000000000e-07 -1.144000000000000e-07  0.000000000000000e+00	1.000000000000000e+00	8006	1	187
189	 6.312355011556000e+02 -6.837521690229000e+02 -8.298256364000000e+00	 1.715000000000000e-07  2.970000000000000e-07 -2.753300000000000e-06	1.000000000000000e+00	97	0	189
190	 7.226664269218001e+02 -5.253891602129000e+02  1.414356775460000e+01	 8.700000000000000e-08  1.507000000000000e-07 -1.467600000000000e-06	1.000000000000000e+00	97	0	190
191	-8.559420101090001e+01 -4.554054901401000e+02  5.829785587824000e+02	-7.115500000000000e-06  1.126690000000000e-05  0.000000000000000e+00	1.000000000000000e+00	105	0	191
192	 5.674931262665000e+02 -7.474568643280000e+01  5.829785587824000e+02	 3.484080000000000e-05 -5.575720000000000e-05  0.000000000000000e+00	1.000000000000000e+00	105	0	192
193	-2.657363878452000e+02  4.953343741824000e+02 -4.164132562731000e+02	-1.828518750000000e-06  9.781875000000000e-07  0.000000000000000e+00	5.625000000000000e-01	8048	0	193
194	-2.003253944867000e+02  6.910882722200000e+02 -4.172023959136000e+02	8.304779268264770e-07 0.000000000000000e+00 1.070075037860870e-06	5.631351470947266e-02	8048	0	194
195	-3.751939378839000e+02  6.910882722200000e+02 -1.928478979937000e+02	-1.052603000000000e-04  0.000000000000000e+00  2.611676000000000e-04	1.000000000000000e+00	8048	0	195
198	5.995451809184000e+02 5.704278717500000e+01 9.471360338760000e+01	 5.703400000000000e-06 -6.811000000000001e-06  0.000000000000000e+00	1.000000000000000e+00	8048	0	198
201	 5.169310049747000e+02  4.054193918603000e+02 -6.362729289304000e+02	 1.062000000000000e-07 -1.840000000000000e-07 -1.231100000000000e-06	1.000000000000000e+00	0	0	201
202	 4.617969592459000e+02 -5.767026444105001e+02  2.286190426598000e+02	-1.187662500000000e-05 -5.120718750000000e-07  0.000000000000000e+00	3.164062500000000e-01	8048	0	202
204	 6.372660686639000e+02  6.369195494979000e+02 -4.262112152443000e+02	2.360000000000000e-08 1.649000000000000e-07 0.000000000000000e+00	1.000000000000000e+00	646	0	204
205	-2.397552127000000e+01  7.500000000000000e+02 -4.262112152443000e+02	-8.730000000000001e-08 -3.078000000000000e-07  0.000000000000000e+00	1.000000000000000e+00	646	1	205
209	-7.758810031740001e+01  5.621657397728001e+02 -1.159425144917000e+02	-5.173100000000000e-06  7.653000000000001e-06  0.000000000000000e+00	1.000000000000000e+00	661	0	209
210	-6.688229882519000e+02  3.269005688500000e+00 -4.164132562731000e+02	 4.812000000000000e-07 -3.969000000000000e-07  0.000000000000000e+00	1.000000000000000e+00	8048	0	210
212	-6.286288028040000e+02  5.592908819159001e+02  1.077775486825000e+02	-1.498240000000000e-05  7.153000000000001e-07  0.000000000000000e+00	1.000000000000000e+00	23	0	212
213	-5.917738944855000e+02 -5.624818546272001e+02 -1.894272067752000e+02	-5.300000000000000e-08  4.100000000000000e-08  0.000000000000000e+00	1.000000000000000e+00	27	0	213
214	 2.775280996852000e+02  5.625098252200000e+02 -1.894272067752000e+02	-4.770000000000000e-08  3.690000000000000e-08  0.000000000000000e+00	1.000000000000000e+00	27	0	214
216	-3.999727860511000e+02 -4.121809562593000e+02  6.059161346720000e+02	 5.601400000000000e-06  9.701900000000001e-06 -1.762980000000000e-05	1.000000000000000e+00	491	0	216
221	 1.722556250799000e+02 -5.624921237712000e+02  1.518683640526000e+02	5.670000000000000e-08 2.540000000000000e-08 0.000000000000000e+00	1.000000000000000e+00	8048	0	221
222	-3.121379622518000e+02  5.640984479804000e+02  1.518683640526000e+02	-4.968000000000001e-07 -1.791000000000000e-07  0.000000000000000e+00	1.000000000000000e+00	8048	0	222
223	-6.345347902651000e+02  3.403479836873000e+02 -6.908820896705000e+02	-1.171000000000000e-07  0.000000000000000e+00 -2.167900000000000e-06	1.000000000000000e+00	8048	0	223
226	 7.014117513120000e+02 -7.722911214810000e+01 -2.822690086202000e+02	2.038000000000000e-07 3.529000000000000e-07 2.060960000000000e-05	1.000000000000000e+00	8048	0	226
228	 5.236327173318000e+02 -7.095046788611000e+02 -5.504507403616000e+02	 8.890200000000000e-06 -1.539820000000000e-05 -3.900990000000000e-05	1.000000000000000e+00	8048	0	228
229	-5.023432608349000e+02  6.657648941129000e+02 -6.793251553319001e+02	-6.669900000000000e-06 -1.496150000000000e-05  0.000000000000000e+00	1.000000000000000e+00	8048	0	229
231	 4.866793905925000e+02 -5.371474934750000e+02  1.469693845670000e+01	 2.424900000000000e-06 -2.632000000000000e-07  0.000000000000000e+00	1.000000000000000e+00	5009	0	231
233	-4.691733984607000e+02  6.910882722200000e+02  4.365603846942000e+02	-2.634900000000000e-06  0.000000000000000e+00 -2.231300000000000e-06	1.000000000000000e+00	8048	0	233
234	 1.232117345032000e+02 -5.778574778812000e+02  9.471360338760000e+01	-1.036400000000000e-06  9.766000000000001e-07  0.000000000000000e+00	1.000000000000000e+00	8048	0	234
235	 3.442187013660000e+02 -5.358454922557000e+02  3.592584956082000e+02	 2.787550000000000e-05 -1.713500000000000e-06  0.000000000000000e+00	1.000000000000000e+00	8048	0	235
237	-2.086918853939000e+02 -5.987559092665000e+02 -4.619705762132000e+02	-2.100000000000000e-08 -3.640000000000000e-08  2.052000000000000e-07	1.000000000000000e+00	8048	0	237
238	4.288034517418000e+02 5.054184042408000e+02 5.086377853679000e+02	 3.811110000000000e-05  6.601040000000000e-05 -1.589229000000000e-04	1.000000000000000e+00	8048	0	238
241	-2.456721360416000e+02 -5.600264308350000e+02  5.829785587824000e+02	-1.849640000000000e-05  2.750030000000000e-05  0.000000000000000e+00	1.000000000000000e+00	105	0	241
242	7.106144236227000e+02 1.108422733000000e+01 5.829785587824000e+02	 1.522730000000000e-05 -2.801240000000000e-05  0.000000000000000e+00	1.000000000000000e+00	105	0	242
243	-2.211636098750000e+02  6.048994507129000e+02 -4.164132562731000e+02	 4.282620268249512e-06 -6.062262485504151e-07  0.000000000000000e+00	7.508468627929688e-02	8048	0	243
246	 7.169465819734000e+02  5.898225019340000e+01 -5.853828246047000e+02	 1.236000000000000e-07 -2.141000000000000e-07 -3.005900000000000e-06	1.000000000000000e+00	0	0	246
247	 6.219830663203001e+02  2.234638841701000e+02 -6.038126085754001e+02	 1.381000000000000e-07 -2.392000000000000e-07 -2.309900000000000e-06	1.000000000000000e+00	0	0	247
248	 4.989234354374000e+02 -1.955697661673000e+02  2.286190426598000e+02	-5.532430000000000e-05  3.727300000000000e-06  0.000000000000000e+00	1.000000000000000e+00	8048	0	248
249	5.482942381974000e+02 1.793361435956000e+02 2.286190426598000e+02	 2.095000000000000e-07 -6.930000000000001e-08  0.000000000000000e+00	1.000000000000000e+00	8048	0	249
250	 4.117755203629000e+02  6.692270448427000e+02 -4.262112152443000e+02	2.500000000000000e-09 1.770000000000000e-08 0.000000000000000e+00	1.000000000000000e+00	646	0	250
251	 1.864154696337000e+02  7.024297951974000e+02 -4.262112152443000e+02	1.200000000000000e-08 6.810000000000001e-08 0.000000000000000e+00	1.000000000000000e+00	646	0	251
254	-7.036352180262001e+02 -6.897857264110000e+01 -1.159425144917000e+02	-9.375500000000000e-06  8.034300000000000e-06  0.000000000000000e+00	1.000000000000000e+00	661	0	254
255	-4.008246093037000e+02  3.203854046315000e+02 -1.159425144917000e+02	-5.633900000000000e-06  7.180000000000001e-07  0.000000000000000e+00	1.000000000000000e+00	661	0	255
256	-5.067652308830000e+02  1.997147579020000e+02 -4.164132562731000e+02	 5.615000000000000e-07 -4.632000000000000e-07  0.000000000000000e+00	1.000000000000000e+00	8048	0	256
257	-3.450454518947000e+02  3.962534028735000e+02 -4.164132562731000e+02	 2.923875000000000e-07 -2.402437500000000e-07  0.000000000000000e+00	5.625000000000000e-01	8048	0	257
258	-6.308665586540001e+02 -4.258298963269000e+02  1.077775486825000e+02	-1.441084000000000e-04 -2.905200000000000e-06  0.000000000000000e+00	1.000000000000000e+00	23	0	258
259	-6.411783031211000e+02  8.889381795750000e+01  1.077775486825000e+02	-8.054530000000000e-05  1.048000000000000e-07  0.000000000000000e+00	1.000000000000000e+00	23	0	259
260	-3.021056818754000e+02 -1.874080217151000e+02 -1.894272067752000e+02	-3.412000000000000e-07  2.636000000000000e-07  0.000000000000000e+00	1.000000000000000e+00	27	0	260
261	-1.227976201970000e+01  1.875439273868000e+02 -1.894272067752000e+02	-1.798000000000000e-07  1.390000000000000e-07  0.000000000000000e+00	1.000000000000000e+00	27	0	261
262	-5.856395436070001e+02 -7.337652136226001e+02  2.793582174721000e+02	 7.500000000000000e-08  1.299000000000000e-07 -1.008920000000000e-05	1.000000000000000e+00	491	0	262
263	-4.961076619466000e+02 -5.786914456895000e+02  4.705492022010000e+02	 4.802100000000000e-06  8.317400000000001e-06 -1.351510000000000e-05	1.000000000000000e+00	491	0	263
268	 8.630317497300000e+00 -1.875253089571000e+02  1.518683640526000e+02	-1.688000000000000e-07 -7.350000000000000e-08  0.000000000000000e+00	1.000000000000000e+00	8048	0	268
269	-1.545882548655000e+02  1.875123066743000e+02  1.518683640526000e+02	7.890000000000000e-08 3.430000000000000e-08 0.000000000000000e+00	1.000000000000000e+00	8048	0	269
270	-3.566619011911000e+02  3.403479836873000e+02 -7.144224004128000e+02	-2.848000000000000e-07  0.000000000000000e+00 -2.479700000000000e-06	1.000000000000000e+00	8048	0	270
273	 5.891729524769000e+02 -2.716324143110000e+02 -2.763228123942000e+02	1.977000000000000e-07 3.424000000000000e-07 1.179130000000000e-05	1.000000000000000e+00	8048	0	273
274	 4.502786091885000e+02 -5.824516366132000e+02  1.474839625179000e+02	-9.080400000000000e-06  1.572760000000000e-05  1.255460000000000e-05	1.000000000000000e+00	8048	0	274
277	 5.470127018922000e+02 -7.500000000000000e+02 -6.793251553319001e+02	0.000000000000000e+00 0.000000000000000e+00 0.000000000000000e+00	1.000000000000000e+00	8048	1	277
278	 5.282575154970000e+02 -5.728916460560000e+01  1.469693845670000e+01	 8.270910000000000e-05 -2.467600000000000e-06  0.000000000000000e+00	1.000000000000000e+00	5009	0	278
279	5.231160383736000e+02 4.070648929981000e+02 1.469693845670000e+01	 1.231246000000000e-04 -4.763000000000000e-06  0.000000000000000e+00	1.000000000000000e+00	5009	0	279
281	-4.042104487929000e+02  6.910882722200000e+02  1.130845393301000e+02	7.298400000000000e-06 0.000000000000000e+00 7.370000000000000e-08	1.000000000000000e+00	8048	0	281
282	 2.825273152081000e+02 -3.037366327921000e+02  9.471360338760000e+01	 5.405400000000000e-06 -2.919700000000000e-06  0.000000000000000e+00	1.000000000000000e+00	8048	0	282
283	 4.712909336145000e+02 -5.266279200570001e+01  9.471360338760000e+01	 4.841700000000001e-06 -5.334700000000000e-06  0.000000000000000e+00	1.000000000000000e+00	8048	0	283
284	 3.595752428505000e+02 -8.718639049600000e+00  3.592584956082000e+02	 1.093182000000000e-04 -1.846100000000000e-06  0.000000000000000e+00	1.000000000000000e+00	8048	0	284
286	 4.527263750270000e+01 -1.588764522896000e+02 -2.584936978754000e+02	 9.476000000000000e-06  1.641300000000000e-05 -3.030340000000000e-05	1.000000000000000e+00	8048	0	286
287	2.520572083003000e+02 1.992849305531000e+02 1.018055468641000e+02	-1.399810000000000e-05 -2.424540000000000e-05  2.994060000000000e-05	1.000000000000000e+00	8048	0	287
290	 7.672228693520000e+01 -3.566981883000000e+02  5.829785587824000e+02	 5.107300000000000e-06 -8.490600000000000e-06  0.000000000000000e+00	1.000000000000000e+00	105	0	290
291	 4.047046265497000e+02 -1.671618257444000e+02  5.829785587824000e+02	 1.990500000000000e-05 -3.734720000000000e-05  0.000000000000000e+00	1.000000000000000e+00	105	0	291
292	 4.650624008992000e+02 -6.080579149846001e+02  2.286190426598000e+02	-1.315765271186829e-05  2.278972650489807e-05  0.000000000000000e+00	7.508468627929688e-02	8048	0	292
297	-3.049255588100000e+00  6.102336159653000e+02 -1.159425144917000e+02	-2.251300000000000e-06  3.461500000000000e-06  0.000000000000000e+00	1.000000000000000e+00	661	0	297
298	-7.093257293821000e+02 -4.585219721560000e+01 -4.164132562731000e+02	 4.924000000000000e-07 -4.066000000000000e-07  0.000000000000000e+00	1.000000000000000e+00	8048	0	298
300	-6.220588623239000e+02  6.680668930068000e+02  1.077775486825000e+02	-1.195000000000000e-07 -6.300000000000001e-08  0.000000000000000e+00	1.000000000000000e+00	23	0	300
301	-6.642523536082000e+02 -6.562028834495001e+02 -1.894272067752000e+02	-1.571000000000000e-07  1.214000000000000e-07  0.000000000000000e+00	1.000000000000000e+00	27	0	301
302	 3.499732216740000e+02  6.562565949506001e+02 -1.894272067752000e+02	-4.070000000000000e-08  3.140000000000000e-08  0.000000000000000e+00	1.000000000000000e+00	27	0	302
305	 2.138258321951000e+02 -6.561404163081000e+02  1.518683640526000e+02	3.856000000000000e-07 1.832000000000000e-07 0.000000000000000e+00	1.000000000000000e+00	8048	0	305
306	-3.516036168368000e+02  6.910882722200000e+02  1.518683640526000e+02	-7.927875000000000e-07 -1.667250000000000e-07  1.377562500000000e-07	5.625000000000000e-01	8048	0	306
307	-7.048166136589000e+02  3.403479836873000e+02 -6.876497865725000e+02	-7.980000000000000e-08  0.000000000000000e+00 -2.157600000000000e-06	1.000000000000000e+00	8048	0	307
313	 4.751080551682000e+02 -6.438976027239000e+02  1.469693845670000e+01	-5.568800000000000e-06  9.279000000000000e-07  0.000000000000000e+00	1.000000000000000e+00	5009	0	313
314	5.583698622421000e+02 6.444377752809000e+02 1.469693845670000e+01	 9.020500000000001e-05 -2.913380000000000e-05  0.000000000000000e+00	1.000000000000000e+00	5009	0	314
315	-5.044103541977000e+02  6.910882722200000e+02  4.790426272740000e+02	 3.736600000000000e-06  0.000000000000000e+00 -7.823300000000000e-06	1.000000000000000e+00	8048	0	315
316	 5.862613165320001e+01 -6.431596290000000e+02  9.471360338760000e+01	-9.054000000000000e-07  9.663000000000000e-07  0.000000000000000e+00	1.000000000000000e+00	8048	0	316
317	 3.349923028268000e+02 -6.549916372342000e+02  3.592584956082000e+02	 1.023870000000000e-05 -9.814000000000000e-07  0.000000000000000e+00	1.000000000000000e+00	8048	0	317
319	-2.677096427926000e+02 -7.009776636298001e+02 -4.809992349319000e+02	-7.200000000000000e-09 -1.250000000000000e-08  1.235000000000000e-07	1.000000000000000e+00	8048	0	319
320	4.837769131896000e+02 6.006352325363000e+02 5.554574710621000e+02	 2.149860000000000e-05  3.723670000000000e-05 -1.465148000000000e-04	1.000000000000000e+00	8048	0	320
322	4.852832696641000e+02 5.735026013645000e+02 3.804874067123000e+02	4.246600000000000e-06 1.619000000000000e-06 0.000000000000000e+00	1.000000000000000e+00	8006	0	322
323	-3.240898487380000e+02 -6.132385196431001e+02  5.829785587824000e+02	-2.341490000000000e-05  3.499090000000000e-05  0.000000000000000e+00	1.000000000000000e+00	105	0	323
328	 5.057054733621000e+02 -1.023090850873000e+02  2.286190426598000e+02	-3.800590000000000e-05  3.080600000000000e-06  0.000000000000000e+00	1.000000000000000e+00	8048	0	328
332	-6.578084746870001e+02  2.156358209080000e+01 -1.159425144917000e+02	-2.422250000000000e-05 -1.182580000000000e-05  0.000000000000000e+00	1.000000000000000e+00	661	0	332
333	-4.841575001161000e+02  2.450723037448000e+02 -1.159425144917000e+02	3.385500000000000e-06 1.005130000000000e-05 0.000000000000000e+00	1.000000000000000e+00	661	0	333
334	-4.662553439894000e+02  2.488299595654000e+02 -4.164132562731000e+02	 5.682000000000000e-07 -4.686000000000000e-07  0.000000000000000e+00	1.000000000000000e+00	8048	0	334
335	-3.854358868425000e+02  3.471328144531000e+02 -4.164132562731000e+02	 3.201750000000000e-07 -2.628562500000000e-07  0.000000000000000e+00	5.625000000000000e-01	8048	0	335
336	-6.339621672888001e+02 -2.979492995117000e+02  1.077775486825000e+02	-1.280902000000000e-04 -3.381600000000000e-06  0.000000000000000e+00	1.000000000000000e+00	23	0	336
337	-6.404192354832001e+02 -3.315138784000000e+01  1.077775486825000e+02	-9.676700000000000e-05 -1.345300000000000e-06  0.000000000000000e+00	1.000000000000000e+00	23	0	337
338	-2.296578988823000e+02 -9.366330160920000e+01 -1.894272067752000e+02	-3.339000000000000e-07  2.581000000000000e-07  0.000000000000000e+00	1.000000000000000e+00	27	0	338
339	-8.473264998830000e+01  9.380317189270001e+01 -1.894272067752000e+02	-2.092000000000000e-07  1.617000000000000e-07  0.000000000000000e+00	1.000000000000000e+00	27	0	339
342	-3.219838052780000e+01 -9.377130111270000e+01  1.518683640526000e+02	-1.522000000000000e-07 -6.630000000000000e-08  0.000000000000000e+00	1.000000000000000e+00	8048	0	342
343	-1.137943857007000e+02  9.375329145020001e+01  1.518683640526000e+02	3.600000000000000e-09 1.600000000000000e-09 0.000000000000000e+00	1.000000000000000e+00	8048	0	343
344	-2.840952966180000e+02  3.403479836873000e+02 -7.235054250807000e+02	-5.623000000000000e-07  0.000000000000000e+00 -4.172800000000000e-06	1.000000000000000e+00	8048	0	344
346	 4.300000000000000e+02 -5.473280551918000e+02 -1.496480299100000e+00	0.000000000000000e+00 0.000000000000000e+00 0.000000000000000e+00	1.000000000000000e+00	8048	0	346
349	-1.638075267455000e+02  4.811767510483000e+02 -6.793251553319001e+02	 1.355621625000000e-04 -2.348005500000000e-04  0.000000000000000e+00	5.625000000000000e-01	8048	0	349
350	5.287986106565000e+02 2.563072262240000e+01 1.469693845670000e+01	9.912520000000000e-05 8.367000000000001e-07 0.000000000000000e+00	1.000000000000000e+00	5009	0	350
351	5.228719743649000e+02 3.006155143503000e+02 1.469693845670000e+01	1.368548000000000e-04 1.674500000000000e-06 0.000000000000000e+00	1.000000000000000e+00	5009	0	351
352	-4.107626882803000e+02  6.910882722200000e+02  3.592584956082000e+02	-5.658700000000001e-06  0.000000000000000e+00  0.000000000000000e+00	1.000000000000000e+00	8048	0	352
354	 3.229867520861000e+02 -2.338841821111000e+02  9.471360338760000e+01	 7.541600000000000e-06 -4.783500000000000e-06  0.000000000000000e+00	1.000000000000000e+00	8048	0	354
355	 4.173819157801000e+02 -1.075740098407000e+02  9.471360338760000e+01	 6.569900000000000e-06 -5.832300000000000e-06  0.000000000000000e+00	1.000000000000000e+00	8048	0	355
356	3.609398565991000e+02 9.936422554430000e+01 3.592584956082000e+02	 1.267020000000000e-04 -1.759200000000000e-06  0.000000000000000e+00	1.000000000000000e+00	8048	0	356
358	 1.047287639202000e+02 -5.589542051320000e+01 -1.733948869295000e+02	-2.186900000000000e-06 -3.787900000000000e-06  1.110200000000000e-06	1.000000000000000e+00	8048	0	358
359	2.071529591838000e+02 1.215084896076000e+02 2.021668647340000e+01	-1.171240000000000e-05 -2.028640000000000e-05  2.661720000000000e-05	1.000000000000000e+00	8048	0	359
362	 1.578190918196000e+02 -3.079513060266000e+02  5.829785587824000e+02	 1.103970000000000e-05 -1.847650000000000e-05  0.000000000000000e+00	1.000000000000000e+00	105	0	362
363	 3.209101073675000e+02 -2.126987941238000e+02  5.829785587824000e+02	 1.988680000000000e-05 -3.559640000000000e-05  0.000000000000000e+00	1.000000000000000e+00	105	0	363
364	 4.767020582157000e+02 -4.635124206721000e+02  2.286190426598000e+02	-3.122330000000000e-05  3.635700000000000e-06  0.000000000000000e+00	1.000000000000000e+00	8048	0	364
365	 4.931455490945000e+02 -2.873117921064000e+02  2.286190426598000e+02	-5.724780000000000e-05  4.045400000000000e-06  0.000000000000000e+00	1.000000000000000e+00	8048	0	365
367	5.884790332467001e+02 2.680369067719000e+02 2.286190426598000e+02	-1.263000000000000e-07  6.440000000000001e-08  0.000000000000000e+00	1.000000000000000e+00	8048	0	367
373	-7.488676500137000e+02 -1.959333003275000e+02 -1.159425144917000e+02	-2.347500000000000e-07  6.143250000000000e-07  0.000000000000000e+00	7.500000000000000e-01	661	0	373
374	-1.577340022204000e+02  5.074763449634000e+02 -1.159425144917000e+02	-6.318100000000001e-06  8.949300000000001e-06  0.000000000000000e+00	1.000000000000000e+00	661	0	374
375	-3.155495273681000e+02  3.896388076298000e+02 -1.159425144917000e+02	-4.416400000000000e-06  5.067100000000000e-06  0.000000000000000e+00	1.000000000000000e+00	661	0	375
376	-6.283065095475000e+02  5.237874897070000e+01 -4.164132562731000e+02	 5.085000000000000e-07 -4.195000000000000e-07  0.000000000000000e+00	1.000000000000000e+00	8048	0	376
377	-5.472772038570000e+02  1.506012834972000e+02 -4.164132562731000e+02	 5.492000000000000e-07 -4.530000000000000e-07  0.000000000000000e+00	1.000000000000000e+00	8048	0	377
378	-6.302554545385000e+02 -6.692554013515000e+02  1.077775486825000e+02	-1.535499000000000e-04  2.340110000000000e-05  0.000000000000000e+00	1.000000000000000e+00	23	0	378
379	-6.289124551155001e+02 -5.333417043169001e+02  1.077775486825000e+02	-1.621212000000000e-04 -3.285100000000000e-06  0.000000000000000e+00	1.000000000000000e+00	23	0	379
380	-6.334085677051000e+02  4.465383019021000e+02  1.077775486825000e+02	-3.091340000000000e-05  1.219200000000000e-06  0.000000000000000e+00	1.000000000000000e+00	23	0	380
381	-6.400048719133000e+02  2.125527759441000e+02  1.077775486825000e+02	-6.338610000000000e-05  1.103100000000000e-06  0.000000000000000e+00	1.000000000000000e+00	23	0	381
382	-5.193678232385000e+02 -4.687049247927000e+02 -1.894272067752000e+02	-1.512000000000000e-07  1.167000000000000e-07  0.000000000000000e+00	1.000000000000000e+00	27	0	382
383	-3.745411265389000e+02 -2.811622766836000e+02 -1.894272067752000e+02	-3.137000000000000e-07  2.423000000000000e-07  0.000000000000000e+00	1.000000000000000e+00	27	0	383
384	 2.050725005080000e+02  4.687711575304000e+02 -1.894272067752000e+02	-9.930000000000001e-08  7.670000000000001e-08  0.000000000000000e+00	1.000000000000000e+00	27	0	384
385	 6.016996721480000e+01  2.812871276575000e+02 -1.894272067752000e+02	-1.662000000000000e-07  1.284000000000000e-07  0.000000000000000e+00	1.000000000000000e+00	27	0	385
388	5.486342156511000e+02 1.577732151100000e+01 9.471360338760000e+01	 5.922300000000000e-06 -7.019000000000000e-06  0.000000000000000e+00	1.000000000000000e+00	8048	0	388
390	 1.311664066443000e+02 -4.688088718121000e+02  1.518683640526000e+02	-3.865000000000000e-07 -1.690000000000000e-07  0.000000000000000e+00	1.000000000000000e+00	8048	0	390
391	 4.945336117470000e+01 -2.812817674196000e+02  1.518683640526000e+02	-2.081000000000000e-07 -9.060000000000000e-08  0.000000000000000e+00	1.000000000000000e+00	8048	0	391
392	-2.772657361628000e+02  4.686553249588000e+02  1.518683640526000e+02	3.600000000000000e-08 1.730000000000000e-08 0.000000000000000e+00	1.000000000000000e+00	8048	0	392
393	-1.953958773009000e+02  2.812653423499000e+02  1.518683640526000e+02	1.137000000000000e-07 4.950000000000000e-08 0.000000000000000e+00	1.000000000000000e+00	8048	0	393
394	-5.642569336588000e+02  3.403479836873000e+02 -6.952241845436000e+02	-1.503000000000000e-07  0.000000000000000e+00 -2.151800000000000e-06	1.000000000000000e+00	8048	0	394
395	-4.271173570560000e+02  3.403479836873000e+02 -7.068383303699001e+02	-2.083000000000000e-07  0.000000000000000e+00 -2.096000000000000e-06	1.000000000000000e+00	8048	0	395
400	 5.071328058137000e+02 -6.809259937914001e+02 -4.816510309427000e+02	-7.025900000000000e-06  1.216920000000000e-05  2.461290000000000e-05	1.000000000000000e+00	8048	0	400
401	 4.332272471313000e+02 -5.529178111917000e+02 -2.635681266973000e+02	-3.270937500000000e-06  5.665443750000001e-06  3.126206250000000e-06	5.625000000000000e-01	8048	0	401
402	-4.625529194398000e+02  6.476548879700000e+02 -6.793251553319001e+02	-7.785800000000001e-06 -1.683680000000000e-05  0.000000000000000e+00	1.000000000000000e+00	8048	0	402
403	-3.937476019189000e+02  6.147195356316000e+02 -6.793251553319001e+02	-9.473100000000001e-06 -1.931040000000000e-05  0.000000000000000e+00	1.000000000000000e+00	8048	0	403
406	 4.984019405028000e+02 -4.291015590910000e+02  1.469693845670000e+01	 2.074980000000000e-05 -2.258700000000000e-06  0.000000000000000e+00	1.000000000000000e+00	5009	0	406
407	 5.206480301952000e+02 -1.660794850707000e+02  1.469693845670000e+01	 6.528590000000000e-05 -4.363200000000000e-06  0.000000000000000e+00	1.000000000000000e+00	5009	0	407
408	5.479575959380001e+02 6.016487717916000e+02 1.469693845670000e+01	 9.841400000000001e-05 -1.645070000000000e-05  0.000000000000000e+00	1.000000000000000e+00	5009	0	408
409	5.312903849544000e+02 5.012855809770000e+02 1.469693845670000e+01	 1.112530000000000e-04 -1.163920000000000e-05  0.000000000000000e+00	1.000000000000000e+00	5009	0	409
412	 1.664800045825000e+02 -5.267004629603000e+02  9.471360338760000e+01	-5.264000000000001e-07  3.973000000000000e-07  0.000000000000000e+00	1.000000000000000e+00	8048	0	412
413	 2.472450140503000e+02 -3.771762155568000e+02  9.471360338760000e+01	 8.206000000000000e-07 -3.816000000000000e-07  0.000000000000000e+00	1.000000000000000e+00	8048	0	413
414	 3.507221569616000e+02 -4.059340454045000e+02  3.592584956082000e+02	 4.725960000000000e-05 -1.796400000000000e-06  0.000000000000000e+00	1.000000000000000e+00	8048	0	414
415	 3.567708352492000e+02 -1.415569463914000e+02  3.592584956082000e+02	 8.918790000000001e-05 -1.483900000000000e-06  0.000000000000000e+00	1.000000000000000e+00	8048	0	415
416	-8.132625707990000e+01  6.910882722200000e+02  3.592584956082000e+02	0.000000000000000e+00 0.000000000000000e+00 0.000000000000000e+00	1.000000000000000e+00	8048	0	416
418	-1.457250122276000e+02 -4.896940857488000e+02 -4.279803470799000e+02	 1.008000000000000e-07  1.746000000000000e-07 -5.871000000000001e-07	1.000000000000000e+00	8048	0	418
419	-1.858592221970000e+01 -2.694827222269000e+02 -3.264286458210000e+02	 5.228700000000000e-06  9.056400000000000e-06 -2.154320000000000e-05	1.000000000000000e+00	8048	0	419
420	3.719332666319000e+02 4.069163541946000e+02 4.349007949649000e+02	-6.245859374999999e-06 -1.081818281250000e-05 -2.214268734375000e-04	4.218750000000000e-01	8048	0	420
424	4.523052461555000e+02 6.615292858816000e+02 3.804874067123000e+02	1.012000000000000e-06 3.455000000000000e-07 0.000000000000000e+00	1.000000000000000e+00	8006	0	424
426	-1.663123645285000e+02 -5.069073732987000e+02  5.829785587824000e+02	-1.304820000000000e-05  1.985800000000000e-05  0.000000000000000e+00	1.000000000000000e+00	105	0	426
427	-4.471921338300000e+00 -4.056294927802000e+02  5.829785587824000e+02	-1.034400000000000e-06  1.658700000000000e-06  0.000000000000000e+00	1.000000000000000e+00	105	0	427
428	 6.405504834112000e+02 -2.779747150540000e+01  5.829785587824000e+02	 2.951510000000000e-05 -4.730340000000000e-05  0.000000000000000e+00	1.000000000000000e+00	105	0	428
429	 4.893663001995000e+02 -1.230964392628000e+02  5.829785587824000e+02	 2.845070000000000e-05 -4.777420000000000e-05  0.000000000000000e+00	1.000000000000000e+00	105	0	429
430	-2.380060249845000e+02  5.498125960927000e+02 -4.164132562731000e+02	-2.088900000000000e-06  7.630000000000000e-07  0.000000000000000e+00	1.000000000000000e+00	8048	0	430
431	-3.046932546809000e+02  4.454056788047000e+02 -4.164132562731000e+02	 1.285875000000000e-07 -1.046812500000000e-07  0.000000000000000e+00	5.625000000000000e-01	8048	0	431
432	-2.264145348893000e+02  6.910882722200000e+02 -4.093286044483000e+02	 3.241120000000000e-05  0.000000000000000e+00 -1.495033000000000e-04	1.000000000000000e+00	8048	0	432
433	-4.428538803170000e+02  6.910882722200000e+02 -1.531241700010000e+01	5.153020000000000e-05 0.000000000000000e+00 1.132100000000000e-05	1.000000000000000e+00	8048	0	433
434	6.624048093395000e+02 1.117453257088000e+02 9.471360338760000e+01	 3.449800000000000e-06 -4.034600000000000e-06  0.000000000000000e+00	1.000000000000000e+00	8048	0	434
436	 4.902476152606000e+02  4.516363785634000e+02 -6.469589384722000e+02	 9.790000000000001e-08 -1.696000000000000e-07 -8.641000000000000e-07	1.000000000000000e+00	0	0	436
438	5.124371598344001e+02 6.502762358826001e+02 5.712625246432000e+02	 1.609330000000000e-05  2.787450000000000e-05 -1.425680000000000e-04	1.000000000000000e+00	8048	0	438
439	 1.320038061410000e+02 -8.653661608200000e+00 -1.248917073994000e+02	-7.355400000000000e-06 -1.273990000000000e-05  6.563800000000001e-06	1.000000000000000e+00	8048	0	439
440	 1.838229518235000e+02  8.109973151870000e+01 -2.479792840680000e+01	-1.043820000000000e-05 -1.807950000000000e-05  2.271620000000000e-05	1.000000000000000e+00	8048	0	440
441	-1.141722209364000e+02 -4.350430481118000e+02 -4.056915017550000e+02	 5.853000000000000e-07  1.013800000000000e-06 -3.123500000000000e-06	1.000000000000000e+00	8048	0	441
442	-5.064780081680000e+01 -3.250155249433000e+02 -3.555178452714000e+02	 3.656800000000000e-06  6.333700000000000e-06 -1.685020000000000e-05	1.000000000000000e+00	8048	0	442
444	5.700127018922000e+02 7.500000000000000e+02 3.592584956082000e+02	 0.000000000000000e+00 -0.000000000000000e+00  0.000000000000000e+00	1.000000000000000e+00	8048	1	444
445	-2.391566056301000e+02 -6.515223525540000e+02 -4.732129884409000e+02	-1.860000000000000e-08 -3.220000000000000e-08  2.433000000000000e-07	1.000000000000000e+00	8048	0	445
446	-1.773162866363000e+02 -5.444117781004001e+02 -4.468600393753000e+02	-1.900000000000000e-09 -3.400000000000000e-09  2.060000000000000e-08	1.000000000000000e+00	8048	0	446
447	4.556503347558000e+02 5.519185696459000e+02 5.346413110505000e+02	 3.044370000000000e-05  5.273000000000001e-05 -1.504250000000000e-04	1.000000000000000e+00	8048	0	447
448	4.017542019542000e+02 4.585677293020000e+02 4.749894307830000e+02	 5.560120000000000e-05  9.630420000000001e-05 -1.634054000000000e-04	1.000000000000000e+00	8048	0	448
449	 7.623347866770000e+01 -1.052507023467000e+02 -2.179917592783000e+02	 2.799600000000000e-06  4.849100000000000e-06 -8.964200000000000e-06	1.000000000000000e+00	8048	0	449
450	 1.335314632590000e+01 -2.141626327596000e+02 -2.939179390600000e+02	 7.190500000000000e-06  1.245440000000000e-05 -2.695560000000000e-05	1.000000000000000e+00	8048	0	450
451	2.301880534114000e+02 1.614064431670000e+02 6.310690637580000e+01	-1.287170000000000e-05 -2.229450000000000e-05  2.885000000000000e-05	1.000000000000000e+00	8048	0	451
452	2.744850152897000e+02 2.381310317612000e+02 1.396790565182000e+02	7.635400000000000e-06 1.322500000000000e-05 1.800960000000000e-05	1.000000000000000e+00	8048	0	452
453	 3.293089506205000e+02 -7.021722519274000e+02  3.592584956082000e+02	 3.078700000000000e-06 -3.846000000000000e-07  0.000000000000000e+00	1.000000000000000e+00	8048	0	453
455	-3.763083626798000e+02 -3.711929726483000e+02  6.340355019228000e+02	 5.113300000000000e-06  8.856600000000001e-06 -1.782510000000000e-05	1.000000000000000e+00	491	0	455
459	 3.401490805397000e+02 -5.956985298027000e+02  3.592584956082000e+02	 1.908370000000000e-05 -1.442000000000000e-06  0.000000000000000e+00	1.000000000000000e+00	8048	0	459
460	3.617875709995000e+02 1.493814330598000e+02 3.592584956082000e+02	1.327571000000000e-04 7.091000000000000e-07 0.000000000000000e+00	1.000000000000000e+00	8048	0	460
465	 4.262187478930000e+01  6.384322803606000e+02 -1.159425144917000e+02	 2.980000000000000e-08 -5.290000000000000e-08  0.000000000000000e+00	1.000000000000000e+00	661	0	465
468	-6.516908204460000e+02  8.873204336390000e+01  6.580962442277000e+02	-8.478380000000001e-04 -2.828039000000000e-04  0.000000000000000e+00	1.000000000000000e+00	1105	0	468
471	 3.477466167745000e+02 -4.735498928115000e+02  3.592584956082000e+02	 3.710380000000000e-05 -1.826200000000000e-06  0.000000000000000e+00	1.000000000000000e+00	8048	0	471
479	7.497818404924001e+02 5.715767664980000e+01 6.580962442277000e+02	-3.710496093750000e-07  4.231617187500001e-07  0.000000000000000e+00	3.164062500000000e-01	1105	0	479
483	 5.049346390747000e+02 -3.693533266651000e+02  1.469693845670000e+01	 3.183280000000000e-05 -2.944500000000000e-06  0.000000000000000e+00	1.000000000000000e+00	5009	0	483
484	-5.659954126072000e+02  1.004839281330000e+02  6.580962442277000e+02	 6.888900000000000e-06 -1.580658000000000e-04  0.000000000000000e+00	1.000000000000000e+00	1105	0	484
486	-3.711314963322000e+02 -6.438485876829001e+02  5.829785587824000e+02	-2.548440000000000e-05  4.026050000000000e-05  0.000000000000000e+00	1.000000000000000e+00	105	0	486
487	5.181138120349000e+02 6.601084859107000e+02 2.286190426598000e+02	-2.002152400088310e-04 -3.467829653529167e-04  0.000000000000000e+00	5.631351470947266e-02	8048	0	487
488	 4.621124515262000e+02  5.003679116307000e+02 -6.602460681504000e+02	 6.220000000000000e-08 -1.078000000000000e-07 -4.991000000000000e-07	1.000000000000000e+00	0	0	488
490	5.043843605868000e+02 5.336933352771000e+02 3.804874067123000e+02	4.747000000000000e-06 3.042200000000000e-06 0.000000000000000e+00	1.000000000000000e+00	8006	0	490
491	-5.207466050101000e+02 -6.213673469203001e+02  4.300735836710000e+02	 1.484000000000000e-06  2.570400000000000e-06 -1.601720000000000e-05	1.000000000000000e+00	491	0	491
494	 8.042221008600000e+00 -6.863242061609001e+02  9.471360338760000e+01	 1.552200000000000e-06 -1.676900000000000e-06  0.000000000000000e+00	1.000000000000000e+00	8048	0	494
495	 5.157655811474000e+02 -2.437007570910000e+02  1.469693845670000e+01	 5.202800000000000e-05 -3.717000000000000e-06  0.000000000000000e+00	1.000000000000000e+00	5009	0	495
496	 3.415844769102000e+02 -7.004682333610000e+02 -8.361682471000000e-01	-1.142250000000000e-07 -1.978500000000000e-07  6.529275000000000e-06	7.500000000000000e-01	8048	0	496
497	-4.720870879263000e+02 -5.370865910594000e+02  5.069281193078000e+02	 5.599100000000000e-06  9.697900000000001e-06 -1.538420000000000e-05	1.000000000000000e+00	491	0	497
499	 5.031843542113000e+02 -4.205690353786000e+02 -2.691758877042000e+02	1.220000000000000e-08 2.120000000000000e-08 5.035000000000000e-07	1.000000000000000e+00	8048	0	499
501	-4.927564824987000e+02  1.052517458426000e+02  6.580962442277000e+02	-1.957940000000000e-05 -1.815216000000000e-04  0.000000000000000e+00	1.000000000000000e+00	1105	0	501
503	-4.245034625168000e+02  1.061177884925000e+02  6.580962442277000e+02	-1.581600000000000e-06 -1.751124000000000e-04  0.000000000000000e+00	1.000000000000000e+00	1105	0	503
505	5.312831031904000e+02 1.199576631747000e+02 2.286190426598000e+02	-7.528000000000000e-07  6.940000000000000e-08  0.000000000000000e+00	1.000000000000000e+00	8048	0	505
507	-5.691795723804000e+02 -7.052557071670001e+02  3.283850269308000e+02	-1.568200000000000e-06 -2.716200000000000e-06 -1.874200000000000e-05	1.000000000000000e+00	491	0	507
512	 9.231947951630001e+01  6.680500564529000e+02 -1.159425144917000e+02	 2.564400000000000e-06 -4.427900000000000e-06  0.000000000000000e+00	1.000000000000000e+00	661	0	512
519	-3.546742474093000e+02  1.041316601751000e+02  6.580962442277000e+02	-1.534910000000000e-05 -1.569379000000000e-04  0.000000000000000e+00	1.000000000000000e+00	1105	0	519
521	-5.942584992325001e+02 -7.486936826742000e+02  2.420354305651000e+02	 2.401875000000000e-07  4.159687500000001e-07 -1.153743750000000e-06	5.625000000000000e-01	491	0	521
523	 4.966551440090000e+01  6.910882722200000e+02 -6.307965382352000e+02	-1.349000000000000e-06  0.000000000000000e+00 -2.374400000000000e-06	1.000000000000000e+00	8048	0	523
527	5.247901072177000e+02 2.217223324070000e+02 1.469693845670000e+01	1.204031000000000e-04 2.178500000000000e-06 0.000000000000000e+00	1.000000000000000e+00	5009	0	527
529	-3.513336837633000e+02 -3.279355598622000e+02  6.603294841509000e+02	 3.843100000000001e-06  6.656500000000001e-06 -1.543330000000000e-05	1.000000000000000e+00	491	0	529
530	-5.362526496634000e+02  6.910882722200000e+02  5.156360031411000e+02	-1.208000000000000e-07  0.000000000000000e+00 -1.539600000000000e-06	1.000000000000000e+00	8048	0	530
531	5.372011023320000e+02 6.931686424840000e+02 5.810325076168000e+02	 9.895800000000001e-06  1.714010000000000e-05 -1.410636000000000e-04	1.000000000000000e+00	8048	0	531
535	 4.337726061710000e+02  5.494539636646000e+02 -6.748795768263001e+02	-8.145000000000000e-07  1.410675000000000e-06  5.274825000000001e-06	7.500000000000000e-01	0	0	535
537	-2.886781820684000e+02  9.988329403900001e+01  6.580962442277000e+02	-1.402950000000000e-05 -1.349845000000000e-04  0.000000000000000e+00	1.000000000000000e+00	1105	0	537
538	-6.408399942470000e+02  1.517402158926000e+02  1.077775486825000e+02	-7.185930000000000e-05  6.608000000000000e-07  0.000000000000000e+00	1.000000000000000e+00	23	0	538
540	-7.102407681206000e+02 -6.580718865809000e+02 -1.159425144917000e+02	3.195700000000000e-06 4.119800000000000e-06 0.000000000000000e+00	1.000000000000000e+00	661	0	540
545	-2.251612403456000e+02  9.390639327410000e+01  6.580962442277000e+02	-1.658890000000000e-05 -1.128562000000000e-04  0.000000000000000e+00	1.000000000000000e+00	1105	0	545
547	-6.359260291058000e+02 -2.265520074644000e+02  1.077775486825000e+02	-1.197883000000000e-04 -3.315500000000000e-06  0.000000000000000e+00	1.000000000000000e+00	23	0	547
553	5.270703840786000e+02 8.787933424070000e+01 1.469693845670000e+01	1.076172000000000e-04 3.026500000000000e-06 0.000000000000000e+00	1.000000000000000e+00	5009	0	553
560	-7.315057075148001e+02 -6.165744368044000e+02 -1.159425144917000e+02	3.401700000000000e-06 1.490700000000000e-06 0.000000000000000e+00	1.000000000000000e+00	661	0	560
566	-6.393416210523001e+02 -9.506810493490001e+01  1.077775486825000e+02	-1.044601000000000e-04 -2.180300000000000e-06  0.000000000000000e+00	1.000000000000000e+00	23	0	566
567	-6.410294379145000e+02  2.805696946000000e+01  1.077775486825000e+02	-8.879270000000001e-05 -5.706000000000000e-07  0.000000000000000e+00	1.000000000000000e+00	23	0	567
568	-1.611518594893000e+02  8.645663587250000e+01  6.580962442277000e+02	-1.372130000000000e-05 -9.190310000000000e-05  0.000000000000000e+00	1.000000000000000e+00	1105	0	568
571	-5.348868759294000e+02  1.928648496232000e+02 -1.159425144917000e+02	-2.721400000000000e-06  7.468100000000001e-06  0.000000000000000e+00	1.000000000000000e+00	661	0	571
572	-3.677050786712000e+02  6.910882722200000e+02  1.518683640526000e+02	 1.209000000000000e-06 -1.440000000000000e-07 -1.255700000000000e-06	1.000000000000000e+00	8048	0	572
582	-4.177510482970000e+02 -6.723159080981001e+02  5.829785587824000e+02	-2.676790000000000e-05  4.514690000000000e-05  0.000000000000000e+00	1.000000000000000e+00	105	0	582
583	-9.799649816850000e+01  7.821660431070001e+01  6.580962442277000e+02	-9.853100000000001e-06 -7.273090000000000e-05  0.000000000000000e+00	1.000000000000000e+00	1105	0	583
585	 4.049620438165000e+02  5.993553214572000e+02 -6.922084368372000e+02	-2.937100000000000e-06  5.087200000000000e-06  2.164100000000000e-06	1.000000000000000e+00	0	0	585
589	 1.430681592495000e+02  6.967961483160000e+02 -1.159425144917000e+02	 4.801900000000001e-06 -8.786600000000000e-06  0.000000000000000e+00	1.000000000000000e+00	661	0	589
595	5.326819804089000e+02 4.914730647733000e+02 3.804874067123000e+02	4.564300000000000e-06 3.627100000000000e-06 0.000000000000000e+00	1.000000000000000e+00	8006	0	595
598	 9.615783598890000e+01  6.910882722200000e+02 -6.586539969551001e+02	-1.430300000000000e-06  0.000000000000000e+00 -2.463500000000000e-06	1.000000000000000e+00	8048	0	598
600	-3.599476031940000e+01  6.945395687350000e+01  6.580962442277000e+02	-6.922300000000001e-06 -5.538010000000000e-05  0.000000000000000e+00	1.000000000000000e+00	1105	0	600
602	-4.344797095727000e+02  6.910882722200000e+02  5.085146677380000e+01	 1.835990000000000e-05  0.000000000000000e+00 -2.077750000000000e-05	1.000000000000000e+00	8048	0	602
610	-5.693320099045001e+02  6.910882722200000e+02  5.523868671578000e+02	 2.587000000000000e-07  0.000000000000000e+00 -3.029000000000000e-07	1.000000000000000e+00	8048	0	610
611	-6.324021776595000e+02 -3.599544704481000e+02  1.077775486825000e+02	-1.368179000000000e-04 -3.309500000000000e-06  0.000000000000000e+00	1.000000000000000e+00	23	0	611
615	 4.300000000000000e+02 -5.473280551918000e+02 -2.606506917860000e+02	0.000000000000000e+00 0.000000000000000e+00 0.000000000000000e+00	1.000000000000000e+00	8048	0	615
616	-3.252602698455000e+02 -2.827750822298000e+02  6.840798734035001e+02	 2.673900000000000e-06  4.631300000000000e-06 -1.251810000000000e-05	1.000000000000000e+00	491	0	616
618	2.441633187280000e+01 6.012243035660000e+01 6.580962442277000e+02	-4.411100000000000e-06 -3.999530000000000e-05  0.000000000000000e+00	1.000000000000000e+00	1105	0	618
620	 3.757203696327000e+02  6.500033868417000e+02 -7.065796782775001e+02	-4.955596802902222e-06  8.583343454360962e-06  1.378104331970215e-07	7.508468627929688e-02	0	0	620
625	-6.174741686502000e+02  8.738695960090000e+01 -1.159425144917000e+02	-2.151510000000000e-05 -7.388400000000000e-06  0.000000000000000e+00	1.000000000000000e+00	661	0	625
627	 5.231328124930001e+02 -6.917148271706001e+02  2.286190426598000e+02	-2.903600000000000e-06  5.976000000000000e-06  0.000000000000000e+00	1.000000000000000e+00	8048	0	627
630	-3.332866928507000e+02  6.910882722200000e+02  1.807273602419000e+02	-2.249300000000000e-06  0.000000000000000e+00 -1.051500000000000e-06	1.000000000000000e+00	8048	0	630
631	8.336744567280000e+01 4.996646389480000e+01 6.580962442277000e+02	-1.870000000000000e-06 -2.620830000000000e-05  0.000000000000000e+00	1.000000000000000e+00	1105	0	631
639	 1.465180433686000e+02  6.910882722200000e+02 -6.847538358605000e+02	-7.039000000000000e-07  0.000000000000000e+00 -1.418200000000000e-06	1.000000000000000e+00	8048	0	639
646	 3.528465704728000e+02 -3.413614634279000e+02  3.592584956082000e+02	 5.711790000000000e-05 -1.572400000000000e-06  0.000000000000000e+00	1.000000000000000e+00	8048	0	646
647	 3.555082746581000e+02 -2.120574482864000e+02  3.592584956082000e+02	 7.742350000000000e-05 -1.395800000000000e-06  0.000000000000000e+00	1.000000000000000e+00	8048	0	647
655	 1.955560625729000e+02  7.243048059346000e+02 -1.159425144917000e+02	 5.776700000000000e-06 -1.167980000000000e-05  0.000000000000000e+00	1.000000000000000e+00	661	0	655
660	-4.653082812727000e+02 -6.997185620143000e+02  5.829785587824000e+02	-2.776670000000000e-05  5.049820000000000e-05  0.000000000000000e+00	1.000000000000000e+00	105	0	660
664	1.421692709323000e+02 3.848770326790000e+01 6.580962442277000e+02	-5.625000000000000e-07 -1.298990000000000e-05  0.000000000000000e+00	1.000000000000000e+00	1105	0	664
681	 3.359130522613000e+02  7.189516830422000e+02 -7.312985925102000e+02	-1.445759388542175e-06  2.504132478046417e-06 -3.243940014839172e-07	5.631351470947266e-02	0	0	681
683	-7.340961577256001e+02 -1.444171745245000e+02 -1.159425144917000e+02	-3.262600000000000e-06  6.706300000000000e-06  0.000000000000000e+00	1.000000000000000e+00	661	0	683
688	-6.049192240150001e+02  6.910882722200000e+02  5.908464411225000e+02	 1.752300000000000e-06  0.000000000000000e+00 -1.294000000000000e-07	1.000000000000000e+00	8048	0	688
689	2.015636444845000e+02 2.528515121640000e+01 6.580962442277000e+02	-9.706000000000001e-07  2.985000000000000e-07  0.000000000000000e+00	1.000000000000000e+00	1105	0	689
696	 4.690743529434000e+02 -4.796492906210000e+02 -2.658506493717000e+02	3.119765625000000e-08 5.404218750000000e-08 1.111598437500000e-06	3.164062500000000e-01	8048	0	696
703	2.614785986725000e+02 1.031612662030000e+01 6.580962442277000e+02	5.194000000000001e-07 1.269130000000000e-05 0.000000000000000e+00	1.000000000000000e+00	1105	0	703
707	 3.577511078888000e+02 -7.797070315030000e+01  3.592584956082000e+02	 9.621620000000000e-05 -1.993300000000000e-06  0.000000000000000e+00	1.000000000000000e+00	8048	0	707
708	 4.239930684519000e+02 -5.473280551918000e+02 -2.581896776822000e+02	-1.101520898437500e-06  0.000000000000000e+00 -7.766982421875000e-07	2.373046875000000e-01	8048	0	708
710	 3.260424102549000e+02 -7.179213204200000e+00  6.580962442277000e+02	5.397800000000000e-06 2.382780000000000e-05 0.000000000000000e+00	1.000000000000000e+00	1105	0	710
712	-3.345358345040000e+02  6.910882722200000e+02  2.130343600033000e+02	-2.223000000000000e-06  0.000000000000000e+00 -3.278600000000000e-06	1.000000000000000e+00	8048	0	712
714	 4.443031927455000e+02 -3.867114991240000e+01  6.580962442277000e+02	1.427467000000000e-04 8.546100000000001e-06 0.000000000000000e+00	1.000000000000000e+00	1105	0	714
715	 5.095771977047000e+02 -5.020526763440000e+01  6.580962442277000e+02	1.881289000000000e-04 2.011420000000000e-05 0.000000000000000e+00	1.000000000000000e+00	1105	0	715
717	 5.604225919465000e+02 -5.029215735600000e+01  6.580962442277000e+02	1.748922000000000e-04 4.300110000000000e-05 0.000000000000000e+00	1.000000000000000e+00	1105	0	717
718	-5.444973442420001e+02  6.841903594334000e+02 -6.793251553319001e+02	-5.749000000000000e-06 -1.256480000000000e-05  0.000000000000000e+00	1.000000000000000e+00	8048	0	718
720	 6.122422290542000e+02 -3.756806470580000e+01  6.580962442277000e+02	8.273110000000000e-05 2.939270000000000e-05 0.000000000000000e+00	1.000000000000000e+00	1105	0	720
722	 1.998192620760000e+02  6.910882722200000e+02 -7.087279277833001e+02	-1.624000000000000e-07  0.000000000000000e+00 -4.004000000000000e-07	1.000000000000000e+00	8048	0	722
724	-6.222884200709000e+02  7.157229756087000e+02 -6.793251553319001e+02	-1.583100000000000e-05 -3.893100000000000e-06  0.000000000000000e+00	1.000000000000000e+00	8048	0	724
728	 4.842041815688000e+02 -6.412124516516001e+02 -3.986517982879000e+02	-3.458980000000000e-05  5.991130000000000e-05  1.097338000000000e-04	1.000000000000000e+00	8048	0	728
729	6.875903412125000e+02 2.622078111800000e+00 6.580962442277000e+02	3.085210000000000e-05 8.132300000000000e-06 0.000000000000000e+00	1.000000000000000e+00	1105	0	729
733	5.856075253987000e+02 4.337861678687000e+02 3.804874067123000e+02	1.984400000000000e-06 2.163100000000000e-06 0.000000000000000e+00	1.000000000000000e+00	8006	0	733
737	-6.440044138587000e+02  6.910882722200000e+02  6.322691608710001e+02	-2.014100000000000e-06  0.000000000000000e+00  5.904900000000000e-06	1.000000000000000e+00	8048	0	737
740	-2.981546477432000e+02 -2.358267675779000e+02  7.050610081757001e+02	 1.650100000000000e-06  2.858000000000000e-06 -9.120000000000001e-06	1.000000000000000e+00	491	0	740
745	-7.342421343928000e+02  7.492840275501001e+02 -6.793251553319001e+02	-2.323600000000000e-06 -9.790000000000001e-07  0.000000000000000e+00	1.000000000000000e+00	8048	0	745
746	-9.009844210190001e+01  6.910882722200000e+02 -5.162221994878000e+02	3.388130000000000e-05 0.000000000000000e+00 1.191400000000000e-06	1.000000000000000e+00	8048	0	746
747	6.157738560164000e+02 4.081057778705000e+02 3.804874067123000e+02	3.999800000000000e-06 5.314500000000001e-06 0.000000000000000e+00	1.000000000000000e+00	8006	0	747
753	5.740140363533001e+02 4.080757722582000e+02 2.286190426598000e+02	-1.038938906250000e-05 -1.781239833984375e-05  0.000000000000000e+00	2.373046875000000e-01	8048	0	753
755	-2.747834052391000e+02  5.544449182826000e+02 -6.793251553319001e+02	-2.043360000000000e-05 -9.616580000000000e-05  0.000000000000000e+00	1.000000000000000e+00	8048	0	755
771	6.570421806187001e+02 3.788863322467000e+02 3.804874067123000e+02	-4.029400000000000e-06 -5.461000000000000e-06  0.000000000000000e+00	1.000000000000000e+00	8006	0	771
776	 2.560410914779000e+02  6.910882722200000e+02 -7.298087335174000e+02	-4.619000000000000e-07  0.000000000000000e+00 -1.258500000000000e-06	1.000000000000000e+00	8048	0	776
805	-1.101107469526000e+02  3.881712002441000e+02 -7.297727492134001e+02	 2.693136093750000e-05 -4.664650781250000e-05 -7.691464687500001e-05	4.218750000000000e-01	8048	0	805
828	-1.427398328436000e+02  3.403479836873000e+02 -7.445265949605000e+02	 2.841531416015625e-05  0.000000000000000e+00 -4.159049414062500e-06	2.373046875000000e-01	8048	0	828
864	-2.700012791428000e+02 -1.870637027578000e+02  7.230178689716000e+02	 7.816000000000001e-07  1.353800000000000e-06 -5.195200000000000e-06	1.000000000000000e+00	491	0	864
865	 4.021173950889000e+02 -5.473280551918000e+02 -2.227011847004000e+02	-9.968000000000000e-06  0.000000000000000e+00  1.255620000000000e-05	1.000000000000000e+00	8048	0	865
909	-1.272672889664000e+02  6.910882722200000e+02  3.592584956082000e+02	0.000000000000000e+00 0.000000000000000e+00 0.000000000000000e+00	4.218750000000000e-01	8048	0	909
1000	-3.552038127077000e+02  6.910882722200000e+02  2.675043242789000e+02	-2.607000000000000e-06  0.000000000000000e+00 -4.290600000000000e-06	1.000000000000000e+00	8048	0	1000
1002	7.042682174176000e+02 3.434633566774000e+02 3.804874067123000e+02	-6.961000000000000e-06 -8.644000000000001e-06  0.000000000000000e+00	1.000000000000000e+00	8006	0	1002
1003	-4.396434182222000e+02  6.910882722200000e+02  3.986628667786000e+02	-1.115010000000000e-05  0.000000000000000e+00  7.869200000000001e-06	1.000000000000000e+00	8048	0	1003
1011	6.940167465788001e+02 2.753670724781000e+02 1.579579422178000e+02	 7.726877929687500e-07 -1.338303515625000e-06  8.365797070312500e-06	2.373046875000000e-01	8048	0	1011
1012	 3.879551562480000e+02 -5.473280551918000e+02 -1.678281659864000e+02	-1.196670000000000e-05  0.000000000000000e+00  2.370500000000000e-05	1.000000000000000e+00	8048	0	1012
1014	-3.323589104927000e+02  6.208062701667001e+02  1.518683640526000e+02	-1.176400000000000e-06 -4.407000000000000e-07  0.000000000000000e+00	1.000000000000000e+00	8048	0	1014
1015	-3.577377697519000e+02  6.863338343781001e+02  1.518683640526000e+02	-7.380000000000001e-07 -1.441000000000000e-07  0.000000000000000e+00	1.000000000000000e+00	8048	0	1015
1020	-3.622462504625000e+02  6.863486192619000e+02  1.518683640526000e+02	-6.413000000000000e-07  2.557000000000000e-07  0.000000000000000e+00	1.000000000000000e+00	8048	0	1020
1081	-5.171521451095000e+02 -7.257111593764000e+02  5.829785587824000e+02	-1.706310000000000e-05  3.790900000000000e-05  0.000000000000000e+00	1.000000000000000e+00	105	0	1081
1396	-4.257811980699000e+02  6.910882722200000e+02 -9.036853852550000e+01	-2.443360000000000e-05  0.000000000000000e+00  2.172561000000000e-04	1.000000000000000e+00	8048	0	1396
1705	 3.912644718867000e+02 -5.473280551918000e+02 -1.093112586487000e+02	-1.262440000000000e-05  0.000000000000000e+00  3.718460000000000e-05	1.000000000000000e+00	8048	0	1705
1759	5.321078357673000e+02 6.843468460175001e+02 2.454400746470000e+02	-1.502736679687500e-05 -2.602814765625000e-05  1.175735803710938e-04	2.373046875000000e-01	8048	0	1759
1801	-2.409253570860000e+02 -1.367027284785000e+02  7.374041933134000e+02	 5.750000000000001e-08  9.970000000000000e-08 -5.396000000000000e-07	1.000000000000000e+00	491	0	1801
1886	3.305847683414000e+02 3.352986543388000e+02 3.592584956082000e+02	1.140162187500000e-04 1.974818812500000e-04 0.000000000000000e+00	5.625000000000000e-01	8048	0	1886
2264	6.397537832468000e+02 3.693532819385000e+02 2.286190426598000e+02	-7.989241992187500e-06 -1.704550078125000e-05 -1.863791015625000e-07	2.373046875000000e-01	8048	0	2264
2827	6.395039393191000e+02 3.697860243152000e+02 2.232903992278000e+02	 5.508158203125000e-06 -9.540439453124999e-06  7.294777734375001e-06	3.164062500000000e-01	8048	0	2827
2939	6.207275101125000e+02 3.226806263841000e+02 2.286190426598000e+02	-6.165000000000000e-07  3.299000000000000e-07  0.000000000000000e+00	1.000000000000000e+00	8048	0	2939
3478	3.301589164585000e+02 3.345610572411000e+02 2.286190426598000e+02	4.294700000000001e-06 7.438700000000000e-06 0.000000000000000e+00	1.000000000000000e+00	8048	0	3478
4128	-6.649559239151000e+02 -7.124879512933001e+02 -1.159425144917000e+02	 1.850420000000000e-05 -1.757720000000000e-05  0.000000000000000e+00	1.000000000000000e+00	661	0	4128
4210	 4.276882036663000e+02 -5.433239064850001e+02  6.382618492300001e+00	-1.505850000000000e-06  2.608125000000000e-06  2.213385000000000e-05	7.500000000000000e-01	8048	0	4210
4212	 3.976064702302000e+02 -6.034352945896001e+02  3.579792681800000e+00	6.596574000000000e-04 1.142560200000000e-03 2.002714000000000e-03	1.000000000000000e+00	8048	0	4212
4213	-3.298671278161000e+02  6.910882722200000e+02 -2.680332394466000e+02	2.283840000000000e-05 0.000000000000000e+00 2.095700000000000e-05	1.000000000000000e+00	8048	0	4213
4214	4.300407059081000e+02 7.337646713928000e+02 2.286190426598000e+02	-3.090486577148438e-05 -1.369514421386719e-05  0.000000000000000e+00	1.779785156250000e-01	8048	0	4214
4220	 4.374466523455000e+02 -5.602260354005000e+02  7.757594239430000e+01	-2.785870000000000e-05  4.825280000000000e-05 -9.816650000000000e-05	1.000000000000000e+00	8048	0	4220
4223	-2.129843287273000e+02  5.058063671229000e+02 -6.793251553319001e+02	-1.918596017176956e-05 -5.743293215486370e-05  0.000000000000000e+00	1.781794801354408e-02	8048	0	4223
4224	-6.977831409261000e+02  6.910882722200000e+02  6.878151923700000e+02	-2.169192000000000e-04  0.000000000000000e+00  2.339071000000000e-04	1.000000000000000e+00	8048	0	4224
4225	-2.874263466052000e+02  6.910882722200000e+02 -3.352791661509000e+02	 4.929057000000000e-04  0.000000000000000e+00 -6.806018000000000e-04	1.000000000000000e+00	8048	0	4225
4233	 5.422873905067000e+02 -7.418155205987000e+02 -6.424903092148000e+02	 5.249560000000000e-05 -9.092500000000000e-05 -3.239704000000000e-04	1.000000000000000e+00	8048	0	4233
4234	5.609905017739001e+02 7.343730909990001e+02 3.138067313762000e+02	-5.080700000000000e-06 -8.800100000000001e-06  6.664090000000001e-05	1.000000000000000e+00	8048	0	4234
4235	5.005363885957000e+02 6.694526065814000e+02 2.286190426598000e+02	9.754417010742188e-04 4.056821639648437e-04 0.000000000000000e+00	2.373046875000000e-01	8048	0	4235
4236	5.186906746322001e+02 4.335647256806000e+02 2.286190426598000e+02	 3.668110000000000e-05 -4.771960000000000e-05  0.000000000000000e+00	1.000000000000000e+00	8048	0	4236
4237	5.060524669215000e+02 5.998893479756000e+02 2.286190426598000e+02	-2.427610000000000e-05  5.878840000000000e-05  0.000000000000000e+00	1.000000000000000e+00	8048	0	4237
4240	5.075566125922000e+02 5.394405769232001e+02 2.286190426598000e+02	3.951370000000000e-05 1.412800000000000e-06 0.000000000000000e+00	1.000000000000000e+00	8048	0	4240
4244	4.629250273809000e+02 3.992273819646000e+02 2.286190426598000e+02	 3.601650000000000e-05 -5.764670000000000e-05  0.000000000000000e+00	1.000000000000000e+00	8048	0	4244
4245	4.026200390840000e+02 3.572929991628000e+02 2.286190426598000e+02	-1.097440000000000e-05 -4.891980000000000e-05  0.000000000000000e+00	1.000000000000000e+00	8048	0	4245
4246	3.308271524297000e+02 3.357184758946000e+02 3.634922646381000e+02	 1.050902015625000e-04  1.820215125000000e-04 -2.968139531250000e-05	4.218750000000000e-01	8048	0	4246
4247	7.243706170762000e+02 2.227926265703000e+02 1.202860452087000e+02	 3.333403668823242e-05 -5.773625271606446e-05 -3.712567318725586e-05	1.334838867187500e-01	8048	0	4247
4248	6.625048081977001e+02 3.299473507992000e+02 1.924358574499000e+02	-6.435192919921876e-05  1.114608251953125e-04  8.188333505859375e-05	2.373046875000000e-01	8048	0	4248
4249	3.055717977840000e+02 2.919749184852000e+02 1.860602728150000e+02	 1.630485703125000e-04  2.824083984375000e-04 -7.181396718750000e-05	4.218750000000000e-01	8048	0	4249
4250	 3.839726056662000e+02 -2.314802753650000e+01  6.580962442277000e+02	1.307450000000000e-05 3.097610000000000e-05 0.000000000000000e+00	1.000000000000000e+00	1105	0	4250
4251	-1.478885075266000e+02  6.910882722200000e+02 -4.577062528065000e+02	1.191550000000000e-05 0.000000000000000e+00 1.290531900000000e-03	1.000000000000000e+00	8048	0	4251
0	 5.000000000000000e-01 -8.660254037844386e-01  0.000000000000000e+00	8.660254037844385e-01 5.000000000000000e-01 0.000000000000000e+00	5.632499999999998e+02 3.251925391210567e+02 0.000000000000000e+00	1	0	0.000000000000000e+00	0.000000000000000e+00	0.000000000000000e+00	9.360145533286253e+04
1	5.000000000000000e-01 8.660254037844386e-01 0.000000000000000e+00	0.000000000000000e+00 0.000000000000000e+00 1.000000000000000e+00	0.000000000000000e+00 0.000000000000000e+00 2.286190426597633e+02	1	0	0.000000000000000e+00	0.000000000000000e+00	0.000000000000000e+00	3.459859170904606e+05
3	-5.000000000000000e-01 -8.660254037844386e-01  0.000000000000000e+00	0.000000000000000e+00 0.000000000000000e+00 1.000000000000000e+00	0.000000000000000e+00 0.000000000000000e+00 6.580962442277471e+02	1	0	0.000000000000000e+00	0.000000000000000e+00	0.000000000000000e+00	1.210736514974700e+06
4	-1.000000000000000e+00  0.000000000000000e+00  0.000000000000000e+00	0.000000000000000e+00 0.000000000000000e+00 1.000000000000000e+00	-0.000000000000000e+00 -0.000000000000000e+00 -1.159425144917371e+02	1	0	0.000000000000000e+00	0.000000000000000e+00	0.000000000000000e+00	1.891027648108811e+06
7	-5.000000000000000e-01 -8.660254037844386e-01  0.000000000000000e+00	0.000000000000000e+00 0.000000000000000e+00 1.000000000000000e+00	-0.000000000000000e+00 -0.000000000000000e+00 -1.894272067752324e+02	1	0	0.000000000000000e+00	0.000000000000000e+00	0.000000000000000e+00	1.360795187299190e+06
9	-5.000000000000000e-01 -8.660254037844386e-01  0.000000000000000e+00	 8.660254037844385e-01 -5.000000000000000e-01  0.000000000000000e+00	-1.215000000000000e+02  7.014805770653952e+01 -0.000000000000000e+00	1	0	0.000000000000000e+00	0.000000000000000e+00	0.000000000000000e+00	2.461493979740932e+06
10	-5.000000000000000e-01  8.660254037844386e-01  0.000000000000000e+00	8.660254037844385e-01 5.000000000000000e-01 0.000000000000000e+00	-1.409999999999999e+02 -8.140638795573722e+01 -0.000000000000000e+00	1	0	0.000000000000000e+00	0.000000000000000e+00	0.000000000000000e+00	2.363599057987255e+03
12	1.000000000000000e+00 0.000000000000000e+00 0.000000000000000e+00	 0.000000000000000e+00 -1.000000000000000e+00  0.000000000000000e+00	0.000000000000000e+00 2.381569860407206e+02 0.000000000000000e+00	1	0	0.000000000000000e+00	0.000000000000000e+00	0.000000000000000e+00	2.250000000000000e+06
13	 5.000000000000000e-01 -8.660254037844386e-01  0.000000000000000e+00	0.000000000000000e+00 0.000000000000000e+00 1.000000000000000e+00	0.000000000000000e+00 0.000000000000000e+00 1.518683640525570e+02	1	0	0.000000000000000e+00	0.000000000000000e+00	0.000000000000000e+00	1.230668277409091e+06
15	5.000000000000000e-01 8.660254037844386e-01 0.000000000000000e+00	 8.660254037844385e-01 -5.000000000000000e-01  0.000000000000000e+00	 5.594999999999998e+02 -3.230274756115955e+02  0.000000000000000e+00	1	0	0.000000000000000e+00	0.000000000000000e+00	0.000000000000000e+00	4.796666401901966e+05
18	-5.000000000000000e-01 -8.660254037844386e-01  0.000000000000000e+00	0.000000000000000e+00 0.000000000000000e+00 1.000000000000000e+00	0.000000000000000e+00 0.000000000000000e+00 1.469693845669907e+01	1	0	0.000000000000000e+00	0.000000000000000e+00	0.000000000000000e+00	3.477688979929180e+05
21	-5.000000000000000e-01 -8.660254037844386e-01  0.000000000000000e+00	0.000000000000000e+00 0.000000000000000e+00 1.000000000000000e+00	0.000000000000000e+00 0.000000000000000e+00 3.592584956081994e+02	1	0	0.000000000000000e+00	0.000000000000000e+00	0.000000000000000e+00	1.353232782214893e+03
22	-5.000000000000000e-01 -8.660254037844386e-01  0.000000000000000e+00	 8.660254037844385e-01 -5.000000000000000e-01  0.000000000000000e+00	 1.027500000000000e+02 -5.932274015923404e+01  0.000000000000000e+00	1	0	0.000000000000000e+00	0.000000000000000e+00	0.000000000000000e+00	1.202481432992496e+06
24	5.000000000000000e-01 8.660254037844386e-01 0.000000000000000e+00	 8.660254037844385e-01 -5.000000000000000e-01  0.000000000000000e+00	 7.694999999999998e+02 -4.442710321414170e+02  0.000000000000000e+00	1	0	0.000000000000000e+00	0.000000000000000e+00	0.000000000000000e+00	2.360658633591354e+05
25	-5.000000000000000e-01  8.660254037844386e-01  0.000000000000000e+00	8.660254037844385e-01 5.000000000000000e-01 0.000000000000000e+00	-8.017499999999998e+02 -4.628905783227824e+02 -0.000000000000000e+00	1	0	0.000000000000000e+00	0.000000000000000e+00	0.000000000000000e+00	1.974568915210525e+05
26	1.000000000000000e+00 0.000000000000000e+00 0.000000000000000e+00	0.000000000000000e+00 0.000000000000000e+00 1.000000000000000e+00	0.000000000000000e+00 0.000000000000000e+00 5.829785587823964e+02	1	0	0.000000000000000e+00	0.000000000000000e+00	0.000000000000000e+00	5.194565853682266e+05
27	 5.000000000000000e-01 -8.660254037844386e-01  0.000000000000000e+00	 0.000000000000000e+00  0.000000000000000e+00 -1.000000000000000e+00	0.000000000000000e+00 0.000000000000000e+00 6.580962442277471e+02	1	0	0.000000000000000e+00	0.000000000000000e+00	0.000000000000000e+00	1.703222964625457e+04
28	1.000000000000000e+00 0.000000000000000e+00 0.000000000000000e+00	0.000000000000000e+00 0.000000000000000e+00 1.000000000000000e+00	0.000000000000000e+00 0.000000000000000e+00 2.286190426597633e+02	1	0	0.000000000000000e+00	0.000000000000000e+00	0.000000000000000e+00	2.662748080229868e+04
29	1.000000000000000e+00 0.000000000000000e+00 0.000000000000000e+00	 0.000000000000000e+00 -1.000000000000000e+00  0.000000000000000e+00	0.000000000000000e+00 5.715767664977295e+01 0.000000000000000e+00	1	0	0.000000000000000e+00	0.000000000000000e+00	0.000000000000000e+00	2.112144366341550e+06
43	5.000000000000000e-01 8.660254037844386e-01 0.000000000000000e+00	 0.000000000000000e+00  0.000000000000000e+00 -1.000000000000000e+00	-0.000000000000000e+00 -0.000000000000000e+00 -1.159425144917371e+02	1	0	0.000000000000000e+00	0.000000000000000e+00	0.000000000000000e+00	2.327239920392553e+03
55	-1.000000000000000e+00  0.000000000000000e+00  0.000000000000000e+00	0.000000000000000e+00 0.000000000000000e+00 1.000000000000000e+00	-0.000000000000000e+00 -0.000000000000000e+00 -4.262112152442729e+02	1	0	0.000000000000000e+00	0.000000000000000e+00	0.000000000000000e+00	5.561253082612521e+04
66	-5.000000000000000e-01 -8.660254037844386e-01  0.000000000000000e+00	0.000000000000000e+00 0.000000000000000e+00 1.000000000000000e+00	0.000000000000000e+00 0.000000000000000e+00 1.077775486824598e+02	1	0	0.000000000000000e+00	0.000000000000000e+00	0.000000000000000e+00	2.075561543522654e+06
76	-1.000000000000000e+00  0.000000000000000e+00  0.000000000000000e+00	0.000000000000000e+00 0.000000000000000e+00 1.000000000000000e+00	0.000000000000000e+00 0.000000000000000e+00 2.286190426597633e+02	1	0	0.000000000000000e+00	0.000000000000000e+00	0.000000000000000e+00	6.934630827693829e+02
106	-1.000000000000000e+00  0.000000000000000e+00  0.000000000000000e+00	 0.000000000000000e+00 -1.000000000000000e+00  0.000000000000000e+00	-0.000000000000000e+00 -5.473280551917652e+02 -0.000000000000000e+00	1	0	0.000000000000000e+00	0.000000000000000e+00	0.000000000000000e+00	6.978940916049306e+03
107	 5.000000000000000e-01 -8.660254037844386e-01  0.000000000000000e+00	0.000000000000000e+00 0.000000000000000e+00 1.000000000000000e+00	0.000000000000000e+00 0.000000000000000e+00 3.804874067123203e+02	1	0	0.000000000000000e+00	0.000000000000000e+00	0.000000000000000e+00	2.156152507713255e+06
108	5.000000000000000e-01 8.660254037844386e-01 0.000000000000000e+00	0.000000000000000e+00 0.000000000000000e+00 1.000000000000000e+00	-0.000000000000000e+00 -0.000000000000000e+00 -4.164132562731402e+02	1	0	0.000000000000000e+00	0.000000000000000e+00	0.000000000000000e+00	1.972478852280473e+06
113	 5.000000000000000e-01 -8.660254037844386e-01  0.000000000000000e+00	0.000000000000000e+00 0.000000000000000e+00 1.000000000000000e+00	-0.000000000000000e+00 -0.000000000000000e+00 -6.793251553318680e+02	1	0	0.000000000000000e+00	0.000000000000000e+00	0.000000000000000e+00	1.250061199706086e+06
208	1.000000000000000e+00 0.000000000000000e+00 0.000000000000000e+00	 0.000000000000000e+00 -1.000000000000000e+00  0.000000000000000e+00	0.000000000000000e+00 3.403479836872843e+02 0.000000000000000e+00	1	0	0.000000000000000e+00	0.000000000000000e+00	0.000000000000000e+00	2.539378297823709e+04
243	 5.000000000000000e-01 -8.660254037844386e-01  0.000000000000000e+00	0.000000000000000e+00 0.000000000000000e+00 1.000000000000000e+00	0.000000000000000e+00 0.000000000000000e+00 3.592584956081994e+02	1	0	0.000000000000000e+00	0.000000000000000e+00	0.000000000000000e+00	0.000000000000000e+00
246	1.000000000000000e+00 0.000000000000000e+00 0.000000000000000e+00	0.000000000000000e+00 0.000000000000000e+00 1.000000000000000e+00	0.000000000000000e+00 0.000000000000000e+00 3.592584956081994e+02	1	0	0.000000000000000e+00	0.000000000000000e+00	0.000000000000000e+00	0.000000000000000e+00
248	1.000000000000000e+00 0.000000000000000e+00 0.000000000000000e+00	0.000000000000000e+00 0.000000000000000e+00 1.000000000000000e+00	0.000000000000000e+00 0.000000000000000e+00 3.592584956081994e+02	1	0	0.000000000000000e+00	0.000000000000000e+00	0.000000000000000e+00	0.000000000000000e+00
297	-1.000000000000000e+00  0.000000000000000e+00  0.000000000000000e+00	0.000000000000000e+00 1.000000000000000e+00 0.000000000000000e+00	0.000000000000000e+00 6.910882722199819e+02 0.000000000000000e+00	1	0	0.000000000000000e+00	0.000000000000000e+00	0.000000000000000e+00	0.000000000000000e+00
319	5.000000000000000e-01 8.660254037844386e-01 0.000000000000000e+00	0.000000000000000e+00 0.000000000000000e+00 1.000000000000000e+00	0.000000000000000e+00 0.000000000000000e+00 3.592584956081994e+02	1	0	0.000000000000000e+00	0.000000000000000e+00	0.000000000000000e+00	1.353232782214895e+03
320	-1.000000000000000e+00  0.000000000000000e+00  0.000000000000000e+00	 0.000000000000000e+00 -1.000000000000000e+00  0.000000000000000e+00	0.000000000000000e+00 6.910882722199819e+02 0.000000000000000e+00	1	0	0.000000000000000e+00	0.000000000000000e+00	0.000000000000000e+00	1.632997705622019e+06
321	-5.000000000000000e-01 -8.660254037844386e-01  0.000000000000000e+00	0.000000000000000e+00 0.000000000000000e+00 1.000000000000000e+00	0.000000000000000e+00 0.000000000000000e+00 3.592584956081994e+02	1	0	0.000000000000000e+00	0.000000000000000e+00	0.000000000000000e+00	5.576254787796839e+05
323	-5.000000000000000e-01 -8.660254037844386e-01  0.000000000000000e+00	 0.000000000000000e+00  0.000000000000000e+00 -1.000000000000000e+00	0.000000000000000e+00 0.000000000000000e+00 1.518683640525570e+02	1	0	0.000000000000000e+00	0.000000000000000e+00	0.000000000000000e+00	3.827669972768967e+01
324	1.000000000000000e+00 0.000000000000000e+00 0.000000000000000e+00	 0.000000000000000e+00  0.000000000000000e+00 -1.000000000000000e+00	0.000000000000000e+00 0.000000000000000e+00 1.518683640525570e+02	1	0	0.000000000000000e+00	0.000000000000000e+00	0.000000000000000e+00	3.827669972768967e+01
325	-1.000000000000000e+00  0.000000000000000e+00  0.000000000000000e+00	 0.000000000000000e+00  0.000000000000000e+00 -1.000000000000000e+00	0.000000000000000e+00 0.000000000000000e+00 1.518683640525570e+02	1	0	0.000000000000000e+00	0.000000000000000e+00	0.000000000000000e+00	3.827669972768967e+01
327	1.000000000000000e+00 0.000000000000000e+00 0.000000000000000e+00	0.000000000000000e+00 0.000000000000000e+00 1.000000000000000e+00	0.000000000000000e+00 0.000000000000000e+00 1.518683640525570e+02	1	0	0.000000000000000e+00	0.000000000000000e+00	0.000000000000000e+00	1.064396289789126e+01
337	 5.000000000000000e-01 -8.660254037844386e-01  0.000000000000000e+00	8.660254037844385e-01 5.000000000000000e-01 0.000000000000000e+00	8.549999999999997e+01 4.936344801571300e+01 0.000000000000000e+00	1	0	0.000000000000000e+00	0.000000000000000e+00	0.000000000000000e+00	2.424566185155086e+05
340	-5.000000000000000e-01 -8.660254037844386e-01  0.000000000000000e+00	0.000000000000000e+00 0.000000000000000e+00 1.000000000000000e+00	0.000000000000000e+00 0.000000000000000e+00 9.471360338761622e+01	1	0	0.000000000000000e+00	0.000000000000000e+00	0.000000000000000e+00	3.998506984762753e+05
2428	-5.000000000000000e-01  8.660254037844386e-01  0.000000000000000e+00	8.660254037844385e-01 5.000000000000000e-01 0.000000000000000e+00	6.397499999999998e+02 3.693598347140630e+02 0.000000000000000e+00	1	0	0.000000000000000e+00	0.000000000000000e+00	0.000000000000000e+00	3.600866095590022e+05
2429	 5.000000000000000e-01 -8.660254037844386e-01  0.000000000000000e+00	 0.000000000000000e+00  0.000000000000000e+00 -1.000000000000000e+00	0.000000000000000e+00 0.000000000000000e+00 2.286190426597633e+02	1	0	0.000000000000000e+00	0.000000000000000e+00	0.000000000000000e+00	1.974342831259010e+04
2432	5.000000000000000e-01 8.660254037844386e-01 0.000000000000000e+00	0.000000000000000e+00 0.000000000000000e+00 1.000000000000000e+00	0.000000000000000e+00 0.000000000000000e+00 2.286190426597633e+02	1	0	0.000000000000000e+00	0.000000000000000e+00	0.000000000000000e+00	1.310219546941134e+03
0	0	1	1
0	246	0	0
0	1	2	1
0	2	681	0
0	112	246	0
0	247	112	0
0	201	143	0
0	143	247	0
0	436	201	0
0	488	436	0
0	535	488	0
0	585	535	0
0	620	585	0
0	681	620	0
1	4	5	1
1	63	4	1
1	5	6	1
1	6	2264	0
1	292	63	0
1	164	113	0
1	113	328	0
1	144	364	0
1	365	144	0
1	505	164	0
1	202	292	0
1	364	202	0
1	328	248	0
1	248	365	0
1	367	249	0
1	249	505	0
1	2939	367	0
1	2264	2939	0
3	10	11	1
3	479	10	0
3	11	12	1
3	12	13	1
3	13	479	0
4	15	16	1
4	104	15	1
4	16	17	1
4	17	655	0
4	101	104	0
4	150	101	1
4	571	116	0
4	116	625	0
4	373	150	0
4	374	151	0
4	151	375	0
4	297	209	0
4	209	374	0
4	332	254	0
4	254	683	0
4	255	333	0
4	375	255	0
4	465	297	0
4	625	332	0
4	333	571	0
4	683	373	0
4	512	465	0
4	589	512	0
4	655	589	0
7	27	28	1
7	301	27	0
7	28	29	1
7	29	30	1
7	30	302	0
7	119	338	0
7	339	119	0
7	155	382	0
7	383	155	0
7	384	156	0
7	156	385	0
7	213	301	0
7	382	213	0
7	302	214	0
7	214	384	0
7	338	260	0
7	260	383	0
7	261	339	0
7	385	261	0
9	36	37	1
9	159	36	1
9	37	38	1
9	38	39	1
9	39	1801	0
9	491	122	0
9	122	507	0
9	521	159	0
9	216	160	0
9	160	497	0
9	455	216	0
9	507	262	0
9	262	521	0
9	263	491	0
9	497	263	0
9	529	455	0
9	616	529	0
9	740	616	0
9	864	740	0
9	1801	864	0
10	41	42	1
10	161	41	1
10	42	162	0
10	123	161	0
10	162	123	0
12	47	48	1
12	50	47	1
12	48	49	1
12	49	50	1
13	52	53	1
13	305	52	0
13	53	54	1
13	54	55	1
13	55	306	0
13	126	342	0
13	343	126	0
13	167	390	0
13	391	167	0
13	392	168	0
13	168	393	0
13	221	305	0
13	390	221	0
13	222	392	0
13	1014	222	0
13	342	268	0
13	268	391	0
13	269	343	0
13	393	269	0
13	306	572	0
13	572	1015	0
13	1015	1014	0
15	59	60	1
15	496	59	0
15	60	61	1
15	61	62	1
15	62	226	0
15	273	128	0
15	128	499	0
15	226	172	0
15	172	273	0
15	615	346	0
15	346	4212	0
15	4212	496	0
15	499	696	0
15	696	615	0
18	71	72	1
18	313	71	0
18	72	73	1
18	73	74	1
18	74	314	0
18	527	131	0
18	131	553	0
18	177	483	0
18	495	177	0
18	231	313	0
18	406	231	0
18	350	278	0
18	278	407	0
18	279	351	0
18	409	279	0
18	314	408	0
18	553	350	0
18	351	527	0
18	483	406	0
18	407	495	0
18	408	409	0
21	352	416	0
21	909	352	0
21	416	444	0
21	444	909	0
22	87	88	1
22	319	87	0
22	88	89	1
22	89	90	1
22	90	531	0
22	137	439	0
22	440	137	0
22	185	441	0
22	442	185	0
22	237	445	0
22	446	237	0
22	447	238	0
22	238	448	0
22	449	286	0
22	286	450	0
22	287	451	0
22	452	287	0
22	445	319	0
22	438	320	0
22	320	447	0
22	439	358	0
22	358	449	0
22	359	440	0
22	451	359	0
22	441	418	0
22	418	446	0
22	419	442	0
22	450	419	0
22	448	420	0
22	420	4246	0
22	531	438	0
22	1886	444	0
22	444	4234	0
22	4249	452	0
22	1759	487	0
22	487	3478	0
22	4234	1759	0
22	4246	1886	0
22	3478	4249	0
24	97	98	1
24	189	97	0
24	98	99	1
24	99	100	1
24	100	190	0
24	139	189	0
24	190	139	0
25	101	102	1
25	104	101	0
25	102	103	1
25	103	104	1
26	105	106	1
26	1081	105	0
26	106	107	1
26	107	242	0
26	141	362	0
26	363	141	0
26	191	426	0
26	427	191	0
26	428	192	0
26	192	429	0
26	241	323	0
26	426	241	0
26	242	428	0
26	362	290	0
26	290	427	0
26	291	363	0
26	429	291	0
26	323	486	0
26	486	582	0
26	582	660	0
26	660	1081	0
27	468	10	0
27	10	479	0
27	484	468	0
27	479	729	0
27	501	484	0
27	503	501	0
27	519	503	0
27	537	519	0
27	545	537	0
27	568	545	0
27	583	568	0
27	600	583	0
27	618	600	0
27	631	618	0
27	664	631	0
27	689	664	0
27	703	689	0
27	710	703	0
27	4250	710	0
27	715	714	0
27	714	4250	0
27	717	715	0
27	720	717	0
27	729	720	0
28	2264	6	0
28	6	4214	0
28	487	3478	0
28	4235	487	0
28	753	2264	0
28	4236	753	0
28	3478	4236	0
28	4214	4235	0
29	10	44	1
29	479	10	0
29	45	13	1
29	13	479	0
29	44	45	1
43	101	104	0
43	560	101	0
43	104	4128	0
43	540	560	0
43	4128	540	0
55	7	8	1
55	204	7	0
55	8	205	1
55	114	250	0
55	251	114	0
55	146	204	0
55	250	146	0
55	205	147	0
55	147	251	0
66	23	24	1
66	378	23	0
66	24	25	1
66	25	26	1
66	26	300	0
66	118	547	0
66	566	118	0
66	153	378	0
66	379	153	0
66	380	154	0
66	154	381	0
66	300	212	0
66	212	380	0
66	258	379	0
66	611	258	0
66	538	259	0
66	259	567	0
66	547	336	0
66	336	611	0
66	337	566	0
66	567	337	0
66	381	538	0
76	292	63	0
76	63	627	0
76	627	292	0
106	615	346	0
106	346	1705	0
106	708	615	0
106	865	708	0
106	1012	865	0
106	1705	1012	0
107	92	93	1
107	187	92	1
107	93	94	1
107	94	95	1
107	95	1002	0
107	424	187	0
107	322	424	0
107	490	322	0
107	595	490	0
107	733	595	0
107	747	733	0
107	771	747	0
107	1002	771	0
108	18	19	1
108	298	18	0
108	19	20	1
108	20	21	1
108	21	22	1
108	22	108	0
108	108	243	0
108	117	334	0
108	335	117	0
108	152	376	0
108	377	152	0
108	430	193	0
108	193	431	0
108	210	298	0
108	376	210	0
108	243	430	0
108	334	256	0
108	256	377	0
108	257	335	0
108	431	257	0
113	67	68	1
113	745	67	0
113	68	277	1
113	130	403	0
113	755	130	0
113	402	229	0
113	229	718	0
113	277	349	0
113	349	4223	0
113	403	402	0
113	718	724	0
113	724	745	0
113	4223	755	0
208	56	57	1
208	307	56	0
208	57	66	1
208	66	828	0
208	127	344	0
208	828	127	0
208	169	394	0
208	395	169	0
208	223	307	0
208	394	223	0
208	344	270	0
208	270	395	0
243	416	352	0
243	352	909	0
243	909	416	0
246	352	416	0
246	909	352	0
246	416	909	0
248	416	352	0
248	352	909	0
248	909	416	0
297	416	352	0
297	352	909	0
297	909	416	0
319	416	444	0
319	909	416	0
319	444	909	0
320	75	76	1
320	776	75	0
320	76	77	1
320	77	78	1
320	78	4224	0
320	108	194	0
320	432	108	0
320	132	179	0
320	746	132	0
320	133	306	0
320	630	133	0
320	179	523	0
320	194	4251	0
320	1396	195	0
320	195	4213	0
320	315	233	0
320	233	1003	0
320	572	281	0
320	281	602	0
320	306	572	0
320	530	315	0
320	352	1000	0
320	1003	352	0
320	4225	432	0
320	602	433	0
320	433	1396	0
320	523	598	0
320	610	530	0
320	598	639	0
320	688	610	0
320	712	630	0
320	639	722	0
320	737	688	0
320	1000	712	0
320	722	776	0
320	4224	737	0
320	4251	746	0
320	4213	4225	0
321	83	84	1
321	453	83	0
321	84	85	1
321	85	444	1
321	136	460	0
321	1886	136	0
321	183	646	0
321	647	183	0
321	235	459	0
321	471	235	0
321	356	284	0
321	284	707	0
321	317	453	0
321	459	317	0
321	460	356	0
321	414	471	0
321	646	414	0
321	415	647	0
321	707	415	0
321	444	1886	0
323	572	306	0
323	306	1015	0
323	1015	572	0
324	572	306	0
324	306	1015	0
324	1015	572	0
325	572	306	0
325	306	1015	0
325	1015	572	0
327	1015	572	0
327	572	1020	0
327	1020	1015	0
337	63	65	1
337	292	63	0
337	65	66	1
337	66	805	0
337	174	401	0
337	728	174	0
337	228	400	0
337	4233	228	0
337	274	292	0
337	4220	274	0
337	349	277	0
337	277	4233	0
337	615	346	0
337	346	4210	0
337	805	349	0
337	400	728	0
337	401	615	0
337	4210	4220	0
340	80	34	1
340	34	434	0
340	79	80	1
340	494	79	0
340	134	354	0
340	355	134	0
340	181	412	0
340	413	181	0
340	198	388	0
340	434	198	0
340	234	316	0
340	412	234	0
340	354	282	0
340	282	413	0
340	283	355	0
340	388	283	0
340	316	494	0
2428	6	32	1
2428	2264	6	0
2428	32	33	1
2428	33	34	1
2428	34	4247	0
2428	4247	1011	0
2428	1011	4248	0
2428	2827	2264	0
2428	4248	2827	0
2429	3478	487	0
2429	487	4237	0
2429	4236	3478	0
2429	4240	4236	0
2429	4237	4240	0
2432	4236	3478	0
2432	3478	4245	0
2432	4244	4236	0
2432	4245	4244	0
