452
44
519
0	 7.500000000000000e+02  1.732050807600000e+00 -5.826267611201000e+02	 1.109000000000000e-07 -1.921000000000000e-07 -3.677500000000000e-06	1.000000000000000e+00	0	1	0
1	 7.500000000000000e+02  1.732050807600000e+00 -7.500000000000000e+02	0.000000000000000e+00 0.000000000000000e+00 0.000000000000000e+00	1.000000000000000e+00	0	1	1
2	 3.179872981078000e+02  7.500000000000000e+02 -7.500000000000000e+02	-2.629360330000000e-02  4.554185680000000e-02  0.000000000000000e+00	1.000000000000000e+00	0	1	2
4	 7.500000000000000e+02 -7.500000000000000e+02  2.286190426598000e+02	0.000000000000000e+00 0.000000000000000e+00 0.000000000000000e+00	1.000000000000000e+00	8168	1	4
5	7.500000000000000e+02 7.500000000000000e+02 2.286190426598000e+02	0.000000000000000e+00 0.000000000000000e+00 0.000000000000000e+00	1.000000000000000e+00	8168	1	5
6	4.199872981078000e+02 7.500000000000000e+02 2.286190426598000e+02	0.000000000000000e+00 0.000000000000000e+00 0.000000000000000e+00	7.500000000000000e-01	8168	1	6
7	 7.500000000000000e+02  6.209716204757000e+02 -4.262112152443000e+02	5.220000000000000e-08 3.674000000000000e-07 0.000000000000000e+00	1.000000000000000e+00	646	1	7
8	 7.500000000000000e+02  7.500000000000000e+02 -4.262112152443000e+02	0.000000000000000e+00 0.000000000000000e+00 0.000000000000000e+00	1.000000000000000e+00	646	1	8
10	-7.500000000000000e+02  5.715767664980000e+01  6.580962442277000e+02	0.000000000000000e+00 0.000000000000000e+00 0.000000000000000e+00	1.000000000000000e+00	1105	1	10
11	-7.500000000000000e+02 -7.500000000000000e+02  6.580962442277000e+02	0.000000000000000e+00 0.000000000000000e+00 0.000000000000000e+00	1.000000000000000e+00	1105	1	11
12	 7.500000000000000e+02 -7.500000000000000e+02  6.580962442277000e+02	0.000000000000000e+00 0.000000000000000e+00 0.000000000000000e+00	1.000000000000000e+00	1105	1	12
13	7.500000000000000e+02 5.715767664980000e+01 6.580962442277000e+02	0.000000000000000e+00 0.000000000000000e+00 0.000000000000000e+00	4.218750000000000e-01	1105	1	13
15	 7.500000000000000e+02 -7.500000000000000e+02 -1.159425144917000e+02	0.000000000000000e+00 0.000000000000000e+00 0.000000000000000e+00	1.000000000000000e+00	661	1	15
16	 7.500000000000000e+02  7.500000000000000e+02 -1.159425144917000e+02	0.000000000000000e+00 0.000000000000000e+00 0.000000000000000e+00	1.000000000000000e+00	661	1	16
17	 2.598796529743000e+02  7.500000000000000e+02 -1.159425144917000e+02	 1.224160000000000e-05 -2.652860000000000e-05  0.000000000000000e+00	1.000000000000000e+00	661	1	17
18	-7.500000000000000e+02 -9.529898206000000e+01 -4.164132562731000e+02	 8.123000000000000e-07 -6.737000000000000e-07  0.000000000000000e+00	1.000000000000000e+00	8168	1	18
19	-7.500000000000000e+02 -7.500000000000000e+02 -4.164132562731000e+02	0.000000000000000e+00 0.000000000000000e+00 0.000000000000000e+00	1.000000000000000e+00	8168	1	19
20	 7.500000000000000e+02 -7.500000000000000e+02 -4.164132562731000e+02	0.000000000000000e+00 0.000000000000000e+00 0.000000000000000e+00	1.000000000000000e+00	8168	1	20
21	 7.500000000000000e+02  7.500000000000000e+02 -4.164132562731000e+02	0.000000000000000e+00 0.000000000000000e+00 0.000000000000000e+00	1.000000000000000e+00	8168	1	21
22	-2.050257696264000e+02  7.500000000000000e+02 -4.164132562731000e+02	-4.296098470001221e-05  0.000000000000000e+00  0.000000000000000e+00	1.001129150390625e-01	8168	1	22
23	-7.075265688675000e+02 -7.500000000000000e+02  1.077775486825000e+02	-8.479850000000000e-05  2.065650000000000e-05  0.000000000000000e+00	1.000000000000000e+00	23	1	23
24	 7.500000000000000e+02 -7.500000000000000e+02  1.077775486825000e+02	0.000000000000000e+00 0.000000000000000e+00 0.000000000000000e+00	1.000000000000000e+00	23	1	24
25	7.500000000000000e+02 7.500000000000000e+02 1.077775486825000e+02	0.000000000000000e+00 0.000000000000000e+00 0.000000000000000e+00	1.000000000000000e+00	23	1	25
26	-6.095863780557000e+02  7.500000000000000e+02  1.077775486825000e+02	 4.505400000000000e-06 -6.956000000000001e-07  0.000000000000000e+00	1.000000000000000e+00	23	1	26
27	-7.364158751547001e+02 -7.500000000000000e+02 -1.894272067752000e+02	 3.162000000000000e-07 -2.430000000000000e-07  0.000000000000000e+00	1.000000000000000e+00	27	1	27
28	 7.500000000000000e+02 -7.500000000000000e+02 -1.894272067752000e+02	0.000000000000000e+00 0.000000000000000e+00 0.000000000000000e+00	1.000000000000000e+00	27	1	28
29	 7.500000000000000e+02  7.500000000000000e+02 -1.894272067752000e+02	0.000000000000000e+00 0.000000000000000e+00 0.000000000000000e+00	1.000000000000000e+00	27	1	29
30	 4.223031102250000e+02  7.500000000000000e+02 -1.894272067752000e+02	-1.894000000000000e-07  1.462000000000000e-07  0.000000000000000e+00	1.000000000000000e+00	27	1	30
32	4.199872981078000e+02 7.500000000000000e+02 7.500000000000000e+02	0.000000000000000e+00 0.000000000000000e+00 0.000000000000000e+00	1.000000000000000e+00	8168	1	32
33	7.500000000000000e+02 1.784012331796000e+02 7.500000000000000e+02	0.000000000000000e+00 0.000000000000000e+00 0.000000000000000e+00	1.000000000000000e+00	8168	1	33
34	7.500000000000000e+02 1.784012331796000e+02 9.471360338760000e+01	 0.000000000000000e+00 -0.000000000000000e+00  0.000000000000000e+00	7.500000000000000e-01	8168	1	34
36	-5.950127018922000e+02 -7.500000000000000e+02 -7.500000000000000e+02	0.000000000000000e+00 0.000000000000000e+00 0.000000000000000e+00	1.000000000000000e+00	491	1	36
37	 2.710127018922000e+02  7.500000000000000e+02 -7.500000000000000e+02	0.000000000000000e+00 0.000000000000000e+00 0.000000000000000e+00	1.000000000000000e+00	491	1	37
38	2.710127018922000e+02 7.500000000000000e+02 7.500000000000000e+02	0.000000000000000e+00 0.000000000000000e+00 0.000000000000000e+00	1.000000000000000e+00	491	1	38
39	-2.093091131177000e+02 -8.194178758090000e+01  7.500000000000000e+02	 6.850800000000001e-06  1.186590000000000e-05 -6.376040000000000e-05	1.000000000000000e+00	491	1	39
41	 2.450127018922000e+02 -7.500000000000000e+02  7.500000000000000e+02	0.000000000000000e+00 0.000000000000000e+00 0.000000000000000e+00	1.000000000000000e+00	729	1	41
42	 2.450127018922000e+02 -7.500000000000000e+02  7.354649958703001e+02	 2.500000000000000e-09 -4.400000000000001e-09  1.306000000000000e-07	1.000000000000000e+00	729	1	42
44	-7.500000000000000e+02  5.715767664980000e+01 -7.500000000000000e+02	0.000000000000000e+00 0.000000000000000e+00 0.000000000000000e+00	1.000000000000000e+00	1105	1	44
45	 7.500000000000000e+02  5.715767664980000e+01 -7.500000000000000e+02	0.000000000000000e+00 0.000000000000000e+00 0.000000000000000e+00	1.000000000000000e+00	1105	1	45
47	-7.500000000000000e+02  2.381569860407000e+02  7.500000000000000e+02	0.000000000000000e+00 0.000000000000000e+00 0.000000000000000e+00	1.000000000000000e+00	1074	1	47
48	-7.500000000000000e+02  2.381569860407000e+02 -7.500000000000000e+02	0.000000000000000e+00 0.000000000000000e+00 0.000000000000000e+00	1.000000000000000e+00	1074	1	48
49	 7.500000000000000e+02  2.381569860407000e+02 -7.500000000000000e+02	0.000000000000000e+00 0.000000000000000e+00 0.000000000000000e+00	1.000000000000000e+00	1074	1	49
50	7.500000000000000e+02 2.381569860407000e+02 7.500000000000000e+02	0.000000000000000e+00 0.000000000000000e+00 0.000000000000000e+00	1.000000000000000e+00	1074	1	50
52	 2.615563697283000e+02 -7.500000000000000e+02  1.518683640526000e+02	3.611000000000000e-07 1.828000000000000e-07 0.000000000000000e+00	1.000000000000000e+00	8168	1	52
53	 7.500000000000000e+02 -7.500000000000000e+02  1.518683640526000e+02	0.000000000000000e+00 0.000000000000000e+00 0.000000000000000e+00	1.000000000000000e+00	8168	1	53
54	7.500000000000000e+02 7.500000000000000e+02 1.518683640526000e+02	0.000000000000000e+00 0.000000000000000e+00 0.000000000000000e+00	1.000000000000000e+00	8168	1	54
55	-3.662858463757000e+02  7.500000000000000e+02  1.518683640526000e+02	-1.780621655273438e-06 -4.412265380859375e-07  0.000000000000000e+00	1.779785156250000e-01	8168	1	55
56	-7.500000000000000e+02  3.403479836873000e+02 -6.870927350949000e+02	-6.010000000000000e-08  0.000000000000000e+00 -1.962500000000000e-06	1.000000000000000e+00	8168	1	56
57	-7.500000000000000e+02  3.403479836873000e+02 -7.500000000000000e+02	0.000000000000000e+00 0.000000000000000e+00 0.000000000000000e+00	1.000000000000000e+00	8168	1	57
59	 3.129872981078000e+02 -7.500000000000000e+02  2.150005851360000e+01	2.318900000000000e-06 4.016500000000000e-06 6.561640000000000e-05	1.000000000000000e+00	8168	1	59
60	 3.129872981078000e+02 -7.500000000000000e+02 -7.500000000000000e+02	0.000000000000000e+00 0.000000000000000e+00 0.000000000000000e+00	1.000000000000000e+00	8168	1	60
61	 7.500000000000000e+02  6.928203230300000e+00 -7.500000000000000e+02	0.000000000000000e+00 0.000000000000000e+00 0.000000000000000e+00	1.000000000000000e+00	8168	1	61
62	 7.500000000000000e+02  6.928203230300000e+00 -2.781049864489000e+02	6.490000000000001e-08 1.125000000000000e-07 1.065010000000000e-05	1.000000000000000e+00	8168	1	62
63	 5.470127018922000e+02 -7.500000000000000e+02  2.286190426598000e+02	-0.000000000000000e+00 -0.000000000000000e+00  0.000000000000000e+00	1.000000000000000e+00	8168	1	63
65	 5.470127018922000e+02 -7.500000000000000e+02 -7.500000000000000e+02	0.000000000000000e+00 0.000000000000000e+00 0.000000000000000e+00	1.000000000000000e+00	8168	1	65
66	-8.250000000000000e+01  3.403479836873000e+02 -7.500000000000000e+02	0.000000000000000e+00 0.000000000000000e+00 0.000000000000000e+00	7.500000000000000e-01	8168	1	66
67	-7.500000000000000e+02  7.500000000000000e+02 -6.793251553319001e+02	0.000000000000000e+00 0.000000000000000e+00 0.000000000000000e+00	1.000000000000000e+00	8168	1	67
68	-7.500000000000000e+02 -7.500000000000000e+02 -6.793251553319001e+02	0.000000000000000e+00 0.000000000000000e+00 0.000000000000000e+00	1.000000000000000e+00	8168	1	68
71	 4.462359991095000e+02 -7.500000000000000e+02  1.469693845670000e+01	-4.712000000000000e-06  1.203500000000000e-06  0.000000000000000e+00	1.000000000000000e+00	5009	1	71
72	 7.500000000000000e+02 -7.500000000000000e+02  1.469693845670000e+01	0.000000000000000e+00 0.000000000000000e+00 0.000000000000000e+00	1.000000000000000e+00	5009	1	72
73	7.500000000000000e+02 7.500000000000000e+02 1.469693845670000e+01	0.000000000000000e+00 0.000000000000000e+00 0.000000000000000e+00	1.000000000000000e+00	5009	1	73
74	6.224942094877000e+02 7.500000000000000e+02 1.469693845670000e+01	 2.754000000000000e-06 -8.652000000000000e-07  0.000000000000000e+00	1.000000000000000e+00	5009	1	74
75	 3.131378470001000e+02  6.910882722200000e+02 -7.500000000000000e+02	2.147000000000000e-07 0.000000000000000e+00 6.213000000000000e-07	1.000000000000000e+00	8168	1	75
76	 7.500000000000000e+02  6.910882722200000e+02 -7.500000000000000e+02	0.000000000000000e+00 0.000000000000000e+00 0.000000000000000e+00	1.000000000000000e+00	8168	1	76
77	7.500000000000000e+02 6.910882722200000e+02 7.500000000000000e+02	0.000000000000000e+00 0.000000000000000e+00 0.000000000000000e+00	1.000000000000000e+00	8168	1	77
78	-7.500000000000000e+02  6.910882722200000e+02  7.500000000000000e+02	-1.018397177000000e-01  0.000000000000000e+00  0.000000000000000e+00	1.000000000000000e+00	8168	1	78
79	-5.305121862130000e+01 -7.500000000000000e+02  9.471360338760000e+01	 3.095000000000000e-06 -3.023800000000000e-06  0.000000000000000e+00	1.000000000000000e+00	8168	1	79
80	 7.500000000000000e+02 -7.500000000000000e+02  9.471360338760000e+01	0.000000000000000e+00 0.000000000000000e+00 0.000000000000000e+00	1.000000000000000e+00	8168	1	80
83	 3.207840969188000e+02 -7.500000000000000e+02  3.592584956082000e+02	-2.001400000000000e-06  3.942000000000000e-07  0.000000000000000e+00	1.000000000000000e+00	8168	1	83
84	 7.500000000000000e+02 -7.500000000000000e+02  3.592584956082000e+02	0.000000000000000e+00 0.000000000000000e+00 0.000000000000000e+00	1.000000000000000e+00	8168	1	84
85	7.500000000000000e+02 7.500000000000000e+02 3.592584956082000e+02	0.000000000000000e+00 0.000000000000000e+00 0.000000000000000e+00	1.000000000000000e+00	8168	1	85
87	-2.960127018922000e+02 -7.500000000000000e+02 -4.865475419201000e+02	-1.230000000000000e-08 -2.120000000000000e-08  2.481000000000000e-07	1.000000000000000e+00	8168	1	87
88	-2.960127018922000e+02 -7.500000000000000e+02 -7.500000000000000e+02	0.000000000000000e+00 0.000000000000000e+00 0.000000000000000e+00	1.000000000000000e+00	8168	1	88
89	 5.700127018922000e+02  7.500000000000000e+02 -7.500000000000000e+02	0.000000000000000e+00 0.000000000000000e+00 0.000000000000000e+00	1.000000000000000e+00	8168	1	89
90	5.700127018922000e+02 7.500000000000000e+02 5.277022457164001e+02	 1.605000000000000e-08  2.782500000000000e-08 -2.862750000000000e-07	7.500000000000000e-01	8168	1	90
92	-7.500000000000000e+02  7.500000000000000e+02  3.804874067123000e+02	0.000000000000000e+00 0.000000000000000e+00 0.000000000000000e+00	1.000000000000000e+00	8006	1	92
93	-7.500000000000000e+02 -7.500000000000000e+02  3.804874067123000e+02	0.000000000000000e+00 0.000000000000000e+00 0.000000000000000e+00	1.000000000000000e+00	8006	1	93
94	 7.500000000000000e+02 -7.500000000000000e+02  3.804874067123000e+02	0.000000000000000e+00 0.000000000000000e+00 0.000000000000000e+00	1.000000000000000e+00	8006	1	94
95	7.500000000000000e+02 2.909819581266000e+02 3.804874067123000e+02	-1.485420000000000e-05 -1.451380000000000e-05  0.000000000000000e+00	1.000000000000000e+00	8006	1	95
97	 5.929872981078000e+02 -7.500000000000000e+02 -1.599082899470000e+01	 3.500000000000000e-09  6.000000000000000e-09 -7.740000000000000e-08	1.000000000000000e+00	97	1	97
98	 5.929872981078000e+02 -7.500000000000000e+02 -7.500000000000000e+02	0.000000000000000e+00 0.000000000000000e+00 0.000000000000000e+00	1.000000000000000e+00	97	1	98
99	 7.500000000000000e+02 -4.780460228890000e+02 -7.500000000000000e+02	0.000000000000000e+00 0.000000000000000e+00 0.000000000000000e+00	1.000000000000000e+00	97	1	99
100	 7.500000000000000e+02 -4.780460228890000e+02  1.893577691950000e+01	 7.100000000000000e-08  1.229000000000000e-07 -1.436400000000000e-06	1.000000000000000e+00	97	1	100
101	-7.500000000000000e+02 -5.525242076145000e+02 -1.159425144917000e+02	-0.000000000000000e+00 -0.000000000000000e+00  0.000000000000000e+00	1.779785156250000e-01	661	1	101
102	-7.500000000000000e+02 -5.525242076145000e+02  7.500000000000000e+02	0.000000000000000e+00 0.000000000000000e+00 0.000000000000000e+00	1.000000000000000e+00	661	1	102
103	-6.359872981078000e+02 -7.500000000000000e+02  7.500000000000000e+02	0.000000000000000e+00 0.000000000000000e+00 0.000000000000000e+00	1.000000000000000e+00	661	1	103
104	-6.359872981078000e+02 -7.500000000000000e+02 -1.159425144917000e+02	0.000000000000000e+00 0.000000000000000e+00 0.000000000000000e+00	7.500000000000000e-01	661	1	104
105	-6.363895494179001e+02 -7.500000000000000e+02  5.829785587824000e+02	-2.823000000000000e-06  8.597800000000001e-06  0.000000000000000e+00	1.000000000000000e+00	8190	1	105
106	 7.500000000000000e+02 -7.500000000000000e+02  5.829785587824000e+02	0.000000000000000e+00 0.000000000000000e+00 0.000000000000000e+00	1.000000000000000e+00	8190	1	106
107	7.500000000000000e+02 1.787590126190000e+01 5.829785587824000e+02	 1.802230000000000e-05 -2.954160000000000e-05  0.000000000000000e+00	1.000000000000000e+00	8190	1	107
108	-2.060257691250000e+02  6.910882722200000e+02 -4.164132562731000e+02	-3.829236219377518e-05  0.000000000000000e+00  0.000000000000000e+00	5.631351470947266e-02	8168	0	108
112	 6.716113230294001e+02  1.375052220587000e+02 -5.940953064161000e+02	 1.480000000000000e-07 -2.563000000000000e-07 -3.302300000000000e-06	1.000000000000000e+00	0	0	112
113	 5.091850831934000e+02 -5.629980912000001e+00  2.286190426598000e+02	-9.785700000000000e-06  1.430900000000000e-06  0.000000000000000e+00	1.000000000000000e+00	8168	0	113
114	 2.990290415773000e+02  6.853731744142000e+02 -4.262112152443000e+02	-5.800000000000000e-09 -3.930000000000000e-08  0.000000000000000e+00	1.000000000000000e+00	646	0	114
116	-6.345990522264000e+02  2.164789867040000e+02 -1.159425144917000e+02	-7.738750000000000e-05  1.294233000000000e-04  0.000000000000000e+00	1.000000000000000e+00	661	0	116
117	-4.255425157943000e+02  2.977788235788000e+02 -4.164132562731000e+02	 4.291000000000000e-07 -3.522000000000000e-07  0.000000000000000e+00	1.000000000000000e+00	8168	0	117
118	-6.689665484601001e+02 -1.588269292633000e+02  1.077775486825000e+02	-4.861870000000000e-05  1.299000000000000e-06  0.000000000000000e+00	1.000000000000000e+00	23	0	118
119	-1.573166806989000e+02  1.638228768000000e-01 -1.894272067752000e+02	-3.230000000000000e-07  2.498000000000000e-07  0.000000000000000e+00	1.000000000000000e+00	27	0	119
122	-5.468330156533000e+02 -6.665503355415000e+02  3.747670620036000e+02	-1.596000000000000e-07 -2.764000000000000e-07 -8.098100000000000e-06	1.000000000000000e+00	491	0	122
123	 1.456012871033000e+02 -5.778143787333000e+02  7.443961153492000e+02	 4.100000000000000e-09 -7.200000000000000e-09  1.573000000000000e-07	1.000000000000000e+00	729	0	123
126	-7.304558538180001e+01 -2.533441860000000e-02  1.518683640526000e+02	-8.460000000000000e-08 -3.680000000000000e-08  0.000000000000000e+00	1.000000000000000e+00	8168	0	126
127	-2.078982583824000e+02  3.403479836873000e+02 -7.340912700754001e+02	-5.220000000000000e-07  0.000000000000000e+00 -4.435900000000000e-06	1.000000000000000e+00	8168	0	127
128	 5.325689551694001e+02 -3.696734135591000e+02 -2.699468534075000e+02	8.530000000000000e-08 1.477000000000000e-07 6.158800000000000e-06	1.000000000000000e+00	8168	0	128
130	-3.322621777524000e+02  5.846370718834000e+02 -6.793251553319001e+02	1.836290000000000e-05 3.358490000000000e-05 0.000000000000000e+00	1.000000000000000e+00	8168	0	130
131	5.553487293816000e+02 1.495839961074000e+02 1.469693845670000e+01	 5.090660000000000e-05 -3.800000000000000e-07  0.000000000000000e+00	1.000000000000000e+00	5009	0	131
132	-4.376211089370000e+01  6.910882722200000e+02 -5.580943884338001e+02	-1.434560000000000e-05  0.000000000000000e+00 -2.378880000000000e-05	1.000000000000000e+00	8168	0	132
133	-3.452441866214000e+02  6.910882722200000e+02  1.560408712939000e+02	-9.106671203613281e-07  0.000000000000000e+00 -9.123289947509767e-08	1.001129150390625e-01	8168	0	133
134	 3.698727682049000e+02 -1.693955175988000e+02  9.471360338760000e+01	 2.911600000000000e-06 -2.193000000000000e-06  0.000000000000000e+00	1.000000000000000e+00	8168	0	134
136	3.998506374355000e+02 2.348603959291000e+02 3.592584956082000e+02	 6.101410000000000e-05 -6.049000000000000e-07  0.000000000000000e+00	1.000000000000000e+00	8168	0	136
137	 1.557847802731000e+02  3.253619384200000e+01 -6.838167179110000e+01	-2.293680000000000e-05 -3.972760000000000e-05  3.700710000000000e-05	1.000000000000000e+00	8168	0	137
139	 6.777495998709001e+02 -6.031873867799001e+02  2.555284891700000e+00	 1.206000000000000e-07  2.089000000000000e-07 -1.922800000000000e-06	1.000000000000000e+00	97	0	139
141	 2.435623512687000e+02 -2.676847956236000e+02  5.829785587824000e+02	 7.976300000000000e-06 -1.458830000000000e-05  0.000000000000000e+00	1.000000000000000e+00	8190	0	141
143	 5.702039684968000e+02  3.131479123703000e+02 -6.189687810625001e+02	 1.875000000000000e-07 -3.248000000000000e-07 -2.508500000000000e-06	1.000000000000000e+00	0	0	143
144	 4.666496172395000e+02 -3.753167303155000e+02  2.286190426598000e+02	-3.453150000000000e-05  3.575900000000000e-06  0.000000000000000e+00	1.000000000000000e+00	8168	0	144
146	 5.245261073385000e+02  6.531103802603001e+02 -4.262112152443000e+02	1.300000000000000e-08 9.080000000000001e-08 0.000000000000000e+00	1.000000000000000e+00	646	0	146
147	 7.258350954660000e+01  7.229632868486000e+02 -4.262112152443000e+02	1.949000000000000e-07 7.752000000000000e-07 0.000000000000000e+00	1.000000000000000e+00	646	0	147
150	-7.500000000000000e+02  1.690771123704000e+02 -1.159425144917000e+02	-7.207590000000000e-05  2.130622000000000e-04  0.000000000000000e+00	1.000000000000000e+00	661	1	150
151	-2.456939434456000e+02  4.639866091441000e+02 -1.159425144917000e+02	-3.277760000000000e-05  5.107600000000000e-05  0.000000000000000e+00	1.000000000000000e+00	661	0	151
152	-5.876008066675000e+02  1.013323914389000e+02 -4.164132562731000e+02	 3.766000000000000e-07 -3.107000000000000e-07  0.000000000000000e+00	1.000000000000000e+00	8168	0	152
153	-6.784424827437000e+02 -6.134210447209000e+02  1.077775486825000e+02	-8.601840000000000e-05  7.670700000000001e-06  0.000000000000000e+00	1.000000000000000e+00	23	0	153
154	-6.501178567020000e+02  3.326879161946000e+02  1.077775486825000e+02	-2.027620000000000e-05  1.155600000000000e-06  0.000000000000000e+00	1.000000000000000e+00	23	0	154
155	-4.470674748523000e+02 -3.748463643919000e+02 -1.894272067752000e+02	-2.579000000000000e-07  1.990000000000000e-07  0.000000000000000e+00	1.000000000000000e+00	27	0	155
156	 1.325625353030000e+02  3.750745149051000e+02 -1.894272067752000e+02	-1.540000000000000e-07  1.191000000000000e-07  0.000000000000000e+00	1.000000000000000e+00	27	0	156
159	-5.950127018922000e+02 -7.500000000000000e+02  2.326417331809000e+02	-3.374493750000000e-06 -5.844782812500000e-06  1.207153125000000e-06	4.218750000000000e-01	491	1	159
160	-4.466611517876000e+02 -4.930475778373000e+02  5.353912153363000e+02	 3.563100000000000e-06  6.171500000000000e-06 -9.749100000000000e-06	1.000000000000000e+00	491	0	160
161	 9.393210163390000e+01 -4.883207243145000e+02  7.500000000000000e+02	 4.300000000000000e-09 -7.500000000000001e-09  1.601000000000000e-07	1.000000000000000e+00	729	1	161
162	 1.965564659907000e+02 -6.660713374751000e+02  7.392377413558000e+02	 3.000000000000000e-09 -5.200000000000000e-09  1.323000000000000e-07	1.000000000000000e+00	729	0	162
164	5.196185397610000e+02 5.492464138110000e+01 2.286190426598000e+02	-5.821100000000000e-06  1.005500000000000e-06  0.000000000000000e+00	1.000000000000000e+00	8168	0	164
167	 9.011487946120000e+01 -3.751086780153000e+02  1.518683640526000e+02	-2.984000000000000e-07 -1.300000000000000e-07  0.000000000000000e+00	1.000000000000000e+00	8168	0	167
168	-2.362032922944000e+02  3.750185012654000e+02  1.518683640526000e+02	9.890000000000001e-08 4.320000000000000e-08 0.000000000000000e+00	1.000000000000000e+00	8168	0	168
169	-4.953824337442000e+02  3.403479836873000e+02 -7.011609520331000e+02	-5.450000000000000e-08  0.000000000000000e+00 -6.486000000000000e-07	1.000000000000000e+00	8168	0	169
172	 6.453434108443000e+02 -1.743423265343000e+02 -2.751171786198000e+02	8.320000000000000e-08 1.442000000000000e-07 9.227300000000001e-06	1.000000000000000e+00	8168	0	172
174	 4.483320872784000e+02 -5.790801617668001e+02 -2.956324186591000e+02	-3.203606250000000e-06  5.548837500000000e-06  1.755202500000000e-05	5.625000000000000e-01	8168	0	174
177	 5.214465812588001e+02 -3.063014233077000e+02  1.469693845670000e+01	 1.898920000000000e-05 -2.446100000000000e-06  0.000000000000000e+00	1.000000000000000e+00	5009	0	177
179	 7.515927818600001e+00  6.910882722200000e+02 -6.003181808640001e+02	-4.671600000000000e-06  0.000000000000000e+00 -2.932200000000000e-06	1.000000000000000e+00	8168	0	179
181	 2.146354222126000e+02 -4.510276450970000e+02  9.471360338760000e+01	 1.518000000000000e-07 -7.550000000000001e-08  0.000000000000000e+00	1.000000000000000e+00	8168	0	181
183	 3.723556317301000e+02 -2.776873530604000e+02  3.592584956082000e+02	 3.113670000000000e-05 -1.960300000000000e-06  0.000000000000000e+00	1.000000000000000e+00	8168	0	183
185	-8.200061503980000e+01 -3.793201921377000e+02 -3.843741590631000e+02	 8.595000000000000e-07  1.488600000000000e-06 -4.619600000000000e-06	1.000000000000000e+00	8168	0	185
187	4.253713730486000e+02 7.500000000000000e+02 3.804874067123000e+02	6.230000000000001e-08 1.930000000000000e-08 0.000000000000000e+00	1.000000000000000e+00	8006	1	187
189	 6.312877361737001e+02 -6.836616953176000e+02 -9.137035680700000e+00	 1.101000000000000e-07  1.908000000000000e-07 -1.771800000000000e-06	1.000000000000000e+00	97	0	189
190	 7.227025409675000e+02 -5.253266088509000e+02  1.354077851470000e+01	 9.940000000000000e-08  1.721000000000000e-07 -1.648400000000000e-06	1.000000000000000e+00	97	0	190
191	-8.746513797000000e+01 -4.523331055711000e+02  5.829785587824000e+02	-3.305300000000000e-06  5.640200000000000e-06  0.000000000000000e+00	1.000000000000000e+00	8190	0	191
192	 5.775898451780000e+02 -9.090533991290000e+01  5.829785587824000e+02	 2.122620000000000e-05 -3.358170000000000e-05  0.000000000000000e+00	1.000000000000000e+00	8190	0	192
193	-2.663007988956000e+02  4.956355440590000e+02 -4.164132562731000e+02	-5.604187500000000e-07  3.149437500000000e-07  0.000000000000000e+00	5.625000000000000e-01	8168	0	193
194	-1.985867772671000e+02  6.910882722200000e+02 -4.176676628217000e+02	-4.237582232610584e-05  0.000000000000000e+00 -1.245023415703029e-05	2.375726401805878e-02	8168	0	194
195	-4.201357260893000e+02  6.910882722200000e+02 -1.043479144845000e+02	-4.132680000000000e-05  0.000000000000000e+00  1.049210000000000e-04	1.000000000000000e+00	8168	0	195
198	6.015071030219000e+02 5.471856730220000e+01 9.471360338760000e+01	 4.148100000000000e-06 -4.871900000000000e-06  0.000000000000000e+00	1.000000000000000e+00	8168	0	198
201	 5.169807903665001e+02  4.053331610324000e+02 -6.368543322245000e+02	 1.649000000000000e-07 -2.857000000000000e-07 -1.941500000000000e-06	1.000000000000000e+00	0	0	201
204	 6.372754526618000e+02  6.369852882186000e+02 -4.262112152443000e+02	2.220000000000000e-08 1.561000000000000e-07 0.000000000000000e+00	1.000000000000000e+00	646	0	204
205	-2.401157757500000e+01  7.500000000000000e+02 -4.262112152443000e+02	-9.190000000000001e-08 -3.282000000000000e-07  0.000000000000000e+00	1.000000000000000e+00	646	1	205
209	-8.069326784540000e+01  5.670418242643000e+02 -1.159425144917000e+02	-1.502460000000000e-05  2.478010000000000e-05  0.000000000000000e+00	1.000000000000000e+00	661	0	209
210	-6.686395818834001e+02  3.117735806400000e+00 -4.164132562731000e+02	 4.176000000000000e-07 -3.443000000000000e-07  0.000000000000000e+00	1.000000000000000e+00	8168	0	210
212	-6.329351940037001e+02  5.595814907152001e+02  1.077775486825000e+02	-8.078400000000000e-06  6.979000000000000e-07  0.000000000000000e+00	1.000000000000000e+00	23	0	212
213	-5.917923448197000e+02 -5.624675939910001e+02 -1.894272067752000e+02	-3.570000000000000e-08  2.760000000000000e-08  0.000000000000000e+00	1.000000000000000e+00	27	0	213
214	 2.775096890915000e+02  5.625240564337000e+02 -1.894272067752000e+02	-4.670000000000000e-08  3.610000000000000e-08  0.000000000000000e+00	1.000000000000000e+00	27	0	214
216	-3.981171446021000e+02 -4.089668909890000e+02  6.000637986237000e+02	 3.801200000000000e-06  6.583800000000000e-06 -1.208210000000000e-05	1.000000000000000e+00	491	0	216
221	 1.722875076875000e+02 -5.624778628331001e+02  1.518683640526000e+02	1.046000000000000e-07 4.670000000000000e-08 0.000000000000000e+00	1.000000000000000e+00	8168	0	221
222	-3.123269977144000e+02  5.640299209148001e+02  1.518683640526000e+02	-4.103000000000000e-07 -1.496000000000000e-07  0.000000000000000e+00	1.000000000000000e+00	8168	0	222
223	-6.345744380353000e+02  3.403479836873000e+02 -6.916203477598000e+02	-7.180000000000001e-08  0.000000000000000e+00 -1.367000000000000e-06	1.000000000000000e+00	8168	0	223
226	 7.014561694877000e+02 -7.715217761100000e+01 -2.769209000077000e+02	7.150000000000000e-08 1.239000000000000e-07 1.012020000000000e-05	1.000000000000000e+00	8168	0	226
228	 5.237343184551000e+02 -7.096806571688001e+02 -5.513255682027000e+02	 4.352027000000000e-04 -7.537932000000001e-04  4.446680000000000e-04	1.000000000000000e+00	8168	0	228
229	-4.943925237434000e+02  6.776555472483001e+02 -6.793251553319001e+02	2.853910000000000e-05 4.615560000000000e-05 0.000000000000000e+00	1.000000000000000e+00	8168	0	229
231	 4.873915837410000e+02 -5.372448474815001e+02  1.469693845670000e+01	 1.524600000000000e-06 -2.409000000000000e-07  0.000000000000000e+00	1.000000000000000e+00	5009	0	231
233	-4.749504706764000e+02  6.910882722200000e+02  4.330963792548000e+02	-5.616843750000000e-06  0.000000000000000e+00 -3.547715625000000e-06	4.218750000000000e-01	8168	0	233
234	 1.228099616986000e+02 -5.774794512550001e+02  9.471360338760000e+01	-9.579000000000000e-07  9.002000000000001e-07  0.000000000000000e+00	1.000000000000000e+00	8168	0	234
235	 3.516303170562000e+02 -5.364456732370001e+02  3.592584956082000e+02	 1.230870000000000e-05 -1.240000000000000e-06  0.000000000000000e+00	1.000000000000000e+00	8168	0	235
237	-2.086983806699000e+02 -5.987671594145000e+02 -4.619071790836000e+02	-1.160000000000000e-08 -2.010000000000000e-08  1.134000000000000e-07	1.000000000000000e+00	8168	0	237
238	4.426447145804000e+02 5.293921747181000e+02 4.562454719029000e+02	 1.026630000000000e-05  1.778175000000000e-05 -2.058187500000000e-05	5.625000000000000e-01	8168	0	238
241	-2.510066830683000e+02 -5.518194849792001e+02  5.829785587824000e+02	-9.165900000000000e-06  1.459940000000000e-05  0.000000000000000e+00	1.000000000000000e+00	8190	0	241
243	-2.206482921891000e+02  6.047920950660000e+02 -4.164132562731000e+02	-1.560506058654785e-05  2.648161800384522e-06  0.000000000000000e+00	7.508468627929688e-02	8168	0	243
246	 7.169965348452000e+02  5.889572928150000e+01 -5.866072366509001e+02	 1.433000000000000e-07 -2.483000000000000e-07 -3.534600000000000e-06	1.000000000000000e+00	0	0	246
247	 6.220404391187001e+02  2.233645115682000e+02 -6.047790209692000e+02	 1.749000000000000e-07 -3.029000000000000e-07 -2.963600000000000e-06	1.000000000000000e+00	0	0	247
248	 4.846065628165000e+02 -1.943116706180000e+02  2.286190426598000e+02	-2.326240000000000e-05  2.634100000000000e-06  0.000000000000000e+00	1.000000000000000e+00	8168	0	248
249	5.502709913083000e+02 1.783645053930000e+02 2.286190426598000e+02	 5.709000000000000e-07 -2.771000000000000e-07  0.000000000000000e+00	1.000000000000000e+00	8168	0	249
250	 4.117764744958000e+02  6.692337140706001e+02 -4.262112152443000e+02	2.200000000000000e-09 1.520000000000000e-08 0.000000000000000e+00	1.000000000000000e+00	646	0	250
251	 1.864205652125000e+02  7.024585553941000e+02 -4.262112152443000e+02	1.300000000000000e-08 7.280000000000000e-08 0.000000000000000e+00	1.000000000000000e+00	646	0	251
255	-4.226247013748000e+02  3.498039170842000e+02 -1.159425144917000e+02	-5.307190000000000e-05  8.295480000000001e-05  0.000000000000000e+00	1.000000000000000e+00	661	0	255
256	-5.065623161135000e+02  1.995473729068000e+02 -4.164132562731000e+02	 3.996000000000000e-07 -3.297000000000000e-07  0.000000000000000e+00	1.000000000000000e+00	8168	0	256
257	-3.449338233893000e+02  3.961617525073000e+02 -4.164132562731000e+02	 2.445187500000000e-07 -2.005875000000000e-07  0.000000000000000e+00	5.625000000000000e-01	8168	0	257
258	-6.735634076344001e+02 -4.259086623221000e+02  1.077775486825000e+02	-8.700730000000001e-05  8.783000000000000e-07  0.000000000000000e+00	1.000000000000000e+00	23	0	258
259	-6.602178964913001e+02  8.923286201090001e+01  1.077775486825000e+02	-2.448770000000000e-05  9.127000000000001e-07  0.000000000000000e+00	1.000000000000000e+00	23	0	259
260	-3.022500901847000e+02 -1.872964422069000e+02 -1.894272067752000e+02	-3.808000000000000e-07  2.942000000000000e-07  0.000000000000000e+00	1.000000000000000e+00	27	0	260
261	-1.235849778990000e+01  1.876047874007000e+02 -1.894272067752000e+02	-2.211000000000000e-07  1.709000000000000e-07  0.000000000000000e+00	1.000000000000000e+00	27	0	261
262	-5.854719901796000e+02 -7.334750025733000e+02  2.769758701301000e+02	 4.786874999999999e-07  8.291812500000000e-07 -2.796693750000000e-06	5.625000000000000e-01	491	0	262
263	-4.945675877531000e+02 -5.760239589390001e+02  4.660594920602000e+02	 2.201800000000000e-06  3.813700000000000e-06 -7.128700000000000e-06	1.000000000000000e+00	491	0	263
268	 8.564331792100001e+00 -1.875540382905000e+02  1.518683640526000e+02	-1.542000000000000e-07 -6.710000000000000e-08  0.000000000000000e+00	1.000000000000000e+00	8168	0	268
269	-1.545562068882000e+02  1.875262497181000e+02  1.518683640526000e+02	7.280000000000000e-08 3.170000000000000e-08 0.000000000000000e+00	1.000000000000000e+00	8168	0	269
270	-3.567302316912000e+02  3.403479836873000e+02 -7.150151342476000e+02	-4.690000000000000e-08  0.000000000000000e+00 -4.064000000000000e-07	1.000000000000000e+00	8168	0	270
273	 5.892200295160001e+02 -2.715508744874000e+02 -2.728454132036000e+02	8.990000000000000e-08 1.557000000000000e-07 7.944400000000000e-06	1.000000000000000e+00	8168	0	273
274	 4.416219323893000e+02 -5.674578325721001e+02  1.525672889285000e+02	-1.167800000000000e-05  2.022700000000000e-05  1.492100000000000e-05	1.000000000000000e+00	8168	0	274
277	 5.470127018922000e+02 -7.500000000000000e+02 -6.793251553319001e+02	0.000000000000000e+00 0.000000000000000e+00 0.000000000000000e+00	1.000000000000000e+00	8168	1	277
278	 5.499212784864001e+02 -5.847394411830000e+01  1.469693845670000e+01	 3.661710000000000e-05 -2.896100000000000e-06  0.000000000000000e+00	1.000000000000000e+00	5009	0	278
279	5.588465583652001e+02 4.061127764588000e+02 1.469693845670000e+01	 6.311260000000000e-05 -1.684200000000000e-06  0.000000000000000e+00	1.000000000000000e+00	5009	0	279
281	-4.010921935394000e+02  6.910882722200000e+02  1.185351812001000e+02	1.449547500000000e-05 0.000000000000000e+00 1.856085000000000e-05	7.500000000000000e-01	8168	0	281
282	 2.837122885824000e+02 -3.043812331670000e+02  9.471360338760000e+01	 2.035300000000000e-06 -1.114700000000000e-06  0.000000000000000e+00	1.000000000000000e+00	8168	0	282
283	 4.727480485354000e+02 -5.427163128360000e+01  9.471360338760000e+01	 3.069200000000000e-06 -3.408300000000000e-06  0.000000000000000e+00	1.000000000000000e+00	8168	0	283
284	 3.884701011249000e+02 -9.827574537200000e+00  3.592584956082000e+02	 4.996630000000000e-05 -2.869000000000000e-06  0.000000000000000e+00	1.000000000000000e+00	8168	0	284
286	 4.679212950530000e+01 -1.562446149393000e+02 -2.632677290633000e+02	-2.798300000000000e-06 -4.846800000000000e-06  8.236300000000001e-06	1.000000000000000e+00	8168	0	286
287	2.453747161058000e+02 1.877105145511000e+02 1.171462378579000e+02	-3.237870000000000e-05 -5.608160000000000e-05  7.397010000000001e-05	1.000000000000000e+00	8168	0	287
290	 7.824410486790001e+01 -3.593309997718000e+02  5.829785587824000e+02	 2.641600000000000e-06 -4.759300000000000e-06  0.000000000000000e+00	1.000000000000000e+00	8190	0	290
291	 4.108058678068000e+02 -1.788317761859000e+02  5.829785587824000e+02	 1.132710000000000e-05 -2.203300000000000e-05  0.000000000000000e+00	1.000000000000000e+00	8190	0	291
292	 4.506461944492000e+02 -5.830883129607000e+02  2.286190426598000e+02	-2.153500000000000e-05  3.729970000000000e-05  0.000000000000000e+00	1.000000000000000e+00	8168	0	292
297	-4.343449869000001e+00  6.123476346420000e+02 -1.159425144917000e+02	-8.274500000000000e-06  1.406040000000000e-05  0.000000000000000e+00	1.000000000000000e+00	661	0	297
298	-7.091272510858000e+02 -4.601623322090000e+01 -4.164132562731000e+02	 4.943000000000000e-07 -4.088000000000000e-07  0.000000000000000e+00	1.000000000000000e+00	8168	0	298
300	-6.222365462067000e+02  6.680646839058001e+02  1.077775486825000e+02	-6.904000000000000e-07  4.230000000000000e-08  0.000000000000000e+00	1.000000000000000e+00	23	0	300
301	-6.643109151239000e+02 -6.561576123227001e+02 -1.894272067752000e+02	-1.300000000000000e-07  1.006000000000000e-07  0.000000000000000e+00	1.000000000000000e+00	27	0	301
302	 3.499555126761000e+02  6.562702732483000e+02 -1.894272067752000e+02	-4.910000000000000e-08  3.790000000000000e-08  0.000000000000000e+00	1.000000000000000e+00	27	0	302
305	 2.139881906043000e+02 -6.560632583893000e+02  1.518683640526000e+02	4.183000000000000e-07 1.988000000000000e-07 0.000000000000000e+00	1.000000000000000e+00	8168	0	305
306	-3.516879103136000e+02  6.910882722200000e+02  1.518683640526000e+02	 3.470625000000000e-08 -2.423250000000000e-07 -1.563975000000000e-06	5.625000000000000e-01	8168	0	306
307	-7.048468666143000e+02  3.403479836873000e+02 -6.884755104719001e+02	-6.300000000000001e-08  0.000000000000000e+00 -1.765200000000000e-06	1.000000000000000e+00	8168	0	307
313	 4.734073568246000e+02 -6.436128109147000e+02  1.469693845670000e+01	-3.326500000000000e-06  5.673000000000001e-07  0.000000000000000e+00	1.000000000000000e+00	5009	0	313
314	5.867728705158000e+02 6.354206726965000e+02 1.469693845670000e+01	 9.720300000000001e-06 -2.395200000000000e-06  0.000000000000000e+00	1.000000000000000e+00	5009	0	314
315	-5.074601405482000e+02  6.910882722200000e+02  4.732876146313000e+02	-2.601056250000000e-06  0.000000000000000e+00 -5.225906250000000e-06	5.625000000000000e-01	8168	0	315
316	 5.831482963440000e+01 -6.428328125593000e+02  9.471360338760000e+01	-6.600000000000000e-07  6.825000000000000e-07  0.000000000000000e+00	1.000000000000000e+00	8168	0	316
317	 3.377672516594000e+02 -6.553137375455000e+02  3.592584956082000e+02	 4.614600000000000e-06 -6.277000000000000e-07  0.000000000000000e+00	1.000000000000000e+00	8168	0	317
319	-2.677123182564000e+02 -7.009822976691000e+02 -4.809533821905000e+02	-5.900000000000000e-09 -1.020000000000000e-08  1.005000000000000e-07	1.000000000000000e+00	8168	0	319
320	4.924300317155000e+02 6.156228734670000e+02 4.992146976470000e+02	 2.272872656250000e-06  3.936758203125000e-06 -1.242840585937500e-05	3.164062500000000e-01	8168	0	320
322	4.860854718878000e+02 5.738152095286000e+02 3.804874067123000e+02	1.949600000000000e-06 7.618000000000001e-07 0.000000000000000e+00	1.000000000000000e+00	8006	0	322
323	-3.310007526158000e+02 -6.025445466500000e+02  5.829785587824000e+02	-1.183250000000000e-05  1.894850000000000e-05  0.000000000000000e+00	1.000000000000000e+00	8190	0	323
328	 4.960175565905000e+02 -1.012846725350000e+02  2.286190426598000e+02	-1.638670000000000e-05  2.113900000000000e-06  0.000000000000000e+00	1.000000000000000e+00	8168	0	328
333	-5.153507454583000e+02  2.908161285172000e+02 -1.159425144917000e+02	-6.460610000000000e-05  1.023059000000000e-04  0.000000000000000e+00	1.000000000000000e+00	661	0	333
334	-4.660465743354000e+02  2.486577852906000e+02 -4.164132562731000e+02	 4.219000000000000e-07 -3.479000000000000e-07  0.000000000000000e+00	1.000000000000000e+00	8168	0	334
335	-3.853132474665000e+02  3.470322328874000e+02 -4.164132562731000e+02	 2.661187500000000e-07 -2.180812500000000e-07  0.000000000000000e+00	5.625000000000000e-01	8168	0	335
336	-6.717904524922001e+02 -2.982439230730000e+02  1.077775486825000e+02	-6.753520000000000e-05  1.053600000000000e-06  0.000000000000000e+00	1.000000000000000e+00	23	0	336
337	-6.649002485579000e+02 -3.303397411290000e+01  1.077775486825000e+02	-3.416990000000000e-05  1.244000000000000e-06  0.000000000000000e+00	1.000000000000000e+00	23	0	337
338	-2.298008874266000e+02 -9.355276522530001e+01 -1.894272067752000e+02	-3.800000000000000e-07  2.938000000000000e-07  0.000000000000000e+00	1.000000000000000e+00	27	0	338
339	-8.482393688980001e+01  9.387375405530000e+01 -1.894272067752000e+02	-2.514000000000000e-07  1.944000000000000e-07  0.000000000000000e+00	1.000000000000000e+00	27	0	339
342	-3.225921645830000e+01 -9.379778418670000e+01  1.518683640526000e+02	-1.460000000000000e-07 -6.350000000000001e-08  0.000000000000000e+00	1.000000000000000e+00	8168	0	342
343	-1.137929157148000e+02  9.375393265960000e+01  1.518683640526000e+02	3.400000000000000e-09 1.500000000000000e-09 0.000000000000000e+00	1.000000000000000e+00	8168	0	343
344	-2.841719423311000e+02  3.403479836873000e+02 -7.240794211705000e+02	-8.270000000000001e-08  0.000000000000000e+00 -6.353000000000000e-07	1.000000000000000e+00	8168	0	344
349	-1.667947347025000e+02  4.863507470026000e+02 -6.793251553319001e+02	-3.588581900000000e-03  6.215606200000000e-03  0.000000000000000e+00	1.000000000000000e+00	8168	0	349
350	5.547397207311000e+02 2.531032138310000e+01 1.469693845670000e+01	 4.414270000000000e-05 -1.443500000000000e-06  0.000000000000000e+00	1.000000000000000e+00	5009	0	350
351	5.576025262222000e+02 3.005909338520000e+02 1.469693845670000e+01	 5.638150000000000e-05 -8.036000000000000e-07  0.000000000000000e+00	1.000000000000000e+00	5009	0	351
352	-4.194965002298000e+02  6.910882722200000e+02  3.592584956082000e+02	-9.979900000000001e-06  0.000000000000000e+00 -3.168140000000000e-04	1.000000000000000e+00	8168	0	352
354	 3.246161352264000e+02 -2.349233115088000e+02  9.471360338760000e+01	 2.682100000000000e-06 -1.719300000000000e-06  0.000000000000000e+00	1.000000000000000e+00	8168	0	354
355	 4.190144576984000e+02 -1.090268902198000e+02  9.471360338760000e+01	 2.956300000000000e-06 -2.646100000000000e-06  0.000000000000000e+00	1.000000000000000e+00	8168	0	355
356	3.943137164870000e+02 9.818884610850000e+01 3.592584956082000e+02	 5.600570000000000e-05 -3.202400000000000e-06  0.000000000000000e+00	1.000000000000000e+00	8168	0	356
358	 1.036142078495000e+02 -5.782588825560000e+01 -1.733942485844000e+02	-1.476800000000000e-05 -2.557900000000000e-05  2.152590000000000e-05	1.000000000000000e+00	8168	0	358
359	2.024204108240000e+02 1.133114753992000e+02 3.033528848470000e+01	-2.794630000000000e-05 -4.840440000000000e-05  5.567340000000000e-05	1.000000000000000e+00	8168	0	359
362	 1.609715748581000e+02 -3.134271564989000e+02  5.829785587824000e+02	 5.501700000000000e-06 -9.925600000000000e-06  0.000000000000000e+00	1.000000000000000e+00	8190	0	362
363	 3.264872259582000e+02 -2.229288136637000e+02  5.829785587824000e+02	 9.740500000000001e-06 -1.835000000000000e-05  0.000000000000000e+00	1.000000000000000e+00	8190	0	363
364	 4.562364835695000e+02 -4.615217457144000e+02  2.286190426598000e+02	-2.920710000000000e-05  3.725400000000000e-06  0.000000000000000e+00	1.000000000000000e+00	8168	0	364
365	 4.748883763699000e+02 -2.858749999376000e+02  2.286190426598000e+02	-3.138590000000000e-05  3.084400000000000e-06  0.000000000000000e+00	1.000000000000000e+00	8168	0	365
367	5.950440868571001e+02 2.650547428962000e+02 2.286190426598000e+02	-4.814000000000001e-07  2.433000000000000e-07  0.000000000000000e+00	1.000000000000000e+00	8168	0	367
374	-1.635138715138000e+02  5.162198282088000e+02 -1.159425144917000e+02	-2.365140000000000e-05  3.775180000000000e-05  0.000000000000000e+00	1.000000000000000e+00	661	0	374
375	-3.296383302747000e+02  4.096741760140000e+02 -1.159425144917000e+02	-4.221950000000000e-05  6.542730000000000e-05  0.000000000000000e+00	1.000000000000000e+00	661	0	375
376	-6.281208402444000e+02  5.222554800070000e+01 -4.164132562731000e+02	 3.886000000000000e-07 -3.207000000000000e-07  0.000000000000000e+00	1.000000000000000e+00	8168	0	376
377	-5.470811258078000e+02  1.504395210884000e+02 -4.164132562731000e+02	 3.815000000000000e-07 -3.148000000000000e-07  0.000000000000000e+00	1.000000000000000e+00	8168	0	377
378	-6.861950204620000e+02 -6.624301457342000e+02  1.077775486825000e+02	-8.213080000000000e-05  1.940580000000000e-05  0.000000000000000e+00	1.000000000000000e+00	23	0	378
379	-6.744817717953000e+02 -5.332429582466000e+02  1.077775486825000e+02	-8.943340000000000e-05  1.813300000000000e-06  0.000000000000000e+00	1.000000000000000e+00	23	0	379
380	-6.420151395418001e+02  4.470391542012000e+02  1.077775486825000e+02	-1.544050000000000e-05  1.157400000000000e-06  0.000000000000000e+00	1.000000000000000e+00	23	0	380
381	-6.557818087578000e+02  2.130824333019000e+02  1.077775486825000e+02	-2.137460000000000e-05  9.311000000000001e-07  0.000000000000000e+00	1.000000000000000e+00	23	0	381
382	-5.194251451154000e+02 -4.686606865593000e+02 -1.894272067752000e+02	-1.335000000000000e-07  1.030000000000000e-07  0.000000000000000e+00	1.000000000000000e+00	27	0	382
383	-3.746711618636000e+02 -2.810618439458000e+02 -1.894272067752000e+02	-3.368000000000000e-07  2.601000000000000e-07  0.000000000000000e+00	1.000000000000000e+00	27	0	383
384	 2.050327809227000e+02  4.688018639748000e+02 -1.894272067752000e+02	-1.010000000000000e-07  7.810000000000000e-08  0.000000000000000e+00	1.000000000000000e+00	27	0	384
385	 6.009834635050000e+01  2.813424881973000e+02 -1.894272067752000e+02	-1.973000000000000e-07  1.525000000000000e-07  0.000000000000000e+00	1.000000000000000e+00	27	0	385
388	5.507065486857000e+02 1.331349718910000e+01 9.471360338760000e+01	 4.488100000000000e-06 -5.348600000000000e-06  0.000000000000000e+00	1.000000000000000e+00	8168	0	388
390	 1.310203636112000e+02 -4.688727918553000e+02  1.518683640526000e+02	-3.291000000000000e-07 -1.442000000000000e-07  0.000000000000000e+00	1.000000000000000e+00	8168	0	390
391	 4.937354025110000e+01 -2.813164870649000e+02  1.518683640526000e+02	-1.815000000000000e-07 -7.890000000000000e-08  0.000000000000000e+00	1.000000000000000e+00	8168	0	391
392	-2.772413219841000e+02  4.686662427294000e+02  1.518683640526000e+02	1.102000000000000e-07 4.670000000000000e-08 0.000000000000000e+00	1.000000000000000e+00	8168	0	392
393	-1.953481782442000e+02  2.812861153093000e+02  1.518683640526000e+02	1.149000000000000e-07 5.010000000000000e-08 0.000000000000000e+00	1.000000000000000e+00	8168	0	393
394	-5.643031124600000e+02  3.403479836873000e+02 -6.958871627221000e+02	-6.560000000000001e-08  0.000000000000000e+00 -9.564000000000001e-07	1.000000000000000e+00	8168	0	394
395	-4.271766652614000e+02  3.403479836873000e+02 -7.074342166976000e+02	-4.720000000000000e-08  0.000000000000000e+00 -4.758000000000000e-07	1.000000000000000e+00	8168	0	395
400	 5.023962744143000e+02 -6.727220807561000e+02 -4.639467088327000e+02	 1.776061000000000e-04 -3.076228000000000e-04  2.439590000000000e-04	1.000000000000000e+00	8168	0	400
401	 4.326393602576000e+02 -5.518995612574000e+02 -2.628446246187000e+02	-1.670327054927777e-06  2.893090419087745e-06  3.980493950329721e-07	1.336346101015806e-02	8168	0	401
402	-4.578186874401000e+02  6.558967466736000e+02 -6.793251553319001e+02	2.339580000000000e-05 4.011450000000000e-05 0.000000000000000e+00	1.000000000000000e+00	8168	0	402
403	-3.918647186767000e+02  6.179291179186000e+02 -6.793251553319001e+02	1.951130000000000e-05 3.440460000000000e-05 0.000000000000000e+00	1.000000000000000e+00	8168	0	403
406	 5.038609160150000e+02 -4.298233725049000e+02  1.469693845670000e+01	 9.152200000000000e-06 -1.423400000000000e-06  0.000000000000000e+00	1.000000000000000e+00	5009	0	406
407	 5.378949838823000e+02 -1.676043774012000e+02  1.469693845670000e+01	 2.921350000000000e-05 -3.208000000000000e-06  0.000000000000000e+00	1.000000000000000e+00	5009	0	407
408	5.785112941833000e+02 5.967068806192000e+02 1.469693845670000e+01	 1.782700000000000e-05 -2.681500000000000e-06  0.000000000000000e+00	1.000000000000000e+00	5009	0	408
409	5.645587531942000e+02 4.979826006424000e+02 1.469693845670000e+01	 4.059320000000000e-05 -3.286700000000000e-06  0.000000000000000e+00	1.000000000000000e+00	5009	0	409
412	 1.662531628325000e+02 -5.265297985598000e+02  9.471360338760000e+01	-5.603000000000001e-07  4.236000000000000e-07  0.000000000000000e+00	1.000000000000000e+00	8168	0	412
413	 2.475570409998000e+02 -3.773227231870000e+02  9.471360338760000e+01	 7.520000000000001e-07 -3.558000000000000e-07  0.000000000000000e+00	1.000000000000000e+00	8168	0	413
414	 3.633416845420000e+02 -4.066692012354000e+02  3.592584956082000e+02	 2.161700000000000e-05 -1.706300000000000e-06  0.000000000000000e+00	1.000000000000000e+00	8168	0	414
415	 3.805284492357000e+02 -1.424393918851000e+02  3.592584956082000e+02	 4.120030000000000e-05 -2.375500000000000e-06  0.000000000000000e+00	1.000000000000000e+00	8168	0	415
416	-8.132625707990000e+01  6.910882722200000e+02  3.592584956082000e+02	0.000000000000000e+00 0.000000000000000e+00 0.000000000000000e+00	1.000000000000000e+00	8168	0	416
418	-1.456770994747000e+02 -4.896110984264000e+02 -4.282678722294000e+02	 1.266000000000000e-07  2.192000000000000e-07 -7.782000000000000e-07	1.000000000000000e+00	8168	0	418
419	-1.734716919850000e+01 -2.673371390562000e+02 -3.316834278001000e+02	 1.747100000000000e-06  3.026000000000000e-06 -7.612900000000000e-06	1.000000000000000e+00	8168	0	419
424	4.528139884168000e+02 6.617028618574001e+02 3.804874067123000e+02	1.525500000000000e-06 5.232000000000000e-07 0.000000000000000e+00	1.000000000000000e+00	8006	0	424
426	-1.699421295513000e+02 -5.011872369907000e+02  5.829785587824000e+02	-6.318100000000001e-06  1.032150000000000e-05  0.000000000000000e+00	1.000000000000000e+00	8190	0	426
427	-4.635029980900000e+00 -4.053638215769000e+02  5.829785587824000e+02	-3.105000000000000e-07  5.274000000000000e-07  0.000000000000000e+00	1.000000000000000e+00	8190	0	427
428	 6.504516826997000e+02 -4.285513813230000e+01  5.829785587824000e+02	 3.239800000000000e-05 -4.855410000000000e-05  0.000000000000000e+00	1.000000000000000e+00	8190	0	428
429	 4.965072834692000e+02 -1.356087074203000e+02  5.829785587824000e+02	 1.131590000000000e-05 -2.120750000000000e-05  0.000000000000000e+00	1.000000000000000e+00	8190	0	429
430	-2.389304041611000e+02  5.501297408005000e+02 -4.164132562731000e+02	-6.554000000000000e-07  2.612000000000000e-07  0.000000000000000e+00	1.000000000000000e+00	8168	0	430
431	-3.046494622232000e+02  4.453700646726000e+02 -4.164132562731000e+02	 8.814374999999999e-08 -7.166250000000001e-08  0.000000000000000e+00	5.625000000000000e-01	8168	0	431
432	-2.124459435106000e+02  6.910882722200000e+02 -4.154412887237000e+02	-8.082290000000000e-06  0.000000000000000e+00 -1.101416750000000e-05	5.000000000000000e-03	8168	0	432
433	-4.431312381237000e+02  6.910882722200000e+02  1.387492461300000e+01	7.448200000000000e-06 0.000000000000000e+00 6.203500000000000e-05	1.000000000000000e+00	8168	0	433
434	6.636034146743000e+02 1.103707047258000e+02 9.471360338760000e+01	 2.223500000000000e-06 -2.453900000000000e-06  0.000000000000000e+00	1.000000000000000e+00	8168	0	434
436	 4.903029119870000e+02  4.515406018237000e+02 -6.474448145763000e+02	 1.816000000000000e-07 -3.145000000000000e-07 -1.595400000000000e-06	1.000000000000000e+00	0	0	436
438	5.189229134204001e+02 6.615098906188000e+02 5.130219300232001e+02	 7.427531250000000e-07  1.286465625000000e-06 -8.262759375000001e-06	4.218750000000000e-01	8168	0	438
439	 1.291713539211000e+02 -1.355961276310000e+01 -1.238055980285000e+02	-2.073740000000000e-05 -3.591820000000000e-05  2.469560000000000e-05	1.000000000000000e+00	8168	0	439
440	 1.800061444546000e+02  7.448882723300001e+01 -1.684159459380000e+01	-2.490080000000000e-05 -4.312940000000000e-05  4.831390000000001e-05	1.000000000000000e+00	8168	0	440
441	-1.139488260386000e+02 -4.346561167987000e+02 -4.069362474040000e+02	 4.716000000000000e-07  8.168000000000001e-07 -2.711600000000000e-06	1.000000000000000e+00	8168	0	441
442	-4.977761885710000e+01 -3.235083255772000e+02 -3.596367501119000e+02	 1.238800000000000e-06  2.145600000000000e-06 -6.025300000000001e-06	1.000000000000000e+00	8168	0	442
444	5.700127018922000e+02 7.500000000000000e+02 3.592584956082000e+02	0.000000000000000e+00 0.000000000000000e+00 0.000000000000000e+00	1.000000000000000e+00	8168	1	444
445	-2.391625304656000e+02 -6.515326146701000e+02 -4.731363058072000e+02	-1.110000000000000e-08 -1.930000000000000e-08  1.422000000000000e-07	1.000000000000000e+00	8168	0	445
446	-1.773140993696000e+02 -5.444079896433000e+02 -4.468729582930000e+02	 1.170000000000000e-08  2.020000000000000e-08 -7.760000000000001e-08	1.000000000000000e+00	8168	0	446
447	4.654742137869000e+02 5.689340272552000e+02 4.794102361917000e+02	-2.319806250000000e-06 -4.018050000000000e-06 -2.607249375000000e-05	5.625000000000000e-01	8168	0	447
448	4.160517587128000e+02 4.833318240320000e+02 4.259848900809000e+02	-2.919442771911621e-07 -5.056578197479249e-07 -4.593879330139160e-05	7.508468627929688e-02	8168	0	448
449	 7.663752804590000e+01 -1.045508682949000e+02 -2.198229711915000e+02	-8.474000000000001e-06 -1.467730000000000e-05  1.772930000000000e-05	1.000000000000000e+00	8168	0	449
450	 1.510255196370000e+01 -2.111325733118000e+02 -3.004795848761000e+02	 1.961700000000000e-06  3.397700000000000e-06 -7.072600000000000e-06	1.000000000000000e+00	8168	0	450
451	2.242817947883000e+02 1.511765031490000e+02 7.517912479450000e+01	-3.167040000000000e-05 -5.485470000000000e-05  6.141750000000001e-05	1.000000000000000e+00	8168	0	451
452	2.707895768628000e+02 2.317303446496000e+02 1.658012998668000e+02	1.265190000000000e-05 2.191370000000000e-05 1.810295000000000e-04	1.000000000000000e+00	8168	0	452
453	 3.301791395035000e+02 -7.022995135727000e+02  3.592584956082000e+02	 1.460200000000000e-06 -2.433000000000000e-07  0.000000000000000e+00	1.000000000000000e+00	8168	0	453
455	-3.746075314123000e+02 -3.682470464779000e+02  6.281348737558001e+02	 3.714400000000000e-06  6.433600000000001e-06 -1.285200000000000e-05	1.000000000000000e+00	491	0	455
459	 3.452505054223000e+02 -5.961842154854000e+02  3.592584956082000e+02	 8.425500000000001e-06 -9.674000000000000e-07  0.000000000000000e+00	1.000000000000000e+00	8168	0	459
460	3.976133960735000e+02 1.486529196234000e+02 3.592584956082000e+02	 6.022590000000000e-05 -2.148000000000000e-06  0.000000000000000e+00	1.000000000000000e+00	8168	0	460
465	 4.226842610190000e+01  6.390603770298001e+02 -1.159425144917000e+02	-4.796100000000001e-06  8.465700000000001e-06  0.000000000000000e+00	1.000000000000000e+00	661	0	465
468	-7.148846854829001e+02  7.173805149140000e+01  6.580962442277000e+02	-2.019800000000000e-05 -6.715900000000000e-06  0.000000000000000e+00	1.000000000000000e+00	1105	0	468
471	 3.576173074452000e+02 -4.742322101931000e+02  3.592584956082000e+02	 1.668570000000000e-05 -1.492900000000000e-06  0.000000000000000e+00	1.000000000000000e+00	8168	0	471
479	7.498619535400001e+02 5.715767664980000e+01 6.580962442277000e+02	 4.715647558593751e-06 -5.756845605468750e-06  0.000000000000000e+00	2.373046875000000e-01	1105	0	479
483	 5.132964610537000e+02 -3.703124675054000e+02  1.469693845670000e+01	 1.377070000000000e-05 -1.906600000000000e-06  0.000000000000000e+00	1.000000000000000e+00	5009	0	483
484	-6.199381697260001e+02  9.348567761990000e+01  6.580962442277000e+02	-6.529210000000000e-05 -5.396600000000000e-06  0.000000000000000e+00	1.000000000000000e+00	1105	0	484
486	-3.787004085794000e+02 -6.314393527898001e+02  5.829785587824000e+02	-1.295790000000000e-05  2.201320000000000e-05  0.000000000000000e+00	1.000000000000000e+00	8190	0	486
487	5.272168238287001e+02 6.758753648394000e+02 2.286190426598000e+02	-3.446436093750000e-05 -5.969404687500000e-05  7.641780468749999e-05	4.218750000000000e-01	8168	0	487
488	 4.621694230297000e+02  5.002692340920000e+02 -6.606998979854001e+02	 1.436000000000000e-07 -2.487000000000000e-07 -1.146200000000000e-06	1.000000000000000e+00	0	0	488
490	5.054285278746000e+02 5.343602392058000e+02 3.804874067123000e+02	2.670300000000000e-06 1.732300000000000e-06 0.000000000000000e+00	1.000000000000000e+00	8006	0	490
491	-5.204586527235000e+02 -6.208685989298000e+02  4.244012779965000e+02	-6.269000000000000e-07 -1.085900000000000e-06 -9.993500000000000e-06	1.000000000000000e+00	491	0	491
494	 8.589123658000000e+00 -6.869068078071000e+02  9.471360338760000e+01	 1.181300000000000e-06 -1.240200000000000e-06  0.000000000000000e+00	1.000000000000000e+00	8168	0	494
495	 5.294404125290000e+02 -2.449876696001000e+02  1.469693845670000e+01	 2.308130000000000e-05 -2.692500000000000e-06  0.000000000000000e+00	1.000000000000000e+00	5009	0	495
496	 3.440513351353000e+02 -6.961955095801001e+02  1.710877156280000e+01	5.718768750000001e-06 9.905175000000000e-06 5.045602500000000e-05	5.625000000000000e-01	8168	0	496
497	-4.702795217270000e+02 -5.339557945642000e+02  5.019089195211000e+02	 2.981900000000000e-06  5.164900000000000e-06 -8.461600000000000e-06	1.000000000000000e+00	491	0	497
499	 5.032081737054000e+02 -4.205277788047000e+02 -2.680115479708000e+02	9.190000000000001e-08 1.591000000000000e-07 4.901600000000000e-06	1.000000000000000e+00	8168	0	499
501	-5.107308632813000e+02  1.059301641642000e+02  6.580962442277000e+02	-5.911960000000000e-05  8.933200000000001e-06  0.000000000000000e+00	1.000000000000000e+00	1105	0	501
503	-4.274938264870000e+02  1.096146739296000e+02  6.580962442277000e+02	-1.633980000000000e-05  1.948350000000000e-05  0.000000000000000e+00	1.000000000000000e+00	1105	0	503
505	5.308961357948000e+02 1.200130264175000e+02 2.286190426598000e+02	-3.726000000000000e-07  4.990000000000000e-08  0.000000000000000e+00	1.000000000000000e+00	8168	0	505
507	-5.691637166307000e+02 -7.052282442030000e+02  3.238823368714000e+02	 4.968000000000001e-07  8.605000000000001e-07 -5.223200000000000e-06	1.000000000000000e+00	491	0	507
512	 9.277677247440000e+01  6.672539194657001e+02 -1.159425144917000e+02	-1.730900000000000e-06  3.136100000000000e-06  0.000000000000000e+00	1.000000000000000e+00	661	0	512
519	-3.569085151376000e+02  1.096890603611000e+02  6.580962442277000e+02	-4.580700000000000e-06  2.654530000000000e-05  0.000000000000000e+00	1.000000000000000e+00	1105	0	519
521	-5.941941356523000e+02 -7.485822016831000e+02  2.417947470862000e+02	 1.132299316406250e-07  1.961323242187500e-07 -2.850859863281250e-07	1.779785156250000e-01	491	0	521
523	 5.020202167210000e+01  6.910882722200000e+02 -6.301048487686000e+02	1.038500000000000e-06 0.000000000000000e+00 1.382900000000000e-06	1.000000000000000e+00	8168	0	523
527	5.561462325750000e+02 2.217292124616000e+02 1.469693845670000e+01	 5.339750000000001e-05 -7.894000000000000e-07  0.000000000000000e+00	1.000000000000000e+00	5009	0	527
529	-3.499647157064000e+02 -3.255644376337000e+02  6.549663781004000e+02	 3.105500000000000e-06  5.378900000000000e-06 -1.195230000000000e-05	1.000000000000000e+00	491	0	529
530	-5.399143597917000e+02  6.910882722200000e+02  5.117658549398000e+02	-2.338256250000000e-06  0.000000000000000e+00 -3.258225000000000e-06	5.625000000000000e-01	8168	0	530
531	5.429086547753000e+02 7.030544133027000e+02 5.216140867691000e+02	 3.815859375000001e-07  6.609093750000000e-07 -4.415681250000000e-06	4.218750000000000e-01	8168	0	531
535	 4.337586991608000e+02  5.494780513128001e+02 -6.751671872919001e+02	 5.715000000000001e-08 -9.900000000000001e-08 -1.281750000000000e-06	7.500000000000000e-01	0	0	535
537	-2.898776811210000e+02  1.074703013674000e+02  6.580962442277000e+02	-2.568100000000000e-06  3.446040000000000e-05  0.000000000000000e+00	1.000000000000000e+00	1105	0	537
538	-6.579491227784000e+02  1.521645506900000e+02  1.077775486825000e+02	-2.204140000000000e-05  7.895000000000000e-07  0.000000000000000e+00	1.000000000000000e+00	23	0	538
540	-7.090228659968001e+02 -6.560008357906000e+02 -1.159425144917000e+02	1.139400000000000e-06 2.847500000000000e-06 0.000000000000000e+00	1.000000000000000e+00	661	0	540
545	-2.262776099549000e+02  1.035553696884000e+02  6.580962442277000e+02	-1.819700000000000e-06  4.363080000000000e-05  0.000000000000000e+00	1.000000000000000e+00	1105	0	545
547	-6.706140112017000e+02 -2.268524176525000e+02  1.077775486825000e+02	-5.768680000000000e-05  1.147900000000000e-06  0.000000000000000e+00	1.000000000000000e+00	23	0	547
553	5.551545952488000e+02 8.818713834370000e+01 1.469693845670000e+01	 4.817940000000000e-05 -2.412000000000000e-07  0.000000000000000e+00	1.000000000000000e+00	5009	0	553
560	-7.299081150587000e+02 -6.160695537193001e+02 -1.159425144917000e+02	1.783000000000000e-06 7.958000000000001e-07 0.000000000000000e+00	1.000000000000000e+00	661	0	560
566	-6.670680820001000e+02 -9.511044724100000e+01  1.077775486825000e+02	-4.095120000000000e-05  1.315600000000000e-06  0.000000000000000e+00	1.000000000000000e+00	23	0	566
567	-6.625600650711000e+02  2.829913792680000e+01  1.077775486825000e+02	-2.860070000000000e-05  1.095000000000000e-06  0.000000000000000e+00	1.000000000000000e+00	23	0	567
568	-1.608034654235000e+02  9.821091730150000e+01  6.580962442277000e+02	2.900400000000000e-06 5.463330000000000e-05 0.000000000000000e+00	1.000000000000000e+00	1105	0	568
571	-5.784099464677000e+02  2.514182736938000e+02 -1.159425144917000e+02	-7.260400000000000e-05  1.164928000000000e-04  0.000000000000000e+00	1.000000000000000e+00	661	0	571
572	-3.678702230324000e+02  6.910882722200000e+02  1.518683640526000e+02	 1.149622558593750e-06 -1.522309570312500e-07 -1.284720117187500e-06	2.373046875000000e-01	8168	0	572
582	-4.258007823825000e+02 -6.582307109628000e+02  5.829785587824000e+02	-1.368320000000000e-05  2.476070000000000e-05  0.000000000000000e+00	1.000000000000000e+00	8190	0	582
583	-9.645028703690001e+01  9.220482325580001e+01  6.580962442277000e+02	6.331200000000000e-06 6.761010000000001e-05 0.000000000000000e+00	1.000000000000000e+00	1105	0	583
585	 4.039552171803000e+02  6.010991963454001e+02 -6.931093539503000e+02	-2.127300000000000e-06  3.684500000000000e-06 -1.519400000000000e-06	1.000000000000000e+00	0	0	585
589	 1.441897323431000e+02  6.947064197866000e+02 -1.159425144917000e+02	 6.524000000000000e-07 -1.277900000000000e-06  0.000000000000000e+00	1.000000000000000e+00	661	0	589
595	5.338566496981000e+02 4.924106952401000e+02 3.804874067123000e+02	2.830600000000000e-06 2.217100000000000e-06 0.000000000000000e+00	1.000000000000000e+00	8006	0	595
598	 9.629451579640001e+01  6.910882722200000e+02 -6.584225400206000e+02	1.551700000000000e-06 0.000000000000000e+00 2.660500000000000e-06	1.000000000000000e+00	8168	0	598
600	-3.360039606480000e+01  8.585931176910000e+01  6.580962442277000e+02	9.301500000000001e-06 8.258500000000001e-05 0.000000000000000e+00	1.000000000000000e+00	1105	0	600
602	-4.294129256626000e+02  6.910882722200000e+02  6.836342560380000e+01	1.869860000000000e-05 0.000000000000000e+00 4.465150000000000e-05	1.000000000000000e+00	8168	0	602
610	-5.725558849940001e+02  6.910882722200000e+02  5.492934959798000e+02	-1.577100000000000e-06  0.000000000000000e+00 -1.859025000000000e-06	7.500000000000000e-01	8168	0	610
611	-6.726986943058000e+02 -3.602132100808000e+02  1.077775486825000e+02	-7.346800000000001e-05  1.018600000000000e-06  0.000000000000000e+00	1.000000000000000e+00	23	0	611
615	 4.300000000000000e+02 -5.473280551918000e+02 -2.606506917860000e+02	0.000000000000000e+00 0.000000000000000e+00 0.000000000000000e+00	1.000000000000000e+00	8168	0	615
616	-3.242454622282000e+02 -2.810173838768000e+02  6.794623648146001e+02	 2.351500000000000e-06  4.072900000000000e-06 -1.046910000000000e-05	1.000000000000000e+00	491	0	616
618	2.768800697690000e+01 7.913954392600000e+01 6.580962442277000e+02	1.282810000000000e-05 9.940080000000001e-05 0.000000000000000e+00	1.000000000000000e+00	1105	0	618
620	 3.736641624173000e+02  6.535648422098001e+02 -7.079361898566000e+02	-4.455592860031128e-06  7.717316682815551e-06 -2.245888085174561e-06	7.508468627929688e-02	0	0	620
625	-6.854432030294000e+02  1.909157557895000e+02 -1.159425144917000e+02	-7.012310000000000e-05  1.644917000000000e-04  0.000000000000000e+00	1.000000000000000e+00	661	0	625
627	 5.167015317479000e+02 -6.766850240511001e+02  2.286190426598000e+02	-2.798370000000000e-05  5.790530000000000e-05  0.000000000000000e+00	1.000000000000000e+00	8168	0	627
630	-3.354469314755000e+02  6.910882722200000e+02  1.798298040427000e+02	-3.075880078125000e-06  0.000000000000000e+00 -1.437465234375000e-06	3.164062500000000e-01	8168	0	630
631	8.773377321230001e+01 7.181150558620000e+01 6.580962442277000e+02	1.751740000000000e-05 1.178742000000000e-04 0.000000000000000e+00	1.000000000000000e+00	1105	0	631
639	 1.464366899626000e+02  6.910882722200000e+02 -6.849251955032000e+02	6.352000000000000e-07 0.000000000000000e+00 1.234900000000000e-06	1.000000000000000e+00	8168	0	639
646	 3.681210643404000e+02 -3.421012331803000e+02  3.592584956082000e+02	 2.635670000000000e-05 -1.833400000000000e-06  0.000000000000000e+00	1.000000000000000e+00	8168	0	646
647	 3.762796105133000e+02 -2.128753423882000e+02  3.592584956082000e+02	 3.608720000000000e-05 -2.180500000000000e-06  0.000000000000000e+00	1.000000000000000e+00	8168	0	647
655	 1.971391997554000e+02  7.210483871435000e+02 -1.159425144917000e+02	 1.972900000000000e-06 -4.190300000000000e-06  0.000000000000000e+00	1.000000000000000e+00	661	0	655
660	-4.737394228667000e+02 -6.839021982453000e+02  5.829785587824000e+02	-1.442680000000000e-05  2.760560000000000e-05  0.000000000000000e+00	1.000000000000000e+00	8190	0	660
664	1.474362720289000e+02 6.351062514810000e+01 6.580962442277000e+02	2.270780000000000e-05 1.380430000000000e-04 0.000000000000000e+00	1.000000000000000e+00	1105	0	664
681	 3.354529551985000e+02  7.197485945314000e+02 -7.318431188209000e+02	-1.000922041797638e-06  1.733650969791412e-06 -4.147096163749695e-07	5.631351470947266e-02	0	0	681
688	-6.072285862973000e+02  6.910882722200000e+02  5.882094130164000e+02	-3.555000000000000e-07  0.000000000000000e+00 -9.341000000000001e-07	1.000000000000000e+00	8168	0	688
689	2.072115066458000e+02 5.393295428890000e+01 6.580962442277000e+02	2.771750000000000e-05 1.597510000000000e-04 0.000000000000000e+00	1.000000000000000e+00	1105	0	689
696	 4.690934292139000e+02 -4.796162495511000e+02 -2.651249386278000e+02	7.128632812500001e-08 1.234617187500000e-07 2.940394921875000e-06	3.164062500000000e-01	8168	0	696
703	2.676443215820000e+02 4.285814937890000e+01 6.580962442277000e+02	3.289040000000000e-05 1.826890000000000e-04 0.000000000000000e+00	1.000000000000000e+00	1105	0	703
707	 3.840256698232000e+02 -7.902163230810001e+01  3.592584956082000e+02	 4.533730000000000e-05 -2.703600000000000e-06  0.000000000000000e+00	1.000000000000000e+00	8168	0	707
708	 4.240856473230000e+02 -5.473280551918000e+02 -2.583082825135000e+02	2.574303497314453e-07 0.000000000000000e+00 1.641851806640625e-07	1.001129150390625e-01	8168	0	708
710	3.339038064136000e+02 2.940018321740000e+01 6.580962442277000e+02	4.045370000000000e-05 2.085482000000000e-04 0.000000000000000e+00	1.000000000000000e+00	1105	0	710
712	-3.380507213113000e+02  6.910882722200000e+02  2.107599098534000e+02	-4.695637500000000e-06  0.000000000000000e+00 -3.464943750000000e-06	5.625000000000000e-01	8168	0	712
714	 4.939299859347000e+02 -2.247784394400000e+00  6.580962442277000e+02	1.010088000000000e-04 2.665046000000000e-04 0.000000000000000e+00	1.000000000000000e+00	1105	0	714
715	 5.649830027581000e+02 -1.119268429090000e+01  6.580962442277000e+02	1.027887000000000e-04 2.883050000000000e-04 0.000000000000000e+00	1.000000000000000e+00	1105	0	715
717	 6.160639864422001e+02 -1.119365451540000e+01  6.580962442277000e+02	6.029760000000000e-05 2.700871000000000e-04 0.000000000000000e+00	1.000000000000000e+00	1105	0	717
718	-5.309237061039000e+02  7.015836032688001e+02 -6.793251553319001e+02	3.882140000000000e-05 4.897190000000000e-05 0.000000000000000e+00	1.000000000000000e+00	8168	0	718
720	 6.581167297305000e+02 -2.904763758800000e+00  6.580962442277000e+02	4.803450000000000e-05 2.112462000000000e-04 0.000000000000000e+00	1.000000000000000e+00	1105	0	720
722	 1.997511513902000e+02  6.910882722200000e+02 -7.088952151414001e+02	-1.810000000000000e-08  0.000000000000000e+00 -6.130000000000000e-08	1.000000000000000e+00	8168	0	722
728	 4.753985675377000e+02 -6.259606807578000e+02 -3.708276519570000e+02	 1.488840000000000e-05 -2.578740000000000e-05  7.617320000000000e-05	1.000000000000000e+00	8168	0	728
729	7.008661331537000e+02 1.702342465650000e+01 6.580962442277000e+02	4.757917500000001e-05 1.368159000000000e-04 0.000000000000000e+00	7.500000000000000e-01	1105	0	729
733	5.863803373144000e+02 4.346357030260000e+02 3.804874067123000e+02	1.581200000000000e-06 1.714400000000000e-06 0.000000000000000e+00	1.000000000000000e+00	8006	0	733
737	-6.466528681034000e+02  6.910882722200000e+02  6.316401586419000e+02	 2.191000000000000e-07  0.000000000000000e+00 -1.234000000000000e-07	1.000000000000000e+00	8168	0	737
740	-2.974700865048000e+02 -2.346410727321000e+02  7.014055087332000e+02	 1.647900000000000e-06  2.854300000000000e-06 -8.573100000000001e-06	1.000000000000000e+00	491	0	740
745	-5.854885262833001e+02  7.500000000000000e+02 -6.793251553319001e+02	1.044883000000000e-04 1.177573000000000e-04 0.000000000000000e+00	1.000000000000000e+00	8168	1	745
746	-8.382249944290000e+01  6.910882722200000e+02 -5.197755491175000e+02	-1.922110000000000e-05  0.000000000000000e+00 -2.971040000000000e-05	1.000000000000000e+00	8168	0	746
747	6.164799396588000e+02 4.089948278360000e+02 3.804874067123000e+02	3.339000000000000e-07 3.748000000000000e-07 0.000000000000000e+00	1.000000000000000e+00	8006	0	747
755	-2.689392479795000e+02  5.508675929633000e+02 -6.793251553319001e+02	-1.606630000000000e-05 -2.916990000000000e-05  0.000000000000000e+00	1.000000000000000e+00	8168	0	755
771	6.559214629011000e+02 3.774347556199000e+02 3.804874067123000e+02	-2.578500000000000e-06 -3.199100000000000e-06  0.000000000000000e+00	1.000000000000000e+00	8006	0	771
776	 2.558905737862000e+02  6.910882722200000e+02 -7.302179335791001e+02	-2.610000000000000e-07  0.000000000000000e+00 -7.064000000000000e-07	1.000000000000000e+00	8168	0	776
805	-1.016241512382000e+02  3.734719852835000e+02 -7.379973444446000e+02	-1.504562694763184e-04  2.605978956665039e-04 -9.903965253112792e-04	1.334838867187500e-01	8168	0	805
828	-1.383540124018000e+02  3.403479836873000e+02 -7.451552687344000e+02	-6.106086914062500e-07  0.000000000000000e+00 -1.470709779510498e-05	1.001129150390625e-01	8168	0	828
864	-2.696170130160000e+02 -1.863981343025000e+02  7.205650332842000e+02	 1.002300000000000e-06  1.736000000000000e-06 -6.219100000000000e-06	1.000000000000000e+00	491	0	864
865	 3.995533147023000e+02 -5.473280551918000e+02 -2.190576441930000e+02	 3.868425000000000e-06  0.000000000000000e+00 -1.457561250000000e-05	5.625000000000000e-01	8168	0	865
909	-1.272672889664000e+02  6.910882722200000e+02  3.592584956082000e+02	0.000000000000000e+00 0.000000000000000e+00 0.000000000000000e+00	4.218750000000000e-01	8168	0	909
1000	-3.601906976584000e+02  6.910882722200000e+02  2.641715554342000e+02	-5.840400000000000e-06  0.000000000000000e+00 -5.452100000000000e-06	1.000000000000000e+00	8168	0	1000
1002	7.016689125690000e+02 3.404467610357000e+02 3.804874067123000e+02	-5.368400000000000e-06 -6.015800000000000e-06  0.000000000000000e+00	1.000000000000000e+00	8006	0	1002
1003	-4.471558902106000e+02  6.910882722200000e+02  3.969323736660000e+02	-8.733487500000001e-06  0.000000000000000e+00 -8.586843750000000e-07	4.218750000000000e-01	8168	0	1003
1011	6.940928753271000e+02 2.752352136182000e+02 1.614014948694000e+02	-1.867587890625000e-06  3.234779296875000e-06  4.526349609375000e-06	3.164062500000000e-01	8168	0	1011
1012	 3.848253007965000e+02 -5.473280551918000e+02 -1.621879732786000e+02	-5.273500000000000e-06  0.000000000000000e+00 -1.973060000000000e-05	1.000000000000000e+00	8168	0	1012
1014	-3.328263950681000e+02  6.206309444989000e+02  1.518683640526000e+02	-1.115700000000000e-06 -4.190000000000000e-07  0.000000000000000e+00	1.000000000000000e+00	8168	0	1014
1015	-3.580438434320000e+02  6.863383635323000e+02  1.518683640526000e+02	-7.617000000000001e-07  3.885000000000000e-07  0.000000000000000e+00	1.000000000000000e+00	8168	0	1015
1020	-3.627223624524000e+02  6.863743662965001e+02  1.518683640526000e+02	-6.372817382812499e-07  4.477939453125000e-07  0.000000000000000e+00	2.373046875000000e-01	8168	0	1020
1081	-5.236752712544001e+02 -7.093851554308001e+02  5.829785587824000e+02	-1.220210000000000e-05  2.500930000000000e-05  0.000000000000000e+00	1.000000000000000e+00	8190	0	1081
1396	-4.402581811644000e+02  6.910882722200000e+02 -4.143754115800000e+01	-1.298410000000000e-05  0.000000000000000e+00  8.049610000000000e-05	1.000000000000000e+00	8168	0	1396
1705	 3.886177511481000e+02 -5.473280551918000e+02 -1.028493329784000e+02	-1.395920000000000e-05  0.000000000000000e+00 -6.317700000000001e-06	1.000000000000000e+00	8168	0	1705
1759	5.477455627191000e+02 7.114321836129001e+02 2.656528182954000e+02	-2.069831601562500e-05 -3.585050507812501e-05 -8.761447265625001e-06	3.164062500000000e-01	8168	0	1759
1801	-2.408225475709000e+02 -1.365246571747000e+02  7.364560386279001e+02	 3.547000000000000e-07  6.144000000000000e-07 -3.232700000000000e-06	1.000000000000000e+00	491	0	1801
3478	2.997254141072000e+02 2.818486849164000e+02 2.286190426598000e+02	-9.008160000000001e-05 -1.560258000000000e-04  0.000000000000000e+00	1.000000000000000e+00	8168	0	3478
4128	-6.640089270872000e+02 -7.116412210957001e+02 -1.159425144917000e+02	-8.738000000000000e-07  3.234700000000000e-06  0.000000000000000e+00	1.000000000000000e+00	661	0	4128
4213	-3.240923215360000e+02  6.910882722200000e+02 -2.742237110838000e+02	 2.306960000000000e-05  0.000000000000000e+00 -4.254520000000000e-05	1.000000000000000e+00	8168	0	4213
4214	4.323726899672000e+02 7.353485891080001e+02 2.286190426598000e+02	-2.934525000000000e-06 -1.341802500000000e-05  0.000000000000000e+00	7.500000000000000e-01	8168	0	4214
4220	 4.300000000000000e+02 -5.473280551918000e+02  8.956488194300000e+00	0.000000000000000e+00 0.000000000000000e+00 0.000000000000000e+00	5.625000000000000e-01	8168	0	4220
4225	-2.335204728899000e+02  6.910882722200000e+02 -3.999738645697000e+02	 1.908985350379944e-05  0.000000000000000e+00 -2.965070984916687e-05	5.631351470947266e-02	8168	0	4225
4234	5.656099291793000e+02 7.423741739671000e+02 3.232087222149000e+02	-3.448200000000000e-06 -5.972400000000001e-06  2.032125000000000e-06	7.500000000000000e-01	8168	0	4234
4235	5.237670090142000e+02 6.728613214825000e+02 2.286190426598000e+02	-4.260191835937500e-05 -6.256829179687499e-05  0.000000000000000e+00	3.164062500000000e-01	8168	0	4235
4236	5.403172622537001e+02 3.908281430158000e+02 2.286190426598000e+02	 6.112460000000001e-05 -4.062100000000000e-05  0.000000000000000e+00	1.000000000000000e+00	8168	0	4236
4240	5.277607555252000e+02 5.399887220449000e+02 2.286190426598000e+02	 8.788000000000001e-07 -9.230000000000000e-08  0.000000000000000e+00	1.000000000000000e+00	8168	0	4240
4244	4.870675867361000e+02 3.564887569232000e+02 2.286190426598000e+02	 4.478090000000000e-05 -7.811000000000001e-05  0.000000000000000e+00	1.000000000000000e+00	8168	0	4244
4245	3.659395073633000e+02 2.956261128126000e+02 2.286190426598000e+02	 9.468800000000000e-06 -1.428969000000000e-04  0.000000000000000e+00	1.000000000000000e+00	8168	0	4245
4250	3.983609917919000e+02 1.581436927140000e+01 6.580962442277000e+02	6.757790000000000e-05 2.300811000000000e-04 0.000000000000000e+00	1.000000000000000e+00	1105	0	4250
4258	-2.638082740342000e+02  6.910882722200000e+02 -3.646340586370000e+02	 1.668660000000000e-05  0.000000000000000e+00 -6.133380000000001e-05	1.000000000000000e+00	8168	0	4258
4264	3.991678228464000e+02 3.079624151475000e+02 3.592584956082000e+02	5.394891093750000e-05 1.401404414062500e-05 0.000000000000000e+00	3.164062500000000e-01	8168	0	4264
4270	 4.278573470893000e+02 -5.436168714874000e+02  1.561470009720000e+01	 3.128719921875000e-06 -5.419113574218750e-06 -1.194629765625000e-05	2.373046875000000e-01	8168	0	4270
4273	-3.743054054013000e+02  6.910882722200000e+02 -1.922332754125000e+02	-8.087860000000001e-05  0.000000000000000e+00  1.414747000000000e-04	1.000000000000000e+00	8168	0	4273
4275	4.327279293129000e+02 3.274112874344000e+02 2.286190426598000e+02	 6.522040000000000e-05 -1.314429000000000e-04  0.000000000000000e+00	1.000000000000000e+00	8168	0	4275
4276	 3.806540875859000e+02 -6.327976826388000e+02  1.612218466450000e+01	1.089311062500000e-04 1.886742562500000e-04 5.696550000000001e-06	5.625000000000000e-01	8168	0	4276
4287	-5.790331289229000e+02 -7.311677595560001e+02  5.829785587824000e+02	-2.270100000000000e-06  6.117500000000000e-06  0.000000000000000e+00	1.000000000000000e+00	8190	0	4287
4288	3.741472892395000e+02 4.107511538400000e+02 3.592584956082000e+02	2.861660005486969e-05 4.956540195701875e-05 0.000000000000000e+00	3.745770461819845e-02	8168	0	4288
4292	5.241008821572000e+02 5.999385413073001e+02 2.286190426598000e+02	-4.796800000000000e-06  4.890000000000000e-08  0.000000000000000e+00	1.000000000000000e+00	8168	0	4292
4296	5.840543785053001e+02 3.709545718499000e+02 2.286190426598000e+02	2.633343750000000e-06 5.823098437500001e-06 0.000000000000000e+00	4.218750000000000e-01	8168	0	4296
4297	5.291621931306000e+02 4.795974287081000e+02 2.286190426598000e+02	2.624150000000000e-05 1.145400000000000e-06 0.000000000000000e+00	1.000000000000000e+00	8168	0	4297
4302	-7.215936687277000e+02  6.910882722200000e+02  7.132387296315001e+02	-3.631059000000000e-04  0.000000000000000e+00  4.182582000000000e-04	1.000000000000000e+00	8168	0	4302
4303	3.743612202507000e+02 4.111216932207000e+02 3.630271966469000e+02	 5.762263271484375e-05  9.980532070312500e-05 -2.292572109375000e-05	2.373046875000000e-01	8168	0	4303
4307	-1.395045827255000e+02  4.390828172321000e+02 -7.069959328695001e+02	-6.497948671875000e-04  1.125477745312500e-03 -2.128171260937500e-03	4.218750000000000e-01	8168	0	4307
4308	-1.674090729878000e+02  6.910882722200000e+02 -4.390158945313000e+02	-1.104899879882813e-04  0.000000000000000e+00  5.635616726074220e-05	1.779785156250000e-01	8168	0	4308
4309	 4.453895934317000e+02 -5.301314032872000e+02  2.286190426598000e+02	-2.146090000000000e-05 -1.693800000000000e-06  0.000000000000000e+00	1.000000000000000e+00	8168	0	4309
4310	7.248030955997000e+02 2.220435517945000e+02 1.213115826010000e+02	 1.718229701499939e-05 -2.976061881294251e-05 -2.134527734413147e-05	7.508468627929688e-02	8168	0	4310
4312	6.482045777941000e+02 3.547160764181000e+02 2.286190426598000e+02	 8.296409179687500e-07 -1.436998535156250e-06  2.265547851562500e-06	2.373046875000000e-01	8168	0	4312
4315	6.386055243548000e+02 3.527833073999000e+02 2.286190426598000e+02	-2.595700000000000e-06 -1.103000000000000e-07  0.000000000000000e+00	1.000000000000000e+00	8168	0	4315
4317	6.044993067441001e+02 6.927244529751000e+02 1.469693845670000e+01	 1.779700000000000e-06 -5.544000000000000e-07  0.000000000000000e+00	1.000000000000000e+00	5009	0	4317
4318	 4.329497208409000e+02 -5.524371215564000e+02  8.173698095050000e+01	-2.981900000000000e-05  5.164800000000000e-05 -1.978194000000000e-04	1.000000000000000e+00	8168	0	4318
4319	 5.372590164737001e+02 -7.331061212940000e+02 -6.141630540816000e+02	 4.170792000000000e-04 -7.224024000000001e-04 -2.699012000000000e-04	1.000000000000000e+00	8168	0	4319
4320	-2.177906578657000e+02  5.171023119346000e+02 -6.793251553319001e+02	-2.421772000000000e-03 -4.016338300000000e-03  0.000000000000000e+00	1.000000000000000e+00	8168	0	4320
0	 5.000000000000000e-01 -8.660254037844386e-01  0.000000000000000e+00	8.660254037844385e-01 5.000000000000000e-01 0.000000000000000e+00	5.632499999999998e+02 3.251925391210567e+02 0.000000000000000e+00	1	0	0.000000000000000e+00	0.000000000000000e+00	0.000000000000000e+00	9.300729599797836e+04
1	5.000000000000000e-01 8.660254037844386e-01 0.000000000000000e+00	0.000000000000000e+00 0.000000000000000e+00 1.000000000000000e+00	0.000000000000000e+00 0.000000000000000e+00 2.286190426597633e+02	1	0	0.000000000000000e+00	0.000000000000000e+00	0.000000000000000e+00	3.545814823430529e+05
3	-5.000000000000000e-01 -8.660254037844386e-01  0.000000000000000e+00	0.000000000000000e+00 0.000000000000000e+00 1.000000000000000e+00	0.000000000000000e+00 0.000000000000000e+00 6.580962442277471e+02	1	0	0.000000000000000e+00	0.000000000000000e+00	0.000000000000000e+00	1.210736514974700e+06
4	-1.000000000000000e+00  0.000000000000000e+00  0.000000000000000e+00	0.000000000000000e+00 0.000000000000000e+00 1.000000000000000e+00	-0.000000000000000e+00 -0.000000000000000e+00 -1.159425144917371e+02	1	0	0.000000000000000e+00	0.000000000000000e+00	0.000000000000000e+00	1.946185773020558e+06
7	-5.000000000000000e-01 -8.660254037844386e-01  0.000000000000000e+00	0.000000000000000e+00 0.000000000000000e+00 1.000000000000000e+00	-0.000000000000000e+00 -0.000000000000000e+00 -1.894272067752324e+02	1	0	0.000000000000000e+00	0.000000000000000e+00	0.000000000000000e+00	1.360965030598118e+06
9	-5.000000000000000e-01 -8.660254037844386e-01  0.000000000000000e+00	 8.660254037844385e-01 -5.000000000000000e-01  0.000000000000000e+00	-1.215000000000000e+02  7.014805770653952e+01 -0.000000000000000e+00	1	0	0.000000000000000e+00	0.000000000000000e+00	0.000000000000000e+00	2.457286956819630e+06
10	-5.000000000000000e-01  8.660254037844386e-01  0.000000000000000e+00	8.660254037844385e-01 5.000000000000000e-01 0.000000000000000e+00	-1.409999999999999e+02 -8.140638795573722e+01 -0.000000000000000e+00	1	0	0.000000000000000e+00	0.000000000000000e+00	0.000000000000000e+00	2.349298047299410e+03
12	1.000000000000000e+00 0.000000000000000e+00 0.000000000000000e+00	 0.000000000000000e+00 -1.000000000000000e+00  0.000000000000000e+00	0.000000000000000e+00 2.381569860407206e+02 0.000000000000000e+00	1	0	0.000000000000000e+00	0.000000000000000e+00	0.000000000000000e+00	2.250000000000000e+06
13	 5.000000000000000e-01 -8.660254037844386e-01  0.000000000000000e+00	0.000000000000000e+00 0.000000000000000e+00 1.000000000000000e+00	0.000000000000000e+00 0.000000000000000e+00 1.518683640525570e+02	1	0	0.000000000000000e+00	0.000000000000000e+00	0.000000000000000e+00	1.230770022348097e+06
15	5.000000000000000e-01 8.660254037844386e-01 0.000000000000000e+00	 8.660254037844385e-01 -5.000000000000000e-01  0.000000000000000e+00	 5.594999999999998e+02 -3.230274756115955e+02  0.000000000000000e+00	1	0	0.000000000000000e+00	0.000000000000000e+00	0.000000000000000e+00	4.852124663800966e+05
18	-5.000000000000000e-01 -8.660254037844386e-01  0.000000000000000e+00	0.000000000000000e+00 0.000000000000000e+00 1.000000000000000e+00	0.000000000000000e+00 0.000000000000000e+00 1.469693845669907e+01	1	0	0.000000000000000e+00	0.000000000000000e+00	0.000000000000000e+00	3.174557177217094e+05
21	-5.000000000000000e-01 -8.660254037844386e-01  0.000000000000000e+00	0.000000000000000e+00 0.000000000000000e+00 1.000000000000000e+00	0.000000000000000e+00 0.000000000000000e+00 3.592584956081994e+02	1	0	0.000000000000000e+00	0.000000000000000e+00	0.000000000000000e+00	1.353232782214889e+03
22	-5.000000000000000e-01 -8.660254037844386e-01  0.000000000000000e+00	 8.660254037844385e-01 -5.000000000000000e-01  0.000000000000000e+00	 1.027500000000000e+02 -5.932274015923404e+01  0.000000000000000e+00	1	0	0.000000000000000e+00	0.000000000000000e+00	0.000000000000000e+00	1.179922039110200e+06
24	5.000000000000000e-01 8.660254037844386e-01 0.000000000000000e+00	 8.660254037844385e-01 -5.000000000000000e-01  0.000000000000000e+00	 7.694999999999998e+02 -4.442710321414170e+02  0.000000000000000e+00	1	0	0.000000000000000e+00	0.000000000000000e+00	0.000000000000000e+00	2.358609370372299e+05
25	-5.000000000000000e-01  8.660254037844386e-01  0.000000000000000e+00	8.660254037844385e-01 5.000000000000000e-01 0.000000000000000e+00	-8.017499999999998e+02 -4.628905783227824e+02 -0.000000000000000e+00	1	0	0.000000000000000e+00	0.000000000000000e+00	0.000000000000000e+00	1.974568915210525e+05
26	1.000000000000000e+00 0.000000000000000e+00 0.000000000000000e+00	0.000000000000000e+00 0.000000000000000e+00 1.000000000000000e+00	0.000000000000000e+00 0.000000000000000e+00 5.829785587823964e+02	1	0	0.000000000000000e+00	0.000000000000000e+00	0.000000000000000e+00	5.174198207922146e+05
27	 5.000000000000000e-01 -8.660254037844386e-01  0.000000000000000e+00	0.000000000000000e+00 0.000000000000000e+00 1.000000000000000e+00	0.000000000000000e+00 0.000000000000000e+00 6.580962442277471e+02	1	0	0.000000000000000e+00	0.000000000000000e+00	0.000000000000000e+00	9.629440400509555e+03
28	1.000000000000000e+00 0.000000000000000e+00 0.000000000000000e+00	0.000000000000000e+00 0.000000000000000e+00 1.000000000000000e+00	0.000000000000000e+00 0.000000000000000e+00 2.286190426597633e+02	1	0	0.000000000000000e+00	0.000000000000000e+00	0.000000000000000e+00	3.840329730635814e+04
29	1.000000000000000e+00 0.000000000000000e+00 0.000000000000000e+00	 0.000000000000000e+00 -1.000000000000000e+00  0.000000000000000e+00	0.000000000000000e+00 5.715767664977295e+01 0.000000000000000e+00	1	0	0.000000000000000e+00	0.000000000000000e+00	0.000000000000000e+00	2.112144366341550e+06
43	5.000000000000000e-01 8.660254037844386e-01 0.000000000000000e+00	 0.000000000000000e+00  0.000000000000000e+00 -1.000000000000000e+00	-0.000000000000000e+00 -0.000000000000000e+00 -1.159425144917371e+02	1	0	0.000000000000000e+00	0.000000000000000e+00	0.000000000000000e+00	2.031489056158290e+03
55	-1.000000000000000e+00  0.000000000000000e+00  0.000000000000000e+00	0.000000000000000e+00 0.000000000000000e+00 1.000000000000000e+00	-0.000000000000000e+00 -0.000000000000000e+00 -4.262112152442729e+02	1	0	0.000000000000000e+00	0.000000000000000e+00	0.000000000000000e+00	5.555329082419236e+04
66	-5.000000000000000e-01 -8.660254037844386e-01  0.000000000000000e+00	0.000000000000000e+00 0.000000000000000e+00 1.000000000000000e+00	0.000000000000000e+00 0.000000000000000e+00 1.077775486824598e+02	1	0	0.000000000000000e+00	0.000000000000000e+00	0.000000000000000e+00	2.114080651210710e+06
76	-1.000000000000000e+00  0.000000000000000e+00  0.000000000000000e+00	0.000000000000000e+00 0.000000000000000e+00 1.000000000000000e+00	0.000000000000000e+00 0.000000000000000e+00 2.286190426597633e+02	1	0	0.000000000000000e+00	0.000000000000000e+00	0.000000000000000e+00	1.002909815271332e+03
106	-1.000000000000000e+00  0.000000000000000e+00  0.000000000000000e+00	 0.000000000000000e+00 -1.000000000000000e+00  0.000000000000000e+00	-0.000000000000000e+00 -5.473280551917652e+02 -0.000000000000000e+00	1	0	0.000000000000000e+00	0.000000000000000e+00	0.000000000000000e+00	7.752279478365539e+03
107	 5.000000000000000e-01 -8.660254037844386e-01  0.000000000000000e+00	0.000000000000000e+00 0.000000000000000e+00 1.000000000000000e+00	0.000000000000000e+00 0.000000000000000e+00 3.804874067123203e+02	1	0	0.000000000000000e+00	0.000000000000000e+00	0.000000000000000e+00	2.155995885541397e+06
108	5.000000000000000e-01 8.660254037844386e-01 0.000000000000000e+00	0.000000000000000e+00 0.000000000000000e+00 1.000000000000000e+00	-0.000000000000000e+00 -0.000000000000000e+00 -4.164132562731402e+02	1	0	0.000000000000000e+00	0.000000000000000e+00	0.000000000000000e+00	1.972114974456122e+06
113	 5.000000000000000e-01 -8.660254037844386e-01  0.000000000000000e+00	0.000000000000000e+00 0.000000000000000e+00 1.000000000000000e+00	-0.000000000000000e+00 -0.000000000000000e+00 -6.793251553318680e+02	1	0	0.000000000000000e+00	0.000000000000000e+00	0.000000000000000e+00	1.257922874234984e+06
208	1.000000000000000e+00 0.000000000000000e+00 0.000000000000000e+00	 0.000000000000000e+00 -1.000000000000000e+00  0.000000000000000e+00	0.000000000000000e+00 3.403479836872843e+02 0.000000000000000e+00	1	0	0.000000000000000e+00	0.000000000000000e+00	0.000000000000000e+00	2.503300212504278e+04
243	 5.000000000000000e-01 -8.660254037844386e-01  0.000000000000000e+00	0.000000000000000e+00 0.000000000000000e+00 1.000000000000000e+00	0.000000000000000e+00 0.000000000000000e+00 3.592584956081994e+02	1	0	0.000000000000000e+00	0.000000000000000e+00	0.000000000000000e+00	0.000000000000000e+00
246	1.000000000000000e+00 0.000000000000000e+00 0.000000000000000e+00	0.000000000000000e+00 0.000000000000000e+00 1.000000000000000e+00	0.000000000000000e+00 0.000000000000000e+00 3.592584956081994e+02	1	0	0.000000000000000e+00	0.000000000000000e+00	0.000000000000000e+00	0.000000000000000e+00
248	1.000000000000000e+00 0.000000000000000e+00 0.000000000000000e+00	0.000000000000000e+00 0.000000000000000e+00 1.000000000000000e+00	0.000000000000000e+00 0.000000000000000e+00 3.592584956081994e+02	1	0	0.000000000000000e+00	0.000000000000000e+00	0.000000000000000e+00	0.000000000000000e+00
297	-1.000000000000000e+00  0.000000000000000e+00  0.000000000000000e+00	0.000000000000000e+00 1.000000000000000e+00 0.000000000000000e+00	0.000000000000000e+00 6.910882722199819e+02 0.000000000000000e+00	1	0	0.000000000000000e+00	0.000000000000000e+00	0.000000000000000e+00	0.000000000000000e+00
319	5.000000000000000e-01 8.660254037844386e-01 0.000000000000000e+00	0.000000000000000e+00 0.000000000000000e+00 1.000000000000000e+00	0.000000000000000e+00 0.000000000000000e+00 3.592584956081994e+02	1	0	0.000000000000000e+00	0.000000000000000e+00	0.000000000000000e+00	1.353232782214895e+03
320	-1.000000000000000e+00  0.000000000000000e+00  0.000000000000000e+00	 0.000000000000000e+00 -1.000000000000000e+00  0.000000000000000e+00	0.000000000000000e+00 6.910882722199819e+02 0.000000000000000e+00	1	0	0.000000000000000e+00	0.000000000000000e+00	0.000000000000000e+00	1.635708049574467e+06
321	-5.000000000000000e-01 -8.660254037844386e-01  0.000000000000000e+00	0.000000000000000e+00 0.000000000000000e+00 1.000000000000000e+00	0.000000000000000e+00 0.000000000000000e+00 3.592584956081994e+02	1	0	0.000000000000000e+00	0.000000000000000e+00	0.000000000000000e+00	5.312766506146971e+05
323	-5.000000000000000e-01 -8.660254037844386e-01  0.000000000000000e+00	 0.000000000000000e+00  0.000000000000000e+00 -1.000000000000000e+00	0.000000000000000e+00 0.000000000000000e+00 1.518683640525570e+02	1	0	0.000000000000000e+00	0.000000000000000e+00	0.000000000000000e+00	3.843225388505306e+01
324	1.000000000000000e+00 0.000000000000000e+00 0.000000000000000e+00	 0.000000000000000e+00  0.000000000000000e+00 -1.000000000000000e+00	0.000000000000000e+00 0.000000000000000e+00 1.518683640525570e+02	1	0	0.000000000000000e+00	0.000000000000000e+00	0.000000000000000e+00	3.843225388505306e+01
325	-1.000000000000000e+00  0.000000000000000e+00  0.000000000000000e+00	 0.000000000000000e+00  0.000000000000000e+00 -1.000000000000000e+00	0.000000000000000e+00 0.000000000000000e+00 1.518683640525570e+02	1	0	0.000000000000000e+00	0.000000000000000e+00	0.000000000000000e+00	3.843225388505306e+01
327	1.000000000000000e+00 0.000000000000000e+00 0.000000000000000e+00	0.000000000000000e+00 0.000000000000000e+00 1.000000000000000e+00	0.000000000000000e+00 0.000000000000000e+00 1.518683640525570e+02	1	0	0.000000000000000e+00	0.000000000000000e+00	0.000000000000000e+00	1.093438065643729e+01
337	 5.000000000000000e-01 -8.660254037844386e-01  0.000000000000000e+00	8.660254037844385e-01 5.000000000000000e-01 0.000000000000000e+00	8.549999999999997e+01 4.936344801571300e+01 0.000000000000000e+00	1	0	0.000000000000000e+00	0.000000000000000e+00	0.000000000000000e+00	2.462228538279393e+05
340	-5.000000000000000e-01 -8.660254037844386e-01  0.000000000000000e+00	0.000000000000000e+00 0.000000000000000e+00 1.000000000000000e+00	0.000000000000000e+00 0.000000000000000e+00 9.471360338761622e+01	1	0	0.000000000000000e+00	0.000000000000000e+00	0.000000000000000e+00	3.983259439317271e+05
2428	-5.000000000000000e-01  8.660254037844386e-01  0.000000000000000e+00	8.660254037844385e-01 5.000000000000000e-01 0.000000000000000e+00	6.397499999999998e+02 3.693598347140630e+02 0.000000000000000e+00	1	0	0.000000000000000e+00	0.000000000000000e+00	0.000000000000000e+00	3.586466955251129e+05
2429	 5.000000000000000e-01 -8.660254037844386e-01  0.000000000000000e+00	 0.000000000000000e+00  0.000000000000000e+00 -1.000000000000000e+00	0.000000000000000e+00 0.000000000000000e+00 2.286190426597633e+02	1	0	0.000000000000000e+00	0.000000000000000e+00	0.000000000000000e+00	3.355801404008425e+04
2432	5.000000000000000e-01 8.660254037844386e-01 0.000000000000000e+00	0.000000000000000e+00 0.000000000000000e+00 1.000000000000000e+00	0.000000000000000e+00 0.000000000000000e+00 2.286190426597633e+02	1	0	0.000000000000000e+00	0.000000000000000e+00	0.000000000000000e+00	2.517314898452730e+03
0	0	1	1
0	246	0	0
0	1	2	1
0	2	681	0
0	112	246	0
0	247	112	0
0	201	143	0
0	143	247	0
0	436	201	0
0	488	436	0
0	535	488	0
0	585	535	0
0	620	585	0
0	681	620	0
1	4	5	1
1	63	4	1
1	5	6	1
1	6	4312	0
1	292	63	0
1	164	113	0
1	113	328	0
1	144	364	0
1	365	144	0
1	505	164	0
1	328	248	0
1	248	365	0
1	367	249	0
1	249	505	0
1	4309	292	0
1	364	4309	0
1	4315	367	0
1	4312	4315	0
3	10	11	1
3	479	10	0
3	11	12	1
3	12	13	1
3	13	479	0
4	15	16	1
4	104	15	1
4	16	17	1
4	17	655	0
4	101	104	0
4	150	101	1
4	571	116	0
4	116	625	0
4	625	150	0
4	374	151	0
4	151	375	0
4	297	209	0
4	209	374	0
4	255	333	0
4	375	255	0
4	465	297	0
4	333	571	0
4	512	465	0
4	589	512	0
4	655	589	0
7	27	28	1
7	301	27	0
7	28	29	1
7	29	30	1
7	30	302	0
7	119	338	0
7	339	119	0
7	155	382	0
7	383	155	0
7	384	156	0
7	156	385	0
7	213	301	0
7	382	213	0
7	302	214	0
7	214	384	0
7	338	260	0
7	260	383	0
7	261	339	0
7	385	261	0
9	36	37	1
9	159	36	1
9	37	38	1
9	38	39	1
9	39	1801	0
9	491	122	0
9	122	507	0
9	521	159	0
9	216	160	0
9	160	497	0
9	455	216	0
9	507	262	0
9	262	521	0
9	263	491	0
9	497	263	0
9	529	455	0
9	616	529	0
9	740	616	0
9	864	740	0
9	1801	864	0
10	41	42	1
10	161	41	1
10	42	162	0
10	123	161	0
10	162	123	0
12	47	48	1
12	50	47	1
12	48	49	1
12	49	50	1
13	52	53	1
13	305	52	0
13	53	54	1
13	54	55	1
13	55	306	0
13	126	342	0
13	343	126	0
13	167	390	0
13	391	167	0
13	392	168	0
13	168	393	0
13	221	305	0
13	390	221	0
13	222	392	0
13	1014	222	0
13	342	268	0
13	268	391	0
13	269	343	0
13	393	269	0
13	306	572	0
13	572	1015	0
13	1015	1014	0
15	59	60	1
15	496	59	0
15	60	61	1
15	61	62	1
15	62	226	0
15	273	128	0
15	128	499	0
15	226	172	0
15	172	273	0
15	4276	496	0
15	499	696	0
15	696	615	0
15	615	4220	0
15	4220	4276	0
18	71	72	1
18	313	71	0
18	72	73	1
18	73	74	1
18	74	4317	0
18	527	131	0
18	131	553	0
18	177	483	0
18	495	177	0
18	231	313	0
18	406	231	0
18	350	278	0
18	278	407	0
18	279	351	0
18	409	279	0
18	314	408	0
18	4317	314	0
18	553	350	0
18	351	527	0
18	483	406	0
18	407	495	0
18	408	409	0
21	352	416	0
21	909	352	0
21	416	444	0
21	444	909	0
22	87	88	1
22	319	87	0
22	88	89	1
22	89	90	1
22	90	531	0
22	137	439	0
22	440	137	0
22	185	441	0
22	442	185	0
22	237	445	0
22	446	237	0
22	447	238	0
22	238	448	0
22	449	286	0
22	286	450	0
22	287	451	0
22	452	287	0
22	445	319	0
22	438	320	0
22	320	447	0
22	439	358	0
22	358	449	0
22	359	440	0
22	451	359	0
22	441	418	0
22	418	446	0
22	419	442	0
22	450	419	0
22	531	438	0
22	444	4234	0
22	4288	444	0
22	448	4303	0
22	3478	452	0
22	1759	487	0
22	487	3478	0
22	4234	1759	0
22	4303	4288	0
24	97	98	1
24	189	97	0
24	98	99	1
24	99	100	1
24	100	190	0
24	139	189	0
24	190	139	0
25	101	102	1
25	104	101	0
25	102	103	1
25	103	104	1
26	105	106	1
26	4287	105	0
26	106	107	1
26	107	428	0
26	141	362	0
26	363	141	0
26	191	426	0
26	427	191	0
26	428	192	0
26	192	429	0
26	241	323	0
26	426	241	0
26	362	290	0
26	290	427	0
26	291	363	0
26	429	291	0
26	323	486	0
26	486	582	0
26	582	660	0
26	660	1081	0
26	1081	4287	0
27	468	10	0
27	10	479	0
27	484	468	0
27	479	729	0
27	501	484	0
27	503	501	0
27	519	503	0
27	537	519	0
27	545	537	0
27	568	545	0
27	583	568	0
27	600	583	0
27	618	600	0
27	631	618	0
27	664	631	0
27	689	664	0
27	703	689	0
27	710	703	0
27	4250	710	0
27	715	714	0
27	714	4250	0
27	717	715	0
27	720	717	0
27	729	720	0
28	6	4214	0
28	4312	6	0
28	487	3478	0
28	4235	487	0
28	3478	4236	0
28	4214	4235	0
28	4236	4296	0
28	4296	4315	0
28	4315	4312	0
29	10	44	1
29	479	10	0
29	45	13	1
29	13	479	0
29	44	45	1
43	101	104	0
43	560	101	0
43	104	4128	0
43	540	560	0
43	4128	540	0
55	7	8	1
55	204	7	0
55	8	205	1
55	114	250	0
55	251	114	0
55	146	204	0
55	250	146	0
55	205	147	0
55	147	251	0
66	23	24	1
66	378	23	0
66	24	25	1
66	25	26	1
66	26	300	0
66	118	547	0
66	566	118	0
66	153	378	0
66	379	153	0
66	380	154	0
66	154	381	0
66	300	212	0
66	212	380	0
66	258	379	0
66	611	258	0
66	538	259	0
66	259	567	0
66	547	336	0
66	336	611	0
66	337	566	0
66	567	337	0
66	381	538	0
76	292	63	0
76	63	627	0
76	627	292	0
106	708	615	0
106	615	4220	0
106	865	708	0
106	1012	865	0
106	1705	1012	0
106	4220	1705	0
107	92	93	1
107	187	92	1
107	93	94	1
107	94	95	1
107	95	1002	0
107	424	187	0
107	322	424	0
107	490	322	0
107	595	490	0
107	733	595	0
107	747	733	0
107	771	747	0
107	1002	771	0
108	18	19	1
108	298	18	0
108	19	20	1
108	20	21	1
108	21	22	1
108	22	108	0
108	108	243	0
108	117	334	0
108	335	117	0
108	152	376	0
108	377	152	0
108	430	193	0
108	193	431	0
108	210	298	0
108	376	210	0
108	243	430	0
108	334	256	0
108	256	377	0
108	257	335	0
108	431	257	0
113	67	68	1
113	745	67	1
113	68	277	1
113	130	403	0
113	755	130	0
113	402	229	0
113	229	718	0
113	277	349	0
113	349	4320	0
113	403	402	0
113	718	745	0
113	4320	755	0
208	56	57	1
208	307	56	0
208	57	66	1
208	66	828	0
208	127	344	0
208	828	127	0
208	169	394	0
208	395	169	0
208	223	307	0
208	394	223	0
208	344	270	0
208	270	395	0
243	416	352	0
243	352	909	0
243	909	416	0
246	352	416	0
246	909	352	0
246	416	909	0
248	416	352	0
248	352	909	0
248	909	416	0
297	416	352	0
297	352	909	0
297	909	416	0
319	416	444	0
319	909	416	0
319	444	909	0
320	75	76	1
320	776	75	0
320	76	77	1
320	77	78	1
320	78	4302	0
320	108	194	0
320	432	108	0
320	132	179	0
320	746	132	0
320	133	306	0
320	630	133	0
320	179	523	0
320	194	4308	0
320	1396	195	0
320	195	4273	0
320	315	233	0
320	233	1003	0
320	572	281	0
320	281	602	0
320	306	572	0
320	530	315	0
320	352	1000	0
320	1003	352	0
320	4225	432	0
320	602	433	0
320	433	1396	0
320	523	598	0
320	610	530	0
320	598	639	0
320	688	610	0
320	712	630	0
320	639	722	0
320	737	688	0
320	1000	712	0
320	722	776	0
320	4302	737	0
320	4308	746	0
320	4213	4258	0
320	4273	4213	0
320	4258	4225	0
321	83	84	1
321	453	83	0
321	84	85	1
321	85	444	1
321	136	460	0
321	4264	136	0
321	183	646	0
321	647	183	0
321	235	459	0
321	471	235	0
321	356	284	0
321	284	707	0
321	317	453	0
321	459	317	0
321	460	356	0
321	414	471	0
321	646	414	0
321	415	647	0
321	707	415	0
321	444	4288	0
321	4288	4264	0
323	572	306	0
323	306	1015	0
323	1015	572	0
324	572	306	0
324	306	1015	0
324	1015	572	0
325	572	306	0
325	306	1015	0
325	1015	572	0
327	1015	572	0
327	572	1020	0
327	1020	1015	0
337	63	65	1
337	292	63	0
337	65	66	1
337	66	805	0
337	174	401	0
337	728	174	0
337	228	400	0
337	4319	228	0
337	274	292	0
337	4318	274	0
337	349	277	0
337	277	4319	0
337	4307	349	0
337	400	728	0
337	401	615	0
337	615	4220	0
337	805	4307	0
337	4220	4270	0
337	4270	4318	0
340	80	34	1
340	34	434	0
340	79	80	1
340	494	79	0
340	134	354	0
340	355	134	0
340	181	412	0
340	413	181	0
340	198	388	0
340	434	198	0
340	234	316	0
340	412	234	0
340	354	282	0
340	282	413	0
340	283	355	0
340	388	283	0
340	316	494	0
2428	6	32	1
2428	4312	6	0
2428	32	33	1
2428	33	34	1
2428	34	4310	0
2428	4310	1011	0
2428	1011	4312	0
2429	3478	487	0
2429	487	4235	0
2429	4236	3478	0
2429	4235	4292	0
2429	4297	4236	0
2429	4292	4240	0
2429	4240	4297	0
2432	4236	3478	0
2432	3478	4245	0
2432	4244	4236	0
2432	4275	4244	0
2432	4245	4275	0
