452
44
519
0	 7.500000000000000e+02  1.732050807600000e+00 -5.827073923018000e+02	 1.097000000000000e-07 -1.900000000000000e-07 -3.639700000000000e-06	1.000000000000000e+00	0	1	0
1	 7.500000000000000e+02  1.732050807600000e+00 -7.500000000000000e+02	0.000000000000000e+00 0.000000000000000e+00 0.000000000000000e+00	1.000000000000000e+00	0	1	1
2	 3.179872981078000e+02  7.500000000000000e+02 -7.500000000000000e+02	-2.629966940000000e-02  4.555236360000000e-02  0.000000000000000e+00	1.000000000000000e+00	0	1	2
4	 7.500000000000000e+02 -7.500000000000000e+02  2.286190426598000e+02	0.000000000000000e+00 0.000000000000000e+00 0.000000000000000e+00	1.000000000000000e+00	8168	1	4
5	7.500000000000000e+02 7.500000000000000e+02 2.286190426598000e+02	0.000000000000000e+00 0.000000000000000e+00 0.000000000000000e+00	1.000000000000000e+00	8168	1	5
6	4.199872981078000e+02 7.500000000000000e+02 2.286190426598000e+02	0.000000000000000e+00 0.000000000000000e+00 0.000000000000000e+00	7.500000000000000e-01	8168	1	6
7	 7.500000000000000e+02  6.209797262011000e+02 -4.262112152443000e+02	5.210000000000000e-08 3.666000000000000e-07 0.000000000000000e+00	1.000000000000000e+00	646	1	7
8	 7.500000000000000e+02  7.500000000000000e+02 -4.262112152443000e+02	0.000000000000000e+00 0.000000000000000e+00 0.000000000000000e+00	1.000000000000000e+00	646	1	8
10	-7.500000000000000e+02  5.715767664980000e+01  6.580962442277000e+02	0.000000000000000e+00 0.000000000000000e+00 0.000000000000000e+00	1.000000000000000e+00	1105	1	10
11	-7.500000000000000e+02 -7.500000000000000e+02  6.580962442277000e+02	0.000000000000000e+00 0.000000000000000e+00 0.000000000000000e+00	1.000000000000000e+00	1105	1	11
12	 7.500000000000000e+02 -7.500000000000000e+02  6.580962442277000e+02	0.000000000000000e+00 0.000000000000000e+00 0.000000000000000e+00	1.000000000000000e+00	1105	1	12
13	7.500000000000000e+02 5.715767664980000e+01 6.580962442277000e+02	0.000000000000000e+00 0.000000000000000e+00 0.000000000000000e+00	4.218750000000000e-01	1105	1	13
15	 7.500000000000000e+02 -7.500000000000000e+02 -1.159425144917000e+02	0.000000000000000e+00 0.000000000000000e+00 0.000000000000000e+00	1.000000000000000e+00	661	1	15
16	 7.500000000000000e+02  7.500000000000000e+02 -1.159425144917000e+02	0.000000000000000e+00 0.000000000000000e+00 0.000000000000000e+00	1.000000000000000e+00	661	1	16
17	 2.601398969238000e+02  7.500000000000000e+02 -1.159425144917000e+02	 1.136020000000000e-05 -2.462860000000000e-05  0.000000000000000e+00	1.000000000000000e+00	661	1	17
18	-7.500000000000000e+02 -9.531388136180000e+01 -4.164132562731000e+02	 8.143000000000000e-07 -6.755000000000000e-07  0.000000000000000e+00	1.000000000000000e+00	8168	1	18
19	-7.500000000000000e+02 -7.500000000000000e+02 -4.164132562731000e+02	0.000000000000000e+00 0.000000000000000e+00 0.000000000000000e+00	1.000000000000000e+00	8168	1	19
20	 7.500000000000000e+02 -7.500000000000000e+02 -4.164132562731000e+02	0.000000000000000e+00 0.000000000000000e+00 0.000000000000000e+00	1.000000000000000e+00	8168	1	20
21	 7.500000000000000e+02  7.500000000000000e+02 -4.164132562731000e+02	0.000000000000000e+00 0.000000000000000e+00 0.000000000000000e+00	1.000000000000000e+00	8168	1	21
22	-2.049363326847000e+02  7.500000000000000e+02 -4.164132562731000e+02	-7.286308058166504e-06  1.131776504516602e-07  0.000000000000000e+00	1.001129150390625e-01	8168	1	22
23	-7.094257409171000e+02 -7.500000000000000e+02  1.077775486825000e+02	-8.652460000000000e-05  2.104390000000000e-05  0.000000000000000e+00	1.000000000000000e+00	23	1	23
24	 7.500000000000000e+02 -7.500000000000000e+02  1.077775486825000e+02	0.000000000000000e+00 0.000000000000000e+00 0.000000000000000e+00	1.000000000000000e+00	23	1	24
25	7.500000000000000e+02 7.500000000000000e+02 1.077775486825000e+02	0.000000000000000e+00 0.000000000000000e+00 0.000000000000000e+00	1.000000000000000e+00	23	1	25
26	-6.094881795410000e+02  7.500000000000000e+02  1.077775486825000e+02	 4.379600000000000e-06 -6.822000000000000e-07  0.000000000000000e+00	1.000000000000000e+00	23	1	26
27	-7.364088855546000e+02 -7.500000000000000e+02 -1.894272067752000e+02	 3.166000000000000e-07 -2.432000000000000e-07  0.000000000000000e+00	1.000000000000000e+00	27	1	27
28	 7.500000000000000e+02 -7.500000000000000e+02 -1.894272067752000e+02	0.000000000000000e+00 0.000000000000000e+00 0.000000000000000e+00	1.000000000000000e+00	27	1	28
29	 7.500000000000000e+02  7.500000000000000e+02 -1.894272067752000e+02	0.000000000000000e+00 0.000000000000000e+00 0.000000000000000e+00	1.000000000000000e+00	27	1	29
30	 4.222989226801000e+02  7.500000000000000e+02 -1.894272067752000e+02	-1.898000000000000e-07  1.465000000000000e-07  0.000000000000000e+00	1.000000000000000e+00	27	1	30
32	4.199872981078000e+02 7.500000000000000e+02 7.500000000000000e+02	0.000000000000000e+00 0.000000000000000e+00 0.000000000000000e+00	1.000000000000000e+00	8168	1	32
33	7.500000000000000e+02 1.784012331796000e+02 7.500000000000000e+02	0.000000000000000e+00 0.000000000000000e+00 0.000000000000000e+00	1.000000000000000e+00	8168	1	33
34	7.500000000000000e+02 1.784012331796000e+02 9.471360338760000e+01	 0.000000000000000e+00 -0.000000000000000e+00  0.000000000000000e+00	7.500000000000000e-01	8168	1	34
36	-5.950127018922000e+02 -7.500000000000000e+02 -7.500000000000000e+02	0.000000000000000e+00 0.000000000000000e+00 0.000000000000000e+00	1.000000000000000e+00	491	1	36
37	 2.710127018922000e+02  7.500000000000000e+02 -7.500000000000000e+02	0.000000000000000e+00 0.000000000000000e+00 0.000000000000000e+00	1.000000000000000e+00	491	1	37
38	2.710127018922000e+02 7.500000000000000e+02 7.500000000000000e+02	0.000000000000000e+00 0.000000000000000e+00 0.000000000000000e+00	1.000000000000000e+00	491	1	38
39	-2.091561992096000e+02 -8.167693292280001e+01  7.500000000000000e+02	 6.921800000000000e-06  1.198890000000000e-05 -6.437360000000000e-05	1.000000000000000e+00	491	1	39
41	 2.450127018922000e+02 -7.500000000000000e+02  7.500000000000000e+02	0.000000000000000e+00 0.000000000000000e+00 0.000000000000000e+00	1.000000000000000e+00	729	1	41
42	 2.450127018922000e+02 -7.500000000000000e+02  7.354678774576000e+02	 2.500000000000000e-09 -4.400000000000001e-09  1.303000000000000e-07	1.000000000000000e+00	729	1	42
44	-7.500000000000000e+02  5.715767664980000e+01 -7.500000000000000e+02	0.000000000000000e+00 0.000000000000000e+00 0.000000000000000e+00	1.000000000000000e+00	1105	1	44
45	 7.500000000000000e+02  5.715767664980000e+01 -7.500000000000000e+02	0.000000000000000e+00 0.000000000000000e+00 0.000000000000000e+00	1.000000000000000e+00	1105	1	45
47	-7.500000000000000e+02  2.381569860407000e+02  7.500000000000000e+02	0.000000000000000e+00 0.000000000000000e+00 0.000000000000000e+00	1.000000000000000e+00	1074	1	47
48	-7.500000000000000e+02  2.381569860407000e+02 -7.500000000000000e+02	0.000000000000000e+00 0.000000000000000e+00 0.000000000000000e+00	1.000000000000000e+00	1074	1	48
49	 7.500000000000000e+02  2.381569860407000e+02 -7.500000000000000e+02	0.000000000000000e+00 0.000000000000000e+00 0.000000000000000e+00	1.000000000000000e+00	1074	1	49
50	7.500000000000000e+02 2.381569860407000e+02 7.500000000000000e+02	0.000000000000000e+00 0.000000000000000e+00 0.000000000000000e+00	1.000000000000000e+00	1074	1	50
52	 2.615643570375000e+02 -7.500000000000000e+02  1.518683640526000e+02	3.620000000000000e-07 1.833000000000000e-07 0.000000000000000e+00	1.000000000000000e+00	8168	1	52
53	 7.500000000000000e+02 -7.500000000000000e+02  1.518683640526000e+02	0.000000000000000e+00 0.000000000000000e+00 0.000000000000000e+00	1.000000000000000e+00	8168	1	53
54	7.500000000000000e+02 7.500000000000000e+02 1.518683640526000e+02	0.000000000000000e+00 0.000000000000000e+00 0.000000000000000e+00	1.000000000000000e+00	8168	1	54
55	-3.663250479120000e+02  7.500000000000000e+02  1.518683640526000e+02	-1.872067016601563e-06 -4.651290527343751e-07  0.000000000000000e+00	1.779785156250000e-01	8168	1	55
56	-7.500000000000000e+02  3.403479836873000e+02 -6.871357479574000e+02	-5.910000000000000e-08  0.000000000000000e+00 -1.936600000000000e-06	1.000000000000000e+00	8168	1	56
57	-7.500000000000000e+02  3.403479836873000e+02 -7.500000000000000e+02	0.000000000000000e+00 0.000000000000000e+00 0.000000000000000e+00	1.000000000000000e+00	8168	1	57
59	 3.129872981078000e+02 -7.500000000000000e+02  2.231979294100000e+01	6.287000000000000e-07 1.089000000000000e-06 1.766040000000000e-05	1.000000000000000e+00	8168	1	59
60	 3.129872981078000e+02 -7.500000000000000e+02 -7.500000000000000e+02	0.000000000000000e+00 0.000000000000000e+00 0.000000000000000e+00	1.000000000000000e+00	8168	1	60
61	 7.500000000000000e+02  6.928203230300000e+00 -7.500000000000000e+02	0.000000000000000e+00 0.000000000000000e+00 0.000000000000000e+00	1.000000000000000e+00	8168	1	61
62	 7.500000000000000e+02  6.928203230300000e+00 -2.778700522142000e+02	6.400000000000000e-08 1.108000000000000e-07 1.059320000000000e-05	1.000000000000000e+00	8168	1	62
63	 5.470127018922000e+02 -7.500000000000000e+02  2.286190426598000e+02	-0.000000000000000e+00 -0.000000000000000e+00  0.000000000000000e+00	1.000000000000000e+00	8168	1	63
65	 5.470127018922000e+02 -7.500000000000000e+02 -7.500000000000000e+02	0.000000000000000e+00 0.000000000000000e+00 0.000000000000000e+00	1.000000000000000e+00	8168	1	65
66	-8.250000000000000e+01  3.403479836873000e+02 -7.500000000000000e+02	0.000000000000000e+00 0.000000000000000e+00 0.000000000000000e+00	7.500000000000000e-01	8168	1	66
67	-7.500000000000000e+02  7.500000000000000e+02 -6.793251553319001e+02	0.000000000000000e+00 0.000000000000000e+00 0.000000000000000e+00	1.000000000000000e+00	8168	1	67
68	-7.500000000000000e+02 -7.500000000000000e+02 -6.793251553319001e+02	0.000000000000000e+00 0.000000000000000e+00 0.000000000000000e+00	1.000000000000000e+00	8168	1	68
71	 4.461338261567000e+02 -7.500000000000000e+02  1.469693845670000e+01	-4.558900000000001e-06  1.165500000000000e-06  0.000000000000000e+00	1.000000000000000e+00	5009	1	71
72	 7.500000000000000e+02 -7.500000000000000e+02  1.469693845670000e+01	0.000000000000000e+00 0.000000000000000e+00 0.000000000000000e+00	1.000000000000000e+00	5009	1	72
73	7.500000000000000e+02 7.500000000000000e+02 1.469693845670000e+01	0.000000000000000e+00 0.000000000000000e+00 0.000000000000000e+00	1.000000000000000e+00	5009	1	73
74	6.225551572171000e+02 7.500000000000000e+02 1.469693845670000e+01	 2.767500000000000e-06 -8.703000000000001e-07  0.000000000000000e+00	1.000000000000000e+00	5009	1	74
75	 3.131425792536000e+02  6.910882722200000e+02 -7.500000000000000e+02	2.145000000000000e-07 0.000000000000000e+00 6.214000000000000e-07	1.000000000000000e+00	8168	1	75
76	 7.500000000000000e+02  6.910882722200000e+02 -7.500000000000000e+02	0.000000000000000e+00 0.000000000000000e+00 0.000000000000000e+00	1.000000000000000e+00	8168	1	76
77	7.500000000000000e+02 6.910882722200000e+02 7.500000000000000e+02	0.000000000000000e+00 0.000000000000000e+00 0.000000000000000e+00	1.000000000000000e+00	8168	1	77
78	-7.500000000000000e+02  6.910882722200000e+02  7.500000000000000e+02	-7.525676580000000e-02  0.000000000000000e+00  0.000000000000000e+00	1.000000000000000e+00	8168	1	78
79	-5.298326956750000e+01 -7.500000000000000e+02  9.471360338760000e+01	 3.059400000000000e-06 -2.988200000000000e-06  0.000000000000000e+00	1.000000000000000e+00	8168	1	79
80	 7.500000000000000e+02 -7.500000000000000e+02  9.471360338760000e+01	0.000000000000000e+00 0.000000000000000e+00 0.000000000000000e+00	1.000000000000000e+00	8168	1	80
83	 3.207405087666000e+02 -7.500000000000000e+02  3.592584956082000e+02	-1.945400000000000e-06  3.863000000000000e-07  0.000000000000000e+00	1.000000000000000e+00	8168	1	83
84	 7.500000000000000e+02 -7.500000000000000e+02  3.592584956082000e+02	0.000000000000000e+00 0.000000000000000e+00 0.000000000000000e+00	1.000000000000000e+00	8168	1	84
85	7.500000000000000e+02 7.500000000000000e+02 3.592584956082000e+02	0.000000000000000e+00 0.000000000000000e+00 0.000000000000000e+00	1.000000000000000e+00	8168	1	85
87	-2.960127018922000e+02 -7.500000000000000e+02 -4.865421004801000e+02	-1.210000000000000e-08 -2.100000000000000e-08  2.451000000000000e-07	1.000000000000000e+00	8168	1	87
88	-2.960127018922000e+02 -7.500000000000000e+02 -7.500000000000000e+02	0.000000000000000e+00 0.000000000000000e+00 0.000000000000000e+00	1.000000000000000e+00	8168	1	88
89	 5.700127018922000e+02  7.500000000000000e+02 -7.500000000000000e+02	0.000000000000000e+00 0.000000000000000e+00 0.000000000000000e+00	1.000000000000000e+00	8168	1	89
90	5.700127018922000e+02 7.500000000000000e+02 5.276952161514000e+02	 2.025000000000000e-08  3.502500000000000e-08 -3.544500000000001e-07	7.500000000000000e-01	8168	1	90
92	-7.500000000000000e+02  7.500000000000000e+02  3.804874067123000e+02	0.000000000000000e+00 0.000000000000000e+00 0.000000000000000e+00	1.000000000000000e+00	8006	1	92
93	-7.500000000000000e+02 -7.500000000000000e+02  3.804874067123000e+02	0.000000000000000e+00 0.000000000000000e+00 0.000000000000000e+00	1.000000000000000e+00	8006	1	93
94	 7.500000000000000e+02 -7.500000000000000e+02  3.804874067123000e+02	0.000000000000000e+00 0.000000000000000e+00 0.000000000000000e+00	1.000000000000000e+00	8006	1	94
95	7.500000000000000e+02 2.906852472685000e+02 3.804874067123000e+02	-1.277830000000000e-05 -1.247230000000000e-05  0.000000000000000e+00	1.000000000000000e+00	8006	1	95
97	 5.929872981078000e+02 -7.500000000000000e+02 -1.599253948340000e+01	 3.400000000000000e-09  5.900000000000000e-09 -7.710000000000001e-08	1.000000000000000e+00	97	1	97
98	 5.929872981078000e+02 -7.500000000000000e+02 -7.500000000000000e+02	0.000000000000000e+00 0.000000000000000e+00 0.000000000000000e+00	1.000000000000000e+00	97	1	98
99	 7.500000000000000e+02 -4.780460228890000e+02 -7.500000000000000e+02	0.000000000000000e+00 0.000000000000000e+00 0.000000000000000e+00	1.000000000000000e+00	97	1	99
100	 7.500000000000000e+02 -4.780460228890000e+02  1.890331454330000e+01	 7.410000000000001e-08  1.284000000000000e-07 -1.499200000000000e-06	1.000000000000000e+00	97	1	100
101	-7.500000000000000e+02 -5.525242076145000e+02 -1.159425144917000e+02	-0.000000000000000e+00 -0.000000000000000e+00  0.000000000000000e+00	1.779785156250000e-01	661	1	101
102	-7.500000000000000e+02 -5.525242076145000e+02  7.500000000000000e+02	0.000000000000000e+00 0.000000000000000e+00 0.000000000000000e+00	1.000000000000000e+00	661	1	102
103	-6.359872981078000e+02 -7.500000000000000e+02  7.500000000000000e+02	0.000000000000000e+00 0.000000000000000e+00 0.000000000000000e+00	1.000000000000000e+00	661	1	103
104	-6.359872981078000e+02 -7.500000000000000e+02 -1.159425144917000e+02	0.000000000000000e+00 0.000000000000000e+00 0.000000000000000e+00	7.500000000000000e-01	661	1	104
105	-6.364567455178001e+02 -7.500000000000000e+02  5.829785587824000e+02	-3.287800000000000e-06  9.940500000000001e-06  0.000000000000000e+00	1.000000000000000e+00	8190	1	105
106	 7.500000000000000e+02 -7.500000000000000e+02  5.829785587824000e+02	0.000000000000000e+00 0.000000000000000e+00 0.000000000000000e+00	1.000000000000000e+00	8190	1	106
107	7.500000000000000e+02 1.681689833100000e+01 5.829785587824000e+02	 4.466680000000000e-05 -7.272660000000001e-05  0.000000000000000e+00	1.000000000000000e+00	8190	1	107
108	-2.058514406153000e+02  6.910882722200000e+02 -4.164132562731000e+02	-4.461441957092286e-06  0.000000000000000e+00  0.000000000000000e+00	1.001129150390625e-01	8168	0	108
112	 6.716145742417000e+02  1.374995907939000e+02 -5.941678870197001e+02	 1.469000000000000e-07 -2.545000000000000e-07 -3.281300000000000e-06	1.000000000000000e+00	0	0	112
113	 5.089718978821000e+02 -5.598646906800000e+00  2.286190426598000e+02	-9.519400000000001e-06  1.406500000000000e-06  0.000000000000000e+00	1.000000000000000e+00	8168	0	113
114	 2.990289143305000e+02  6.853723179500000e+02 -4.262112152443000e+02	-5.700000000000001e-09 -3.820000000000000e-08  0.000000000000000e+00	1.000000000000000e+00	646	0	114
116	-6.362299037247001e+02  2.192162740213000e+02 -1.159425144917000e+02	-7.046790000000000e-05  1.187216000000000e-04  0.000000000000000e+00	1.000000000000000e+00	661	0	116
117	-4.255330788168000e+02  2.977710795034000e+02 -4.164132562731000e+02	 4.254000000000000e-07 -3.491000000000000e-07  0.000000000000000e+00	1.000000000000000e+00	8168	0	117
118	-6.700152795700001e+02 -1.587974934708000e+02  1.077775486825000e+02	-4.638150000000000e-05  1.364100000000000e-06  0.000000000000000e+00	1.000000000000000e+00	23	0	118
119	-1.573238186549000e+02  1.693441896000000e-01 -1.894272067752000e+02	-3.231000000000000e-07  2.499000000000000e-07  0.000000000000000e+00	1.000000000000000e+00	27	0	119
122	-5.468363007608000e+02 -6.665560255145000e+02  3.745925759794000e+02	-1.136000000000000e-07 -1.968000000000000e-07 -7.752200000000000e-06	1.000000000000000e+00	491	0	122
123	 1.456013786088000e+02 -5.778145372255000e+02  7.443995874431000e+02	 4.100000000000000e-09 -7.200000000000000e-09  1.571000000000000e-07	1.000000000000000e+00	729	0	123
126	-7.304745835780000e+01 -2.614911610000000e-02  1.518683640526000e+02	-8.490000000000000e-08 -3.690000000000000e-08  0.000000000000000e+00	1.000000000000000e+00	8168	0	126
127	-2.078972678784000e+02  3.403479836873000e+02 -7.341043651741001e+02	1.309000000000000e-07 0.000000000000000e+00 8.800000000000001e-09	1.000000000000000e+00	8168	0	127
128	 5.325708390253001e+02 -3.696701506250000e+02 -2.698098943213000e+02	8.400000000000000e-08 1.456000000000000e-07 6.151100000000000e-06	1.000000000000000e+00	8168	0	128
130	-3.319421054032000e+02  5.852194680766000e+02 -6.793251553319001e+02	1.270630000000000e-05 2.294190000000000e-05 0.000000000000000e+00	1.000000000000000e+00	8168	0	130
131	5.564555990941000e+02 1.495752473887000e+02 1.469693845670000e+01	 4.931210000000001e-05 -4.120000000000000e-07  0.000000000000000e+00	1.000000000000000e+00	5009	0	131
132	-4.343555857290000e+01  6.910882722200000e+02 -5.580160594338000e+02	 9.552700000000001e-06  0.000000000000000e+00 -2.613200000000000e-06	1.000000000000000e+00	8168	0	132
133	-3.452744530671000e+02  6.910882722200000e+02  1.560432162326000e+02	-1.752686814880371e-06  0.000000000000000e+00  2.546371994018555e-07	1.001129150390625e-01	8168	0	133
134	 3.699366949882000e+02 -1.694436706216000e+02  9.471360338760000e+01	 2.876300000000000e-06 -2.166800000000000e-06  0.000000000000000e+00	1.000000000000000e+00	8168	0	134
136	4.011905451689000e+02 2.348460628528000e+02 3.592584956082000e+02	 6.026510000000000e-05 -6.922000000000000e-07  0.000000000000000e+00	1.000000000000000e+00	8168	0	136
137	 1.553648300647000e+02  3.180881874450000e+01 -6.773063010330000e+01	-2.670380000000000e-05 -4.625230000000000e-05  4.377440000000000e-05	1.000000000000000e+00	8168	0	137
139	 6.777522816825000e+02 -6.031827417458001e+02  2.512531310100000e+00	 1.205000000000000e-07  2.088000000000000e-07 -1.922000000000000e-06	1.000000000000000e+00	97	0	139
141	 2.437360253324000e+02 -2.680028488486000e+02  5.829785587824000e+02	 7.757100000000001e-06 -1.422420000000000e-05  0.000000000000000e+00	1.000000000000000e+00	8190	0	141
143	 5.702081029861000e+02  3.131407512248000e+02 -6.190241069567001e+02	 1.874000000000000e-07 -3.247000000000000e-07 -2.509200000000000e-06	1.000000000000000e+00	0	0	143
144	 4.659073956026000e+02 -3.752399881050000e+02  2.286190426598000e+02	-3.291380000000000e-05  3.397000000000000e-06  0.000000000000000e+00	1.000000000000000e+00	8168	0	144
146	 5.245263944861000e+02  6.531123898495000e+02 -4.262112152443000e+02	1.300000000000000e-08 9.120000000000001e-08 0.000000000000000e+00	1.000000000000000e+00	646	0	146
147	 7.258780902730000e+01  7.229803913472000e+02 -4.262112152443000e+02	1.947000000000000e-07 7.746000000000001e-07 0.000000000000000e+00	1.000000000000000e+00	646	0	147
150	-7.500000000000000e+02  1.735210437516000e+02 -1.159425144917000e+02	-6.273510000000001e-05  1.897519000000000e-04  0.000000000000000e+00	1.000000000000000e+00	661	1	150
151	-2.463903852062000e+02  4.650761240917000e+02 -1.159425144917000e+02	-3.038520000000000e-05  4.772200000000000e-05  0.000000000000000e+00	1.000000000000000e+00	661	0	151
152	-5.875924834583000e+02  1.013255235971000e+02 -4.164132562731000e+02	 3.772000000000000e-07 -3.112000000000000e-07  0.000000000000000e+00	1.000000000000000e+00	8168	0	152
153	-6.803483501813000e+02 -6.132507427866000e+02  1.077775486825000e+02	-8.614600000000000e-05  7.706700000000000e-06  0.000000000000000e+00	1.000000000000000e+00	23	0	153
154	-6.505596370102000e+02  3.327131994259000e+02  1.077775486825000e+02	-1.971710000000000e-05  1.133100000000000e-06  0.000000000000000e+00	1.000000000000000e+00	23	0	154
155	-4.470731617776000e+02 -3.748419761159000e+02 -1.894272067752000e+02	-2.570000000000000e-07  1.983000000000000e-07  0.000000000000000e+00	1.000000000000000e+00	27	0	155
156	 1.325591404085000e+02  3.750771397327000e+02 -1.894272067752000e+02	-1.534000000000000e-07  1.186000000000000e-07  0.000000000000000e+00	1.000000000000000e+00	27	0	156
159	-5.950127018922000e+02 -7.500000000000000e+02  2.326680386967000e+02	-3.232237500000000e-06 -5.598407812500001e-06  1.163489062500000e-06	4.218750000000000e-01	491	1	159
160	-4.465839147703000e+02 -4.929137993991000e+02  5.351798643787000e+02	 3.435500000000000e-06  5.950400000000000e-06 -9.402500000000000e-06	1.000000000000000e+00	491	0	160
161	 9.393219711250001e+01 -4.883208896883000e+02  7.500000000000000e+02	 4.300000000000000e-09 -7.500000000000001e-09  1.601000000000000e-07	1.000000000000000e+00	729	1	161
162	 1.965565322926000e+02 -6.660714523132000e+02  7.392406612121000e+02	 3.000000000000000e-09 -5.200000000000000e-09  1.321000000000000e-07	1.000000000000000e+00	729	0	162
164	5.194916775632000e+02 5.494665818920000e+01 2.286190426598000e+02	-5.666500000000000e-06  9.881000000000001e-07  0.000000000000000e+00	1.000000000000000e+00	8168	0	164
167	 9.010830691070001e+01 -3.751115403573000e+02  1.518683640526000e+02	-2.968000000000000e-07 -1.293000000000000e-07  0.000000000000000e+00	1.000000000000000e+00	8168	0	167
168	-2.362010971462000e+02  3.750194602322000e+02  1.518683640526000e+02	9.960000000000001e-08 4.350000000000000e-08 0.000000000000000e+00	1.000000000000000e+00	8168	0	168
169	-4.953836518919000e+02  3.403479836873000e+02 -7.011754530305001e+02	-5.580000000000000e-08  0.000000000000000e+00 -6.643000000000000e-07	1.000000000000000e+00	8168	0	169
172	 6.453452424251000e+02 -1.743391541432000e+02 -2.749129939789000e+02	8.210000000000000e-08 1.422000000000000e-07 9.203900000000000e-06	1.000000000000000e+00	8168	0	172
174	 4.482156789906000e+02 -5.788785366978000e+02 -2.952961050091000e+02	-6.158250000000001e-06  1.066640625000000e-05  1.305067500000000e-05	5.625000000000000e-01	8168	0	174
177	 5.218600879144000e+02 -3.063550265575000e+02  1.469693845670000e+01	 1.845640000000000e-05 -2.407700000000000e-06  0.000000000000000e+00	1.000000000000000e+00	5009	0	177
179	 7.563289824100000e+00  6.910882722200000e+02 -6.001955009863000e+02	2.308400000000000e-06 0.000000000000000e+00 5.950500000000000e-06	1.000000000000000e+00	8168	0	179
181	 2.146387919938000e+02 -4.510293239263000e+02  9.471360338760000e+01	 1.529000000000000e-07 -7.620000000000001e-08  0.000000000000000e+00	1.000000000000000e+00	8168	0	181
183	 3.730346811021000e+02 -2.777306619694000e+02  3.592584956082000e+02	 3.033700000000000e-05 -1.960000000000000e-06  0.000000000000000e+00	1.000000000000000e+00	8168	0	183
185	-8.198196063050000e+01 -3.792878817532000e+02 -3.844745225162000e+02	 8.310000000000001e-07  1.439400000000000e-06 -4.475200000000000e-06	1.000000000000000e+00	8168	0	185
187	4.253727423066000e+02 7.500000000000000e+02 3.804874067123000e+02	6.200000000000000e-08 1.930000000000000e-08 0.000000000000000e+00	1.000000000000000e+00	8006	1	187
189	 6.312901788105000e+02 -6.836574645467000e+02 -9.176330841400000e+00	 1.093000000000000e-07  1.894000000000000e-07 -1.759100000000000e-06	1.000000000000000e+00	97	0	189
190	 7.227047681447000e+02 -5.253227512667000e+02  1.350385176780000e+01	 1.018000000000000e-07  1.763000000000000e-07 -1.686900000000000e-06	1.000000000000000e+00	97	0	190
191	-8.753649568870000e+01 -4.522111689882000e+02  5.829785587824000e+02	-3.158300000000000e-06  5.404600000000000e-06  0.000000000000000e+00	1.000000000000000e+00	8190	0	191
192	 5.780455117097000e+02 -9.162906319790001e+01  5.829785587824000e+02	 2.003460000000000e-05 -3.195490000000000e-05  0.000000000000000e+00	1.000000000000000e+00	8190	0	192
193	-2.663134949941000e+02  4.956426663383000e+02 -4.164132562731000e+02	-5.505187500000000e-07  3.098812500000000e-07  0.000000000000000e+00	5.625000000000000e-01	8168	0	193
194	-1.970307094164000e+02  6.910882722200000e+02 -4.176971624616000e+02	-3.888040181677043e-06  0.000000000000000e+00 -5.211500342689455e-06	2.375726401805878e-02	8168	0	194
195	-4.217765087452000e+02  6.910882722200000e+02 -1.023814869432000e+02	-9.771120000000000e-05  0.000000000000000e+00  8.892000000000001e-05	1.000000000000000e+00	8168	0	195
198	6.015978897014000e+02 5.461198957470000e+01 9.471360338760000e+01	 4.072600000000000e-06 -4.778700000000001e-06  0.000000000000000e+00	1.000000000000000e+00	8168	0	198
201	 5.169844326283001e+02  4.053268524499000e+02 -6.368972222956000e+02	 1.653000000000000e-07 -2.864000000000000e-07 -1.947700000000000e-06	1.000000000000000e+00	0	0	201
204	 6.372759430231000e+02  6.369887347444001e+02 -4.262112152443000e+02	2.220000000000000e-08 1.559000000000000e-07 0.000000000000000e+00	1.000000000000000e+00	646	0	204
205	-2.401358002040000e+01  7.500000000000000e+02 -4.262112152443000e+02	-8.910000000000000e-08 -3.187000000000000e-07  0.000000000000000e+00	1.000000000000000e+00	646	1	205
209	-8.101557483860000e+01  5.675753948301000e+02 -1.159425144917000e+02	-1.421590000000000e-05  2.362200000000000e-05  0.000000000000000e+00	1.000000000000000e+00	661	0	209
210	-6.686303362160000e+02  3.110112535800000e+00 -4.164132562731000e+02	 4.196000000000000e-07 -3.460000000000000e-07  0.000000000000000e+00	1.000000000000000e+00	8168	0	210
212	-6.331113318678000e+02  5.595968358389000e+02  1.077775486825000e+02	-7.846100000000001e-06  6.893000000000000e-07  0.000000000000000e+00	1.000000000000000e+00	23	0	212
213	-5.917931292374000e+02 -5.624669874436000e+02 -1.894272067752000e+02	-3.540000000000000e-08  2.730000000000000e-08  0.000000000000000e+00	1.000000000000000e+00	27	0	213
214	 2.775086644932000e+02  5.625248488116000e+02 -1.894272067752000e+02	-4.620000000000000e-08  3.570000000000000e-08  0.000000000000000e+00	1.000000000000000e+00	27	0	214
216	-3.980347772144000e+02 -4.088242264886000e+02  5.998017739239000e+02	 3.660200000000000e-06  6.339600000000000e-06 -1.165310000000000e-05	1.000000000000000e+00	491	0	216
221	 1.722898418226000e+02 -5.624768201744000e+02  1.518683640526000e+02	1.063000000000000e-07 4.750000000000000e-08 0.000000000000000e+00	1.000000000000000e+00	8168	0	221
222	-3.123360295494000e+02  5.640266269912000e+02  1.518683640526000e+02	-4.094000000000000e-07 -1.494000000000000e-07  0.000000000000000e+00	1.000000000000000e+00	8168	0	222
223	-6.345760249809000e+02  3.403479836873000e+02 -6.916505952978000e+02	-7.200000000000000e-08  0.000000000000000e+00 -1.374800000000000e-06	1.000000000000000e+00	8168	0	223
226	 7.014577416376001e+02 -7.714945456750000e+01 -2.766973449849000e+02	7.050000000000000e-08 1.222000000000000e-07 1.007930000000000e-05	1.000000000000000e+00	8168	0	226
228	 5.238260709779000e+02 -7.098395772000000e+02 -5.505773369586000e+02	-2.026800000000000e-06  3.510500000000000e-06  1.215640000000000e-05	1.000000000000000e+00	8168	0	228
229	-4.937806972726000e+02  6.786403307788000e+02 -6.793251553319001e+02	2.707010000000000e-05 4.335060000000000e-05 0.000000000000000e+00	1.000000000000000e+00	8168	0	229
231	 4.874254256077000e+02 -5.372502127705001e+02  1.469693845670000e+01	 1.536800000000000e-06 -2.445000000000000e-07  0.000000000000000e+00	1.000000000000000e+00	5009	0	231
233	-4.752861402358000e+02  6.910882722200000e+02  4.328510324262000e+02	-2.159460000000000e-05  0.000000000000000e+00 -1.615072500000000e-05	4.218750000000000e-01	8168	0	233
234	 1.227888507730000e+02 -5.774596128428000e+02  9.471360338760000e+01	-9.537000000000001e-07  8.961000000000000e-07  0.000000000000000e+00	1.000000000000000e+00	8168	0	234
235	 3.518983570504000e+02 -5.364728753535001e+02  3.592584956082000e+02	 1.196090000000000e-05 -1.222800000000000e-06  0.000000000000000e+00	1.000000000000000e+00	8168	0	235
237	-2.086986344761000e+02 -5.987675990197000e+02 -4.619046995287000e+02	-1.140000000000000e-08 -1.970000000000000e-08  1.114000000000000e-07	1.000000000000000e+00	8168	0	237
238	4.428769829380000e+02 5.297944753144001e+02 4.557478535437000e+02	 9.564693750000001e-06  1.656652500000000e-05 -2.023942500000000e-05	5.625000000000000e-01	8168	0	238
241	-2.512049963856000e+02 -5.515031954902000e+02  5.829785587824000e+02	-8.799900000000000e-06  1.405370000000000e-05  0.000000000000000e+00	1.000000000000000e+00	8190	0	241
243	-2.205800554341000e+02  6.047799369579001e+02 -4.164132562731000e+02	-2.335303935241699e-06  4.036953186035157e-07  0.000000000000000e+00	1.001129150390625e-01	8168	0	243
246	 7.169996797758000e+02  5.889028210190000e+01 -5.866848101350000e+02	 1.420000000000000e-07 -2.459000000000000e-07 -3.503400000000000e-06	1.000000000000000e+00	0	0	246
247	 6.220442882841000e+02  2.233578446181000e+02 -6.048442647457000e+02	 1.742000000000000e-07 -3.017000000000000e-07 -2.953800000000000e-06	1.000000000000000e+00	0	0	247
248	 4.841005638252000e+02 -1.942539117772000e+02  2.286190426598000e+02	-2.255560000000000e-05  2.595500000000000e-06  0.000000000000000e+00	1.000000000000000e+00	8168	0	248
249	5.502814648278001e+02 1.783594797097000e+02 2.286190426598000e+02	 3.937000000000000e-07 -1.863000000000000e-07  0.000000000000000e+00	1.000000000000000e+00	8168	0	249
250	 4.117765236686000e+02  6.692340576045000e+02 -4.262112152443000e+02	2.300000000000000e-09 1.590000000000000e-08 0.000000000000000e+00	1.000000000000000e+00	646	0	250
251	 1.864208534413000e+02  7.024601750866000e+02 -4.262112152443000e+02	1.320000000000000e-08 7.400000000000000e-08 0.000000000000000e+00	1.000000000000000e+00	646	0	251
255	-4.237441240527000e+02  3.515615295395000e+02 -1.159425144917000e+02	-4.838580000000000e-05  7.631410000000001e-05  0.000000000000000e+00	1.000000000000000e+00	661	0	255
256	-5.065535124591000e+02  1.995401094167000e+02 -4.164132562731000e+02	 3.976000000000000e-07 -3.281000000000000e-07  0.000000000000000e+00	1.000000000000000e+00	8168	0	256
257	-3.449284490973000e+02  3.961573436884000e+02 -4.164132562731000e+02	 2.423250000000000e-07 -1.987875000000000e-07  0.000000000000000e+00	5.625000000000000e-01	8168	0	257
258	-6.754322132038001e+02 -4.258880729533000e+02  1.077775486825000e+02	-8.220400000000000e-05  9.877000000000001e-07  0.000000000000000e+00	1.000000000000000e+00	23	0	258
259	-6.607576715554001e+02  8.925329406960000e+01  1.077775486825000e+02	-2.437410000000000e-05  9.367000000000001e-07  0.000000000000000e+00	1.000000000000000e+00	23	0	259
260	-3.022584991699000e+02 -1.872899457138000e+02 -1.894272067752000e+02	-3.806000000000000e-07  2.940000000000000e-07  0.000000000000000e+00	1.000000000000000e+00	27	0	260
261	-1.236339418530000e+01  1.876085725270000e+02 -1.894272067752000e+02	-2.221000000000000e-07  1.717000000000000e-07  0.000000000000000e+00	1.000000000000000e+00	27	0	261
262	-5.854622288886001e+02 -7.334580955214001e+02  2.769165744905000e+02	 4.399875000000000e-07  7.621312500000000e-07 -2.615793750000000e-06	5.625000000000000e-01	491	0	262
263	-4.945197396086000e+02 -5.759410835216000e+02  4.659037791396000e+02	 2.136100000000000e-06  3.699800000000000e-06 -6.984300000000000e-06	1.000000000000000e+00	491	0	263
268	 8.560927056900001e+00 -1.875555204170000e+02  1.518683640526000e+02	-1.542000000000000e-07 -6.710000000000000e-08  0.000000000000000e+00	1.000000000000000e+00	8168	0	268
269	-1.545546086692000e+02  1.875269448831000e+02  1.518683640526000e+02	7.190000000000000e-08 3.130000000000000e-08 0.000000000000000e+00	1.000000000000000e+00	8168	0	269
270	-3.567312589009000e+02  3.403479836873000e+02 -7.150240303198000e+02	-4.670000000000000e-08  0.000000000000000e+00 -4.042000000000000e-07	1.000000000000000e+00	8168	0	270
273	 5.892220088689000e+02 -2.715474461476000e+02 -2.726693318185000e+02	8.850000000000000e-08 1.534000000000000e-07 7.929200000000000e-06	1.000000000000000e+00	8168	0	273
274	 4.413873917978000e+02 -5.670515963513001e+02  1.528711006514000e+02	-1.007890000000000e-05  1.745720000000000e-05  1.280500000000000e-05	1.000000000000000e+00	8168	0	274
277	 5.470127018922000e+02 -7.500000000000000e+02 -6.793251553319001e+02	0.000000000000000e+00 0.000000000000000e+00 0.000000000000000e+00	1.000000000000000e+00	8168	1	277
278	 5.507180657225000e+02 -5.853769163190000e+01  1.469693845670000e+01	 3.553960000000000e-05 -2.876000000000000e-06  0.000000000000000e+00	1.000000000000000e+00	5009	0	278
279	5.602216396382000e+02 4.060756572770000e+02 1.469693845670000e+01	 6.139420000000000e-05 -1.675000000000000e-06  0.000000000000000e+00	1.000000000000000e+00	5009	0	279
281	-4.009619130811000e+02  6.910882722200000e+02  1.190179736634000e+02	-1.534275000000000e-06  0.000000000000000e+00  1.481070000000000e-05	7.500000000000000e-01	8168	0	281
282	 2.837570497091000e+02 -3.044057567607000e+02  9.471360338760000e+01	 2.013500000000000e-06 -1.103500000000000e-06  0.000000000000000e+00	1.000000000000000e+00	8168	0	282
283	 4.728155026011000e+02 -5.434656001480000e+01  9.471360338760000e+01	 3.039500000000000e-06 -3.377300000000000e-06  0.000000000000000e+00	1.000000000000000e+00	8168	0	283
284	 3.895572464755000e+02 -9.890694340700000e+00  3.592584956082000e+02	 4.849890000000000e-05 -2.847200000000000e-06  0.000000000000000e+00	1.000000000000000e+00	8168	0	284
286	 4.674752566720000e+01 -1.563218710532000e+02 -2.631376453443000e+02	-1.542500000000000e-06 -2.671600000000000e-06  4.445600000000000e-06	1.000000000000000e+00	8168	0	286
287	2.448060777125000e+02 1.867256039627000e+02 1.185555213132000e+02	-3.147670000000000e-05 -5.451930000000001e-05  7.357290000000000e-05	1.000000000000000e+00	8168	0	287
290	 7.830177863820001e+01 -3.594350775145000e+02  5.829785587824000e+02	 2.582500000000000e-06 -4.667900000000000e-06  0.000000000000000e+00	1.000000000000000e+00	8190	0	290
291	 4.110525747309000e+02 -1.793119401374000e+02  5.829785587824000e+02	 1.102580000000000e-05 -2.147220000000000e-05  0.000000000000000e+00	1.000000000000000e+00	8190	0	291
292	 4.502563510182000e+02 -5.824130843313001e+02  2.286190426598000e+02	-1.493330000000000e-05  2.586530000000000e-05  0.000000000000000e+00	1.000000000000000e+00	8168	0	292
297	-4.522790521000000e+00  6.126534337890000e+02 -1.159425144917000e+02	-7.990100000000000e-06  1.367110000000000e-05  0.000000000000000e+00	1.000000000000000e+00	661	0	297
298	-7.091163169975000e+02 -4.602527605910000e+01 -4.164132562731000e+02	 4.958000000000000e-07 -4.101000000000000e-07  0.000000000000000e+00	1.000000000000000e+00	8168	0	298
300	-6.222517545005001e+02  6.680656371674000e+02  1.077775486825000e+02	-6.818000000000000e-07  4.360000000000000e-08  0.000000000000000e+00	1.000000000000000e+00	23	0	300
301	-6.643137787573000e+02 -6.561553972923000e+02 -1.894272067752000e+02	-1.293000000000000e-07  1.000000000000000e-07  0.000000000000000e+00	1.000000000000000e+00	27	0	301
302	 3.499544274262000e+02  6.562711112839000e+02 -1.894272067752000e+02	-4.920000000000000e-08  3.800000000000000e-08  0.000000000000000e+00	1.000000000000000e+00	27	0	302
305	 2.139974466742000e+02 -6.560588589314000e+02  1.518683640526000e+02	4.194000000000000e-07 1.993000000000000e-07 0.000000000000000e+00	1.000000000000000e+00	8168	0	305
306	-3.516878122279000e+02  6.910882722200000e+02  1.518683640526000e+02	-1.895625000000000e-08 -2.543625000000000e-07 -1.543612500000000e-06	5.625000000000000e-01	8168	0	306
307	-7.048482496449001e+02  3.403479836873000e+02 -6.885143015276000e+02	-6.240000000000000e-08  0.000000000000000e+00 -1.751300000000000e-06	1.000000000000000e+00	8168	0	307
313	 4.733349071183000e+02 -6.436004369871000e+02  1.469693845670000e+01	-3.236200000000000e-06  5.537000000000000e-07  0.000000000000000e+00	1.000000000000000e+00	5009	0	313
314	5.870131589569000e+02 6.353619761827000e+02 1.469693845670000e+01	 1.182520000000000e-05 -2.864300000000000e-06  0.000000000000000e+00	1.000000000000000e+00	5009	0	314
315	-5.077520569001000e+02  6.910882722200000e+02  4.729794677842000e+02	-1.752384375000000e-05  0.000000000000000e+00 -1.744295625000000e-05	5.625000000000000e-01	8168	0	315
316	 5.830037540120000e+01 -6.428178772410000e+02  9.471360338760000e+01	-6.487000000000000e-07  6.698000000000000e-07  0.000000000000000e+00	1.000000000000000e+00	8168	0	316
317	 3.378678480578000e+02 -6.553274939092000e+02  3.592584956082000e+02	 4.494400000000001e-06 -6.179000000000000e-07  0.000000000000000e+00	1.000000000000000e+00	8168	0	317
319	-2.677124483949000e+02 -7.009825230756001e+02 -4.809511628840000e+02	-5.900000000000000e-09 -1.020000000000000e-08  1.006000000000000e-07	1.000000000000000e+00	8168	0	319
320	4.924842161355000e+02 6.157167236355000e+02 4.989195861776000e+02	 2.565864843750000e-06  4.444178906250000e-06 -1.392481757812500e-05	3.164062500000000e-01	8168	0	320
322	4.861310732208000e+02 5.738330013671000e+02 3.804874067123000e+02	2.160300000000000e-06 8.420000000000000e-07 0.000000000000000e+00	1.000000000000000e+00	8006	0	322
323	-3.312571335918000e+02 -6.021334320595000e+02  5.829785587824000e+02	-1.139120000000000e-05  1.829090000000000e-05  0.000000000000000e+00	1.000000000000000e+00	8190	0	323
328	 4.956606486109000e+02 -1.012383499203000e+02  2.286190426598000e+02	-1.593290000000000e-05  2.080600000000000e-06  0.000000000000000e+00	1.000000000000000e+00	8168	0	328
333	-5.167088373823000e+02  2.929772029953000e+02 -1.159425144917000e+02	-5.852970000000000e-05  9.359360000000000e-05  0.000000000000000e+00	1.000000000000000e+00	661	0	333
334	-4.660372898236000e+02  2.486501275882000e+02 -4.164132562731000e+02	 4.189000000000000e-07 -3.455000000000000e-07  0.000000000000000e+00	1.000000000000000e+00	8168	0	334
335	-3.853073914610000e+02  3.470274347374000e+02 -4.164132562731000e+02	 2.642062500000000e-07 -2.164500000000000e-07  0.000000000000000e+00	5.625000000000000e-01	8168	0	335
336	-6.732429210310000e+02 -2.982194465542000e+02  1.077775486825000e+02	-6.402730000000000e-05  1.159600000000000e-06  0.000000000000000e+00	1.000000000000000e+00	23	0	336
337	-6.656445617713000e+02 -3.300607751760000e+01  1.077775486825000e+02	-3.323500000000000e-05  1.280800000000000e-06  0.000000000000000e+00	1.000000000000000e+00	23	0	337
338	-2.298092826248000e+02 -9.354627431260000e+01 -1.894272067752000e+02	-3.800000000000000e-07  2.938000000000000e-07  0.000000000000000e+00	1.000000000000000e+00	27	0	338
339	-8.482950028880001e+01  9.387805654800000e+01 -1.894272067752000e+02	-2.521000000000000e-07  1.950000000000000e-07  0.000000000000000e+00	1.000000000000000e+00	27	0	339
342	-3.226244585820000e+01 -9.379918941090000e+01  1.518683640526000e+02	-1.464000000000000e-07 -6.370000000000001e-08  0.000000000000000e+00	1.000000000000000e+00	8168	0	342
343	-1.137928444135000e+02  9.375396393490000e+01  1.518683640526000e+02	3.100000000000000e-09 1.400000000000000e-09 0.000000000000000e+00	1.000000000000000e+00	8168	0	343
344	-2.841734590701000e+02  3.403479836873000e+02 -7.240910828721001e+02	-6.560000000000001e-08  0.000000000000000e+00 -5.046000000000000e-07	1.000000000000000e+00	8168	0	344
349	-1.654509273084000e+02  4.840232043204000e+02 -6.793251553319001e+02	 2.531550000000000e-05 -4.384780000000000e-05  0.000000000000000e+00	1.000000000000000e+00	8168	0	349
350	5.556995042819000e+02 2.527817167210000e+01 1.469693845670000e+01	 4.278240000000000e-05 -1.467200000000000e-06  0.000000000000000e+00	1.000000000000000e+00	5009	0	350
351	5.588267996556000e+02 3.005727472593000e+02 1.469693845670000e+01	 5.446440000000000e-05 -8.423000000000001e-07  0.000000000000000e+00	1.000000000000000e+00	5009	0	351
352	-4.199785575153000e+02  6.910882722200000e+02  3.592584956082000e+02	-3.338770000000000e-05  0.000000000000000e+00 -3.310934000000000e-04	1.000000000000000e+00	8168	0	352
354	 3.246750641176000e+02 -2.349610925185000e+02  9.471360338760000e+01	 2.650700000000000e-06 -1.699700000000000e-06  0.000000000000000e+00	1.000000000000000e+00	8168	0	354
355	 4.190793456853000e+02 -1.090849821099000e+02  9.471360338760000e+01	 2.920500000000000e-06 -2.615200000000000e-06  0.000000000000000e+00	1.000000000000000e+00	8168	0	355
356	3.955323528833000e+02 9.811833565960001e+01 3.592584956082000e+02	 5.435580000000000e-05 -3.182600000000000e-06  0.000000000000000e+00	1.000000000000000e+00	8168	0	356
358	 1.033423630041000e+02 -5.829673733970000e+01 -1.730427262313000e+02	-1.564440000000000e-05 -2.709690000000000e-05  2.248800000000000e-05	1.000000000000000e+00	8168	0	358
359	2.019173647117000e+02 1.124401739741000e+02 3.134340224000000e+01	-3.128030000000000e-05 -5.417910000000000e-05  6.170870000000001e-05	1.000000000000000e+00	8168	0	359
362	 1.610914278696000e+02 -3.136437078795000e+02  5.829785587824000e+02	 5.355200000000000e-06 -9.690500000000000e-06  0.000000000000000e+00	1.000000000000000e+00	8190	0	362
363	 3.266991729662000e+02 -2.233285385835000e+02  5.829785587824000e+02	 9.461900000000000e-06 -1.786470000000000e-05  0.000000000000000e+00	1.000000000000000e+00	8190	0	363
364	 4.556521986226000e+02 -4.614472861697000e+02  2.286190426598000e+02	-2.447270000000000e-05  3.109200000000000e-06  0.000000000000000e+00	1.000000000000000e+00	8168	0	364
365	 4.742043900594000e+02 -2.858073797015000e+02  2.286190426598000e+02	-3.055170000000000e-05  3.037900000000000e-06  0.000000000000000e+00	1.000000000000000e+00	8168	0	365
367	5.950335977641000e+02 2.650600441870000e+02 2.286190426598000e+02	-4.704000000000000e-07  2.378000000000000e-07  0.000000000000000e+00	1.000000000000000e+00	8168	0	367
374	-1.640181370953000e+02  5.170278434471001e+02 -1.159425144917000e+02	-2.210000000000000e-05  3.554930000000000e-05  0.000000000000000e+00	1.000000000000000e+00	661	0	374
375	-3.305321121470000e+02  4.110649906791000e+02 -1.159425144917000e+02	-3.878850000000000e-05  6.060870000000000e-05  0.000000000000000e+00	1.000000000000000e+00	661	0	375
376	-6.281122395476000e+02  5.221845150050000e+01 -4.164132562731000e+02	 3.902000000000000e-07 -3.220000000000000e-07  0.000000000000000e+00	1.000000000000000e+00	8168	0	376
377	-5.470727085610000e+02  1.504325759303000e+02 -4.164132562731000e+02	 3.808000000000000e-07 -3.142000000000000e-07  0.000000000000000e+00	1.000000000000000e+00	8168	0	377
378	-6.880227135556000e+02 -6.619987285684000e+02  1.077775486825000e+02	-8.288040000000001e-05  1.954630000000000e-05  0.000000000000000e+00	1.000000000000000e+00	23	0	378
379	-6.764426355929000e+02 -5.332026728194000e+02  1.077775486825000e+02	-8.793050000000000e-05  1.839900000000000e-06  0.000000000000000e+00	1.000000000000000e+00	23	0	379
380	-6.423516736373000e+02  4.470645685824000e+02  1.077775486825000e+02	-1.501270000000000e-05  1.142200000000000e-06  0.000000000000000e+00	1.000000000000000e+00	23	0	380
381	-6.562482971365000e+02  2.131028045618000e+02  1.077775486825000e+02	-2.086360000000000e-05  9.136000000000000e-07  0.000000000000000e+00	1.000000000000000e+00	23	0	381
382	-5.194280859790000e+02 -4.686584182379000e+02 -1.894272067752000e+02	-1.328000000000000e-07  1.024000000000000e-07  0.000000000000000e+00	1.000000000000000e+00	27	0	382
383	-3.746785956069000e+02 -2.810561039839000e+02 -1.894272067752000e+02	-3.363000000000000e-07  2.596000000000000e-07  0.000000000000000e+00	1.000000000000000e+00	27	0	383
384	 2.050305598488000e+02  4.688035815178000e+02 -1.894272067752000e+02	-1.002000000000000e-07  7.750000000000000e-08  0.000000000000000e+00	1.000000000000000e+00	27	0	384
385	 6.009398521170000e+01  2.813458594473000e+02 -1.894272067752000e+02	-1.976000000000000e-07  1.527000000000000e-07  0.000000000000000e+00	1.000000000000000e+00	27	0	385
388	5.508049593950000e+02 1.319620744820000e+01 9.471360338760000e+01	 4.422900000000000e-06 -5.271800000000000e-06  0.000000000000000e+00	1.000000000000000e+00	8168	0	388
390	 1.310131227334000e+02 -4.688759637074000e+02  1.518683640526000e+02	-3.268000000000000e-07 -1.431000000000000e-07  0.000000000000000e+00	1.000000000000000e+00	8168	0	390
391	 4.936954037120000e+01 -2.813182260715000e+02  1.518683640526000e+02	-1.807000000000000e-07 -7.860000000000000e-08  0.000000000000000e+00	1.000000000000000e+00	8168	0	391
392	-2.772388584661000e+02  4.686672864000000e+02  1.518683640526000e+02	1.120000000000000e-07 4.750000000000000e-08 0.000000000000000e+00	1.000000000000000e+00	8168	0	392
393	-1.953456486557000e+02  2.812872169031000e+02  1.518683640526000e+02	1.140000000000000e-07 4.960000000000000e-08 0.000000000000000e+00	1.000000000000000e+00	8168	0	393
394	-5.643045734498000e+02  3.403479836873000e+02 -6.959084905933000e+02	-6.680000000000000e-08  0.000000000000000e+00 -9.761000000000001e-07	1.000000000000000e+00	8168	0	394
395	-4.271777148868000e+02  3.403479836873000e+02 -7.074447976417000e+02	-4.780000000000000e-08  0.000000000000000e+00 -4.824000000000000e-07	1.000000000000000e+00	8168	0	395
400	 5.022926640187000e+02 -6.725426222867001e+02 -4.627576163767000e+02	-1.271020000000000e-05  2.201480000000000e-05  4.573440000000000e-05	1.000000000000000e+00	8168	0	400
401	 4.326100800371000e+02 -5.518488464278000e+02 -2.628019193192000e+02	-1.277362456809171e-06  2.212455941187870e-06  1.574210361612216e-06	1.336346101015806e-02	8168	0	401
402	-4.573102206946000e+02  6.567658621342000e+02 -6.793251553319001e+02	2.285500000000000e-05 3.894460000000000e-05 0.000000000000000e+00	1.000000000000000e+00	8168	0	402
403	-3.914481880267000e+02  6.186615857303000e+02 -6.793251553319001e+02	1.826360000000000e-05 3.201850000000000e-05 0.000000000000000e+00	1.000000000000000e+00	8168	0	403
406	 5.040604562029000e+02 -4.298545691387000e+02  1.469693845670000e+01	 8.918300000000001e-06 -1.401600000000000e-06  0.000000000000000e+00	1.000000000000000e+00	5009	0	406
407	 5.385310167645000e+02 -1.676747224200000e+02  1.469693845670000e+01	 2.838320000000000e-05 -3.161700000000000e-06  0.000000000000000e+00	1.000000000000000e+00	5009	0	407
408	5.789267832027000e+02 5.966454223204000e+02 1.469693845670000e+01	 1.968180000000000e-05 -2.864300000000000e-06  0.000000000000000e+00	1.000000000000000e+00	5009	0	408
409	5.654605014431000e+02 4.979118890438000e+02 1.469693845670000e+01	 4.097640000000000e-05 -3.111200000000000e-06  0.000000000000000e+00	1.000000000000000e+00	5009	0	409
412	 1.662408952228000e+02 -5.265205093576000e+02  9.471360338760000e+01	-5.523000000000000e-07  4.187000000000000e-07  0.000000000000000e+00	1.000000000000000e+00	8168	0	412
413	 2.475736575106000e+02 -3.773305873998000e+02  9.471360338760000e+01	 7.523000000000000e-07 -3.562000000000000e-07  0.000000000000000e+00	1.000000000000000e+00	8168	0	413
414	 3.638124632317000e+02 -4.067067358902000e+02  3.592584956082000e+02	 2.100530000000000e-05 -1.691700000000000e-06  0.000000000000000e+00	1.000000000000000e+00	8168	0	414
415	 3.814268456833000e+02 -1.424918617994000e+02  3.592584956082000e+02	 4.014300000000000e-05 -2.374600000000000e-06  0.000000000000000e+00	1.000000000000000e+00	8168	0	415
416	-8.132625707990000e+01  6.910882722200000e+02  3.592584956082000e+02	0.000000000000000e+00 0.000000000000000e+00 0.000000000000000e+00	1.000000000000000e+00	8168	0	416
418	-1.456743016479000e+02 -4.896062524482000e+02 -4.282850961439000e+02	 1.267000000000000e-07  2.195000000000000e-07 -7.811000000000000e-07	1.000000000000000e+00	8168	0	418
419	-1.730947594160000e+01 -2.672718524202000e+02 -3.318476674133000e+02	 1.670300000000000e-06  2.893000000000000e-06 -7.277000000000000e-06	1.000000000000000e+00	8168	0	419
424	4.528478868082000e+02 6.617144982868000e+02 3.804874067123000e+02	1.542400000000000e-06 5.299000000000000e-07 0.000000000000000e+00	1.000000000000000e+00	8006	0	424
426	-1.700786714940000e+02 -5.009638772122000e+02  5.829785587824000e+02	-6.051400000000000e-06  9.912500000000000e-06  0.000000000000000e+00	1.000000000000000e+00	8190	0	426
427	-4.641479366600000e+00 -4.053528792106000e+02  5.829785587824000e+02	-2.735000000000000e-07  4.635000000000000e-07  0.000000000000000e+00	1.000000000000000e+00	8190	0	427
428	 6.511427135326001e+02 -4.389875930420000e+01  5.829785587824000e+02	 3.079490000000000e-05 -4.688930000000000e-05  0.000000000000000e+00	1.000000000000000e+00	8190	0	428
429	 4.967526258449000e+02 -1.360700508406000e+02  5.829785587824000e+02	 1.093710000000000e-05 -2.063290000000000e-05  0.000000000000000e+00	1.000000000000000e+00	8190	0	429
430	-2.389450719254000e+02  5.501355790912000e+02 -4.164132562731000e+02	-6.398000000000000e-07  2.559000000000000e-07  0.000000000000000e+00	1.000000000000000e+00	8168	0	430
431	-3.046475470895000e+02  4.453685073425000e+02 -4.164132562731000e+02	 8.611875000000001e-08 -7.003125000000001e-08  0.000000000000000e+00	5.625000000000000e-01	8168	0	431
432	-2.124044986920000e+02  6.910882722200000e+02 -4.153355771163000e+02	 1.242056400000000e-05  0.000000000000000e+00 -5.298524000000001e-06	6.666666666666668e-03	8168	0	432
433	-4.442173742470000e+02  6.910882722200000e+02  1.452428911350000e+01	-3.924900000000000e-05  0.000000000000000e+00 -5.416380000000000e-05	1.000000000000000e+00	8168	0	433
434	6.636534664495000e+02 1.103152923764000e+02 9.471360338760000e+01	 2.262500000000000e-06 -2.505000000000000e-06  0.000000000000000e+00	1.000000000000000e+00	8168	0	434
436	 4.903069204798000e+02  4.515336589106000e+02 -6.474800457239000e+02	 1.818000000000000e-07 -3.148000000000000e-07 -1.598300000000000e-06	1.000000000000000e+00	0	0	436
438	5.189407709642001e+02 6.615408207921000e+02 5.128244480116000e+02	 8.620593750000001e-07  1.493184375000000e-06 -9.477506249999999e-06	4.218750000000000e-01	8168	0	438
439	 1.287821926921000e+02 -1.423365978410000e+01 -1.234013676530000e+02	-2.337030000000000e-05 -4.047860000000000e-05  2.915560000000000e-05	1.000000000000000e+00	8168	0	439
440	 1.795583611247000e+02  7.371324375490001e+01 -1.596907903520000e+01	-2.885970000000000e-05 -4.998640000000000e-05  5.551410000000000e-05	1.000000000000000e+00	8168	0	440
441	-1.139385107401000e+02 -4.346382501774000e+02 -4.069956258888000e+02	 4.625000000000000e-07  8.011000000000000e-07 -2.665500000000000e-06	1.000000000000000e+00	8168	0	441
442	-4.975087362450000e+01 -3.234620014755000e+02 -3.597669581921000e+02	 1.186100000000000e-06  2.054400000000000e-06 -5.779800000000000e-06	1.000000000000000e+00	8168	0	442
444	5.700127018922000e+02 7.500000000000000e+02 3.592584956082000e+02	 0.000000000000000e+00 -0.000000000000000e+00  0.000000000000000e+00	1.000000000000000e+00	8168	1	444
445	-2.391627746142000e+02 -6.515330375479000e+02 -4.731331821944000e+02	-1.100000000000000e-08 -1.910000000000000e-08  1.409000000000000e-07	1.000000000000000e+00	8168	0	445
446	-1.773138364063000e+02 -5.444075341775000e+02 -4.468747116118000e+02	 1.210000000000000e-08  2.100000000000000e-08 -8.090000000000000e-08	1.000000000000000e+00	8168	0	446
447	4.654333136551000e+02 5.688631861489000e+02 4.788511300867000e+02	-1.424700000000000e-06 -2.467631250000000e-06 -2.446813125000000e-05	5.625000000000000e-01	8168	0	447
448	4.160631143749000e+02 4.833514926157000e+02 4.249541087171000e+02	 8.620773170471191e-07  1.493156596755981e-06 -4.513393051528931e-05	7.508468627929688e-02	8168	0	448
449	 7.649149940370000e+01 -1.048037973227000e+02 -2.195325397559000e+02	-7.137700000000000e-06 -1.236290000000000e-05  1.421480000000000e-05	1.000000000000000e+00	8168	0	449
450	 1.514302346720000e+01 -2.110624746115000e+02 -3.006248295778000e+02	 1.706600000000000e-06  2.955900000000000e-06 -6.099600000000000e-06	1.000000000000000e+00	8168	0	450
451	2.237041704736000e+02 1.501760284885000e+02 7.628624735850001e+01	-3.359570000000000e-05 -5.818940000000000e-05  6.457660000000000e-05	1.000000000000000e+00	8168	0	451
452	2.720307272056000e+02 2.338800801031000e+02 1.710001826625000e+02	4.433250000000000e-05 7.678612500000001e-05 2.258744250000000e-04	7.500000000000000e-01	8168	0	452
453	 3.302109931052000e+02 -7.023048454796000e+02  3.592584956082000e+02	 1.424300000000000e-06 -2.395000000000000e-07  0.000000000000000e+00	1.000000000000000e+00	8168	0	453
455	-3.745270002261000e+02 -3.681075623717000e+02  6.278562059737001e+02	 3.578600000000000e-06  6.198200000000000e-06 -1.238430000000000e-05	1.000000000000000e+00	491	0	455
459	 3.454341075805000e+02 -5.962054279097000e+02  3.592584956082000e+02	 8.199100000000001e-06 -9.532000000000000e-07  0.000000000000000e+00	1.000000000000000e+00	8168	0	459
460	3.989273312953000e+02 1.486057701824000e+02 3.592584956082000e+02	 5.872650000000000e-05 -2.121800000000000e-06  0.000000000000000e+00	1.000000000000000e+00	8168	0	460
465	 4.216320973930000e+01  6.392466420189000e+02 -1.159425144917000e+02	-4.739100000000000e-06  8.414100000000000e-06  0.000000000000000e+00	1.000000000000000e+00	661	0	465
468	-7.152941035200000e+02  7.162400660260001e+01  6.580962442277000e+02	-1.705920000000000e-05 -5.183300000000000e-06  0.000000000000000e+00	1.000000000000000e+00	1105	0	468
471	 3.579805106487000e+02 -4.742649914982000e+02  3.592584956082000e+02	 1.619910000000000e-05 -1.474900000000000e-06  0.000000000000000e+00	1.000000000000000e+00	8168	0	471
479	7.499243601122000e+02 5.715767664980000e+01 6.580962442277000e+02	 2.650906933593750e-06 -3.365241503906250e-06  0.000000000000000e+00	2.373046875000000e-01	1105	0	479
483	 5.135962572932000e+02 -3.703542432597000e+02  1.469693845670000e+01	 1.337850000000000e-05 -1.876300000000000e-06  0.000000000000000e+00	1.000000000000000e+00	5009	0	483
484	-6.213318421977000e+02  9.345759088890000e+01  6.580962442277000e+02	-6.000750000000000e-05 -3.061800000000000e-06  0.000000000000000e+00	1.000000000000000e+00	1105	0	484
486	-3.789813783436000e+02 -6.309613616986001e+02  5.829785587824000e+02	-1.248990000000000e-05  2.127860000000000e-05  0.000000000000000e+00	1.000000000000000e+00	8190	0	486
487	5.265105119544000e+02 6.746519967872000e+02 2.286190426598000e+02	-1.267709062500000e-05 -2.195737031250000e-05  2.861114062500000e-05	4.218750000000000e-01	8168	0	487
488	 4.621725711554000e+02  5.002637813783000e+02 -6.607250378194000e+02	 1.416000000000000e-07 -2.453000000000000e-07 -1.131000000000000e-06	1.000000000000000e+00	0	0	488
490	5.054877414834000e+02 5.343986669117000e+02 3.804874067123000e+02	2.681500000000000e-06 1.740600000000000e-06 0.000000000000000e+00	1.000000000000000e+00	8006	0	490
491	-5.204724275474000e+02 -6.208924576247000e+02  4.241828857247000e+02	-6.121000000000000e-07 -1.060200000000000e-06 -9.798300000000001e-06	1.000000000000000e+00	491	0	491
494	 8.615081260000000e+00 -6.869340425922001e+02  9.471360338760000e+01	 1.169200000000000e-06 -1.225900000000000e-06  0.000000000000000e+00	1.000000000000000e+00	8168	0	494
495	 5.299430173289001e+02 -2.450467176758000e+02  1.469693845670000e+01	 2.243270000000000e-05 -2.654300000000000e-06  0.000000000000000e+00	1.000000000000000e+00	5009	0	495
496	 3.441280005685000e+02 -6.960627211547001e+02  1.788539326280000e+01	 1.689675000000000e-06  2.926575000000000e-06 -2.364300000000000e-05	7.500000000000000e-01	8168	0	496
497	-4.702146959125000e+02 -5.338435129599001e+02  5.017248022690000e+02	 2.888400000000000e-06  5.002900000000000e-06 -8.211200000000000e-06	1.000000000000000e+00	491	0	497
499	 5.032102122357000e+02 -4.205242479667000e+02 -2.679020227152000e+02	9.060000000000000e-08 1.569000000000000e-07 4.905000000000000e-06	1.000000000000000e+00	8168	0	499
501	-5.120361009264000e+02  1.062757792885000e+02  6.580962442277000e+02	-5.818730000000000e-05  1.174950000000000e-05  0.000000000000000e+00	1.000000000000000e+00	1105	0	501
503	-4.278723872849000e+02  1.102243665458000e+02  6.580962442277000e+02	-1.761910000000000e-05  2.252720000000000e-05  0.000000000000000e+00	1.000000000000000e+00	1105	0	503
505	5.308877207918000e+02 1.200141832969000e+02 2.286190426598000e+02	-3.890000000000000e-07  5.470000000000000e-08  0.000000000000000e+00	1.000000000000000e+00	8168	0	505
507	-5.691532581645000e+02 -7.052101296080000e+02  3.237709646689000e+02	 4.860000000000000e-07  8.417000000000000e-07 -4.923600000000001e-06	1.000000000000000e+00	491	0	507
512	 9.273751905700000e+01  6.673252578904001e+02 -1.159425144917000e+02	-1.824300000000000e-06  3.325300000000000e-06  0.000000000000000e+00	1.000000000000000e+00	661	0	512
519	-3.570091813619000e+02  1.104621862459000e+02  6.580962442277000e+02	-4.759300000000000e-06  2.886470000000000e-05  0.000000000000000e+00	1.000000000000000e+00	1105	0	519
521	-5.941919129431001e+02 -7.485783518378000e+02  2.417887896542000e+02	 9.792377929687501e-08  1.696135253906250e-07 -2.625717041015625e-07	1.779785156250000e-01	491	0	521
523	 5.024171519570000e+01  6.910882722200000e+02 -6.300500896418000e+02	3.155900000000000e-06 0.000000000000000e+00 4.474800000000000e-06	1.000000000000000e+00	8168	0	523
527	5.573105669456000e+02 2.217115448511000e+02 1.469693845670000e+01	 5.200230000000000e-05 -8.095000000000000e-07  0.000000000000000e+00	1.000000000000000e+00	5009	0	527
529	-3.498972243501000e+02 -3.254475391756000e+02  6.547068790594001e+02	 3.007100000000000e-06  5.208500000000000e-06 -1.155080000000000e-05	1.000000000000000e+00	491	0	529
530	-5.402220684559001e+02  6.910882722200000e+02  5.114713930446000e+02	-1.554952500000000e-05  0.000000000000000e+00 -1.497945000000000e-05	7.500000000000000e-01	8168	0	530
531	5.429177803074000e+02 7.030702191879001e+02 5.215090629634000e+02	 4.433062500000000e-07  7.678125000000001e-07 -5.074523437500000e-06	4.218750000000000e-01	8168	0	531
535	 4.337599975502000e+02  5.494758024364000e+02 -6.751954667294000e+02	 6.097500000000000e-08 -1.056000000000000e-07 -1.283025000000000e-06	7.500000000000000e-01	0	0	535
537	-2.899273505421000e+02  1.084058662866000e+02  6.580962442277000e+02	-2.627400000000000e-06  3.503870000000000e-05  0.000000000000000e+00	1.000000000000000e+00	1105	0	537
538	-6.584341291617001e+02  1.521820644045000e+02  1.077775486825000e+02	-2.186330000000000e-05  7.962000000000000e-07  0.000000000000000e+00	1.000000000000000e+00	23	0	538
540	-7.089899039329000e+02 -6.559339317242001e+02 -1.159425144917000e+02	1.437800000000000e-06 2.928200000000000e-06 0.000000000000000e+00	1.000000000000000e+00	661	0	540
545	-2.263079400561000e+02  1.046607240558000e+02  6.580962442277000e+02	-1.988600000000000e-06  4.142910000000000e-05  0.000000000000000e+00	1.000000000000000e+00	1105	0	545
547	-6.718533111346001e+02 -2.268259553281000e+02  1.077775486825000e+02	-5.458500000000000e-05  1.245400000000000e-06  0.000000000000000e+00	1.000000000000000e+00	23	0	547
553	5.562012424325001e+02 8.818127377710000e+01 1.469693845670000e+01	 4.661450000000000e-05 -2.892000000000000e-07  0.000000000000000e+00	1.000000000000000e+00	5009	0	553
560	-7.298630475251000e+02 -6.160487672165000e+02 -1.159425144917000e+02	1.958900000000000e-06 9.284000000000001e-07 0.000000000000000e+00	1.000000000000000e+00	661	0	560
566	-6.679550724230000e+02 -9.508086608850000e+01  1.077775486825000e+02	-3.938710000000000e-05  1.361400000000000e-06  0.000000000000000e+00	1.000000000000000e+00	23	0	566
567	-6.631872930479000e+02  2.832368687470000e+01  1.077775486825000e+02	-2.818870000000000e-05  1.126900000000000e-06  0.000000000000000e+00	1.000000000000000e+00	23	0	567
568	-1.607340168415000e+02  9.949954572600001e+01  6.580962442277000e+02	2.211400000000000e-06 4.821690000000000e-05 0.000000000000000e+00	1.000000000000000e+00	1105	0	568
571	-5.799367167246000e+02  2.538802054193000e+02 -1.159425144917000e+02	-6.579160000000001e-05  1.066292000000000e-04  0.000000000000000e+00	1.000000000000000e+00	661	0	571
572	-3.678876952000000e+02  6.910882722200000e+02  1.518683640526000e+02	-2.350669042968750e-06 -4.168968750000000e-07  1.979927929687500e-06	2.373046875000000e-01	8168	0	572
582	-4.260980139192000e+02 -6.576921648751000e+02  5.829785587824000e+02	-1.323410000000000e-05  2.400950000000000e-05  0.000000000000000e+00	1.000000000000000e+00	8190	0	582
583	-9.631385935710000e+01  9.368916004190001e+01  6.580962442277000e+02	4.965700000000001e-06 5.542540000000000e-05 0.000000000000000e+00	1.000000000000000e+00	1105	0	583
585	 4.039113777621000e+02  6.011751284452000e+02 -6.931614137454001e+02	-1.947300000000000e-06  3.372800000000000e-06 -2.334100000000000e-06	1.000000000000000e+00	0	0	585
589	 1.442022321479000e+02  6.946818399650000e+02 -1.159425144917000e+02	 4.811000000000000e-07 -9.506000000000001e-07  0.000000000000000e+00	1.000000000000000e+00	661	0	589
595	5.339176757591000e+02 4.924584662240000e+02 3.804874067123000e+02	2.697800000000000e-06 2.110700000000000e-06 0.000000000000000e+00	1.000000000000000e+00	8006	0	595
598	 9.632639776520000e+01  6.910882722200000e+02 -6.583678211273000e+02	1.584500000000000e-06 0.000000000000000e+00 2.709800000000000e-06	1.000000000000000e+00	8168	0	598
600	-3.341254766940000e+01  8.755054422150000e+01  6.580962442277000e+02	6.983300000000001e-06 6.305380000000000e-05 0.000000000000000e+00	1.000000000000000e+00	1105	0	600
602	-4.295820097620000e+02  6.910882722200000e+02  6.945417738540000e+01	-2.501650000000000e-05  0.000000000000000e+00  8.798400000000000e-06	1.000000000000000e+00	8168	0	602
610	-5.728722045672000e+02  6.910882722200000e+02  5.490038502682000e+02	-1.315610000000000e-05  0.000000000000000e+00 -1.205520000000000e-05	1.000000000000000e+00	8168	0	610
611	-6.742769164238000e+02 -3.601887344704000e+02  1.077775486825000e+02	-6.952010000000001e-05  1.192300000000000e-06  0.000000000000000e+00	1.000000000000000e+00	23	0	611
615	 4.300000000000000e+02 -5.473280551918000e+02 -2.606506917860000e+02	0.000000000000000e+00 0.000000000000000e+00 0.000000000000000e+00	1.000000000000000e+00	8168	0	615
616	-3.241943553356000e+02 -2.809288641421000e+02  6.792350986712000e+02	 2.277800000000000e-06  3.945200000000000e-06 -1.011680000000000e-05	1.000000000000000e+00	491	0	616
618	2.793375297720000e+01 8.104783882290000e+01 6.580962442277000e+02	9.237300000000000e-06 7.108660000000000e-05 0.000000000000000e+00	1.000000000000000e+00	1105	0	618
620	 3.735705465043000e+02  6.537269897275000e+02 -7.080077480597000e+02	-4.157957163619995e-06  7.201792735290528e-06 -3.221711193466187e-06	7.508468627929688e-02	0	0	620
625	-6.868703624292000e+02  1.943927319108000e+02 -1.159425144917000e+02	-5.954830000000000e-05  1.504046000000000e-04  0.000000000000000e+00	1.000000000000000e+00	661	0	625
627	 5.162158976134000e+02 -6.756903169834001e+02  2.286190426598000e+02	-1.698680000000000e-05  3.487180000000000e-05  0.000000000000000e+00	1.000000000000000e+00	8168	0	627
630	-3.355656586424000e+02  6.910882722200000e+02  1.797936479507000e+02	-7.424504296875000e-06  0.000000000000000e+00 -3.133972265625000e-06	3.164062500000000e-01	8168	0	630
631	8.805429959600001e+01 7.394696190580001e+01 6.580962442277000e+02	1.213260000000000e-05 7.956660000000000e-05 0.000000000000000e+00	1.000000000000000e+00	1105	0	631
639	 1.464507935521000e+02  6.910882722200000e+02 -6.848977752924001e+02	6.609000000000000e-07 0.000000000000000e+00 1.284500000000000e-06	1.000000000000000e+00	8168	0	639
646	 3.686955609176000e+02 -3.421416572893000e+02  3.592584956082000e+02	 2.565300000000000e-05 -1.825900000000000e-06  0.000000000000000e+00	1.000000000000000e+00	8168	0	646
647	 3.770666138026000e+02 -2.129235327722000e+02  3.592584956082000e+02	 3.516210000000000e-05 -2.181800000000000e-06  0.000000000000000e+00	1.000000000000000e+00	8168	0	647
655	 1.971809612180000e+02  7.209595774956000e+02 -1.159425144917000e+02	 1.810600000000000e-06 -3.855400000000000e-06  0.000000000000000e+00	1.000000000000000e+00	661	0	655
660	-4.740526014752000e+02 -6.833028373705000e+02  5.829785587824000e+02	-1.393250000000000e-05  2.666910000000000e-05  0.000000000000000e+00	1.000000000000000e+00	8190	0	660
664	1.478311612254000e+02 6.588735736490000e+01 6.580962442277000e+02	1.488620000000000e-05 8.872300000000000e-05 0.000000000000000e+00	1.000000000000000e+00	1105	0	664
681	 3.354339205532000e+02  7.197815635041001e+02 -7.318691084268000e+02	-8.450237076759339e-07  1.463627666759491e-06 -1.199066774654388e-06	5.631351470947266e-02	0	0	681
688	-6.075458337824000e+02  6.910882722200000e+02  5.879063010299001e+02	-9.673500000000000e-06  0.000000000000000e+00 -9.954700000000000e-06	1.000000000000000e+00	8168	0	688
689	2.076635944515000e+02 5.656821886130000e+01 6.580962442277000e+02	1.675610000000000e-05 9.875340000000001e-05 0.000000000000000e+00	1.000000000000000e+00	1105	0	689
696	 4.690950279216000e+02 -4.796134805082000e+02 -2.650585345529000e+02	7.074843750000000e-08 1.225125000000000e-07 2.960170312500000e-06	3.164062500000000e-01	8168	0	696
703	2.681453801371000e+02 4.576984290500000e+01 6.580962442277000e+02	1.818670000000000e-05 1.097254000000000e-04 0.000000000000000e+00	1.000000000000000e+00	1105	0	703
707	 3.850132851367000e+02 -7.908122720200001e+01  3.592584956082000e+02	 4.410240000000000e-05 -2.692600000000000e-06  0.000000000000000e+00	1.000000000000000e+00	8168	0	707
708	 4.240957480034000e+02 -5.473280551918000e+02 -2.583019081991000e+02	1.319988784790039e-07 0.000000000000000e+00 8.425502929687500e-08	1.001129150390625e-01	8168	0	708
710	3.345025076810000e+02 3.262092473030000e+01 6.580962442277000e+02	2.198850000000000e-05 1.221724000000000e-04 0.000000000000000e+00	1.000000000000000e+00	1105	0	710
712	-3.382446360320000e+02  6.910882722200000e+02  2.106545776440000e+02	-1.267790625000000e-05  0.000000000000000e+00 -6.186037500000001e-06	5.625000000000000e-01	8168	0	712
714	4.957289041422000e+02 1.654259387100000e+00 6.580962442277000e+02	7.304330000000001e-05 1.513533000000000e-04 0.000000000000000e+00	1.000000000000000e+00	1105	0	714
715	 5.668419661053000e+02 -6.944780892500000e+00  6.580962442277000e+02	7.622470000000000e-05 1.681519000000000e-04 0.000000000000000e+00	1.000000000000000e+00	1105	0	715
717	 6.178704355102000e+02 -7.092015305200000e+00  6.580962442277000e+02	8.660890000000000e-05 1.673128000000000e-04 0.000000000000000e+00	1.000000000000000e+00	1105	0	717
718	-5.299326398735000e+02  7.028022067029000e+02 -6.793251553319001e+02	5.079590000000000e-05 6.093160000000000e-05 0.000000000000000e+00	1.000000000000000e+00	8168	0	718
720	6.597920641216000e+02 5.936556091000000e-01 6.580962442277000e+02	7.685570000000000e-05 1.485860000000000e-04 0.000000000000000e+00	1.000000000000000e+00	1105	0	720
722	 1.997509201017000e+02  6.910882722200000e+02 -7.088961744988001e+02	-1.300000000000000e-09  0.000000000000000e+00 -2.210000000000000e-08	1.000000000000000e+00	8168	0	722
728	 4.751814053427000e+02 -6.255845448027001e+02 -3.698399501034000e+02	-1.328650000000000e-05  2.301290000000000e-05  3.878350000000000e-05	1.000000000000000e+00	8168	0	728
729	7.019585574948001e+02 1.937333369890000e+01 6.580962442277000e+02	4.296682500000000e-05 9.923865000000001e-05 0.000000000000000e+00	7.500000000000000e-01	1105	0	729
733	5.864148137332000e+02 4.346730461214000e+02 3.804874067123000e+02	1.541000000000000e-06 1.667300000000000e-06 0.000000000000000e+00	1.000000000000000e+00	8006	0	733
737	-6.469810979365001e+02  6.910882722200000e+02  6.313669114726000e+02	-9.633700000000001e-06  0.000000000000000e+00 -2.381300000000000e-06	1.000000000000000e+00	8168	0	737
740	-2.974342410487000e+02 -2.345789865809000e+02  7.012192768794000e+02	 1.599100000000000e-06  2.769600000000000e-06 -8.296700000000000e-06	1.000000000000000e+00	491	0	740
745	-5.825401624327001e+02  7.500000000000000e+02 -6.793251553319001e+02	1.593521000000000e-04 1.776167000000000e-04 0.000000000000000e+00	1.000000000000000e+00	8168	1	745
746	-8.350924900630001e+01  6.910882722200000e+02 -5.199618537541000e+02	 1.536610000000000e-05  0.000000000000000e+00 -9.502000000000000e-06	1.000000000000000e+00	8168	0	746
747	6.164867086102000e+02 4.090023731334000e+02 3.804874067123000e+02	2.808000000000000e-07 3.106000000000000e-07 0.000000000000000e+00	1.000000000000000e+00	8006	0	747
755	-2.680979211621000e+02  5.512744225350000e+02 -6.793251553319001e+02	 1.614000000000000e-07 -2.477450000000000e-05  0.000000000000000e+00	1.000000000000000e+00	8168	0	755
771	6.558651124491000e+02 3.773649537996000e+02 3.804874067123000e+02	-2.522700000000000e-06 -3.120000000000000e-06  0.000000000000000e+00	1.000000000000000e+00	8006	0	771
776	 2.558849084857000e+02  6.910882722200000e+02 -7.302332623124000e+02	-2.517000000000000e-07  0.000000000000000e+00 -6.807000000000000e-07	1.000000000000000e+00	8168	0	776
805	-1.013829148262000e+02  3.730541515612000e+02 -7.380840398172001e+02	 4.212194586753845e-06 -7.295732242172957e-06 -1.553639857394099e-05	3.167635202407837e-02	8168	0	805
828	-1.383369193614000e+02  3.403479836873000e+02 -7.451663855314000e+02	8.357826599121093e-07 0.000000000000000e+00 1.746269577026367e-07	1.001129150390625e-01	8168	0	828
864	-2.695951321524000e+02 -1.863602355350000e+02  7.204294587391000e+02	 9.796000000000001e-07  1.696700000000000e-06 -6.060800000000000e-06	1.000000000000000e+00	491	0	864
865	 3.995998471904000e+02 -5.473280551918000e+02 -2.192495227015000e+02	-1.153462500000000e-06  0.000000000000000e+00 -4.406681250000000e-06	5.625000000000000e-01	8168	0	865
909	-1.272672889664000e+02  6.910882722200000e+02  3.592584956082000e+02	0.000000000000000e+00 0.000000000000000e+00 0.000000000000000e+00	4.218750000000000e-01	8168	0	909
1000	-3.604489339355000e+02  6.910882722200000e+02  2.639890995567000e+02	-1.828330000000000e-05  0.000000000000000e+00 -1.025050000000000e-05	1.000000000000000e+00	8168	0	1000
1002	7.015551218114000e+02 3.403189868801000e+02 3.804874067123000e+02	-4.949100000000000e-06 -5.568200000000000e-06  0.000000000000000e+00	1.000000000000000e+00	8006	0	1002
1003	-4.475422329955000e+02  6.910882722200000e+02  3.967679385952000e+02	-2.499744375000000e-05  0.000000000000000e+00 -1.302134062500000e-05	4.218750000000000e-01	8168	0	1003
1011	6.940532120094000e+02 2.753039124995000e+02 1.615002900373000e+02	-1.706568750000000e-06  2.955867187500000e-06  4.466264062500000e-06	3.164062500000000e-01	8168	0	1011
1012	 3.847101868896000e+02 -5.473280551918000e+02 -1.623818053810000e+02	-9.190700000000000e-06  0.000000000000000e+00 -1.234000000000000e-06	1.000000000000000e+00	8168	0	1012
1014	-3.328510187120000e+02  6.206216959055000e+02  1.518683640526000e+02	-1.118600000000000e-06 -4.201000000000000e-07  0.000000000000000e+00	1.000000000000000e+00	8168	0	1014
1015	-3.580606929960000e+02  6.863465040266000e+02  1.518683640526000e+02	-7.772000000000001e-07  2.278000000000000e-07  0.000000000000000e+00	1.000000000000000e+00	8168	0	1015
1020	-3.627571898006000e+02  6.863610614932001e+02  1.518683640526000e+02	-1.760895703125000e-06 -1.025346093750000e-06  0.000000000000000e+00	2.373046875000000e-01	8168	0	1020
1081	-5.239448966105000e+02 -7.088331463756000e+02  5.829785587824000e+02	-1.219820000000000e-05  2.494900000000000e-05  0.000000000000000e+00	1.000000000000000e+00	8190	0	1081
1396	-4.418455900938000e+02  6.910882722200000e+02 -3.933347957410000e+01	-7.443140000000001e-05  0.000000000000000e+00  1.565272000000000e-04	1.000000000000000e+00	8168	0	1396
1705	 3.884121158686000e+02 -5.473280551918000e+02 -1.027245544621000e+02	-1.342070000000000e-05  0.000000000000000e+00  1.779970000000000e-05	1.000000000000000e+00	8168	0	1705
1759	5.473298499419000e+02 7.107121479614000e+02 2.655177588101000e+02	-1.174977773437500e-05 -2.035121835937500e-05 -1.307773476562500e-05	3.164062500000000e-01	8168	0	1759
1801	-2.408146064835000e+02 -1.365109028080000e+02  7.363837205019000e+02	 3.609000000000000e-07  6.251000000000001e-07 -3.283700000000000e-06	1.000000000000000e+00	491	0	1801
3478	2.975475535090000e+02 2.780765197084000e+02 2.286190426598000e+02	-6.939280000000000e-05 -1.201919000000000e-04  0.000000000000000e+00	1.000000000000000e+00	8168	0	3478
4128	-6.640197046127000e+02 -7.115669920337000e+02 -1.159425144917000e+02	-4.523000000000000e-07  3.213800000000000e-06  0.000000000000000e+00	1.000000000000000e+00	661	0	4128
4213	-3.236537318616000e+02  6.910882722200000e+02 -2.752021901422000e+02	-3.842700000000000e-06  0.000000000000000e+00 -5.830370000000000e-05	1.000000000000000e+00	8168	0	4213
4214	4.323935536718000e+02 7.349731084610000e+02 2.286190426598000e+02	 6.035775000000001e-06 -1.297222500000000e-05  0.000000000000000e+00	7.500000000000000e-01	8168	0	4214
4220	 4.300000000000000e+02 -5.473280551918000e+02  8.956488194300000e+00	0.000000000000000e+00 0.000000000000000e+00 0.000000000000000e+00	5.625000000000000e-01	8168	0	4220
4225	-2.330211338944000e+02  6.910882722200000e+02 -4.002291274147000e+02	 1.304845658333302e-05  0.000000000000000e+00 -1.856283643720150e-05	4.223513603210449e-02	8168	0	4225
4234	5.655144953281000e+02 7.422088776880000e+02 3.231500654067000e+02	-2.344200000000000e-06 -4.060275000000001e-06 -6.793725000000001e-06	7.500000000000000e-01	8168	0	4234
4235	5.228993232196000e+02 6.715771631776000e+02 2.286190426598000e+02	-1.362932578125000e-05 -2.162497500000000e-05  0.000000000000000e+00	3.164062500000000e-01	8168	0	4235
4236	5.415218941896001e+02 3.900481241642000e+02 2.286190426598000e+02	 4.902950000000000e-05 -3.111080000000000e-05  0.000000000000000e+00	1.000000000000000e+00	8168	0	4236
4240	5.277904549144000e+02 5.399874739526000e+02 2.286190426598000e+02	 1.739900000000000e-06 -2.260000000000000e-08  0.000000000000000e+00	1.000000000000000e+00	8168	0	4240
4244	4.879521550670000e+02 3.549751024573000e+02 2.286190426598000e+02	 3.613380000000000e-05 -6.072330000000000e-05  0.000000000000000e+00	1.000000000000000e+00	8168	0	4244
4245	3.661381328980000e+02 2.927623943832000e+02 2.286190426598000e+02	 1.844800000000000e-06 -1.088773000000000e-04  0.000000000000000e+00	1.000000000000000e+00	8168	0	4245
4250	3.995392501384000e+02 1.925323730790000e+01 6.580962442277000e+02	4.900960000000000e-05 1.306741000000000e-04 0.000000000000000e+00	1.000000000000000e+00	1105	0	4250
4258	-2.629656349233000e+02  6.910882722200000e+02 -3.656322576721000e+02	 1.857630000000000e-05  0.000000000000000e+00 -4.502220000000000e-05	1.000000000000000e+00	8168	0	4258
4264	4.007093810146000e+02 3.083568806843000e+02 3.592584956082000e+02	3.741155859375000e-05 9.947780859375002e-06 0.000000000000000e+00	3.164062500000000e-01	8168	0	4264
4270	 4.277892640397000e+02 -5.434989481863000e+02  1.590229871190000e+01	 2.899222558593750e-06 -5.021604492187500e-06 -6.881693554687501e-06	2.373046875000000e-01	8168	0	4270
4273	-3.764651681410000e+02  6.910882722200000e+02 -1.893405523772000e+02	-1.228754000000000e-04  0.000000000000000e+00  1.128019000000000e-04	1.000000000000000e+00	8168	0	4273
4275	4.339695032922000e+02 3.249115616135000e+02 2.286190426598000e+02	 4.722930000000000e-05 -9.496530000000000e-05  0.000000000000000e+00	1.000000000000000e+00	8168	0	4275
4276	 3.846580551205000e+02 -6.258626074371000e+02  1.670057129430000e+01	2.771362000000000e-04 4.800139000000000e-04 3.620120000000000e-05	1.000000000000000e+00	8168	0	4276
4287	-5.790866781992000e+02 -7.310249316645001e+02  5.829785587824000e+02	-2.586000000000000e-06  6.829800000000000e-06  0.000000000000000e+00	1.000000000000000e+00	8190	0	4287
4288	3.752681660450000e+02 4.126925694162000e+02 3.592584956082000e+02	-3.496492434202104e-05 -6.056102124919983e-05  0.000000000000000e+00	3.745770461819845e-02	8168	0	4288
4292	5.240053241104000e+02 5.999386605138001e+02 2.286190426598000e+02	-3.923800000000000e-06 -2.580000000000000e-08  0.000000000000000e+00	1.000000000000000e+00	8168	0	4292
4296	5.841067857394000e+02 3.710714938073000e+02 2.286190426598000e+02	2.144010937500000e-06 4.825068750000000e-06 0.000000000000000e+00	4.218750000000000e-01	8168	0	4296
4297	5.296970503057000e+02 4.796230631956000e+02 2.286190426598000e+02	2.240100000000000e-05 1.169700000000000e-06 0.000000000000000e+00	1.000000000000000e+00	8168	0	4297
4303	3.754428069715000e+02 4.129950563740000e+02 3.629161243476000e+02	 9.335293505859376e-05  1.616920101562500e-04 -8.532135791015624e-05	2.373046875000000e-01	8168	0	4303
4307	-1.401467529417000e+02  4.401950886736000e+02 -7.056738090505000e+02	 4.424740562438964e-06 -7.663883917236329e-06  1.082628972152710e-04	1.001129150390625e-01	8168	0	4307
4309	 4.450060602580000e+02 -5.301597701176000e+02  2.286190426598000e+02	-1.439310000000000e-05 -9.821000000000001e-07  0.000000000000000e+00	1.000000000000000e+00	8168	0	4309
4310	7.251770559953001e+02 2.213958333892000e+02 1.208496185028000e+02	 1.666349937515259e-05 -2.886203532142639e-05 -2.050182102928162e-05	7.508468627929688e-02	8168	0	4310
4312	6.482234990967000e+02 3.546833037608000e+02 2.286190426598000e+02	 9.533003906250001e-07 -1.651142285156250e-06  2.603683300781250e-06	2.373046875000000e-01	8168	0	4312
4315	6.385573564751001e+02 3.527757381961000e+02 2.286190426598000e+02	-1.863300000000000e-06 -5.252000000000001e-07  0.000000000000000e+00	1.000000000000000e+00	8168	0	4315
4317	6.045398532717001e+02 6.927118627550000e+02 1.469693845670000e+01	 1.888600000000000e-06 -5.844000000000001e-07  0.000000000000000e+00	1.000000000000000e+00	5009	0	4317
4318	 4.323267449778000e+02 -5.513580957096000e+02  7.737837736360001e+01	-2.971540000000000e-05  5.146860000000000e-05 -1.969471000000000e-04	1.000000000000000e+00	8168	0	4318
4319	 5.393408415457001e+02 -7.367119480913000e+02 -6.245687849690000e+02	 7.527930000000000e-05 -1.303875000000000e-04 -4.192480000000000e-04	1.000000000000000e+00	8168	0	4319
4320	-2.177723020978000e+02  5.104995916323000e+02 -6.793251553319001e+02	 3.048055312500000e-05 -2.621872705078125e-05  0.000000000000000e+00	2.373046875000000e-01	8168	0	4320
4321	-1.429168058753000e+02  6.910882722200000e+02 -4.598202056728000e+02	-7.722101579589844e-05  0.000000000000000e+00  6.663396379394532e-05	1.779785156250000e-01	8168	0	4321
4322	-7.021712591032000e+02  6.910882722200000e+02  6.908055665768001e+02	-2.383017000000000e-04  0.000000000000000e+00  2.592235000000000e-04	1.000000000000000e+00	8168	0	4322
0	 5.000000000000000e-01 -8.660254037844386e-01  0.000000000000000e+00	8.660254037844385e-01 5.000000000000000e-01 0.000000000000000e+00	5.632499999999998e+02 3.251925391210567e+02 0.000000000000000e+00	1	0	0.000000000000000e+00	0.000000000000000e+00	0.000000000000000e+00	9.296653971379987e+04
1	5.000000000000000e-01 8.660254037844386e-01 0.000000000000000e+00	0.000000000000000e+00 0.000000000000000e+00 1.000000000000000e+00	0.000000000000000e+00 0.000000000000000e+00 2.286190426597633e+02	1	0	0.000000000000000e+00	0.000000000000000e+00	0.000000000000000e+00	3.548969063779892e+05
3	-5.000000000000000e-01 -8.660254037844386e-01  0.000000000000000e+00	0.000000000000000e+00 0.000000000000000e+00 1.000000000000000e+00	0.000000000000000e+00 0.000000000000000e+00 6.580962442277471e+02	1	0	0.000000000000000e+00	0.000000000000000e+00	0.000000000000000e+00	1.210736514974700e+06
4	-1.000000000000000e+00  0.000000000000000e+00  0.000000000000000e+00	0.000000000000000e+00 0.000000000000000e+00 1.000000000000000e+00	-0.000000000000000e+00 -0.000000000000000e+00 -1.159425144917371e+02	1	0	0.000000000000000e+00	0.000000000000000e+00	0.000000000000000e+00	1.947906231807661e+06
7	-5.000000000000000e-01 -8.660254037844386e-01  0.000000000000000e+00	0.000000000000000e+00 0.000000000000000e+00 1.000000000000000e+00	-0.000000000000000e+00 -0.000000000000000e+00 -1.894272067752324e+02	1	0	0.000000000000000e+00	0.000000000000000e+00	0.000000000000000e+00	1.360974810666468e+06
9	-5.000000000000000e-01 -8.660254037844386e-01  0.000000000000000e+00	 8.660254037844385e-01 -5.000000000000000e-01  0.000000000000000e+00	-1.215000000000000e+02  7.014805770653952e+01 -0.000000000000000e+00	1	0	0.000000000000000e+00	0.000000000000000e+00	0.000000000000000e+00	2.457111251780449e+06
10	-5.000000000000000e-01  8.660254037844386e-01  0.000000000000000e+00	8.660254037844385e-01 5.000000000000000e-01 0.000000000000000e+00	-1.409999999999999e+02 -8.140638795573722e+01 -0.000000000000000e+00	1	0	0.000000000000000e+00	0.000000000000000e+00	0.000000000000000e+00	2.348509716503099e+03
12	1.000000000000000e+00 0.000000000000000e+00 0.000000000000000e+00	 0.000000000000000e+00 -1.000000000000000e+00  0.000000000000000e+00	0.000000000000000e+00 2.381569860407206e+02 0.000000000000000e+00	1	0	0.000000000000000e+00	0.000000000000000e+00	0.000000000000000e+00	2.250000000000000e+06
13	 5.000000000000000e-01 -8.660254037844386e-01  0.000000000000000e+00	0.000000000000000e+00 0.000000000000000e+00 1.000000000000000e+00	0.000000000000000e+00 0.000000000000000e+00 1.518683640525570e+02	1	0	0.000000000000000e+00	0.000000000000000e+00	0.000000000000000e+00	1.230774411533676e+06
15	5.000000000000000e-01 8.660254037844386e-01 0.000000000000000e+00	 8.660254037844385e-01 -5.000000000000000e-01  0.000000000000000e+00	 5.594999999999998e+02 -3.230274756115955e+02  0.000000000000000e+00	1	0	0.000000000000000e+00	0.000000000000000e+00	0.000000000000000e+00	4.854775970209099e+05
18	-5.000000000000000e-01 -8.660254037844386e-01  0.000000000000000e+00	0.000000000000000e+00 0.000000000000000e+00 1.000000000000000e+00	0.000000000000000e+00 0.000000000000000e+00 1.469693845669907e+01	1	0	0.000000000000000e+00	0.000000000000000e+00	0.000000000000000e+00	3.165518470615697e+05
21	-5.000000000000000e-01 -8.660254037844386e-01  0.000000000000000e+00	0.000000000000000e+00 0.000000000000000e+00 1.000000000000000e+00	0.000000000000000e+00 0.000000000000000e+00 3.592584956081994e+02	1	0	0.000000000000000e+00	0.000000000000000e+00	0.000000000000000e+00	1.353232782214895e+03
22	-5.000000000000000e-01 -8.660254037844386e-01  0.000000000000000e+00	 8.660254037844385e-01 -5.000000000000000e-01  0.000000000000000e+00	 1.027500000000000e+02 -5.932274015923404e+01  0.000000000000000e+00	1	0	0.000000000000000e+00	0.000000000000000e+00	0.000000000000000e+00	1.180585728868485e+06
24	5.000000000000000e-01 8.660254037844386e-01 0.000000000000000e+00	 8.660254037844385e-01 -5.000000000000000e-01  0.000000000000000e+00	 7.694999999999998e+02 -4.442710321414170e+02  0.000000000000000e+00	1	0	0.000000000000000e+00	0.000000000000000e+00	0.000000000000000e+00	2.358499358232309e+05
25	-5.000000000000000e-01  8.660254037844386e-01  0.000000000000000e+00	8.660254037844385e-01 5.000000000000000e-01 0.000000000000000e+00	-8.017499999999998e+02 -4.628905783227824e+02 -0.000000000000000e+00	1	0	0.000000000000000e+00	0.000000000000000e+00	0.000000000000000e+00	1.974568915210525e+05
26	1.000000000000000e+00 0.000000000000000e+00 0.000000000000000e+00	0.000000000000000e+00 0.000000000000000e+00 1.000000000000000e+00	0.000000000000000e+00 0.000000000000000e+00 5.829785587823964e+02	1	0	0.000000000000000e+00	0.000000000000000e+00	0.000000000000000e+00	5.172086576140496e+05
27	 5.000000000000000e-01 -8.660254037844386e-01  0.000000000000000e+00	0.000000000000000e+00 0.000000000000000e+00 1.000000000000000e+00	0.000000000000000e+00 0.000000000000000e+00 6.580962442277471e+02	1	0	0.000000000000000e+00	0.000000000000000e+00	0.000000000000000e+00	1.247392812127589e+04
28	1.000000000000000e+00 0.000000000000000e+00 0.000000000000000e+00	0.000000000000000e+00 0.000000000000000e+00 1.000000000000000e+00	0.000000000000000e+00 0.000000000000000e+00 2.286190426597633e+02	1	0	0.000000000000000e+00	0.000000000000000e+00	0.000000000000000e+00	3.900657064716338e+04
29	1.000000000000000e+00 0.000000000000000e+00 0.000000000000000e+00	 0.000000000000000e+00 -1.000000000000000e+00  0.000000000000000e+00	0.000000000000000e+00 5.715767664977295e+01 0.000000000000000e+00	1	0	0.000000000000000e+00	0.000000000000000e+00	0.000000000000000e+00	2.112144366341550e+06
43	5.000000000000000e-01 8.660254037844386e-01 0.000000000000000e+00	 0.000000000000000e+00  0.000000000000000e+00 -1.000000000000000e+00	-0.000000000000000e+00 -0.000000000000000e+00 -1.159425144917371e+02	1	0	0.000000000000000e+00	0.000000000000000e+00	0.000000000000000e+00	2.022750478032345e+03
55	-1.000000000000000e+00  0.000000000000000e+00  0.000000000000000e+00	0.000000000000000e+00 0.000000000000000e+00 1.000000000000000e+00	-0.000000000000000e+00 -0.000000000000000e+00 -4.262112152442729e+02	1	0	0.000000000000000e+00	0.000000000000000e+00	0.000000000000000e+00	5.555020180102256e+04
66	-5.000000000000000e-01 -8.660254037844386e-01  0.000000000000000e+00	0.000000000000000e+00 0.000000000000000e+00 1.000000000000000e+00	0.000000000000000e+00 0.000000000000000e+00 1.077775486824598e+02	1	0	0.000000000000000e+00	0.000000000000000e+00	0.000000000000000e+00	2.115471148348835e+06
76	-1.000000000000000e+00  0.000000000000000e+00  0.000000000000000e+00	0.000000000000000e+00 0.000000000000000e+00 1.000000000000000e+00	0.000000000000000e+00 0.000000000000000e+00 2.286190426597633e+02	1	0	0.000000000000000e+00	0.000000000000000e+00	0.000000000000000e+00	1.014396160876575e+03
106	-1.000000000000000e+00  0.000000000000000e+00  0.000000000000000e+00	 0.000000000000000e+00 -1.000000000000000e+00  0.000000000000000e+00	-0.000000000000000e+00 -5.473280551917652e+02 -0.000000000000000e+00	1	0	0.000000000000000e+00	0.000000000000000e+00	0.000000000000000e+00	7.781709926575300e+03
107	 5.000000000000000e-01 -8.660254037844386e-01  0.000000000000000e+00	0.000000000000000e+00 0.000000000000000e+00 1.000000000000000e+00	0.000000000000000e+00 0.000000000000000e+00 3.804874067123203e+02	1	0	0.000000000000000e+00	0.000000000000000e+00	0.000000000000000e+00	2.155991376725351e+06
108	5.000000000000000e-01 8.660254037844386e-01 0.000000000000000e+00	0.000000000000000e+00 0.000000000000000e+00 1.000000000000000e+00	-0.000000000000000e+00 -0.000000000000000e+00 -4.164132562731402e+02	1	0	0.000000000000000e+00	0.000000000000000e+00	0.000000000000000e+00	1.972089090943759e+06
113	 5.000000000000000e-01 -8.660254037844386e-01  0.000000000000000e+00	0.000000000000000e+00 0.000000000000000e+00 1.000000000000000e+00	-0.000000000000000e+00 -0.000000000000000e+00 -6.793251553318680e+02	1	0	0.000000000000000e+00	0.000000000000000e+00	0.000000000000000e+00	1.257975661034601e+06
208	1.000000000000000e+00 0.000000000000000e+00 0.000000000000000e+00	 0.000000000000000e+00 -1.000000000000000e+00  0.000000000000000e+00	0.000000000000000e+00 3.403479836872843e+02 0.000000000000000e+00	1	0	0.000000000000000e+00	0.000000000000000e+00	0.000000000000000e+00	2.502139200421609e+04
243	 5.000000000000000e-01 -8.660254037844386e-01  0.000000000000000e+00	0.000000000000000e+00 0.000000000000000e+00 1.000000000000000e+00	0.000000000000000e+00 0.000000000000000e+00 3.592584956081994e+02	1	0	0.000000000000000e+00	0.000000000000000e+00	0.000000000000000e+00	0.000000000000000e+00
246	1.000000000000000e+00 0.000000000000000e+00 0.000000000000000e+00	0.000000000000000e+00 0.000000000000000e+00 1.000000000000000e+00	0.000000000000000e+00 0.000000000000000e+00 3.592584956081994e+02	1	0	0.000000000000000e+00	0.000000000000000e+00	0.000000000000000e+00	0.000000000000000e+00
248	1.000000000000000e+00 0.000000000000000e+00 0.000000000000000e+00	0.000000000000000e+00 0.000000000000000e+00 1.000000000000000e+00	0.000000000000000e+00 0.000000000000000e+00 3.592584956081994e+02	1	0	0.000000000000000e+00	0.000000000000000e+00	0.000000000000000e+00	0.000000000000000e+00
297	-1.000000000000000e+00  0.000000000000000e+00  0.000000000000000e+00	0.000000000000000e+00 1.000000000000000e+00 0.000000000000000e+00	0.000000000000000e+00 6.910882722199819e+02 0.000000000000000e+00	1	0	0.000000000000000e+00	0.000000000000000e+00	0.000000000000000e+00	0.000000000000000e+00
319	5.000000000000000e-01 8.660254037844386e-01 0.000000000000000e+00	0.000000000000000e+00 0.000000000000000e+00 1.000000000000000e+00	0.000000000000000e+00 0.000000000000000e+00 3.592584956081994e+02	1	0	0.000000000000000e+00	0.000000000000000e+00	0.000000000000000e+00	1.353232782214895e+03
320	-1.000000000000000e+00  0.000000000000000e+00  0.000000000000000e+00	 0.000000000000000e+00 -1.000000000000000e+00  0.000000000000000e+00	0.000000000000000e+00 6.910882722199819e+02 0.000000000000000e+00	1	0	0.000000000000000e+00	0.000000000000000e+00	0.000000000000000e+00	1.636098305424772e+06
321	-5.000000000000000e-01 -8.660254037844386e-01  0.000000000000000e+00	0.000000000000000e+00 0.000000000000000e+00 1.000000000000000e+00	0.000000000000000e+00 0.000000000000000e+00 3.592584956081994e+02	1	0	0.000000000000000e+00	0.000000000000000e+00	0.000000000000000e+00	5.303129792395276e+05
323	-5.000000000000000e-01 -8.660254037844386e-01  0.000000000000000e+00	 0.000000000000000e+00  0.000000000000000e+00 -1.000000000000000e+00	0.000000000000000e+00 0.000000000000000e+00 1.518683640525570e+02	1	0	0.000000000000000e+00	0.000000000000000e+00	0.000000000000000e+00	3.840804490695341e+01
324	1.000000000000000e+00 0.000000000000000e+00 0.000000000000000e+00	 0.000000000000000e+00  0.000000000000000e+00 -1.000000000000000e+00	0.000000000000000e+00 0.000000000000000e+00 1.518683640525570e+02	1	0	0.000000000000000e+00	0.000000000000000e+00	0.000000000000000e+00	3.840804490695341e+01
325	-1.000000000000000e+00  0.000000000000000e+00  0.000000000000000e+00	 0.000000000000000e+00  0.000000000000000e+00 -1.000000000000000e+00	0.000000000000000e+00 0.000000000000000e+00 1.518683640525570e+02	1	0	0.000000000000000e+00	0.000000000000000e+00	0.000000000000000e+00	3.840804490695341e+01
327	1.000000000000000e+00 0.000000000000000e+00 0.000000000000000e+00	0.000000000000000e+00 0.000000000000000e+00 1.000000000000000e+00	0.000000000000000e+00 0.000000000000000e+00 1.518683640525570e+02	1	0	0.000000000000000e+00	0.000000000000000e+00	0.000000000000000e+00	1.106332145604687e+01
337	 5.000000000000000e-01 -8.660254037844386e-01  0.000000000000000e+00	8.660254037844385e-01 5.000000000000000e-01 0.000000000000000e+00	8.549999999999997e+01 4.936344801571300e+01 0.000000000000000e+00	1	0	0.000000000000000e+00	0.000000000000000e+00	0.000000000000000e+00	2.461102787267368e+05
340	-5.000000000000000e-01 -8.660254037844386e-01  0.000000000000000e+00	0.000000000000000e+00 0.000000000000000e+00 1.000000000000000e+00	0.000000000000000e+00 0.000000000000000e+00 9.471360338761622e+01	1	0	0.000000000000000e+00	0.000000000000000e+00	0.000000000000000e+00	3.982618675627882e+05
2428	-5.000000000000000e-01  8.660254037844386e-01  0.000000000000000e+00	8.660254037844385e-01 5.000000000000000e-01 0.000000000000000e+00	6.397499999999998e+02 3.693598347140630e+02 0.000000000000000e+00	1	0	0.000000000000000e+00	0.000000000000000e+00	0.000000000000000e+00	3.586429839890319e+05
2429	 5.000000000000000e-01 -8.660254037844386e-01  0.000000000000000e+00	 0.000000000000000e+00  0.000000000000000e+00 -1.000000000000000e+00	0.000000000000000e+00 0.000000000000000e+00 2.286190426597633e+02	1	0	0.000000000000000e+00	0.000000000000000e+00	0.000000000000000e+00	3.411078030267644e+04
2432	5.000000000000000e-01 8.660254037844386e-01 0.000000000000000e+00	0.000000000000000e+00 0.000000000000000e+00 1.000000000000000e+00	0.000000000000000e+00 0.000000000000000e+00 2.286190426597633e+02	1	0	0.000000000000000e+00	0.000000000000000e+00	0.000000000000000e+00	2.670320905314497e+03
0	0	1	1
0	246	0	0
0	1	2	1
0	2	681	0
0	112	246	0
0	247	112	0
0	201	143	0
0	143	247	0
0	436	201	0
0	488	436	0
0	535	488	0
0	585	535	0
0	620	585	0
0	681	620	0
1	4	5	1
1	63	4	1
1	5	6	1
1	6	4312	0
1	292	63	0
1	164	113	0
1	113	328	0
1	144	364	0
1	365	144	0
1	505	164	0
1	328	248	0
1	248	365	0
1	367	249	0
1	249	505	0
1	4309	292	0
1	364	4309	0
1	4315	367	0
1	4312	4315	0
3	10	11	1
3	479	10	0
3	11	12	1
3	12	13	1
3	13	479	0
4	15	16	1
4	104	15	1
4	16	17	1
4	17	655	0
4	101	104	0
4	150	101	1
4	571	116	0
4	116	625	0
4	625	150	0
4	374	151	0
4	151	375	0
4	297	209	0
4	209	374	0
4	255	333	0
4	375	255	0
4	465	297	0
4	333	571	0
4	512	465	0
4	589	512	0
4	655	589	0
7	27	28	1
7	301	27	0
7	28	29	1
7	29	30	1
7	30	302	0
7	119	338	0
7	339	119	0
7	155	382	0
7	383	155	0
7	384	156	0
7	156	385	0
7	213	301	0
7	382	213	0
7	302	214	0
7	214	384	0
7	338	260	0
7	260	383	0
7	261	339	0
7	385	261	0
9	36	37	1
9	159	36	1
9	37	38	1
9	38	39	1
9	39	1801	0
9	491	122	0
9	122	507	0
9	521	159	0
9	216	160	0
9	160	497	0
9	455	216	0
9	507	262	0
9	262	521	0
9	263	491	0
9	497	263	0
9	529	455	0
9	616	529	0
9	740	616	0
9	864	740	0
9	1801	864	0
10	41	42	1
10	161	41	1
10	42	162	0
10	123	161	0
10	162	123	0
12	47	48	1
12	50	47	1
12	48	49	1
12	49	50	1
13	52	53	1
13	305	52	0
13	53	54	1
13	54	55	1
13	55	306	0
13	126	342	0
13	343	126	0
13	167	390	0
13	391	167	0
13	392	168	0
13	168	393	0
13	221	305	0
13	390	221	0
13	222	392	0
13	1014	222	0
13	342	268	0
13	268	391	0
13	269	343	0
13	393	269	0
13	306	572	0
13	572	1015	0
13	1015	1014	0
15	59	60	1
15	496	59	0
15	60	61	1
15	61	62	1
15	62	226	0
15	273	128	0
15	128	499	0
15	226	172	0
15	172	273	0
15	4276	496	0
15	499	696	0
15	696	615	0
15	615	4220	0
15	4220	4276	0
18	71	72	1
18	313	71	0
18	72	73	1
18	73	74	1
18	74	4317	0
18	527	131	0
18	131	553	0
18	177	483	0
18	495	177	0
18	231	313	0
18	406	231	0
18	350	278	0
18	278	407	0
18	279	351	0
18	409	279	0
18	314	408	0
18	4317	314	0
18	553	350	0
18	351	527	0
18	483	406	0
18	407	495	0
18	408	409	0
21	352	416	0
21	909	352	0
21	416	444	0
21	444	909	0
22	87	88	1
22	319	87	0
22	88	89	1
22	89	90	1
22	90	531	0
22	137	439	0
22	440	137	0
22	185	441	0
22	442	185	0
22	237	445	0
22	446	237	0
22	447	238	0
22	238	448	0
22	449	286	0
22	286	450	0
22	287	451	0
22	452	287	0
22	445	319	0
22	438	320	0
22	320	447	0
22	439	358	0
22	358	449	0
22	359	440	0
22	451	359	0
22	441	418	0
22	418	446	0
22	419	442	0
22	450	419	0
22	531	438	0
22	444	4234	0
22	4288	444	0
22	448	4303	0
22	3478	452	0
22	1759	487	0
22	487	3478	0
22	4234	1759	0
22	4303	4288	0
24	97	98	1
24	189	97	0
24	98	99	1
24	99	100	1
24	100	190	0
24	139	189	0
24	190	139	0
25	101	102	1
25	104	101	0
25	102	103	1
25	103	104	1
26	105	106	1
26	4287	105	0
26	106	107	1
26	107	428	0
26	141	362	0
26	363	141	0
26	191	426	0
26	427	191	0
26	428	192	0
26	192	429	0
26	241	323	0
26	426	241	0
26	362	290	0
26	290	427	0
26	291	363	0
26	429	291	0
26	323	486	0
26	486	582	0
26	582	660	0
26	660	1081	0
26	1081	4287	0
27	468	10	0
27	10	479	0
27	484	468	0
27	479	729	0
27	501	484	0
27	503	501	0
27	519	503	0
27	537	519	0
27	545	537	0
27	568	545	0
27	583	568	0
27	600	583	0
27	618	600	0
27	631	618	0
27	664	631	0
27	689	664	0
27	703	689	0
27	710	703	0
27	4250	710	0
27	715	714	0
27	714	4250	0
27	717	715	0
27	720	717	0
27	729	720	0
28	6	4214	0
28	4312	6	0
28	487	3478	0
28	4235	487	0
28	3478	4236	0
28	4214	4235	0
28	4236	4296	0
28	4296	4315	0
28	4315	4312	0
29	10	44	1
29	479	10	0
29	45	13	1
29	13	479	0
29	44	45	1
43	101	104	0
43	560	101	0
43	104	4128	0
43	540	560	0
43	4128	540	0
55	7	8	1
55	204	7	0
55	8	205	1
55	114	250	0
55	251	114	0
55	146	204	0
55	250	146	0
55	205	147	0
55	147	251	0
66	23	24	1
66	378	23	0
66	24	25	1
66	25	26	1
66	26	300	0
66	118	547	0
66	566	118	0
66	153	378	0
66	379	153	0
66	380	154	0
66	154	381	0
66	300	212	0
66	212	380	0
66	258	379	0
66	611	258	0
66	538	259	0
66	259	567	0
66	547	336	0
66	336	611	0
66	337	566	0
66	567	337	0
66	381	538	0
76	292	63	0
76	63	627	0
76	627	292	0
106	708	615	0
106	615	4220	0
106	865	708	0
106	1012	865	0
106	1705	1012	0
106	4220	1705	0
107	92	93	1
107	187	92	1
107	93	94	1
107	94	95	1
107	95	1002	0
107	424	187	0
107	322	424	0
107	490	322	0
107	595	490	0
107	733	595	0
107	747	733	0
107	771	747	0
107	1002	771	0
108	18	19	1
108	298	18	0
108	19	20	1
108	20	21	1
108	21	22	1
108	22	108	0
108	108	243	0
108	117	334	0
108	335	117	0
108	152	376	0
108	377	152	0
108	430	193	0
108	193	431	0
108	210	298	0
108	376	210	0
108	243	430	0
108	334	256	0
108	256	377	0
108	257	335	0
108	431	257	0
113	67	68	1
113	745	67	1
113	68	277	1
113	130	403	0
113	755	130	0
113	402	229	0
113	229	718	0
113	277	349	0
113	349	4320	0
113	403	402	0
113	718	745	0
113	4320	755	0
208	56	57	1
208	307	56	0
208	57	66	1
208	66	828	0
208	127	344	0
208	828	127	0
208	169	394	0
208	395	169	0
208	223	307	0
208	394	223	0
208	344	270	0
208	270	395	0
243	416	352	0
243	352	909	0
243	909	416	0
246	352	416	0
246	909	352	0
246	416	909	0
248	416	352	0
248	352	909	0
248	909	416	0
297	416	352	0
297	352	909	0
297	909	416	0
319	416	444	0
319	909	416	0
319	444	909	0
320	75	76	1
320	776	75	0
320	76	77	1
320	77	78	1
320	78	4322	0
320	108	194	0
320	432	108	0
320	132	179	0
320	746	132	0
320	133	306	0
320	630	133	0
320	179	523	0
320	194	4321	0
320	1396	195	0
320	195	4273	0
320	315	233	0
320	233	1003	0
320	572	281	0
320	281	602	0
320	306	572	0
320	530	315	0
320	352	1000	0
320	1003	352	0
320	4225	432	0
320	602	433	0
320	433	1396	0
320	523	598	0
320	610	530	0
320	598	639	0
320	688	610	0
320	712	630	0
320	639	722	0
320	737	688	0
320	1000	712	0
320	722	776	0
320	4322	737	0
320	4321	746	0
320	4213	4258	0
320	4273	4213	0
320	4258	4225	0
321	83	84	1
321	453	83	0
321	84	85	1
321	85	444	1
321	136	460	0
321	4264	136	0
321	183	646	0
321	647	183	0
321	235	459	0
321	471	235	0
321	356	284	0
321	284	707	0
321	317	453	0
321	459	317	0
321	460	356	0
321	414	471	0
321	646	414	0
321	415	647	0
321	707	415	0
321	444	4288	0
321	4288	4264	0
323	572	306	0
323	306	1015	0
323	1015	572	0
324	572	306	0
324	306	1015	0
324	1015	572	0
325	572	306	0
325	306	1015	0
325	1015	572	0
327	1015	572	0
327	572	1020	0
327	1020	1015	0
337	63	65	1
337	292	63	0
337	65	66	1
337	66	805	0
337	174	401	0
337	728	174	0
337	228	400	0
337	4319	228	0
337	274	292	0
337	4318	274	0
337	349	277	0
337	277	4319	0
337	4307	349	0
337	400	728	0
337	401	615	0
337	615	4220	0
337	805	4307	0
337	4220	4270	0
337	4270	4318	0
340	80	34	1
340	34	434	0
340	79	80	1
340	494	79	0
340	134	354	0
340	355	134	0
340	181	412	0
340	413	181	0
340	198	388	0
340	434	198	0
340	234	316	0
340	412	234	0
340	354	282	0
340	282	413	0
340	283	355	0
340	388	283	0
340	316	494	0
2428	6	32	1
2428	4312	6	0
2428	32	33	1
2428	33	34	1
2428	34	4310	0
2428	4310	1011	0
2428	1011	4312	0
2429	3478	487	0
2429	487	4235	0
2429	4236	3478	0
2429	4235	4292	0
2429	4297	4236	0
2429	4292	4240	0
2429	4240	4297	0
2432	4236	3478	0
2432	3478	4245	0
2432	4244	4236	0
2432	4275	4244	0
2432	4245	4275	0
