452
44
519
0	 7.500000000000000e+02  1.732050807600000e+00 -5.827834968970001e+02	 1.089000000000000e-07 -1.887000000000000e-07 -3.617300000000000e-06	1.000000000000000e+00	0	1	0
1	 7.500000000000000e+02  1.732050807600000e+00 -7.500000000000000e+02	0.000000000000000e+00 0.000000000000000e+00 0.000000000000000e+00	1.000000000000000e+00	0	1	1
2	 3.179872981078000e+02  7.500000000000000e+02 -7.500000000000000e+02	-2.631085810000000e-02  4.557174300000000e-02  0.000000000000000e+00	1.000000000000000e+00	0	1	2
4	 7.500000000000000e+02 -7.500000000000000e+02  2.286190426598000e+02	0.000000000000000e+00 0.000000000000000e+00 0.000000000000000e+00	1.000000000000000e+00	71	1	4
5	7.500000000000000e+02 7.500000000000000e+02 2.286190426598000e+02	0.000000000000000e+00 0.000000000000000e+00 0.000000000000000e+00	1.000000000000000e+00	71	1	5
6	4.199872981078000e+02 7.500000000000000e+02 2.286190426598000e+02	0.000000000000000e+00 0.000000000000000e+00 0.000000000000000e+00	7.500000000000000e-01	71	1	6
7	 7.500000000000000e+02  6.209874088271000e+02 -4.262112152443000e+02	5.200000000000000e-08 3.659000000000000e-07 0.000000000000000e+00	1.000000000000000e+00	6	1	7
8	 7.500000000000000e+02  7.500000000000000e+02 -4.262112152443000e+02	0.000000000000000e+00 0.000000000000000e+00 0.000000000000000e+00	1.000000000000000e+00	6	1	8
10	-7.500000000000000e+02  5.715767664980000e+01  6.580962442277000e+02	0.000000000000000e+00 0.000000000000000e+00 0.000000000000000e+00	1.000000000000000e+00	8	1	10
11	-7.500000000000000e+02 -7.500000000000000e+02  6.580962442277000e+02	0.000000000000000e+00 0.000000000000000e+00 0.000000000000000e+00	1.000000000000000e+00	8	1	11
12	 7.500000000000000e+02 -7.500000000000000e+02  6.580962442277000e+02	0.000000000000000e+00 0.000000000000000e+00 0.000000000000000e+00	1.000000000000000e+00	8	1	12
13	7.500000000000000e+02 5.715767664980000e+01 6.580962442277000e+02	0.000000000000000e+00 0.000000000000000e+00 0.000000000000000e+00	4.218750000000000e-01	8	1	13
15	 7.500000000000000e+02 -7.500000000000000e+02 -1.159425144917000e+02	0.000000000000000e+00 0.000000000000000e+00 0.000000000000000e+00	1.000000000000000e+00	12	1	15
16	 7.500000000000000e+02  7.500000000000000e+02 -1.159425144917000e+02	0.000000000000000e+00 0.000000000000000e+00 0.000000000000000e+00	1.000000000000000e+00	12	1	16
17	 2.603712583332000e+02  7.500000000000000e+02 -1.159425144917000e+02	 1.071570000000000e-05 -2.324090000000000e-05  0.000000000000000e+00	1.000000000000000e+00	12	1	17
18	-7.500000000000000e+02 -9.532806702360000e+01 -4.164132562731000e+02	 8.161000000000000e-07 -6.771000000000000e-07  0.000000000000000e+00	1.000000000000000e+00	71	1	18
19	-7.500000000000000e+02 -7.500000000000000e+02 -4.164132562731000e+02	0.000000000000000e+00 0.000000000000000e+00 0.000000000000000e+00	1.000000000000000e+00	71	1	19
20	 7.500000000000000e+02 -7.500000000000000e+02 -4.164132562731000e+02	0.000000000000000e+00 0.000000000000000e+00 0.000000000000000e+00	1.000000000000000e+00	71	1	20
21	 7.500000000000000e+02  7.500000000000000e+02 -4.164132562731000e+02	0.000000000000000e+00 0.000000000000000e+00 0.000000000000000e+00	1.000000000000000e+00	71	1	21
22	-2.044943978380000e+02  7.500000000000000e+02 -4.164132562731000e+02	-5.049052834796906e-06  7.698057460784913e-08  0.000000000000000e+00	5.631351470947266e-02	71	1	22
23	-7.112362226634000e+02 -7.500000000000000e+02  1.077775486825000e+02	-8.597160000000001e-05  2.088980000000000e-05  0.000000000000000e+00	1.000000000000000e+00	20	1	23
24	 7.500000000000000e+02 -7.500000000000000e+02  1.077775486825000e+02	0.000000000000000e+00 0.000000000000000e+00 0.000000000000000e+00	1.000000000000000e+00	20	1	24
25	7.500000000000000e+02 7.500000000000000e+02 1.077775486825000e+02	0.000000000000000e+00 0.000000000000000e+00 0.000000000000000e+00	1.000000000000000e+00	20	1	25
26	-6.093973782605000e+02  7.500000000000000e+02  1.077775486825000e+02	 4.276800000000000e-06 -6.717000000000001e-07  0.000000000000000e+00	1.000000000000000e+00	20	1	26
27	-7.364022124021001e+02 -7.500000000000000e+02 -1.894272067752000e+02	 3.190000000000000e-07 -2.451000000000000e-07  0.000000000000000e+00	1.000000000000000e+00	24	1	27
28	 7.500000000000000e+02 -7.500000000000000e+02 -1.894272067752000e+02	0.000000000000000e+00 0.000000000000000e+00 0.000000000000000e+00	1.000000000000000e+00	24	1	28
29	 7.500000000000000e+02  7.500000000000000e+02 -1.894272067752000e+02	0.000000000000000e+00 0.000000000000000e+00 0.000000000000000e+00	1.000000000000000e+00	24	1	29
30	 4.222949363757000e+02  7.500000000000000e+02 -1.894272067752000e+02	-1.903000000000000e-07  1.469000000000000e-07  0.000000000000000e+00	1.000000000000000e+00	24	1	30
32	4.199872981078000e+02 7.500000000000000e+02 7.500000000000000e+02	0.000000000000000e+00 0.000000000000000e+00 0.000000000000000e+00	1.000000000000000e+00	71	1	32
33	7.500000000000000e+02 1.784012331796000e+02 7.500000000000000e+02	0.000000000000000e+00 0.000000000000000e+00 0.000000000000000e+00	1.000000000000000e+00	71	1	33
34	7.500000000000000e+02 1.784012331796000e+02 9.471360338760000e+01	 0.000000000000000e+00 -0.000000000000000e+00  0.000000000000000e+00	7.500000000000000e-01	71	1	34
36	-5.950127018922000e+02 -7.500000000000000e+02 -7.500000000000000e+02	0.000000000000000e+00 0.000000000000000e+00 0.000000000000000e+00	1.000000000000000e+00	31	1	36
37	 2.710127018922000e+02  7.500000000000000e+02 -7.500000000000000e+02	0.000000000000000e+00 0.000000000000000e+00 0.000000000000000e+00	1.000000000000000e+00	31	1	37
38	2.710127018922000e+02 7.500000000000000e+02 7.500000000000000e+02	0.000000000000000e+00 0.000000000000000e+00 0.000000000000000e+00	1.000000000000000e+00	31	1	38
39	-2.069911426377000e+02 -7.792694493900001e+01  7.500000000000000e+02	1.235758000000000e-04 2.140396000000000e-04 0.000000000000000e+00	1.000000000000000e+00	31	1	39
41	 2.450127018922000e+02 -7.500000000000000e+02  7.500000000000000e+02	0.000000000000000e+00 0.000000000000000e+00 0.000000000000000e+00	1.000000000000000e+00	35	1	41
42	 2.450127018922000e+02 -7.500000000000000e+02  7.354706081536000e+02	 2.500000000000000e-09 -4.400000000000001e-09  1.301000000000000e-07	1.000000000000000e+00	35	1	42
44	-7.500000000000000e+02  5.715767664980000e+01 -7.500000000000000e+02	0.000000000000000e+00 0.000000000000000e+00 0.000000000000000e+00	1.000000000000000e+00	8	1	44
45	 7.500000000000000e+02  5.715767664980000e+01 -7.500000000000000e+02	0.000000000000000e+00 0.000000000000000e+00 0.000000000000000e+00	1.000000000000000e+00	8	1	45
47	-7.500000000000000e+02  2.381569860407000e+02  7.500000000000000e+02	0.000000000000000e+00 0.000000000000000e+00 0.000000000000000e+00	1.000000000000000e+00	39	1	47
48	-7.500000000000000e+02  2.381569860407000e+02 -7.500000000000000e+02	0.000000000000000e+00 0.000000000000000e+00 0.000000000000000e+00	1.000000000000000e+00	39	1	48
49	 7.500000000000000e+02  2.381569860407000e+02 -7.500000000000000e+02	0.000000000000000e+00 0.000000000000000e+00 0.000000000000000e+00	1.000000000000000e+00	39	1	49
50	7.500000000000000e+02 2.381569860407000e+02 7.500000000000000e+02	0.000000000000000e+00 0.000000000000000e+00 0.000000000000000e+00	1.000000000000000e+00	39	1	50
52	 2.615719583674000e+02 -7.500000000000000e+02  1.518683640526000e+02	3.627000000000000e-07 1.836000000000000e-07 0.000000000000000e+00	1.000000000000000e+00	71	1	52
53	 7.500000000000000e+02 -7.500000000000000e+02  1.518683640526000e+02	0.000000000000000e+00 0.000000000000000e+00 0.000000000000000e+00	1.000000000000000e+00	71	1	53
54	7.500000000000000e+02 7.500000000000000e+02 1.518683640526000e+02	0.000000000000000e+00 0.000000000000000e+00 0.000000000000000e+00	1.000000000000000e+00	71	1	54
55	-3.663636518978000e+02  7.500000000000000e+02  1.518683640526000e+02	-1.783042163085937e-06 -4.441809814453125e-07  0.000000000000000e+00	1.779785156250000e-01	71	1	55
56	-7.500000000000000e+02  3.403479836873000e+02 -6.871760738069000e+02	-5.810000000000000e-08  0.000000000000000e+00 -1.909600000000000e-06	1.000000000000000e+00	71	1	56
57	-7.500000000000000e+02  3.403479836873000e+02 -7.500000000000000e+02	0.000000000000000e+00 0.000000000000000e+00 0.000000000000000e+00	1.000000000000000e+00	71	1	57
59	 3.129872981078000e+02 -7.500000000000000e+02  2.265447298600000e+01	-5.700000000000001e-09 -9.900000000000001e-09 -1.900000000000000e-07	1.000000000000000e+00	71	1	59
60	 3.129872981078000e+02 -7.500000000000000e+02 -7.500000000000000e+02	0.000000000000000e+00 0.000000000000000e+00 0.000000000000000e+00	1.000000000000000e+00	71	1	60
61	 7.500000000000000e+02  6.928203230300000e+00 -7.500000000000000e+02	0.000000000000000e+00 0.000000000000000e+00 0.000000000000000e+00	1.000000000000000e+00	71	1	61
62	 7.500000000000000e+02  6.928203230300000e+00 -2.776477666384000e+02	6.360000000000000e-08 1.102000000000000e-07 1.063190000000000e-05	1.000000000000000e+00	71	1	62
63	 5.470127018922000e+02 -7.500000000000000e+02  2.286190426598000e+02	-0.000000000000000e+00 -0.000000000000000e+00  0.000000000000000e+00	1.000000000000000e+00	71	1	63
65	 5.470127018922000e+02 -7.500000000000000e+02 -7.500000000000000e+02	0.000000000000000e+00 0.000000000000000e+00 0.000000000000000e+00	1.000000000000000e+00	71	1	65
66	-8.250000000000000e+01  3.403479836873000e+02 -7.500000000000000e+02	0.000000000000000e+00 0.000000000000000e+00 0.000000000000000e+00	7.500000000000000e-01	71	1	66
67	-7.500000000000000e+02  7.500000000000000e+02 -6.793251553319001e+02	0.000000000000000e+00 0.000000000000000e+00 0.000000000000000e+00	1.000000000000000e+00	71	1	67
68	-7.500000000000000e+02 -7.500000000000000e+02 -6.793251553319001e+02	0.000000000000000e+00 0.000000000000000e+00 0.000000000000000e+00	1.000000000000000e+00	71	1	68
71	 4.460394946399000e+02 -7.500000000000000e+02  1.469693845670000e+01	-4.434900000000001e-06  1.134800000000000e-06  0.000000000000000e+00	1.000000000000000e+00	58	1	71
72	 7.500000000000000e+02 -7.500000000000000e+02  1.469693845670000e+01	0.000000000000000e+00 0.000000000000000e+00 0.000000000000000e+00	1.000000000000000e+00	58	1	72
73	7.500000000000000e+02 7.500000000000000e+02 1.469693845670000e+01	0.000000000000000e+00 0.000000000000000e+00 0.000000000000000e+00	1.000000000000000e+00	58	1	73
74	6.226136059164000e+02 7.500000000000000e+02 1.469693845670000e+01	 2.807900000000000e-06 -8.837000000000000e-07  0.000000000000000e+00	1.000000000000000e+00	58	1	74
75	 3.131470811806000e+02  6.910882722200000e+02 -7.500000000000000e+02	2.145000000000000e-07 0.000000000000000e+00 6.219000000000000e-07	1.000000000000000e+00	71	1	75
76	 7.500000000000000e+02  6.910882722200000e+02 -7.500000000000000e+02	0.000000000000000e+00 0.000000000000000e+00 0.000000000000000e+00	1.000000000000000e+00	71	1	76
77	7.500000000000000e+02 6.910882722200000e+02 7.500000000000000e+02	0.000000000000000e+00 0.000000000000000e+00 0.000000000000000e+00	1.000000000000000e+00	71	1	77
78	-7.500000000000000e+02  6.910882722200000e+02  7.500000000000000e+02	-8.142150630000000e-02  0.000000000000000e+00  0.000000000000000e+00	1.000000000000000e+00	71	1	78
79	-5.291934997930000e+01 -7.500000000000000e+02  9.471360338760000e+01	 3.038700000000000e-06 -2.967300000000000e-06  0.000000000000000e+00	1.000000000000000e+00	71	1	79
80	 7.500000000000000e+02 -7.500000000000000e+02  9.471360338760000e+01	0.000000000000000e+00 0.000000000000000e+00 0.000000000000000e+00	1.000000000000000e+00	71	1	80
83	 3.207002339348000e+02 -7.500000000000000e+02  3.592584956082000e+02	-1.893500000000000e-06  3.788000000000000e-07  0.000000000000000e+00	1.000000000000000e+00	71	1	83
84	 7.500000000000000e+02 -7.500000000000000e+02  3.592584956082000e+02	0.000000000000000e+00 0.000000000000000e+00 0.000000000000000e+00	1.000000000000000e+00	71	1	84
85	7.500000000000000e+02 7.500000000000000e+02 3.592584956082000e+02	0.000000000000000e+00 0.000000000000000e+00 0.000000000000000e+00	1.000000000000000e+00	71	1	85
87	-2.960127018922000e+02 -7.500000000000000e+02 -4.865369868094000e+02	-1.190000000000000e-08 -2.070000000000000e-08  2.416000000000000e-07	1.000000000000000e+00	71	1	87
88	-2.960127018922000e+02 -7.500000000000000e+02 -7.500000000000000e+02	0.000000000000000e+00 0.000000000000000e+00 0.000000000000000e+00	1.000000000000000e+00	71	1	88
89	 5.700127018922000e+02  7.500000000000000e+02 -7.500000000000000e+02	0.000000000000000e+00 0.000000000000000e+00 0.000000000000000e+00	1.000000000000000e+00	71	1	89
90	5.700127018922000e+02 7.500000000000000e+02 5.276868555743000e+02	 2.617500000000000e-08  4.537500000000001e-08 -4.509750000000001e-07	7.500000000000000e-01	71	1	90
92	-7.500000000000000e+02  7.500000000000000e+02  3.804874067123000e+02	0.000000000000000e+00 0.000000000000000e+00 0.000000000000000e+00	1.000000000000000e+00	75	1	92
93	-7.500000000000000e+02 -7.500000000000000e+02  3.804874067123000e+02	0.000000000000000e+00 0.000000000000000e+00 0.000000000000000e+00	1.000000000000000e+00	75	1	93
94	 7.500000000000000e+02 -7.500000000000000e+02  3.804874067123000e+02	0.000000000000000e+00 0.000000000000000e+00 0.000000000000000e+00	1.000000000000000e+00	75	1	94
95	7.500000000000000e+02 2.904391358330000e+02 3.804874067123000e+02	-1.132160000000000e-05 -1.104370000000000e-05  0.000000000000000e+00	1.000000000000000e+00	75	1	95
97	 5.929872981078000e+02 -7.500000000000000e+02 -1.599414957820000e+01	 3.400000000000000e-09  5.900000000000000e-09 -7.640000000000001e-08	1.000000000000000e+00	79	1	97
98	 5.929872981078000e+02 -7.500000000000000e+02 -7.500000000000000e+02	0.000000000000000e+00 0.000000000000000e+00 0.000000000000000e+00	1.000000000000000e+00	79	1	98
99	 7.500000000000000e+02 -4.780460228890000e+02 -7.500000000000000e+02	0.000000000000000e+00 0.000000000000000e+00 0.000000000000000e+00	1.000000000000000e+00	79	1	99
100	 7.500000000000000e+02 -4.780460228890000e+02  1.887111420150000e+01	 7.680000000000000e-08  1.330000000000000e-07 -1.551200000000000e-06	1.000000000000000e+00	79	1	100
101	-7.500000000000000e+02 -5.525242076145000e+02 -1.159425144917000e+02	-0.000000000000000e+00 -0.000000000000000e+00  0.000000000000000e+00	1.779785156250000e-01	12	1	101
102	-7.500000000000000e+02 -5.525242076145000e+02  7.500000000000000e+02	0.000000000000000e+00 0.000000000000000e+00 0.000000000000000e+00	1.000000000000000e+00	12	1	102
103	-6.359872981078000e+02 -7.500000000000000e+02  7.500000000000000e+02	0.000000000000000e+00 0.000000000000000e+00 0.000000000000000e+00	1.000000000000000e+00	12	1	103
104	-6.359872981078000e+02 -7.500000000000000e+02 -1.159425144917000e+02	0.000000000000000e+00 0.000000000000000e+00 0.000000000000000e+00	7.500000000000000e-01	12	1	104
105	-6.365316112145000e+02 -7.500000000000000e+02  5.829785587824000e+02	-3.882300000000000e-06  1.164890000000000e-05  0.000000000000000e+00	1.000000000000000e+00	87	1	105
106	 7.500000000000000e+02 -7.500000000000000e+02  5.829785587824000e+02	0.000000000000000e+00 0.000000000000000e+00 0.000000000000000e+00	1.000000000000000e+00	87	1	106
107	7.500000000000000e+02 1.416960916830000e+01 5.829785587824000e+02	 1.298791000000000e-04 -2.156391000000000e-04  0.000000000000000e+00	1.000000000000000e+00	87	1	107
108	-2.053926062136000e+02  6.910882722200000e+02 -4.164132562731000e+02	-1.484761002559662e-05  0.000000000000000e+00  0.000000000000000e+00	5.631351470947266e-02	71	0	108
112	 6.716176511860000e+02  1.374942613700000e+02 -5.942366148475001e+02	 1.464000000000000e-07 -2.535000000000000e-07 -3.270400000000000e-06	1.000000000000000e+00	0	0	112
113	 5.087746963938000e+02 -5.569372956500001e+00  2.286190426598000e+02	-9.284900000000000e-06  1.384900000000000e-06  0.000000000000000e+00	1.000000000000000e+00	71	0	113
114	 2.990287964379000e+02  6.853715264462001e+02 -4.262112152443000e+02	-5.500000000000000e-09 -3.720000000000000e-08  0.000000000000000e+00	1.000000000000000e+00	6	0	114
116	-6.376487854668001e+02  2.216152335434000e+02 -1.159425144917000e+02	-6.492230000000001e-05  1.101777000000000e-04  0.000000000000000e+00	1.000000000000000e+00	12	0	116
117	-4.255241920640000e+02  2.977637873270000e+02 -4.164132562731000e+02	 4.217000000000000e-07 -3.460000000000000e-07  0.000000000000000e+00	1.000000000000000e+00	71	0	117
118	-6.709684901252000e+02 -1.587683472042000e+02  1.077775486825000e+02	-4.454460000000000e-05  1.413900000000000e-06  0.000000000000000e+00	1.000000000000000e+00	20	0	118
119	-1.573305956191000e+02  1.745863387000000e-01 -1.894272067752000e+02	-3.231000000000000e-07  2.499000000000000e-07  0.000000000000000e+00	1.000000000000000e+00	24	0	119
122	-5.468352740233000e+02 -6.665542471531001e+02  3.744274769277000e+02	 6.310000000000000e-07  1.093000000000000e-06 -8.812100000000000e-06	1.000000000000000e+00	31	0	122
123	 1.456014655101000e+02 -5.778146877430000e+02  7.444028801806001e+02	 4.100000000000000e-09 -7.200000000000000e-09  1.569000000000000e-07	1.000000000000000e+00	35	0	123
126	-7.304923810300001e+01 -2.692317050000000e-02  1.518683640526000e+02	-8.490000000000000e-08 -3.690000000000000e-08  0.000000000000000e+00	1.000000000000000e+00	71	0	126
127	-2.078967112029000e+02  3.403479836873000e+02 -7.341187600218000e+02	-2.715000000000000e-07  0.000000000000000e+00 -2.557100000000000e-06	1.000000000000000e+00	71	0	127
128	 5.325725926414000e+02 -3.696671132728000e+02 -2.696807501220000e+02	8.280000000000000e-08 1.434000000000000e-07 6.135500000000000e-06	1.000000000000000e+00	71	0	128
130	-3.315948159649000e+02  5.858564742247000e+02 -6.793251553319001e+02	2.505840000000000e-05 4.696740000000000e-05 0.000000000000000e+00	1.000000000000000e+00	71	0	130
131	5.574745841112000e+02 1.495663027107000e+02 1.469693845670000e+01	 4.784640000000000e-05 -4.406000000000000e-07  0.000000000000000e+00	1.000000000000000e+00	58	0	131
132	-4.319651648610000e+01  6.910882722200000e+02 -5.580156392112000e+02	 2.061500000000000e-06  0.000000000000000e+00 -9.412600000000000e-06	1.000000000000000e+00	71	0	132
133	-3.452929039347000e+02  6.910882722200000e+02  1.560409039396000e+02	-8.604905273437500e-07  0.000000000000000e+00 -1.055090011596680e-07	1.001129150390625e-01	71	0	133
134	 3.699968877299000e+02 -1.694890185641000e+02  9.471360338760000e+01	 2.874900000000000e-06 -2.166000000000000e-06  0.000000000000000e+00	1.000000000000000e+00	71	0	134
136	4.024464625715000e+02 2.348307324337000e+02 3.592584956082000e+02	 5.946710000000001e-05 -7.709000000000000e-07  0.000000000000000e+00	1.000000000000000e+00	71	0	136
137	 1.550418502803000e+02  3.124940134800000e+01 -6.726194295530000e+01	-7.829500000000000e-06 -1.356110000000000e-05  7.957900000000000e-06	1.000000000000000e+00	71	0	137
139	 6.777548205341001e+02 -6.031783443258000e+02  2.472047560400000e+00	 1.191000000000000e-07  2.063000000000000e-07 -1.899200000000000e-06	1.000000000000000e+00	79	0	139
141	 2.438968416111000e+02 -2.682980918359000e+02  5.829785587824000e+02	 7.567700000000000e-06 -1.391040000000000e-05  0.000000000000000e+00	1.000000000000000e+00	87	0	141
143	 5.702120400403001e+02  3.131339320468000e+02 -6.190768261037000e+02	 1.877000000000000e-07 -3.251000000000000e-07 -2.514200000000000e-06	1.000000000000000e+00	0	0	143
144	 4.652235357622000e+02 -3.751695295156000e+02  2.286190426598000e+02	-3.237650000000000e-05  3.329900000000000e-06  0.000000000000000e+00	1.000000000000000e+00	71	0	144
146	 5.245266686635000e+02  6.531143058154000e+02 -4.262112152443000e+02	1.310000000000000e-08 9.150000000000001e-08 0.000000000000000e+00	1.000000000000000e+00	6	0	146
147	 7.259188797960000e+01  7.229966269746001e+02 -4.262112152443000e+02	1.942000000000000e-07 7.732000000000001e-07 0.000000000000000e+00	1.000000000000000e+00	6	0	147
150	-7.500000000000000e+02  1.773064873754000e+02 -1.159425144917000e+02	-5.580440000000000e-05  1.718918000000000e-04  0.000000000000000e+00	1.000000000000000e+00	12	1	150
151	-2.470059817979000e+02  4.660462431218000e+02 -1.159425144917000e+02	-2.835450000000000e-05  4.483640000000000e-05  0.000000000000000e+00	1.000000000000000e+00	12	0	151
152	-5.875845656273000e+02  1.013189902922000e+02 -4.164132562731000e+02	 3.778000000000000e-07 -3.117000000000000e-07  0.000000000000000e+00	1.000000000000000e+00	71	0	152
153	-6.821441450270000e+02 -6.130899829128000e+02  1.077775486825000e+02	-8.479440000000000e-05  7.587600000000000e-06  0.000000000000000e+00	1.000000000000000e+00	20	0	153
154	-6.509682089358000e+02  3.327367713879000e+02  1.077775486825000e+02	-1.925090000000000e-05  1.115000000000000e-06  0.000000000000000e+00	1.000000000000000e+00	20	0	154
155	-4.470785459380000e+02 -3.748378216702000e+02 -1.894272067752000e+02	-2.563000000000000e-07  1.978000000000000e-07  0.000000000000000e+00	1.000000000000000e+00	24	0	155
156	 1.325559245871000e+02  3.750796259686000e+02 -1.894272067752000e+02	-1.533000000000000e-07  1.185000000000000e-07  0.000000000000000e+00	1.000000000000000e+00	24	0	156
159	-5.950127018922000e+02 -7.500000000000000e+02  2.326930198101000e+02	-3.898673437500001e-06 -6.752742187500000e-06  1.412100000000000e-06	4.218750000000000e-01	31	1	159
160	-4.465128888725000e+02 -4.927907789354000e+02  5.349854190625000e+02	 3.453700000000000e-06  5.982100000000000e-06 -9.479500000000000e-06	1.000000000000000e+00	31	0	160
161	 9.393228778770001e+01 -4.883210467425000e+02  7.500000000000000e+02	 4.300000000000000e-09 -7.500000000000001e-09  1.602000000000000e-07	1.000000000000000e+00	35	1	161
162	 1.965565952590000e+02 -6.660715613743000e+02  7.392434302044001e+02	 3.000000000000000e-09 -5.200000000000000e-09  1.319000000000000e-07	1.000000000000000e+00	35	0	162
164	5.193742787201001e+02 5.496721787030000e+01 2.286190426598000e+02	-5.527300000000000e-06  9.722000000000000e-07  0.000000000000000e+00	1.000000000000000e+00	71	0	164
167	 9.010209794520000e+01 -3.751142441249000e+02  1.518683640526000e+02	-2.953000000000000e-07 -1.286000000000000e-07  0.000000000000000e+00	1.000000000000000e+00	71	0	167
168	-2.361989994201000e+02  3.750203765750000e+02  1.518683640526000e+02	1.004000000000000e-07 4.390000000000000e-08 0.000000000000000e+00	1.000000000000000e+00	71	0	168
169	-4.953848249528000e+02  3.403479836873000e+02 -7.011894303765000e+02	-5.590000000000000e-08  0.000000000000000e+00 -6.668000000000000e-07	1.000000000000000e+00	71	0	169
172	 6.453469559815001e+02 -1.743361861764000e+02 -2.747197713626000e+02	8.150000000000001e-08 1.412000000000000e-07 9.244000000000000e-06	1.000000000000000e+00	71	0	172
174	 4.480580027542000e+02 -5.786054334452000e+02 -2.946926935353000e+02	-9.476249999999999e-06  1.641337500000000e-05  2.111062500000000e-05	7.500000000000000e-01	71	0	174
177	 5.222422643582000e+02 -3.064051714924000e+02  1.469693845670000e+01	 1.798870000000000e-05 -2.374000000000000e-06  0.000000000000000e+00	1.000000000000000e+00	58	0	177
179	 7.626947822900000e+00  6.910882722200000e+02 -6.000528089645001e+02	-1.658700000000000e-06  0.000000000000000e+00  9.729000000000000e-07	1.000000000000000e+00	71	0	179
181	 2.146420109278000e+02 -4.510309296116000e+02  9.471360338760000e+01	 1.540000000000000e-07 -7.690000000000001e-08  0.000000000000000e+00	1.000000000000000e+00	71	0	181
183	 3.736633594762000e+02 -2.777717582889000e+02  3.592584956082000e+02	 2.961410000000000e-05 -1.958700000000000e-06  0.000000000000000e+00	1.000000000000000e+00	71	0	183
185	-8.196473948770000e+01 -3.792580538587000e+02 -3.845673386651000e+02	 8.150000000000000e-07  1.411600000000000e-06 -4.396100000000000e-06	1.000000000000000e+00	71	0	185
187	4.253740830215000e+02 7.500000000000000e+02 3.804874067123000e+02	6.600000000000001e-08 2.060000000000000e-08 0.000000000000000e+00	1.000000000000000e+00	75	1	187
189	 6.312924725572000e+02 -6.836534916608000e+02 -9.213244740400000e+00	 1.072000000000000e-07  1.857000000000000e-07 -1.726000000000000e-06	1.000000000000000e+00	79	0	189
190	 7.227069357552000e+02 -5.253189968552000e+02  1.346792900490000e+01	 1.031000000000000e-07  1.786000000000000e-07 -1.709000000000000e-06	1.000000000000000e+00	79	0	190
191	-8.760140778810000e+01 -4.520999468674000e+02  5.829785587824000e+02	-3.043500000000000e-06  5.221800000000001e-06  0.000000000000000e+00	1.000000000000000e+00	87	0	191
192	 5.784617559329000e+02 -9.229585991090001e+01  5.829785587824000e+02	 1.995750000000000e-05 -3.213170000000000e-05  0.000000000000000e+00	1.000000000000000e+00	87	0	192
193	-2.663246272680000e+02  4.956489516785000e+02 -4.164132562731000e+02	-5.049000000000000e-07  2.862562500000000e-07  0.000000000000000e+00	5.625000000000000e-01	71	0	193
194	-1.968750474444000e+02  6.910882722200000e+02 -4.177053235258000e+02	-1.862398387321718e-05  0.000000000000000e+00 -2.472652772375755e-05	1.781794801354408e-02	71	0	194
195	-4.224422964397000e+02  6.910882722200000e+02 -9.981371873240001e+01	-4.440730000000000e-05  0.000000000000000e+00  1.104725000000000e-04	1.000000000000000e+00	71	0	195
198	6.016826043590000e+02 5.451263175120000e+01 9.471360338760000e+01	 4.006000000000000e-06 -4.696400000000000e-06  0.000000000000000e+00	1.000000000000000e+00	71	0	198
201	 5.169879077501000e+02  4.053208333623000e+02 -6.369381737479000e+02	 1.657000000000000e-07 -2.871000000000000e-07 -1.953700000000000e-06	1.000000000000000e+00	0	0	201
204	 6.372764087148000e+02  6.369920042330000e+02 -4.262112152443000e+02	2.220000000000000e-08 1.558000000000000e-07 0.000000000000000e+00	1.000000000000000e+00	6	0	204
205	-2.401543921430000e+01  7.500000000000000e+02 -4.262112152443000e+02	-8.840000000000000e-08 -3.161000000000000e-07  0.000000000000000e+00	1.000000000000000e+00	6	1	205
209	-8.130662183540001e+01  5.680606059352000e+02 -1.159425144917000e+02	-1.355320000000000e-05  2.266920000000000e-05  0.000000000000000e+00	1.000000000000000e+00	12	0	209
210	-6.686215162945000e+02  3.102840638300000e+00 -4.164132562731000e+02	 4.213000000000000e-07 -3.474000000000000e-07  0.000000000000000e+00	1.000000000000000e+00	71	0	210
212	-6.332741214995000e+02  5.596112460848000e+02  1.077775486825000e+02	-7.685000000000000e-06  6.855000000000000e-07  0.000000000000000e+00	1.000000000000000e+00	20	0	212
213	-5.917938567718001e+02 -5.624664249982001e+02 -1.894272067752000e+02	-3.420000000000000e-08  2.650000000000000e-08  0.000000000000000e+00	1.000000000000000e+00	24	0	213
214	 2.775076974435000e+02  5.625255964407000e+02 -1.894272067752000e+02	-4.610000000000000e-08  3.560000000000000e-08  0.000000000000000e+00	1.000000000000000e+00	24	0	214
216	-3.979591090705000e+02 -4.086931654188000e+02  5.995607079455000e+02	 3.652500000000000e-06  6.326300000000000e-06 -1.163130000000000e-05	1.000000000000000e+00	31	0	216
221	 1.722920842068000e+02 -5.624758183654001e+02  1.518683640526000e+02	1.075000000000000e-07 4.800000000000000e-08 0.000000000000000e+00	1.000000000000000e+00	71	0	221
222	-3.123445831122000e+02  5.640235055224000e+02  1.518683640526000e+02	-4.061000000000000e-07 -1.482000000000000e-07  0.000000000000000e+00	1.000000000000000e+00	71	0	222
223	-6.345775322771000e+02  3.403479836873000e+02 -6.916793928472000e+02	-7.160000000000001e-08  0.000000000000000e+00 -1.370100000000000e-06	1.000000000000000e+00	71	0	223
226	 7.014592153741000e+02 -7.714690198110000e+01 -2.764857570695000e+02	7.020000000000001e-08 1.216000000000000e-07 1.012520000000000e-05	1.000000000000000e+00	71	0	226
228	 5.235747186747000e+02 -7.094042222403000e+02 -5.505586810422000e+02	-1.841600000000000e-06  3.189700000000000e-06  6.310300000000000e-06	1.000000000000000e+00	71	0	228
229	-4.932191882121000e+02  6.795356257926001e+02 -6.793251553319001e+02	2.663390000000000e-05 4.230170000000000e-05 0.000000000000000e+00	1.000000000000000e+00	71	0	229
231	 4.874577222337000e+02 -5.372553666674000e+02  1.469693845670000e+01	 1.542700000000000e-06 -2.470000000000000e-07  0.000000000000000e+00	1.000000000000000e+00	58	0	231
233	-4.753572261435000e+02  6.910882722200000e+02  4.328132962936000e+02	-5.339165625000000e-06  0.000000000000000e+00 -3.323784375000000e-06	4.218750000000000e-01	71	0	233
234	 1.227688857538000e+02 -5.774408538203000e+02  9.471360338760000e+01	-9.496000000000001e-07  8.922000000000000e-07  0.000000000000000e+00	1.000000000000000e+00	71	0	234
235	 3.521459832686000e+02 -5.364983613502001e+02  3.592584956082000e+02	 1.165360000000000e-05 -1.207500000000000e-06  0.000000000000000e+00	1.000000000000000e+00	71	0	235
237	-2.086988714403000e+02 -5.987680094539000e+02 -4.619023838002000e+02	-1.120000000000000e-08 -1.930000000000000e-08  1.091000000000000e-07	1.000000000000000e+00	71	0	237
238	4.430918840437000e+02 5.301666949482001e+02 4.552557173576000e+02	 1.157940000000000e-05  2.005605000000000e-05 -2.892442500000000e-05	5.625000000000000e-01	71	0	238
241	-2.513863554957000e+02 -5.512132075562000e+02  5.829785587824000e+02	-8.510300000000000e-06  1.362440000000000e-05  0.000000000000000e+00	1.000000000000000e+00	87	0	241
243	-2.204023879363000e+02  6.047492653798000e+02 -4.164132562731000e+02	-1.777772608566284e-06  3.128028030395508e-07  0.000000000000000e+00	7.508468627929688e-02	71	0	243
246	 7.170026494396001e+02  5.888513849330000e+01 -5.867581093757000e+02	 1.412000000000000e-07 -2.445000000000000e-07 -3.485300000000000e-06	1.000000000000000e+00	0	0	246
247	 6.220479415561000e+02  2.233515169654000e+02 -6.049062257717001e+02	 1.740000000000000e-07 -3.013000000000000e-07 -2.951400000000000e-06	1.000000000000000e+00	0	0	247
248	 4.836340169789000e+02 -1.941998303909000e+02  2.286190426598000e+02	-2.193360000000000e-05  2.561400000000000e-06  0.000000000000000e+00	1.000000000000000e+00	71	0	248
249	5.502886153270000e+02 1.783561361177000e+02 2.286190426598000e+02	 2.946000000000000e-07 -1.358000000000000e-07  0.000000000000000e+00	1.000000000000000e+00	71	0	249
250	 4.117765725392000e+02  6.692343995297000e+02 -4.262112152443000e+02	2.400000000000000e-09 1.660000000000000e-08 0.000000000000000e+00	1.000000000000000e+00	6	0	250
251	 1.864211321129000e+02  7.024617421631000e+02 -4.262112152443000e+02	1.340000000000000e-08 7.540000000000000e-08 0.000000000000000e+00	1.000000000000000e+00	6	0	251
255	-4.247194335808000e+02  3.531057212732000e+02 -1.159425144917000e+02	-4.469200000000000e-05  7.103510000000001e-05  0.000000000000000e+00	1.000000000000000e+00	12	0	255
256	-5.065451896376000e+02  1.995332426050000e+02 -4.164132562731000e+02	 3.959000000000000e-07 -3.266000000000000e-07  0.000000000000000e+00	1.000000000000000e+00	71	0	256
257	-3.449233855315000e+02  3.961531900577000e+02 -4.164132562731000e+02	 2.403562500000000e-07 -1.971562500000000e-07  0.000000000000000e+00	5.625000000000000e-01	71	0	257
258	-6.771102750568000e+02 -4.258662521865000e+02  1.077775486825000e+02	-7.783390000000001e-05  1.093500000000000e-06  0.000000000000000e+00	1.000000000000000e+00	20	0	258
259	-6.612676826571001e+02  8.927316426770000e+01  1.077775486825000e+02	-2.425180000000000e-05  9.577000000000000e-07  0.000000000000000e+00	1.000000000000000e+00	20	0	259
260	-3.022664801144000e+02 -1.872837796511000e+02 -1.894272067752000e+02	-3.804000000000000e-07  2.939000000000000e-07  0.000000000000000e+00	1.000000000000000e+00	24	0	260
261	-1.236806120360000e+01  1.876121804684000e+02 -1.894272067752000e+02	-2.228000000000000e-07  1.722000000000000e-07  0.000000000000000e+00	1.000000000000000e+00	24	0	261
262	-5.854511325608000e+02 -7.334388761179000e+02  2.768606868243000e+02	 7.299562500000000e-07  1.264331250000000e-06 -2.939400000000000e-06	5.625000000000000e-01	31	0	262
263	-4.944753214704000e+02 -5.758641490496000e+02  4.657580591676000e+02	 2.508400000000000e-06  4.344600000000000e-06 -7.957700000000000e-06	1.000000000000000e+00	31	0	263
268	 8.557695952500000e+00 -1.875569266746000e+02  1.518683640526000e+02	-1.539000000000000e-07 -6.700000000000000e-08  0.000000000000000e+00	1.000000000000000e+00	71	0	268
269	-1.545531068422000e+02  1.875275980096000e+02  1.518683640526000e+02	7.130000000000000e-08 3.100000000000000e-08 0.000000000000000e+00	1.000000000000000e+00	71	0	269
270	-3.567322421621000e+02  3.403479836873000e+02 -7.150325481187000e+02	-4.730000000000000e-08  0.000000000000000e+00 -4.100000000000000e-07	1.000000000000000e+00	71	0	270
273	 5.892238550293000e+02 -2.715442485040000e+02 -2.725029547745000e+02	8.760000000000000e-08 1.517000000000000e-07 7.942000000000000e-06	1.000000000000000e+00	71	0	273
274	 4.412046990013000e+02 -5.667351631456000e+02  1.531069832165000e+02	-5.349100000000000e-06  9.265000000000000e-06  8.772100000000000e-06	1.000000000000000e+00	71	0	274
277	 5.470127018922000e+02 -7.500000000000000e+02 -6.793251553319001e+02	0.000000000000000e+00 0.000000000000000e+00 0.000000000000000e+00	1.000000000000000e+00	71	1	277
278	 5.514535880143001e+02 -5.859782716550000e+01  1.469693845670000e+01	 3.459810000000000e-05 -2.857900000000000e-06  0.000000000000000e+00	1.000000000000000e+00	58	0	278
279	5.614935232701000e+02 4.060406784219000e+02 1.469693845670000e+01	 5.989350000000001e-05 -1.659100000000000e-06  0.000000000000000e+00	1.000000000000000e+00	58	0	279
281	-4.009065089833000e+02  6.910882722200000e+02  1.190582348737000e+02	3.760125000000000e-06 0.000000000000000e+00 5.191950000000000e-06	7.500000000000000e-01	71	0	281
282	 2.837991756935000e+02 -3.044288501987000e+02  9.471360338760000e+01	 2.003300000000000e-06 -1.098500000000000e-06  0.000000000000000e+00	1.000000000000000e+00	71	0	282
283	 4.728790231384000e+02 -5.441716211420000e+01  9.471360338760000e+01	 3.019200000000000e-06 -3.356800000000000e-06  0.000000000000000e+00	1.000000000000000e+00	71	0	283
284	 3.905610954706000e+02 -9.950216113800000e+00  3.592584956082000e+02	 4.722220000000000e-05 -2.828000000000000e-06  0.000000000000000e+00	1.000000000000000e+00	71	0	284
286	 4.671731049110000e+01 -1.563742052734000e+02 -2.630508403278000e+02	-7.335000000000000e-07 -1.270400000000000e-06  2.094400000000000e-06	1.000000000000000e+00	71	0	286
287	2.443941785228000e+02 1.860121736386000e+02 1.195889653231000e+02	-1.018720000000000e-05 -1.764470000000000e-05  2.951230000000000e-05	1.000000000000000e+00	71	0	287
290	 7.835542686620001e+01 -3.595321913761000e+02  5.829785587824000e+02	 2.517900000000000e-06 -4.564800000000000e-06  0.000000000000000e+00	1.000000000000000e+00	87	0	290
291	 4.112813301247000e+02 -1.797576669487000e+02  5.829785587824000e+02	 1.078720000000000e-05 -2.103010000000000e-05  0.000000000000000e+00	1.000000000000000e+00	87	0	291
292	 4.499683558907000e+02 -5.819142621381001e+02  2.286190426598000e+02	-1.169960000000000e-05  2.026430000000000e-05  0.000000000000000e+00	1.000000000000000e+00	71	0	292
297	-4.687733626700000e+00  6.129365152645000e+02 -1.159425144917000e+02	-7.741500000000000e-06  1.332700000000000e-05  0.000000000000000e+00	1.000000000000000e+00	12	0	297
298	-7.091059018737001e+02 -4.603389012100000e+01 -4.164132562731000e+02	 4.972000000000000e-07 -4.112000000000000e-07  0.000000000000000e+00	1.000000000000000e+00	71	0	298
300	-6.222660350485000e+02  6.680665672593000e+02  1.077775486825000e+02	-6.841000000000000e-07  4.560000000000000e-08  0.000000000000000e+00	1.000000000000000e+00	20	0	300
301	-6.643164786648000e+02 -6.561533087488000e+02 -1.894272067752000e+02	-1.283000000000000e-07  9.920000000000000e-08  0.000000000000000e+00	1.000000000000000e+00	24	0	301
302	 3.499533940255000e+02  6.562719093294000e+02 -1.894272067752000e+02	-4.940000000000000e-08  3.810000000000000e-08  0.000000000000000e+00	1.000000000000000e+00	24	0	302
305	 2.140062466072000e+02 -6.560546759845000e+02  1.518683640526000e+02	4.197000000000000e-07 1.995000000000000e-07 0.000000000000000e+00	1.000000000000000e+00	71	0	305
306	-3.516879072483000e+02  6.910882722200000e+02  1.518683640526000e+02	-2.548125000000000e-08 -2.539687500000000e-07 -1.523250000000000e-06	5.625000000000000e-01	71	0	306
307	-7.048495489529000e+02  3.403479836873000e+02 -6.885508340403001e+02	-6.160000000000000e-08  0.000000000000000e+00 -1.732500000000000e-06	1.000000000000000e+00	71	0	307
313	 4.732678784894000e+02 -6.435889465962000e+02  1.469693845670000e+01	-3.154700000000000e-06  5.419000000000001e-07  0.000000000000000e+00	1.000000000000000e+00	58	0	313
314	5.872724743792000e+02 6.352996951970000e+02 1.469693845670000e+01	 1.278910000000000e-05 -3.045600000000000e-06  0.000000000000000e+00	1.000000000000000e+00	58	0	314
315	-5.077510047803000e+02  6.910882722200000e+02  4.729183016193000e+02	-2.576587500000000e-06  0.000000000000000e+00 -5.043825000000000e-06	5.625000000000000e-01	71	0	315
316	 5.828688201090000e+01 -6.428039540970000e+02  9.471360338760000e+01	-6.376000000000000e-07  6.574000000000001e-07  0.000000000000000e+00	1.000000000000000e+00	71	0	316
317	 3.379609958801000e+02 -6.553403612442000e+02  3.592584956082000e+02	 4.389100000000000e-06 -6.093000000000000e-07  0.000000000000000e+00	1.000000000000000e+00	71	0	317
319	-2.677125719861000e+02 -7.009827371418000e+02 -4.809490526446000e+02	-5.900000000000000e-09 -1.020000000000000e-08  1.005000000000000e-07	1.000000000000000e+00	71	0	319
320	4.925406629243000e+02 6.158144923416000e+02 4.986142821858000e+02	 2.833987500000000e-06  4.908631640625000e-06 -1.527748593750000e-05	3.164062500000000e-01	71	0	320
322	4.861772379057000e+02 5.738509895861000e+02 3.804874067123000e+02	2.225100000000000e-06 8.670000000000000e-07 0.000000000000000e+00	1.000000000000000e+00	75	0	322
323	-3.314921216061000e+02 -6.017556474412000e+02  5.829785587824000e+02	-1.102630000000000e-05  1.774890000000000e-05  0.000000000000000e+00	1.000000000000000e+00	87	0	323
328	 4.953306372376000e+02 -1.011950176114000e+02  2.286190426598000e+02	-1.553670000000000e-05  2.051400000000000e-06  0.000000000000000e+00	1.000000000000000e+00	71	0	328
333	-5.178857209017000e+02  2.948670382883000e+02 -1.159425144917000e+02	-5.380170000000000e-05  8.676040000000000e-05  0.000000000000000e+00	1.000000000000000e+00	12	0	333
334	-4.660285311761000e+02  2.486429033458000e+02 -4.164132562731000e+02	 4.161000000000000e-07 -3.432000000000000e-07  0.000000000000000e+00	1.000000000000000e+00	71	0	334
335	-3.853018694565000e+02  3.470229106392000e+02 -4.164132562731000e+02	 2.621812500000000e-07 -2.148187500000000e-07  0.000000000000000e+00	5.625000000000000e-01	71	0	335
336	-6.745540612680001e+02 -2.981942282856000e+02  1.077775486825000e+02	-6.103470000000000e-05  1.243200000000000e-06  0.000000000000000e+00	1.000000000000000e+00	20	0	336
337	-6.663333549111001e+02 -3.297889677340000e+01  1.077775486825000e+02	-3.245380000000000e-05  1.310400000000000e-06  0.000000000000000e+00	1.000000000000000e+00	20	0	337
338	-2.298172527017000e+02 -9.354011205210000e+01 -1.894272067752000e+02	-3.799000000000000e-07  2.937000000000000e-07  0.000000000000000e+00	1.000000000000000e+00	24	0	338
339	-8.483479256140001e+01  9.388214959870000e+01 -1.894272067752000e+02	-2.525000000000000e-07  1.953000000000000e-07  0.000000000000000e+00	1.000000000000000e+00	24	0	339
342	-3.226551713780000e+01 -9.380052565170000e+01  1.518683640526000e+02	-1.464000000000000e-07 -6.370000000000001e-08  0.000000000000000e+00	1.000000000000000e+00	71	0	342
343	-1.137927802753000e+02  9.375399164230001e+01  1.518683640526000e+02	3.000000000000000e-09 1.300000000000000e-09 0.000000000000000e+00	1.000000000000000e+00	71	0	343
344	-2.841748760861000e+02  3.403479836873000e+02 -7.241019842556000e+02	-6.800000000000000e-08  0.000000000000000e+00 -5.225000000000000e-07	1.000000000000000e+00	71	0	344
349	-1.674530388084000e+02  4.874909631609000e+02 -6.793251553319001e+02	 4.017619500000000e-04 -6.958721250000001e-04  0.000000000000000e+00	7.500000000000000e-01	71	0	349
350	5.565844606163000e+02 2.524718723580000e+01 1.469693845670000e+01	 4.161090000000000e-05 -1.486900000000000e-06  0.000000000000000e+00	1.000000000000000e+00	58	0	350
351	5.599514760284001e+02 3.005547257774000e+02 1.469693845670000e+01	 5.278530000000000e-05 -8.758000000000000e-07  0.000000000000000e+00	1.000000000000000e+00	58	0	351
352	-4.201291880606000e+02  6.910882722200000e+02  3.592584956082000e+02	-9.107400000000000e-06  0.000000000000000e+00 -3.119196000000000e-04	1.000000000000000e+00	71	0	352
354	 3.247305219433000e+02 -2.349966601535000e+02  9.471360338760000e+01	 2.643000000000000e-06 -1.695400000000000e-06  0.000000000000000e+00	1.000000000000000e+00	71	0	354
355	 4.191404548789000e+02 -1.091397100695000e+02  9.471360338760000e+01	 2.917400000000000e-06 -2.612800000000000e-06  0.000000000000000e+00	1.000000000000000e+00	71	0	355
356	3.966572510651000e+02 9.805175798780000e+01 3.592584956082000e+02	 5.290810000000000e-05 -3.165500000000000e-06  0.000000000000000e+00	1.000000000000000e+00	71	0	356
358	 1.031204824772000e+02 -5.868104568540000e+01 -1.728021316368000e+02	-6.059500000000000e-06 -1.049530000000000e-05  1.697100000000000e-06	1.000000000000000e+00	71	0	358
359	2.015454685682000e+02 1.117960309585000e+02 3.209244102550000e+01	-8.609700000000000e-06 -1.491240000000000e-05  1.822520000000000e-05	1.000000000000000e+00	71	0	359
362	 1.612024706339000e+02 -3.138449245544000e+02  5.829785587824000e+02	 5.218800000000000e-06 -9.470100000000001e-06  0.000000000000000e+00	1.000000000000000e+00	87	0	362
363	 3.268952737870000e+02 -2.236991726927000e+02  5.829785587824000e+02	 9.233400000000000e-06 -1.746950000000000e-05  0.000000000000000e+00	1.000000000000000e+00	87	0	363
364	 4.551562833369000e+02 -4.613846431599000e+02  2.286190426598000e+02	-2.304510000000000e-05  2.891300000000000e-06  0.000000000000000e+00	1.000000000000000e+00	71	0	364
365	 4.735712537527000e+02 -2.857440951769000e+02  2.286190426598000e+02	-2.981690000000000e-05  2.996100000000000e-06  0.000000000000000e+00	1.000000000000000e+00	71	0	365
367	5.950237765831000e+02 2.650650087909000e+02 2.286190426598000e+02	-4.666000000000000e-07  2.359000000000000e-07  0.000000000000000e+00	1.000000000000000e+00	71	0	367
374	-1.644678506390000e+02  5.177536820791000e+02 -1.159425144917000e+02	-2.081490000000000e-05  3.370910000000000e-05  0.000000000000000e+00	1.000000000000000e+00	12	0	374
375	-3.313158276397000e+02  4.122939166899000e+02 -1.159425144917000e+02	-3.599310000000000e-05  5.664130000000000e-05  0.000000000000000e+00	1.000000000000000e+00	12	0	375
376	-6.281040388356000e+02  5.221168520540000e+01 -4.164132562731000e+02	 3.917000000000000e-07 -3.232000000000000e-07  0.000000000000000e+00	1.000000000000000e+00	71	0	376
377	-5.470647274188000e+02  1.504259904865000e+02 -4.164132562731000e+02	 3.802000000000000e-07 -3.137000000000000e-07  0.000000000000000e+00	1.000000000000000e+00	71	0	377
378	-6.897541333162001e+02 -6.615906820872000e+02  1.077775486825000e+02	-8.190430000000000e-05  1.929010000000000e-05  0.000000000000000e+00	1.000000000000000e+00	20	0	378
379	-6.782647573124000e+02 -5.331636095584000e+02  1.077775486825000e+02	-8.570300000000000e-05  1.887600000000000e-06  0.000000000000000e+00	1.000000000000000e+00	20	0	379
380	-6.426628758271000e+02  4.470884050410000e+02  1.077775486825000e+02	-1.467030000000000e-05  1.131300000000000e-06  0.000000000000000e+00	1.000000000000000e+00	20	0	380
381	-6.566815431020000e+02  2.131218297796000e+02  1.077775486825000e+02	-2.045830000000000e-05  9.011000000000000e-07  0.000000000000000e+00	1.000000000000000e+00	20	0	381
382	-5.194308633554000e+02 -4.686562761019000e+02 -1.894272067752000e+02	-1.321000000000000e-07  1.019000000000000e-07  0.000000000000000e+00	1.000000000000000e+00	24	0	382
383	-3.746856443856000e+02 -2.810506614712000e+02 -1.894272067752000e+02	-3.358000000000000e-07  2.593000000000000e-07  0.000000000000000e+00	1.000000000000000e+00	24	0	383
384	 2.050284623914000e+02  4.688052036348000e+02 -1.894272067752000e+02	-9.990000000000000e-08  7.730000000000000e-08  0.000000000000000e+00	1.000000000000000e+00	24	0	384
385	 6.008983779360000e+01  2.813490654923000e+02 -1.894272067752000e+02	-1.979000000000000e-07  1.530000000000000e-07  0.000000000000000e+00	1.000000000000000e+00	24	0	385
388	5.508971139769001e+02 1.308635581430000e+01 9.471360338760000e+01	 4.364100000000000e-06 -5.202600000000000e-06  0.000000000000000e+00	1.000000000000000e+00	71	0	388
390	 1.310062916212000e+02 -4.688789562444000e+02  1.518683640526000e+02	-3.246000000000000e-07 -1.422000000000000e-07  0.000000000000000e+00	1.000000000000000e+00	71	0	390
391	 4.936575970600000e+01 -2.813198696553000e+02  1.518683640526000e+02	-1.798000000000000e-07 -7.820000000000000e-08  0.000000000000000e+00	1.000000000000000e+00	71	0	391
392	-2.772364810563000e+02  4.686682928847000e+02  1.518683640526000e+02	1.146000000000000e-07 4.850000000000000e-08 0.000000000000000e+00	1.000000000000000e+00	71	0	392
393	-1.953432653264000e+02  2.812882548001000e+02  1.518683640526000e+02	1.133000000000000e-07 4.930000000000000e-08 0.000000000000000e+00	1.000000000000000e+00	71	0	393
394	-5.643059780336000e+02  3.403479836873000e+02 -6.959290258719001e+02	-6.700000000000000e-08  0.000000000000000e+00 -9.801999999999999e-07	1.000000000000000e+00	71	0	394
395	-4.271787184948000e+02  3.403479836873000e+02 -7.074549193818000e+02	-4.780000000000000e-08  0.000000000000000e+00 -4.822000000000000e-07	1.000000000000000e+00	71	0	395
400	 5.019412301890000e+02 -6.719339210381000e+02 -4.619152829169000e+02	-1.272400000000000e-05  2.203850000000000e-05  4.322660000000000e-05	1.000000000000000e+00	71	0	400
401	 4.326953480629000e+02 -5.519965349808000e+02 -2.626221229478000e+02	-3.570560485839844e-07  6.184441955566407e-07 -7.049951477050782e-07	1.334838867187500e-01	71	0	401
402	-4.568302846945000e+02  6.575812424763001e+02 -6.793251553319001e+02	2.315840000000000e-05 3.924060000000000e-05 0.000000000000000e+00	1.000000000000000e+00	71	0	402
403	-3.910632827486000e+02  6.193345942620000e+02 -6.793251553319001e+02	1.964500000000000e-05 3.435030000000000e-05 0.000000000000000e+00	1.000000000000000e+00	71	0	403
406	 5.042453169826000e+02 -4.298837610189000e+02  1.469693845670000e+01	 8.714800000000000e-06 -1.382800000000000e-06  0.000000000000000e+00	1.000000000000000e+00	58	0	406
407	 5.391186719926001e+02 -1.677406081430000e+02  1.469693845670000e+01	 2.765380000000000e-05 -3.120700000000000e-06  0.000000000000000e+00	1.000000000000000e+00	58	0	407
408	5.793506937576000e+02 5.965846514821001e+02 1.469693845670000e+01	 2.064180000000000e-05 -2.915400000000000e-06  0.000000000000000e+00	1.000000000000000e+00	58	0	408
409	5.663214739146000e+02 4.978484389422000e+02 1.469693845670000e+01	 4.110960000000000e-05 -2.938800000000000e-06  0.000000000000000e+00	1.000000000000000e+00	58	0	409
412	 1.662293656143000e+02 -5.265117613168001e+02  9.471360338760000e+01	-5.456000000000000e-07  4.145000000000000e-07  0.000000000000000e+00	1.000000000000000e+00	71	0	412
413	 2.475894447634000e+02 -3.773380642360000e+02  9.471360338760000e+01	 7.529000000000000e-07 -3.567000000000000e-07  0.000000000000000e+00	1.000000000000000e+00	71	0	413
414	 3.642472479767000e+02 -4.067420727212000e+02  3.592584956082000e+02	 2.045570000000000e-05 -1.677900000000000e-06  0.000000000000000e+00	1.000000000000000e+00	71	0	414
415	 3.822588821178000e+02 -1.425416504386000e+02  3.592584956082000e+02	 3.920070000000000e-05 -2.372900000000000e-06  0.000000000000000e+00	1.000000000000000e+00	71	0	415
416	-8.132625707990000e+01  6.910882722200000e+02  3.592584956082000e+02	0.000000000000000e+00 0.000000000000000e+00 0.000000000000000e+00	1.000000000000000e+00	71	0	416
418	-1.456716406005000e+02 -4.896016433789000e+02 -4.283015140005000e+02	 1.271000000000000e-07  2.202000000000000e-07 -7.850000000000000e-07	1.000000000000000e+00	71	0	418
419	-1.727506961720000e+01 -2.672122589182000e+02 -3.319975304536000e+02	 1.615800000000000e-06  2.798600000000000e-06 -7.035900000000000e-06	1.000000000000000e+00	71	0	419
424	4.528802458146000e+02 6.617256206816000e+02 3.804874067123000e+02	1.541300000000000e-06 5.300000000000000e-07 0.000000000000000e+00	1.000000000000000e+00	75	0	424
426	-1.702032391223000e+02 -5.007595768112000e+02  5.829785587824000e+02	-5.842400000000000e-06  9.594000000000000e-06  0.000000000000000e+00	1.000000000000000e+00	87	0	426
427	-4.646868510200000e+00 -4.053437595230000e+02  5.829785587824000e+02	-2.534000000000000e-07  4.294000000000000e-07  0.000000000000000e+00	1.000000000000000e+00	87	0	427
428	 6.518306337236000e+02 -4.495765935620000e+01  5.829785587824000e+02	 3.665480000000000e-05 -5.716920000000000e-05  0.000000000000000e+00	1.000000000000000e+00	87	0	428
429	 4.969795592492000e+02 -1.364993577598000e+02  5.829785587824000e+02	 1.071730000000000e-05 -2.033190000000000e-05  0.000000000000000e+00	1.000000000000000e+00	87	0	429
430	-2.389581376115000e+02  5.501408195908000e+02 -4.164132562731000e+02	-6.014000000000000e-07  2.421000000000000e-07  0.000000000000000e+00	1.000000000000000e+00	71	0	430
431	-3.046457501366000e+02  4.453670462886000e+02 -4.164132562731000e+02	 8.527500000000000e-08 -6.929999999999999e-08  0.000000000000000e+00	5.625000000000000e-01	71	0	431
432	-2.119143454829000e+02  6.910882722200000e+02 -4.153598892975000e+02	1.262124666666667e-05 0.000000000000000e+00 2.044232000000001e-06	6.666666666666668e-03	71	0	432
433	-4.438377720001000e+02  6.910882722200000e+02  1.501157168420000e+01	8.969500000000001e-06 0.000000000000000e+00 4.458290000000000e-05	1.000000000000000e+00	71	0	433
434	6.637029603756000e+02 1.102601519639000e+02 9.471360338760000e+01	 2.219100000000000e-06 -2.451800000000000e-06  0.000000000000000e+00	1.000000000000000e+00	71	0	434
436	 4.903107350740000e+02  4.515270518396000e+02 -6.475135986744000e+02	 1.816000000000000e-07 -3.145000000000000e-07 -1.597800000000000e-06	1.000000000000000e+00	0	0	436
438	5.189597865755001e+02 6.615737567970000e+02 5.126166520198000e+02	 9.547875000000001e-07  1.653792187500000e-06 -1.037082656250000e-05	4.218750000000000e-01	71	0	438
439	 1.284681804901000e+02 -1.477754487210000e+01 -1.231401186944000e+02	-8.843400000000001e-06 -1.531720000000000e-05  3.267000000000000e-07	1.000000000000000e+00	71	0	439
440	 1.792253972055000e+02  7.313653332960000e+01 -1.531746464860000e+01	-7.308100000000000e-06 -1.265790000000000e-05  1.496010000000000e-05	1.000000000000000e+00	71	0	440
441	-1.139288781705000e+02 -4.346215660775000e+02 -4.070511932662000e+02	 4.572000000000000e-07  7.919000000000000e-07 -2.640200000000000e-06	1.000000000000000e+00	71	0	441
442	-4.972639974570000e+01 -3.234196114740000e+02 -3.598863167849000e+02	 1.153200000000000e-06  1.997300000000000e-06 -5.628800000000000e-06	1.000000000000000e+00	71	0	442
444	5.700127018922000e+02 7.500000000000000e+02 3.592584956082000e+02	 0.000000000000000e+00 -0.000000000000000e+00  0.000000000000000e+00	1.000000000000000e+00	71	1	444
445	-2.391630048021000e+02 -6.515334362450001e+02 -4.731302399004000e+02	-1.090000000000000e-08 -1.890000000000000e-08  1.393000000000000e-07	1.000000000000000e+00	71	0	445
446	-1.773135777010000e+02 -5.444070860869000e+02 -4.468764434974000e+02	 1.260000000000000e-08  2.180000000000000e-08 -8.450000000000001e-08	1.000000000000000e+00	71	0	446
447	4.654178503644000e+02 5.688364029436000e+02 4.783162162288000e+02	-6.896249999999999e-08 -1.194187500000000e-07 -2.639919375000000e-05	5.625000000000000e-01	71	0	447
448	4.160973325157000e+02 4.834107601742000e+02 4.239815566899000e+02	 3.294543339157104e-06  5.706323530197144e-06 -5.040355400161743e-05	7.508468627929688e-02	71	0	448
449	 7.637565921590000e+01 -1.050044384134000e+02 -2.193169152954000e+02	-2.795200000000000e-06 -4.841500000000000e-06  3.751300000000000e-06	1.000000000000000e+00	71	0	449
450	 1.517606071310000e+01 -2.110052524231000e+02 -3.007424980649000e+02	 1.479200000000000e-06  2.562100000000000e-06 -5.243700000000000e-06	1.000000000000000e+00	71	0	450
451	2.232755108728000e+02 1.494335682806000e+02 7.709566040760001e+01	-1.102820000000000e-05 -1.910140000000000e-05  2.007880000000000e-05	1.000000000000000e+00	71	0	451
452	2.729907060528000e+02 2.355428122406000e+02 1.750040634707000e+02	5.003898750000000e-05 8.667011250000001e-05 1.624304250000000e-04	5.625000000000000e-01	71	0	452
453	 3.302405354131000e+02 -7.023098343369001e+02  3.592584956082000e+02	 1.393800000000000e-06 -2.364000000000000e-07  0.000000000000000e+00	1.000000000000000e+00	71	0	453
455	-3.744530881969000e+02 -3.679795429819000e+02  6.276003915158000e+02	 3.519200000000000e-06  6.095300000000000e-06 -1.218280000000000e-05	1.000000000000000e+00	31	0	455
459	 3.456039675113000e+02 -5.962252863056000e+02  3.592584956082000e+02	 7.999500000000000e-06 -9.405000000000000e-07  0.000000000000000e+00	1.000000000000000e+00	71	0	459
460	4.001445787380000e+02 1.485614542027000e+02 3.592584956082000e+02	 5.734240000000000e-05 -2.104900000000000e-06  0.000000000000000e+00	1.000000000000000e+00	71	0	460
465	 4.206451613400000e+01  6.394223337932000e+02 -1.159425144917000e+02	-4.670800000000000e-06  8.336800000000000e-06  0.000000000000000e+00	1.000000000000000e+00	12	0	465
471	 3.583157116022000e+02 -4.742957530175000e+02  3.592584956082000e+02	 1.576630000000000e-05 -1.458400000000000e-06  0.000000000000000e+00	1.000000000000000e+00	71	0	471
479	7.499980759105000e+02 5.715767664980000e+01 6.580962442277000e+02	 4.619918847656251e-06 -6.171227050781250e-06  0.000000000000000e+00	2.373046875000000e-01	8	0	479
483	 5.138732321627000e+02 -3.703933171247000e+02  1.469693845670000e+01	 1.303650000000000e-05 -1.850000000000000e-06  0.000000000000000e+00	1.000000000000000e+00	58	0	483
484	-6.209576838413000e+02  9.411145601540001e+01  6.580962442277000e+02	 3.749850000000000e-05 -5.430500000000000e-06  0.000000000000000e+00	1.000000000000000e+00	8	0	484
486	-3.792391024077000e+02 -6.305217126304000e+02  5.829785587824000e+02	-1.208900000000000e-05  2.064990000000000e-05  0.000000000000000e+00	1.000000000000000e+00	87	0	486
487	5.264918837515000e+02 6.746197317934000e+02 2.286190426598000e+02	 2.627310937500000e-06  4.550681250000000e-06 -5.949323437500000e-06	4.218750000000000e-01	71	0	487
488	 4.621755139331000e+02  5.002586843378000e+02 -6.607485467045000e+02	 1.385000000000000e-07 -2.398000000000000e-07 -1.106500000000000e-06	1.000000000000000e+00	0	0	488
490	5.055440224765000e+02 5.344352077464000e+02 3.804874067123000e+02	2.677700000000000e-06 1.738700000000000e-06 0.000000000000000e+00	1.000000000000000e+00	75	0	490
491	-5.204834730559000e+02 -6.209115890066000e+02  4.239756110722000e+02	 8.330000000000000e-08  1.443000000000000e-07 -1.113180000000000e-05	1.000000000000000e+00	31	0	491
494	 8.639496587300000e+00 -6.869596259243000e+02  9.471360338760000e+01	 1.158900000000000e-06 -1.213500000000000e-06  0.000000000000000e+00	1.000000000000000e+00	71	0	494
495	 5.304075377709000e+02 -2.451020380741000e+02  1.469693845670000e+01	 2.186390000000000e-05 -2.620800000000000e-06  0.000000000000000e+00	1.000000000000000e+00	58	0	495
496	 3.441715209901000e+02 -6.959873415733000e+02  1.891180246390000e+01	-1.320750000000000e-07 -2.287125000000000e-07 -1.245234375000000e-05	5.625000000000000e-01	71	0	496
497	-4.701549329412000e+02 -5.337400004571000e+02  5.015547692434000e+02	 3.014400000000000e-06  5.221100000000000e-06 -8.565800000000000e-06	1.000000000000000e+00	31	0	497
499	 5.032121110392000e+02 -4.205209591425000e+02 -2.677985572218000e+02	8.910000000000000e-08 1.543000000000000e-07 4.890400000000000e-06	1.000000000000000e+00	71	0	499
501	-5.133480820266000e+02  1.064642536178000e+02  6.580962442277000e+02	-8.018690000000000e-05 -2.078510000000000e-05  0.000000000000000e+00	1.000000000000000e+00	8	0	501
503	-4.281905974822000e+02  1.106472728461000e+02  6.580962442277000e+02	-3.053100000000000e-06 -5.358100000000000e-06  0.000000000000000e+00	1.000000000000000e+00	8	0	503
505	5.308794239910001e+02 1.200153734459000e+02 2.286190426598000e+02	-4.018000000000000e-07  5.870000000000000e-08  0.000000000000000e+00	1.000000000000000e+00	71	0	505
507	-5.691399599881000e+02 -7.051870964909000e+02  3.236652193956000e+02	 1.050000000000000e-06  1.818600000000000e-06 -5.626900000000000e-06	1.000000000000000e+00	31	0	507
512	 9.269857483770001e+01  6.673964354411000e+02 -1.159425144917000e+02	-1.887500000000000e-06  3.458900000000000e-06  0.000000000000000e+00	1.000000000000000e+00	12	0	512
519	-3.571142681224000e+02  1.111791340311000e+02  6.580962442277000e+02	-7.146800000000000e-06  4.017900000000000e-06  0.000000000000000e+00	1.000000000000000e+00	8	0	519
521	-5.941896144710000e+02 -7.485743707674001e+02  2.417829677598000e+02	 1.199397216796875e-07  2.077365234375000e-07 -3.185103515625000e-07	1.779785156250000e-01	31	0	521
523	 5.030607411470000e+01  6.910882722200000e+02 -6.299589357707000e+02	2.704200000000000e-06 0.000000000000000e+00 3.818400000000000e-06	1.000000000000000e+00	71	0	523
527	5.583874193140000e+02 2.216943986223000e+02 1.469693845670000e+01	 5.065780000000000e-05 -8.248000000000000e-07  0.000000000000000e+00	1.000000000000000e+00	58	0	527
529	-3.498346436974000e+02 -3.253391463054000e+02  6.544666513297000e+02	 3.137000000000000e-06  5.433400000000000e-06 -1.206160000000000e-05	1.000000000000000e+00	31	0	529
530	-5.401973375445000e+02  6.910882722200000e+02  5.114572850914000e+02	-2.224050000000000e-06  0.000000000000000e+00 -3.570750000000000e-06	7.500000000000000e-01	71	0	530
531	5.429276307603001e+02 7.030872806729001e+02 5.213969205348001e+02	 4.968843750000000e-07  8.606671875000001e-07 -5.626167187500000e-06	4.218750000000000e-01	71	0	531
535	 4.337612399236000e+02  5.494736505824001e+02 -6.752218135959000e+02	 5.250000000000000e-08 -9.097500000000001e-08 -1.191525000000000e-06	7.500000000000000e-01	0	0	535
537	-2.899744803135000e+02  1.093068499316000e+02  6.580962442277000e+02	-3.674800000000000e-06  1.289810000000000e-05  0.000000000000000e+00	1.000000000000000e+00	8	0	537
538	-6.588910307415000e+02  1.521988424609000e+02  1.077775486825000e+02	-2.170280000000000e-05  8.039000000000000e-07  0.000000000000000e+00	1.000000000000000e+00	20	0	538
540	-7.097129048138000e+02 -6.554905720073000e+02 -1.159425144917000e+02	-1.887500000000000e-06  1.023930000000000e-05  0.000000000000000e+00	1.000000000000000e+00	12	0	540
545	-2.263381447879000e+02  1.056969147755000e+02  6.580962442277000e+02	-3.780600000000000e-06  1.978070000000000e-05  0.000000000000000e+00	1.000000000000000e+00	8	0	545
547	-6.729709257233001e+02 -2.267990109115000e+02  1.077775486825000e+02	-5.203200000000000e-05  1.322200000000000e-06  0.000000000000000e+00	1.000000000000000e+00	20	0	547
553	5.571646789653000e+02 8.817477162270001e+01 1.469693845670000e+01	 4.526580000000000e-05 -3.303000000000000e-07  0.000000000000000e+00	1.000000000000000e+00	58	0	553
560	-7.298275362229000e+02 -6.169142517746001e+02 -1.159425144917000e+02	 9.560100000000000e-06 -1.491320000000000e-05  0.000000000000000e+00	1.000000000000000e+00	12	0	560
566	-6.687673850851000e+02 -9.505192673540000e+01  1.077775486825000e+02	-3.809110000000000e-05  1.397300000000000e-06  0.000000000000000e+00	1.000000000000000e+00	20	0	566
567	-6.637747515493000e+02  2.834760700590000e+01  1.077775486825000e+02	-2.782740000000000e-05  1.153500000000000e-06  0.000000000000000e+00	1.000000000000000e+00	20	0	567
568	-1.606776599191000e+02  1.006400109236000e+02  6.580962442277000e+02	8.100000000000000e-08 2.524900000000000e-05 0.000000000000000e+00	1.000000000000000e+00	8	0	568
571	-5.812581004664000e+02  2.560313057553000e+02 -1.159425144917000e+02	-6.031660000000000e-05  9.863500000000001e-05  0.000000000000000e+00	1.000000000000000e+00	12	0	571
572	-3.678961733373000e+02  6.910882722200000e+02  1.518683640526000e+02	-5.064793945312500e-07 -1.575465820312500e-07  3.635507812500001e-07	2.373046875000000e-01	71	0	572
582	-4.263714349991000e+02 -6.571955346370000e+02  5.829785587824000e+02	-1.283790000000000e-05  2.334610000000000e-05  0.000000000000000e+00	1.000000000000000e+00	87	0	582
583	-9.620318685320001e+01  9.493310588410000e+01  6.580962442277000e+02	2.591800000000000e-06 3.096270000000000e-05 0.000000000000000e+00	1.000000000000000e+00	8	0	583
585	 4.038710344033000e+02  6.012450051922000e+02 -6.932079171746000e+02	-1.917100000000000e-06  3.320600000000000e-06 -1.963500000000000e-06	1.000000000000000e+00	0	0	585
589	 1.442108494749000e+02  6.946647331164000e+02 -1.159425144917000e+02	 3.418000000000000e-07 -6.827000000000000e-07  0.000000000000000e+00	1.000000000000000e+00	12	0	589
595	5.339735362546000e+02 4.925021457610000e+02 3.804874067123000e+02	2.628700000000000e-06 2.054400000000000e-06 0.000000000000000e+00	1.000000000000000e+00	75	0	595
598	 9.636057882940000e+01  6.910882722200000e+02 -6.583094178833001e+02	1.664800000000000e-06 0.000000000000000e+00 2.842400000000000e-06	1.000000000000000e+00	71	0	598
600	-3.326320788740000e+01  8.891839779150000e+01  6.580962442277000e+02	4.335800000000000e-06 3.819380000000000e-05 0.000000000000000e+00	1.000000000000000e+00	8	0	600
602	-4.294296329720000e+02  6.910882722200000e+02  6.950574793740000e+01	9.604200000000000e-06 0.000000000000000e+00 1.896200000000000e-05	1.000000000000000e+00	71	0	602
610	-5.728200908133000e+02  6.910882722200000e+02  5.490387132604001e+02	-1.785800000000000e-06  0.000000000000000e+00 -2.127800000000000e-06	1.000000000000000e+00	71	0	610
611	-6.757005269110000e+02 -3.601622875904000e+02  1.077775486825000e+02	-6.628950000000000e-05  1.325700000000000e-06  0.000000000000000e+00	1.000000000000000e+00	20	0	611
615	 4.300000000000000e+02 -5.473280551918000e+02 -2.606506917860000e+02	0.000000000000000e+00 0.000000000000000e+00 0.000000000000000e+00	1.000000000000000e+00	71	0	615
616	-3.241447198153000e+02 -2.808428928991000e+02  6.790145174752000e+02	 3.617400000000000e-06  6.265500000000000e-06 -1.621930000000000e-05	1.000000000000000e+00	31	0	616
618	2.812782640990000e+01 8.256324057540000e+01 6.580962442277000e+02	6.372100000000000e-06 4.707230000000000e-05 0.000000000000000e+00	1.000000000000000e+00	8	0	618
620	 3.734844553519000e+02  6.538761039775001e+02 -7.080716430266000e+02	-4.045577913665772e-06  7.007150703048707e-06 -2.902180802536011e-06	7.508468627929688e-02	0	0	620
625	-6.880387250372000e+02  1.974221100539000e+02 -1.159425144917000e+02	-5.220190000000000e-05  1.387483000000000e-04  0.000000000000000e+00	1.000000000000000e+00	12	0	625
627	 5.159316686219000e+02 -6.750987319041001e+02  2.286190426598000e+02	-1.133050000000000e-05  2.261670000000000e-05  0.000000000000000e+00	1.000000000000000e+00	71	0	627
630	-3.356179459239000e+02  6.910882722200000e+02  1.797562953622000e+02	-2.724352734375000e-06  0.000000000000000e+00 -1.104036328125000e-06	3.164062500000000e-01	71	0	630
631	8.830803214510000e+01 7.563249054940000e+01 6.580962442277000e+02	9.117900000000000e-06 5.747480000000000e-05 0.000000000000000e+00	1.000000000000000e+00	8	0	631
639	 1.464650438518000e+02  6.910882722200000e+02 -6.848700887301001e+02	6.973000000000000e-07 0.000000000000000e+00 1.354200000000000e-06	1.000000000000000e+00	71	0	639
646	 3.692269148396000e+02 -3.421798749451000e+02  3.592584956082000e+02	 2.501650000000000e-05 -1.818300000000000e-06  0.000000000000000e+00	1.000000000000000e+00	71	0	646
647	 3.777953278417000e+02 -2.129692939660000e+02  3.592584956082000e+02	 3.432930000000000e-05 -2.181800000000000e-06  0.000000000000000e+00	1.000000000000000e+00	71	0	647
655	 1.972174946717000e+02  7.208816907555000e+02 -1.159425144917000e+02	 1.673500000000000e-06 -3.572400000000000e-06  0.000000000000000e+00	1.000000000000000e+00	12	0	655
660	-4.743401749771000e+02 -6.827522440565000e+02  5.829785587824000e+02	-1.348720000000000e-05  2.582960000000000e-05  0.000000000000000e+00	1.000000000000000e+00	87	0	660
664	1.481427897195000e+02 6.776835580050000e+01 6.580962442277000e+02	1.181090000000000e-05 6.952080000000000e-05 0.000000000000000e+00	1.000000000000000e+00	8	0	664
681	 3.354160470977000e+02  7.198125212372000e+02 -7.318915203765000e+02	-8.500919239997865e-07  1.472401312351227e-06 -9.654163707733154e-07	5.631351470947266e-02	0	0	681
688	-6.074414080946000e+02  6.910882722200000e+02  5.879765512012000e+02	-5.211000000000000e-07  0.000000000000000e+00 -1.404500000000000e-06	1.000000000000000e+00	71	0	688
689	2.080167241094000e+02 5.867265796650000e+01 6.580962442277000e+02	1.385600000000000e-05 8.335120000000001e-05 0.000000000000000e+00	1.000000000000000e+00	8	0	689
696	 4.690965481211000e+02 -4.796108474454000e+02 -2.649945849936000e+02	7.040039062500001e-08 1.219113281250000e-07 2.982160546875000e-06	3.164062500000000e-01	71	0	696
703	2.685324848874000e+02 4.812732084730000e+01 6.580962442277000e+02	1.574070000000000e-05 9.911030000000000e-05 0.000000000000000e+00	1.000000000000000e+00	8	0	703
707	 3.859269669185000e+02 -7.913760059460000e+01  3.592584956082000e+02	 4.302490000000000e-05 -2.682500000000000e-06  0.000000000000000e+00	1.000000000000000e+00	71	0	707
708	 4.241172339500000e+02 -5.473280551918000e+02 -2.582878766878000e+02	-1.578380218505859e-07  0.000000000000000e+00 -6.796665802001954e-08	1.001129150390625e-01	71	0	708
710	3.349779099448000e+02 3.527697583720000e+01 6.580962442277000e+02	2.072430000000000e-05 1.180402000000000e-04 0.000000000000000e+00	1.000000000000000e+00	8	0	710
712	-3.383129702711000e+02  6.910882722200000e+02  2.105857667055000e+02	-4.222518750000000e-06  0.000000000000000e+00 -2.804906250000000e-06	5.625000000000000e-01	71	0	712
714	4.972238858241000e+02 5.106194249300001e+00 6.580962442277000e+02	6.857830000000000e-05 1.733638000000000e-04 0.000000000000000e+00	1.000000000000000e+00	8	0	714
715	 5.683524007482000e+02 -3.009494468800000e+00  6.580962442277000e+02	6.574390000000001e-05 2.081801000000000e-04 0.000000000000000e+00	1.000000000000000e+00	8	0	715
717	 6.195289773935000e+02 -3.093837418800000e+00  6.580962442277000e+02	6.846100000000001e-05 2.195244000000000e-04 0.000000000000000e+00	1.000000000000000e+00	8	0	717
718	-5.287943405385000e+02  7.041375008806000e+02 -6.793251553319001e+02	5.659490000000000e-05 6.503890000000001e-05 0.000000000000000e+00	1.000000000000000e+00	71	0	718
720	6.611764092337000e+02 4.162245077300001e+00 6.580962442277000e+02	5.276840000000000e-05 2.002233000000000e-04 0.000000000000000e+00	1.000000000000000e+00	8	0	720
722	 1.997510635401000e+02  6.910882722200000e+02 -7.088962375103000e+02	1.500000000000000e-08 0.000000000000000e+00 1.600000000000000e-08	1.000000000000000e+00	71	0	722
728	 4.749074547703000e+02 -6.251100484925000e+02 -3.690551456322000e+02	-1.304240000000000e-05  2.259000000000000e-05  3.726650000000000e-05	1.000000000000000e+00	71	0	728
729	7.026709293278001e+02 2.172760792660000e+01 6.580962442277000e+02	2.397157500000000e-05 1.337946750000000e-04 0.000000000000000e+00	7.500000000000000e-01	8	0	729
733	5.864467902606000e+02 4.347076077743000e+02 3.804874067123000e+02	1.507800000000000e-06 1.627900000000000e-06 0.000000000000000e+00	1.000000000000000e+00	75	0	733
737	-6.468888560565000e+02  6.910882722200000e+02  6.315451113706000e+02	-9.956000000000000e-07  0.000000000000000e+00  1.184800000000000e-06	1.000000000000000e+00	71	0	737
740	-2.973877580879000e+02 -2.344984757311000e+02  7.009759143365001e+02	 6.594400000000000e-06  1.142190000000000e-05 -3.469140000000000e-05	1.000000000000000e+00	31	0	740
745	-5.789461563498000e+02  7.500000000000000e+02 -6.793251553319001e+02	1.778864000000000e-04 1.945233000000000e-04 0.000000000000000e+00	1.000000000000000e+00	71	1	745
746	-8.301998059700000e+01  6.910882722200000e+02 -5.200541985395000e+02	2.827290000000000e-05 0.000000000000000e+00 3.076000000000000e-07	1.000000000000000e+00	71	0	746
747	6.164921716346000e+02 4.090083771059000e+02 3.804874067123000e+02	2.407000000000000e-07 2.626000000000000e-07 0.000000000000000e+00	1.000000000000000e+00	75	0	747
755	-2.664374360206000e+02  5.528916503494000e+02 -6.793251553319001e+02	-4.053450000000000e-05 -7.919197500000000e-05  0.000000000000000e+00	7.500000000000000e-01	71	0	755
771	6.558127771275000e+02 3.773003177888000e+02 3.804874067123000e+02	-2.467000000000000e-06 -3.042600000000000e-06  0.000000000000000e+00	1.000000000000000e+00	75	0	771
776	 2.558797217631000e+02  6.910882722200000e+02 -7.302472866075000e+02	-2.428000000000000e-07  0.000000000000000e+00 -6.564000000000000e-07	1.000000000000000e+00	71	0	776
805	-1.011138437670000e+02  3.725881068160000e+02 -7.383441227477000e+02	 3.605305006713868e-05 -6.244571107177735e-05 -6.341393644409180e-05	1.334838867187500e-01	71	0	805
828	-1.383198611632000e+02  3.403479836873000e+02 -7.451588748187000e+02	-8.930572586059570e-07  0.000000000000000e+00 -1.699320624389648e-05	1.001129150390625e-01	71	0	828
864	-2.695283197639000e+02 -1.862445130836000e+02  7.200157998081000e+02	 8.198300000000001e-06  1.419990000000000e-05 -5.131190000000000e-05	1.000000000000000e+00	31	0	864
865	 3.995564447786000e+02 -5.473280551918000e+02 -2.192744933396000e+02	-2.302593750000000e-06  0.000000000000000e+00  4.090387500000000e-06	5.625000000000000e-01	71	0	865
909	-1.272672889664000e+02  6.910882722200000e+02  3.592584956082000e+02	0.000000000000000e+00 0.000000000000000e+00 0.000000000000000e+00	4.218750000000000e-01	71	0	909
1000	-3.605475545807000e+02  6.910882722200000e+02  2.639195413656000e+02	-5.212500000000000e-06  0.000000000000000e+00 -4.743700000000000e-06	1.000000000000000e+00	71	0	1000
1002	7.014547380396000e+02 3.402058692903000e+02 3.804874067123000e+02	-4.632600000000000e-06 -5.227900000000000e-06  0.000000000000000e+00	1.000000000000000e+00	75	0	1002
1003	-4.476842057831000e+02  6.910882722200000e+02  3.967815302590000e+02	-8.283557812500001e-06  0.000000000000000e+00 -5.691515625000001e-07	4.218750000000000e-01	71	0	1003
1011	6.940569038040001e+02 2.752975181237000e+02 1.617192824506000e+02	-1.508625000000000e-06  2.613009375000000e-06  7.320944531250000e-06	3.164062500000000e-01	71	0	1011
1012	 3.845313934598000e+02 -5.473280551918000e+02 -1.622214232917000e+02	-2.098800000000000e-06  0.000000000000000e+00  1.257830000000000e-05	1.000000000000000e+00	71	0	1012
1014	-3.328744445520000e+02  6.206128964106000e+02  1.518683640526000e+02	-1.114200000000000e-06 -4.186000000000000e-07  0.000000000000000e+00	1.000000000000000e+00	71	0	1014
1015	-3.580769942089000e+02  6.863500418809000e+02  1.518683640526000e+02	-7.744000000000001e-07  1.284000000000000e-07  0.000000000000000e+00	1.000000000000000e+00	71	0	1015
1020	-3.627688067790000e+02  6.863649500572001e+02  1.518683640526000e+02	-6.636225585937501e-07 -3.345996093750000e-09  0.000000000000000e+00	2.373046875000000e-01	71	0	1020
1081	-5.242001692936000e+02 -7.083114110310000e+02  5.829785587824000e+02	-1.213110000000000e-05  2.477790000000000e-05  0.000000000000000e+00	1.000000000000000e+00	87	0	1081
1396	-4.417962098630000e+02  6.910882722200000e+02 -3.729850524060000e+01	-8.486700000000000e-06  0.000000000000000e+00  7.409290000000000e-05	1.000000000000000e+00	71	0	1396
1705	 3.882793424104000e+02 -5.473280551918000e+02 -1.021741571634000e+02	3.280300000000000e-06 0.000000000000000e+00 1.682960000000000e-05	1.000000000000000e+00	71	0	1705
1759	5.472150537396000e+02 7.105133151065000e+02 2.652259905838000e+02	-2.215318359375000e-06 -3.837058593750000e-06 -1.082166328125000e-05	3.164062500000000e-01	71	0	1759
1801	-2.407242065578000e+02 -1.363543255436000e+02  7.355448969261000e+02	 5.274600000000000e-06  9.135900000000000e-06 -4.888680000000000e-05	1.000000000000000e+00	31	0	1801
3478	2.963079549337000e+02 2.759294719950000e+02 2.286190426598000e+02	-3.653940000000000e-05 -6.328820000000001e-05  0.000000000000000e+00	1.000000000000000e+00	71	0	3478
4128	-6.641115245332001e+02 -7.115859630577000e+02 -1.159425144917000e+02	1.493600000000000e-06 6.397000000000000e-07 0.000000000000000e+00	1.000000000000000e+00	12	0	4128
4213	-3.228331830540000e+02  6.910882722200000e+02 -2.758318309099000e+02	 1.630730000000000e-05  0.000000000000000e+00 -4.356160000000000e-05	1.000000000000000e+00	71	0	4213
4214	4.324996523179000e+02 7.348534603634000e+02 2.286190426598000e+02	 2.730225000000000e-06 -1.339425000000000e-06  0.000000000000000e+00	7.500000000000000e-01	71	0	4214
4220	 4.300000000000000e+02 -5.473280551918000e+02  8.956488194300000e+00	0.000000000000000e+00 0.000000000000000e+00 0.000000000000000e+00	5.625000000000000e-01	71	0	4220
4225	-2.324927697639000e+02  6.910882722200000e+02 -4.003151843576000e+02	 4.822721428030729e-06  0.000000000000000e+00 -2.494676171872616e-05	3.167635202407837e-02	71	0	4225
4234	5.654945396167000e+02 7.421743133820000e+02 3.229601599670000e+02	-2.328750000000000e-07 -4.033500000000000e-07 -8.213400000000002e-06	7.500000000000000e-01	71	0	4234
4235	5.229232598943000e+02 6.715658940474000e+02 2.286190426598000e+02	5.194662890625000e-06 5.339355468750000e-06 0.000000000000000e+00	3.164062500000000e-01	71	0	4235
4236	5.424697830096001e+02 3.894572726738000e+02 2.286190426598000e+02	 4.173720000000000e-05 -2.563950000000000e-05  0.000000000000000e+00	1.000000000000000e+00	71	0	4236
4240	5.278353822474000e+02 5.399877355574000e+02 2.286190426598000e+02	2.513800000000000e-06 4.640000000000000e-08 0.000000000000000e+00	1.000000000000000e+00	71	0	4240
4244	4.886555170988000e+02 3.538065424951000e+02 2.286190426598000e+02	 3.116200000000000e-05 -5.120120000000000e-05  0.000000000000000e+00	1.000000000000000e+00	71	0	4244
4245	3.660990713818000e+02 2.908460196468000e+02 2.286190426598000e+02	-7.055000000000000e-06 -6.988880000000001e-05  0.000000000000000e+00	1.000000000000000e+00	71	0	4245
4250	4.006109185926000e+02 2.213757606440000e+01 6.580962442277000e+02	5.149910000000000e-05 1.343840000000000e-04 0.000000000000000e+00	1.000000000000000e+00	8	0	4250
4258	-2.621615736766000e+02  6.910882722200000e+02 -3.661245862724000e+02	 1.705030000000000e-05  0.000000000000000e+00 -3.166580000000000e-05	1.000000000000000e+00	71	0	4258
4264	4.021457561856000e+02 3.087245045981000e+02 3.592584956082000e+02	1.110311929687500e-04 2.790997382812500e-05 0.000000000000000e+00	3.164062500000000e-01	71	0	4264
4270	 4.278677193264000e+02 -5.436348367291000e+02  1.566893434050000e+01	 1.195042675781250e-06 -2.069866406250000e-06 -1.871830898437500e-05	2.373046875000000e-01	71	0	4270
4273	-3.778426912950000e+02  6.910882722200000e+02 -1.862772125598000e+02	-8.447700000000000e-05  0.000000000000000e+00  1.356812000000000e-04	1.000000000000000e+00	71	0	4273
4275	4.348609153388000e+02 3.231148912016000e+02 2.286190426598000e+02	 3.805420000000000e-05 -7.710820000000001e-05  0.000000000000000e+00	1.000000000000000e+00	71	0	4275
4276	 3.907756154174000e+02 -6.152666821845000e+02  1.693254721810000e+01	 3.023718000000000e-04  5.237232000000000e-04 -3.425330000000000e-05	1.000000000000000e+00	71	0	4276
4287	-5.791443303379000e+02 -7.308740801634000e+02  5.829785587824000e+02	-2.917700000000000e-06  7.566600000000001e-06  0.000000000000000e+00	1.000000000000000e+00	87	0	4287
4288	3.763075488829000e+02 4.144928333000000e+02 3.592584956082000e+02	5.982136572839508e-05 1.036136438518519e-04 0.000000000000000e+00	1.580246913580247e-02	71	0	4288
4292	5.239335114083000e+02 5.999385085836000e+02 2.286190426598000e+02	-2.903600000000000e-06  1.640000000000000e-08  0.000000000000000e+00	1.000000000000000e+00	71	0	4292
4296	5.841483021639000e+02 3.711655450634000e+02 2.286190426598000e+02	1.826001562500000e-06 4.163864062500000e-06 0.000000000000000e+00	4.218750000000000e-01	71	0	4296
4297	5.301388812949000e+02 4.796476515753000e+02 2.286190426598000e+02	1.984090000000000e-05 1.172300000000000e-06 0.000000000000000e+00	1.000000000000000e+00	71	0	4297
4303	3.764691764164000e+02 4.147727803999000e+02 3.628042916900000e+02	2.042153964843750e-05 3.537114169921875e-05 4.909231230468750e-05	2.373046875000000e-01	71	0	4303
4307	-1.410986190613000e+02  4.418437691548000e+02 -7.059818193685001e+02	 3.309104812500000e-04 -5.731537218750001e-04  1.913260921875000e-03	4.218750000000000e-01	71	0	4307
4309	 4.447256442302000e+02 -5.301779674982000e+02  2.286190426598000e+02	-1.222670000000000e-05 -7.416000000000000e-07  0.000000000000000e+00	1.000000000000000e+00	71	0	4309
4310	7.256462220547000e+02 2.205832139371000e+02 1.205642039093000e+02	 2.443141562805176e-05 -4.231645274734497e-05 -2.509390283203125e-05	7.508468627929688e-02	71	0	4310
4312	6.482454742283001e+02 3.546452417162000e+02 2.286190426598000e+02	 1.035763769531250e-06 -1.793999707031250e-06  2.837096191406250e-06	2.373046875000000e-01	71	0	4312
4315	6.385222217222000e+02 3.527622786098000e+02 2.286190426598000e+02	-1.513000000000000e-06 -7.482000000000000e-07  0.000000000000000e+00	1.000000000000000e+00	71	0	4315
4317	6.045804047226001e+02 6.926993621315000e+02 1.469693845670000e+01	 1.976600000000000e-06 -6.070000000000000e-07  0.000000000000000e+00	1.000000000000000e+00	58	0	4317
4318	 4.317349100551000e+02 -5.503330075537000e+02  7.300336735140000e+01	-2.743380000000000e-05  4.751680000000000e-05 -2.168752000000000e-04	1.000000000000000e+00	71	0	4318
4319	 5.408018316868000e+02 -7.392424572450001e+02 -6.339786605919001e+02	 7.306010000000000e-05 -1.265438000000000e-04 -4.268161000000000e-04	1.000000000000000e+00	71	0	4319
4320	-2.089324090597000e+02  5.084195511991000e+02 -6.793251553319001e+02	-2.670810100000000e-03 -5.295529100000000e-03  0.000000000000000e+00	1.000000000000000e+00	71	0	4320
4321	-1.506033660461000e+02  6.910882722200000e+02 -4.525578040349000e+02	-2.382195445312500e-04  0.000000000000000e+00  7.590261621093749e-05	2.373046875000000e-01	71	0	4321
4322	-7.074335610273000e+02  6.910882722200000e+02  6.972652533047001e+02	-2.847097000000000e-04  0.000000000000000e+00  3.200467000000000e-04	1.000000000000000e+00	71	0	4322
4323	-6.951184899107001e+02  7.835013764730000e+01  6.580962442277000e+02	-4.407644000000000e-04 -1.348226000000000e-04  0.000000000000000e+00	1.000000000000000e+00	8	0	4323
0	 5.000000000000000e-01 -8.660254037844386e-01  0.000000000000000e+00	8.660254037844385e-01 5.000000000000000e-01 0.000000000000000e+00	5.632499999999998e+02 3.251925391210567e+02 0.000000000000000e+00	1	0	0.000000000000000e+00	0.000000000000000e+00	0.000000000000000e+00	9.292832578588318e+04
1	5.000000000000000e-01 8.660254037844386e-01 0.000000000000000e+00	0.000000000000000e+00 0.000000000000000e+00 1.000000000000000e+00	0.000000000000000e+00 0.000000000000000e+00 2.286190426597633e+02	1	0	0.000000000000000e+00	0.000000000000000e+00	0.000000000000000e+00	3.551782629100113e+05
3	-5.000000000000000e-01 -8.660254037844386e-01  0.000000000000000e+00	0.000000000000000e+00 0.000000000000000e+00 1.000000000000000e+00	0.000000000000000e+00 0.000000000000000e+00 6.580962442277471e+02	1	0	0.000000000000000e+00	0.000000000000000e+00	0.000000000000000e+00	1.210736514974700e+06
4	-1.000000000000000e+00  0.000000000000000e+00  0.000000000000000e+00	0.000000000000000e+00 0.000000000000000e+00 1.000000000000000e+00	-0.000000000000000e+00 -0.000000000000000e+00 -1.159425144917371e+02	1	0	0.000000000000000e+00	0.000000000000000e+00	0.000000000000000e+00	1.949407649582672e+06
7	-5.000000000000000e-01 -8.660254037844386e-01  0.000000000000000e+00	0.000000000000000e+00 0.000000000000000e+00 1.000000000000000e+00	-0.000000000000000e+00 -0.000000000000000e+00 -1.894272067752324e+02	1	0	0.000000000000000e+00	0.000000000000000e+00	0.000000000000000e+00	1.360984085229816e+06
9	-5.000000000000000e-01 -8.660254037844386e-01  0.000000000000000e+00	 8.660254037844385e-01 -5.000000000000000e-01  0.000000000000000e+00	-1.215000000000000e+02  7.014805770653952e+01 -0.000000000000000e+00	1	0	0.000000000000000e+00	0.000000000000000e+00	0.000000000000000e+00	2.456845827546177e+06
10	-5.000000000000000e-01  8.660254037844386e-01  0.000000000000000e+00	8.660254037844385e-01 5.000000000000000e-01 0.000000000000000e+00	-1.409999999999999e+02 -8.140638795573722e+01 -0.000000000000000e+00	1	0	0.000000000000000e+00	0.000000000000000e+00	0.000000000000000e+00	2.347762208535275e+03
12	1.000000000000000e+00 0.000000000000000e+00 0.000000000000000e+00	 0.000000000000000e+00 -1.000000000000000e+00  0.000000000000000e+00	0.000000000000000e+00 2.381569860407206e+02 0.000000000000000e+00	1	0	0.000000000000000e+00	0.000000000000000e+00	0.000000000000000e+00	2.250000000000000e+06
13	 5.000000000000000e-01 -8.660254037844386e-01  0.000000000000000e+00	0.000000000000000e+00 0.000000000000000e+00 1.000000000000000e+00	0.000000000000000e+00 0.000000000000000e+00 1.518683640525570e+02	1	0	0.000000000000000e+00	0.000000000000000e+00	0.000000000000000e+00	1.230778675263633e+06
15	5.000000000000000e-01 8.660254037844386e-01 0.000000000000000e+00	 8.660254037844385e-01 -5.000000000000000e-01  0.000000000000000e+00	 5.594999999999998e+02 -3.230274756115955e+02  0.000000000000000e+00	1	0	0.000000000000000e+00	0.000000000000000e+00	0.000000000000000e+00	4.857384433872601e+05
18	-5.000000000000000e-01 -8.660254037844386e-01  0.000000000000000e+00	0.000000000000000e+00 0.000000000000000e+00 1.000000000000000e+00	0.000000000000000e+00 0.000000000000000e+00 1.469693845669907e+01	1	0	0.000000000000000e+00	0.000000000000000e+00	0.000000000000000e+00	3.157100255483497e+05
21	-5.000000000000000e-01 -8.660254037844386e-01  0.000000000000000e+00	0.000000000000000e+00 0.000000000000000e+00 1.000000000000000e+00	0.000000000000000e+00 0.000000000000000e+00 3.592584956081994e+02	1	0	0.000000000000000e+00	0.000000000000000e+00	0.000000000000000e+00	1.353232782214891e+03
22	-5.000000000000000e-01 -8.660254037844386e-01  0.000000000000000e+00	 8.660254037844385e-01 -5.000000000000000e-01  0.000000000000000e+00	 1.027500000000000e+02 -5.932274015923404e+01  0.000000000000000e+00	1	0	0.000000000000000e+00	0.000000000000000e+00	0.000000000000000e+00	1.180936923309722e+06
24	5.000000000000000e-01 8.660254037844386e-01 0.000000000000000e+00	 8.660254037844385e-01 -5.000000000000000e-01  0.000000000000000e+00	 7.694999999999998e+02 -4.442710321414170e+02  0.000000000000000e+00	1	0	0.000000000000000e+00	0.000000000000000e+00	0.000000000000000e+00	2.358394345994126e+05
25	-5.000000000000000e-01  8.660254037844386e-01  0.000000000000000e+00	8.660254037844385e-01 5.000000000000000e-01 0.000000000000000e+00	-8.017499999999998e+02 -4.628905783227824e+02 -0.000000000000000e+00	1	0	0.000000000000000e+00	0.000000000000000e+00	0.000000000000000e+00	1.974568915210525e+05
26	1.000000000000000e+00 0.000000000000000e+00 0.000000000000000e+00	0.000000000000000e+00 0.000000000000000e+00 1.000000000000000e+00	0.000000000000000e+00 0.000000000000000e+00 5.829785587823964e+02	1	0	0.000000000000000e+00	0.000000000000000e+00	0.000000000000000e+00	5.169215323516907e+05
27	 5.000000000000000e-01 -8.660254037844386e-01  0.000000000000000e+00	0.000000000000000e+00 0.000000000000000e+00 1.000000000000000e+00	0.000000000000000e+00 0.000000000000000e+00 6.580962442277471e+02	1	0	0.000000000000000e+00	0.000000000000000e+00	0.000000000000000e+00	1.505033042801676e+04
28	1.000000000000000e+00 0.000000000000000e+00 0.000000000000000e+00	0.000000000000000e+00 0.000000000000000e+00 1.000000000000000e+00	0.000000000000000e+00 0.000000000000000e+00 2.286190426597633e+02	1	0	0.000000000000000e+00	0.000000000000000e+00	0.000000000000000e+00	3.932667935022825e+04
29	1.000000000000000e+00 0.000000000000000e+00 0.000000000000000e+00	 0.000000000000000e+00 -1.000000000000000e+00  0.000000000000000e+00	0.000000000000000e+00 5.715767664977295e+01 0.000000000000000e+00	1	0	0.000000000000000e+00	0.000000000000000e+00	0.000000000000000e+00	2.112144366341550e+06
43	5.000000000000000e-01 8.660254037844386e-01 0.000000000000000e+00	 0.000000000000000e+00  0.000000000000000e+00 -1.000000000000000e+00	-0.000000000000000e+00 -0.000000000000000e+00 -1.159425144917371e+02	1	0	0.000000000000000e+00	0.000000000000000e+00	0.000000000000000e+00	2.063328159193571e+03
55	-1.000000000000000e+00  0.000000000000000e+00  0.000000000000000e+00	0.000000000000000e+00 0.000000000000000e+00 1.000000000000000e+00	-0.000000000000000e+00 -0.000000000000000e+00 -4.262112152442729e+02	1	0	0.000000000000000e+00	0.000000000000000e+00	0.000000000000000e+00	5.554726129316956e+04
66	-5.000000000000000e-01 -8.660254037844386e-01  0.000000000000000e+00	0.000000000000000e+00 0.000000000000000e+00 1.000000000000000e+00	0.000000000000000e+00 0.000000000000000e+00 1.077775486824598e+02	1	0	0.000000000000000e+00	0.000000000000000e+00	0.000000000000000e+00	2.116754977689665e+06
76	-1.000000000000000e+00  0.000000000000000e+00  0.000000000000000e+00	0.000000000000000e+00 0.000000000000000e+00 1.000000000000000e+00	0.000000000000000e+00 0.000000000000000e+00 2.286190426597633e+02	1	0	0.000000000000000e+00	0.000000000000000e+00	0.000000000000000e+00	1.022233083150498e+03
106	-1.000000000000000e+00  0.000000000000000e+00  0.000000000000000e+00	 0.000000000000000e+00 -1.000000000000000e+00  0.000000000000000e+00	-0.000000000000000e+00 -5.473280551917652e+02 -0.000000000000000e+00	1	0	0.000000000000000e+00	0.000000000000000e+00	0.000000000000000e+00	7.817027508858902e+03
107	 5.000000000000000e-01 -8.660254037844386e-01  0.000000000000000e+00	0.000000000000000e+00 0.000000000000000e+00 1.000000000000000e+00	0.000000000000000e+00 0.000000000000000e+00 3.804874067123203e+02	1	0	0.000000000000000e+00	0.000000000000000e+00	0.000000000000000e+00	2.155988682661296e+06
108	5.000000000000000e-01 8.660254037844386e-01 0.000000000000000e+00	0.000000000000000e+00 0.000000000000000e+00 1.000000000000000e+00	-0.000000000000000e+00 -0.000000000000000e+00 -4.164132562731402e+02	1	0	0.000000000000000e+00	0.000000000000000e+00	0.000000000000000e+00	1.972024315576910e+06
113	 5.000000000000000e-01 -8.660254037844386e-01  0.000000000000000e+00	0.000000000000000e+00 0.000000000000000e+00 1.000000000000000e+00	-0.000000000000000e+00 -0.000000000000000e+00 -6.793251553318680e+02	1	0	0.000000000000000e+00	0.000000000000000e+00	0.000000000000000e+00	1.258771222858787e+06
208	1.000000000000000e+00 0.000000000000000e+00 0.000000000000000e+00	 0.000000000000000e+00 -1.000000000000000e+00  0.000000000000000e+00	0.000000000000000e+00 3.403479836872843e+02 0.000000000000000e+00	1	0	0.000000000000000e+00	0.000000000000000e+00	0.000000000000000e+00	2.501135208856775e+04
243	 5.000000000000000e-01 -8.660254037844386e-01  0.000000000000000e+00	0.000000000000000e+00 0.000000000000000e+00 1.000000000000000e+00	0.000000000000000e+00 0.000000000000000e+00 3.592584956081994e+02	1	0	0.000000000000000e+00	0.000000000000000e+00	0.000000000000000e+00	0.000000000000000e+00
246	1.000000000000000e+00 0.000000000000000e+00 0.000000000000000e+00	0.000000000000000e+00 0.000000000000000e+00 1.000000000000000e+00	0.000000000000000e+00 0.000000000000000e+00 3.592584956081994e+02	1	0	0.000000000000000e+00	0.000000000000000e+00	0.000000000000000e+00	0.000000000000000e+00
248	1.000000000000000e+00 0.000000000000000e+00 0.000000000000000e+00	0.000000000000000e+00 0.000000000000000e+00 1.000000000000000e+00	0.000000000000000e+00 0.000000000000000e+00 3.592584956081994e+02	1	0	0.000000000000000e+00	0.000000000000000e+00	0.000000000000000e+00	0.000000000000000e+00
297	-1.000000000000000e+00  0.000000000000000e+00  0.000000000000000e+00	0.000000000000000e+00 1.000000000000000e+00 0.000000000000000e+00	0.000000000000000e+00 6.910882722199819e+02 0.000000000000000e+00	1	0	0.000000000000000e+00	0.000000000000000e+00	0.000000000000000e+00	0.000000000000000e+00
319	5.000000000000000e-01 8.660254037844386e-01 0.000000000000000e+00	0.000000000000000e+00 0.000000000000000e+00 1.000000000000000e+00	0.000000000000000e+00 0.000000000000000e+00 3.592584956081994e+02	1	0	0.000000000000000e+00	0.000000000000000e+00	0.000000000000000e+00	1.353232782214895e+03
320	-1.000000000000000e+00  0.000000000000000e+00  0.000000000000000e+00	 0.000000000000000e+00 -1.000000000000000e+00  0.000000000000000e+00	0.000000000000000e+00 6.910882722199819e+02 0.000000000000000e+00	1	0	0.000000000000000e+00	0.000000000000000e+00	0.000000000000000e+00	1.635822663364825e+06
321	-5.000000000000000e-01 -8.660254037844386e-01  0.000000000000000e+00	0.000000000000000e+00 0.000000000000000e+00 1.000000000000000e+00	0.000000000000000e+00 0.000000000000000e+00 3.592584956081994e+02	1	0	0.000000000000000e+00	0.000000000000000e+00	0.000000000000000e+00	5.294163561211893e+05
323	-5.000000000000000e-01 -8.660254037844386e-01  0.000000000000000e+00	 0.000000000000000e+00  0.000000000000000e+00 -1.000000000000000e+00	0.000000000000000e+00 0.000000000000000e+00 1.518683640525570e+02	1	0	0.000000000000000e+00	0.000000000000000e+00	0.000000000000000e+00	3.839924906355299e+01
324	1.000000000000000e+00 0.000000000000000e+00 0.000000000000000e+00	 0.000000000000000e+00  0.000000000000000e+00 -1.000000000000000e+00	0.000000000000000e+00 0.000000000000000e+00 1.518683640525570e+02	1	0	0.000000000000000e+00	0.000000000000000e+00	0.000000000000000e+00	3.839924906355299e+01
325	-1.000000000000000e+00  0.000000000000000e+00  0.000000000000000e+00	 0.000000000000000e+00  0.000000000000000e+00 -1.000000000000000e+00	0.000000000000000e+00 0.000000000000000e+00 1.518683640525570e+02	1	0	0.000000000000000e+00	0.000000000000000e+00	0.000000000000000e+00	3.839924906355299e+01
327	1.000000000000000e+00 0.000000000000000e+00 0.000000000000000e+00	0.000000000000000e+00 0.000000000000000e+00 1.000000000000000e+00	0.000000000000000e+00 0.000000000000000e+00 1.518683640525570e+02	1	0	0.000000000000000e+00	0.000000000000000e+00	0.000000000000000e+00	1.104225130572511e+01
337	 5.000000000000000e-01 -8.660254037844386e-01  0.000000000000000e+00	8.660254037844385e-01 5.000000000000000e-01 0.000000000000000e+00	8.549999999999997e+01 4.936344801571300e+01 0.000000000000000e+00	1	0	0.000000000000000e+00	0.000000000000000e+00	0.000000000000000e+00	2.463971087332380e+05
340	-5.000000000000000e-01 -8.660254037844386e-01  0.000000000000000e+00	0.000000000000000e+00 0.000000000000000e+00 1.000000000000000e+00	0.000000000000000e+00 0.000000000000000e+00 9.471360338761622e+01	1	0	0.000000000000000e+00	0.000000000000000e+00	0.000000000000000e+00	3.982013107473805e+05
2428	-5.000000000000000e-01  8.660254037844386e-01  0.000000000000000e+00	8.660254037844385e-01 5.000000000000000e-01 0.000000000000000e+00	6.397499999999998e+02 3.693598347140630e+02 0.000000000000000e+00	1	0	0.000000000000000e+00	0.000000000000000e+00	0.000000000000000e+00	3.586087939359335e+05
2429	 5.000000000000000e-01 -8.660254037844386e-01  0.000000000000000e+00	 0.000000000000000e+00  0.000000000000000e+00 -1.000000000000000e+00	0.000000000000000e+00 0.000000000000000e+00 2.286190426597633e+02	1	0	0.000000000000000e+00	0.000000000000000e+00	0.000000000000000e+00	3.450113171959776e+04
2432	5.000000000000000e-01 8.660254037844386e-01 0.000000000000000e+00	0.000000000000000e+00 0.000000000000000e+00 1.000000000000000e+00	0.000000000000000e+00 0.000000000000000e+00 2.286190426597633e+02	1	0	0.000000000000000e+00	0.000000000000000e+00	0.000000000000000e+00	2.803461610344771e+03
0	0	1	1
0	246	0	0
0	1	2	1
0	2	681	0
0	112	246	0
0	247	112	0
0	201	143	0
0	143	247	0
0	436	201	0
0	488	436	0
0	535	488	0
0	585	535	0
0	620	585	0
0	681	620	0
1	4	5	1
1	63	4	1
1	5	6	1
1	6	4312	0
1	292	63	0
1	164	113	0
1	113	328	0
1	144	364	0
1	365	144	0
1	505	164	0
1	328	248	0
1	248	365	0
1	367	249	0
1	249	505	0
1	4309	292	0
1	364	4309	0
1	4315	367	0
1	4312	4315	0
3	10	11	1
3	479	10	0
3	11	12	1
3	12	13	1
3	13	479	0
4	15	16	1
4	104	15	1
4	16	17	1
4	17	655	0
4	101	104	0
4	150	101	1
4	571	116	0
4	116	625	0
4	625	150	0
4	374	151	0
4	151	375	0
4	297	209	0
4	209	374	0
4	255	333	0
4	375	255	0
4	465	297	0
4	333	571	0
4	512	465	0
4	589	512	0
4	655	589	0
7	27	28	1
7	301	27	0
7	28	29	1
7	29	30	1
7	30	302	0
7	119	338	0
7	339	119	0
7	155	382	0
7	383	155	0
7	384	156	0
7	156	385	0
7	213	301	0
7	382	213	0
7	302	214	0
7	214	384	0
7	338	260	0
7	260	383	0
7	261	339	0
7	385	261	0
9	36	37	1
9	159	36	1
9	37	38	1
9	38	39	1
9	39	1801	0
9	491	122	0
9	122	507	0
9	521	159	0
9	216	160	0
9	160	497	0
9	455	216	0
9	507	262	0
9	262	521	0
9	263	491	0
9	497	263	0
9	529	455	0
9	616	529	0
9	740	616	0
9	864	740	0
9	1801	864	0
10	41	42	1
10	161	41	1
10	42	162	0
10	123	161	0
10	162	123	0
12	47	48	1
12	50	47	1
12	48	49	1
12	49	50	1
13	52	53	1
13	305	52	0
13	53	54	1
13	54	55	1
13	55	306	0
13	126	342	0
13	343	126	0
13	167	390	0
13	391	167	0
13	392	168	0
13	168	393	0
13	221	305	0
13	390	221	0
13	222	392	0
13	1014	222	0
13	342	268	0
13	268	391	0
13	269	343	0
13	393	269	0
13	306	572	0
13	572	1015	0
13	1015	1014	0
15	59	60	1
15	496	59	0
15	60	61	1
15	61	62	1
15	62	226	0
15	273	128	0
15	128	499	0
15	226	172	0
15	172	273	0
15	4276	496	0
15	499	696	0
15	696	615	0
15	615	4220	0
15	4220	4276	0
18	71	72	1
18	313	71	0
18	72	73	1
18	73	74	1
18	74	4317	0
18	527	131	0
18	131	553	0
18	177	483	0
18	495	177	0
18	231	313	0
18	406	231	0
18	350	278	0
18	278	407	0
18	279	351	0
18	409	279	0
18	314	408	0
18	4317	314	0
18	553	350	0
18	351	527	0
18	483	406	0
18	407	495	0
18	408	409	0
21	352	416	0
21	909	352	0
21	416	444	0
21	444	909	0
22	87	88	1
22	319	87	0
22	88	89	1
22	89	90	1
22	90	531	0
22	137	439	0
22	440	137	0
22	185	441	0
22	442	185	0
22	237	445	0
22	446	237	0
22	447	238	0
22	238	448	0
22	449	286	0
22	286	450	0
22	287	451	0
22	452	287	0
22	445	319	0
22	438	320	0
22	320	447	0
22	439	358	0
22	358	449	0
22	359	440	0
22	451	359	0
22	441	418	0
22	418	446	0
22	419	442	0
22	450	419	0
22	531	438	0
22	444	4234	0
22	4288	444	0
22	448	4303	0
22	3478	452	0
22	1759	487	0
22	487	3478	0
22	4234	1759	0
22	4303	4288	0
24	97	98	1
24	189	97	0
24	98	99	1
24	99	100	1
24	100	190	0
24	139	189	0
24	190	139	0
25	101	102	1
25	104	101	0
25	102	103	1
25	103	104	1
26	105	106	1
26	4287	105	0
26	106	107	1
26	107	428	0
26	141	362	0
26	363	141	0
26	191	426	0
26	427	191	0
26	428	192	0
26	192	429	0
26	241	323	0
26	426	241	0
26	362	290	0
26	290	427	0
26	291	363	0
26	429	291	0
26	323	486	0
26	486	582	0
26	582	660	0
26	660	1081	0
26	1081	4287	0
27	10	479	0
27	4323	10	0
27	479	729	0
27	501	484	0
27	484	4323	0
27	503	501	0
27	519	503	0
27	537	519	0
27	545	537	0
27	568	545	0
27	583	568	0
27	600	583	0
27	618	600	0
27	631	618	0
27	664	631	0
27	689	664	0
27	703	689	0
27	710	703	0
27	4250	710	0
27	715	714	0
27	714	4250	0
27	717	715	0
27	720	717	0
27	729	720	0
28	6	4214	0
28	4312	6	0
28	487	3478	0
28	4235	487	0
28	3478	4236	0
28	4214	4235	0
28	4236	4296	0
28	4296	4315	0
28	4315	4312	0
29	10	44	1
29	479	10	0
29	45	13	1
29	13	479	0
29	44	45	1
43	101	104	0
43	560	101	0
43	104	4128	0
43	540	560	0
43	4128	540	0
55	7	8	1
55	204	7	0
55	8	205	1
55	114	250	0
55	251	114	0
55	146	204	0
55	250	146	0
55	205	147	0
55	147	251	0
66	23	24	1
66	378	23	0
66	24	25	1
66	25	26	1
66	26	300	0
66	118	547	0
66	566	118	0
66	153	378	0
66	379	153	0
66	380	154	0
66	154	381	0
66	300	212	0
66	212	380	0
66	258	379	0
66	611	258	0
66	538	259	0
66	259	567	0
66	547	336	0
66	336	611	0
66	337	566	0
66	567	337	0
66	381	538	0
76	292	63	0
76	63	627	0
76	627	292	0
106	708	615	0
106	615	4220	0
106	865	708	0
106	1012	865	0
106	1705	1012	0
106	4220	1705	0
107	92	93	1
107	187	92	1
107	93	94	1
107	94	95	1
107	95	1002	0
107	424	187	0
107	322	424	0
107	490	322	0
107	595	490	0
107	733	595	0
107	747	733	0
107	771	747	0
107	1002	771	0
108	18	19	1
108	298	18	0
108	19	20	1
108	20	21	1
108	21	22	1
108	22	108	0
108	108	243	0
108	117	334	0
108	335	117	0
108	152	376	0
108	377	152	0
108	430	193	0
108	193	431	0
108	210	298	0
108	376	210	0
108	243	430	0
108	334	256	0
108	256	377	0
108	257	335	0
108	431	257	0
113	67	68	1
113	745	67	1
113	68	277	1
113	130	403	0
113	755	130	0
113	402	229	0
113	229	718	0
113	277	349	0
113	349	4320	0
113	403	402	0
113	718	745	0
113	4320	755	0
208	56	57	1
208	307	56	0
208	57	66	1
208	66	828	0
208	127	344	0
208	828	127	0
208	169	394	0
208	395	169	0
208	223	307	0
208	394	223	0
208	344	270	0
208	270	395	0
243	416	352	0
243	352	909	0
243	909	416	0
246	352	416	0
246	909	352	0
246	416	909	0
248	416	352	0
248	352	909	0
248	909	416	0
297	416	352	0
297	352	909	0
297	909	416	0
319	416	444	0
319	909	416	0
319	444	909	0
320	75	76	1
320	776	75	0
320	76	77	1
320	77	78	1
320	78	4322	0
320	108	194	0
320	432	108	0
320	132	179	0
320	746	132	0
320	133	306	0
320	630	133	0
320	179	523	0
320	194	4321	0
320	1396	195	0
320	195	4273	0
320	315	233	0
320	233	1003	0
320	572	281	0
320	281	602	0
320	306	572	0
320	530	315	0
320	352	1000	0
320	1003	352	0
320	4225	432	0
320	602	433	0
320	433	1396	0
320	523	598	0
320	610	530	0
320	598	639	0
320	688	610	0
320	712	630	0
320	639	722	0
320	737	688	0
320	1000	712	0
320	722	776	0
320	4322	737	0
320	4321	746	0
320	4213	4258	0
320	4273	4213	0
320	4258	4225	0
321	83	84	1
321	453	83	0
321	84	85	1
321	85	444	1
321	136	460	0
321	4264	136	0
321	183	646	0
321	647	183	0
321	235	459	0
321	471	235	0
321	356	284	0
321	284	707	0
321	317	453	0
321	459	317	0
321	460	356	0
321	414	471	0
321	646	414	0
321	415	647	0
321	707	415	0
321	444	4288	0
321	4288	4264	0
323	572	306	0
323	306	1015	0
323	1015	572	0
324	572	306	0
324	306	1015	0
324	1015	572	0
325	572	306	0
325	306	1015	0
325	1015	572	0
327	1015	572	0
327	572	1020	0
327	1020	1015	0
337	63	65	1
337	292	63	0
337	65	66	1
337	66	805	0
337	174	401	0
337	728	174	0
337	228	400	0
337	4319	228	0
337	274	292	0
337	4318	274	0
337	349	277	0
337	277	4319	0
337	4307	349	0
337	400	728	0
337	401	615	0
337	615	4220	0
337	805	4307	0
337	4220	4270	0
337	4270	4318	0
340	80	34	1
340	34	434	0
340	79	80	1
340	494	79	0
340	134	354	0
340	355	134	0
340	181	412	0
340	413	181	0
340	198	388	0
340	434	198	0
340	234	316	0
340	412	234	0
340	354	282	0
340	282	413	0
340	283	355	0
340	388	283	0
340	316	494	0
2428	6	32	1
2428	4312	6	0
2428	32	33	1
2428	33	34	1
2428	34	4310	0
2428	4310	1011	0
2428	1011	4312	0
2429	3478	487	0
2429	487	4235	0
2429	4236	3478	0
2429	4235	4292	0
2429	4297	4236	0
2429	4292	4240	0
2429	4240	4297	0
2432	4236	3478	0
2432	3478	4245	0
2432	4244	4236	0
2432	4275	4244	0
2432	4245	4275	0
