458
42
516
0	 7.500000000000000e+02  1.732050807600000e+00 -5.810123660399000e+02	 1.418000000000000e-07 -2.456000000000000e-07 -4.614900000000000e-06	1.000000000000000e+00	0	1	0
1	 7.500000000000000e+02  1.732050807600000e+00 -7.500000000000000e+02	0.000000000000000e+00 0.000000000000000e+00 0.000000000000000e+00	1.000000000000000e+00	0	1	1
2	 3.179872981078000e+02  7.500000000000000e+02 -7.500000000000000e+02	-2.545485730000000e-02  4.408910620000000e-02  0.000000000000000e+00	1.000000000000000e+00	0	1	2
4	 7.500000000000000e+02 -7.500000000000000e+02  2.286190426598000e+02	0.000000000000000e+00 0.000000000000000e+00 0.000000000000000e+00	1.000000000000000e+00	7973	1	4
5	7.500000000000000e+02 7.500000000000000e+02 2.286190426598000e+02	0.000000000000000e+00 0.000000000000000e+00 0.000000000000000e+00	1.000000000000000e+00	7973	1	5
6	4.199872981078000e+02 7.500000000000000e+02 2.286190426598000e+02	0.000000000000000e+00 0.000000000000000e+00 0.000000000000000e+00	7.500000000000000e-01	7973	1	6
7	 7.500000000000000e+02  6.207833643175001e+02 -4.262112152443000e+02	5.430000000000000e-08 3.795000000000000e-07 0.000000000000000e+00	1.000000000000000e+00	646	1	7
8	 7.500000000000000e+02  7.500000000000000e+02 -4.262112152443000e+02	0.000000000000000e+00 0.000000000000000e+00 0.000000000000000e+00	1.000000000000000e+00	646	1	8
10	-7.500000000000000e+02  5.715767664980000e+01  6.580962442277000e+02	0.000000000000000e+00 0.000000000000000e+00 0.000000000000000e+00	1.000000000000000e+00	1105	1	10
11	-7.500000000000000e+02 -7.500000000000000e+02  6.580962442277000e+02	0.000000000000000e+00 0.000000000000000e+00 0.000000000000000e+00	1.000000000000000e+00	1105	1	11
12	 7.500000000000000e+02 -7.500000000000000e+02  6.580962442277000e+02	0.000000000000000e+00 0.000000000000000e+00 0.000000000000000e+00	1.000000000000000e+00	1105	1	12
13	7.500000000000000e+02 5.715767664980000e+01 6.580962442277000e+02	0.000000000000000e+00 0.000000000000000e+00 0.000000000000000e+00	4.218750000000000e-01	1105	1	13
15	 7.500000000000000e+02 -7.500000000000000e+02 -1.159425144917000e+02	0.000000000000000e+00 0.000000000000000e+00 0.000000000000000e+00	1.000000000000000e+00	661	1	15
16	 7.500000000000000e+02  7.500000000000000e+02 -1.159425144917000e+02	0.000000000000000e+00 0.000000000000000e+00 0.000000000000000e+00	1.000000000000000e+00	661	1	16
17	 2.509554753484000e+02  7.500000000000000e+02 -1.159425144917000e+02	 9.212899999999999e-06 -2.106680000000000e-05  0.000000000000000e+00	1.000000000000000e+00	661	1	17
18	-7.500000000000000e+02 -9.498360498050000e+01 -4.164132562731000e+02	 7.481000000000000e-07 -6.182000000000001e-07  0.000000000000000e+00	1.000000000000000e+00	7977	1	18
19	-7.500000000000000e+02 -7.500000000000000e+02 -4.164132562731000e+02	0.000000000000000e+00 0.000000000000000e+00 0.000000000000000e+00	1.000000000000000e+00	7977	1	19
20	 7.500000000000000e+02 -7.500000000000000e+02 -4.164132562731000e+02	0.000000000000000e+00 0.000000000000000e+00 0.000000000000000e+00	1.000000000000000e+00	7977	1	20
21	 7.500000000000000e+02  7.500000000000000e+02 -4.164132562731000e+02	0.000000000000000e+00 0.000000000000000e+00 0.000000000000000e+00	1.000000000000000e+00	7977	1	21
22	-2.071086621582000e+02  7.500000000000000e+02 -4.164132562731000e+02	-7.891766718750001e-05  0.000000000000000e+00  0.000000000000000e+00	1.779785156250000e-01	7977	1	22
23	-6.297822373887000e+02 -7.500000000000000e+02  1.077775486825000e+02	-2.060131000000000e-04  4.051870000000000e-05  0.000000000000000e+00	1.000000000000000e+00	23	1	23
24	 7.500000000000000e+02 -7.500000000000000e+02  1.077775486825000e+02	0.000000000000000e+00 0.000000000000000e+00 0.000000000000000e+00	1.000000000000000e+00	23	1	24
25	7.500000000000000e+02 7.500000000000000e+02 1.077775486825000e+02	0.000000000000000e+00 0.000000000000000e+00 0.000000000000000e+00	1.000000000000000e+00	23	1	25
26	-6.130015134333000e+02  7.500000000000000e+02  1.077775486825000e+02	 1.094870000000000e-05 -1.210700000000000e-06  0.000000000000000e+00	1.000000000000000e+00	23	1	26
27	-7.365683985070000e+02 -7.500000000000000e+02 -1.894272067752000e+02	 2.951000000000000e-07 -2.276000000000000e-07  0.000000000000000e+00	1.000000000000000e+00	27	1	27
28	 7.500000000000000e+02 -7.500000000000000e+02 -1.894272067752000e+02	0.000000000000000e+00 0.000000000000000e+00 0.000000000000000e+00	1.000000000000000e+00	27	1	28
29	 7.500000000000000e+02  7.500000000000000e+02 -1.894272067752000e+02	0.000000000000000e+00 0.000000000000000e+00 0.000000000000000e+00	1.000000000000000e+00	27	1	29
30	 4.223908579620000e+02  7.500000000000000e+02 -1.894272067752000e+02	-1.676000000000000e-07  1.294000000000000e-07  0.000000000000000e+00	1.000000000000000e+00	27	1	30
32	4.199872981078000e+02 7.500000000000000e+02 7.500000000000000e+02	0.000000000000000e+00 0.000000000000000e+00 0.000000000000000e+00	1.000000000000000e+00	7973	1	32
33	7.500000000000000e+02 1.784012331796000e+02 7.500000000000000e+02	0.000000000000000e+00 0.000000000000000e+00 0.000000000000000e+00	1.000000000000000e+00	7973	1	33
34	7.500000000000000e+02 1.784012331796000e+02 9.471360338760000e+01	 0.000000000000000e+00 -0.000000000000000e+00  0.000000000000000e+00	7.500000000000000e-01	7973	1	34
36	-5.950127018922000e+02 -7.500000000000000e+02 -7.500000000000000e+02	0.000000000000000e+00 0.000000000000000e+00 0.000000000000000e+00	1.000000000000000e+00	491	1	36
37	 2.710127018922000e+02  7.500000000000000e+02 -7.500000000000000e+02	0.000000000000000e+00 0.000000000000000e+00 0.000000000000000e+00	1.000000000000000e+00	491	1	37
38	2.710127018922000e+02 7.500000000000000e+02 7.500000000000000e+02	0.000000000000000e+00 0.000000000000000e+00 0.000000000000000e+00	1.000000000000000e+00	491	1	38
39	-2.115560735234000e+02 -8.583363716610000e+01  7.500000000000000e+02	 5.746000000000000e-07  9.952000000000000e-07 -5.371500000000000e-06	1.000000000000000e+00	491	1	39
41	 2.450127018922000e+02 -7.500000000000000e+02  7.500000000000000e+02	0.000000000000000e+00 0.000000000000000e+00 0.000000000000000e+00	1.000000000000000e+00	729	1	41
42	 2.450127018922000e+02 -7.500000000000000e+02  7.353999375247000e+02	 2.900000000000000e-09 -5.100000000000000e-09  1.505000000000000e-07	1.000000000000000e+00	729	1	42
44	-7.500000000000000e+02  5.715767664980000e+01 -7.500000000000000e+02	0.000000000000000e+00 0.000000000000000e+00 0.000000000000000e+00	1.000000000000000e+00	1105	1	44
45	 7.500000000000000e+02  5.715767664980000e+01 -7.500000000000000e+02	0.000000000000000e+00 0.000000000000000e+00 0.000000000000000e+00	1.000000000000000e+00	1105	1	45
47	-7.500000000000000e+02  2.381569860407000e+02  7.500000000000000e+02	0.000000000000000e+00 0.000000000000000e+00 0.000000000000000e+00	1.000000000000000e+00	1074	1	47
48	-7.500000000000000e+02  2.381569860407000e+02 -7.500000000000000e+02	0.000000000000000e+00 0.000000000000000e+00 0.000000000000000e+00	1.000000000000000e+00	1074	1	48
49	 7.500000000000000e+02  2.381569860407000e+02 -7.500000000000000e+02	0.000000000000000e+00 0.000000000000000e+00 0.000000000000000e+00	1.000000000000000e+00	1074	1	49
50	7.500000000000000e+02 2.381569860407000e+02 7.500000000000000e+02	0.000000000000000e+00 0.000000000000000e+00 0.000000000000000e+00	1.000000000000000e+00	1074	1	50
52	 2.613846185620000e+02 -7.500000000000000e+02  1.518683640526000e+02	3.327000000000000e-07 1.687000000000000e-07 0.000000000000000e+00	1.000000000000000e+00	7977	1	52
53	 7.500000000000000e+02 -7.500000000000000e+02  1.518683640526000e+02	0.000000000000000e+00 0.000000000000000e+00 0.000000000000000e+00	1.000000000000000e+00	7977	1	53
54	7.500000000000000e+02 7.500000000000000e+02 1.518683640526000e+02	0.000000000000000e+00 0.000000000000000e+00 0.000000000000000e+00	1.000000000000000e+00	7977	1	54
55	-3.652071930436000e+02  7.500000000000000e+02  1.518683640526000e+02	-2.296616967773438e-06 -5.340423339843750e-07  0.000000000000000e+00	1.779785156250000e-01	7977	1	55
56	-7.500000000000000e+02  3.403479836873000e+02 -6.860206908189000e+02	-7.760000000000001e-08  0.000000000000000e+00 -2.457300000000000e-06	1.000000000000000e+00	7973	1	56
57	-7.500000000000000e+02  3.403479836873000e+02 -7.500000000000000e+02	0.000000000000000e+00 0.000000000000000e+00 0.000000000000000e+00	1.000000000000000e+00	7973	1	57
59	 3.129872981078000e+02 -7.500000000000000e+02 -1.031387731970000e+01	-3.056500000000000e-06 -5.294100000000000e-06  1.345705000000000e-04	1.000000000000000e+00	7973	1	59
60	 3.129872981078000e+02 -7.500000000000000e+02 -7.500000000000000e+02	0.000000000000000e+00 0.000000000000000e+00 0.000000000000000e+00	1.000000000000000e+00	7973	1	60
61	 7.500000000000000e+02  6.928203230300000e+00 -7.500000000000000e+02	0.000000000000000e+00 0.000000000000000e+00 0.000000000000000e+00	1.000000000000000e+00	7973	1	61
62	 7.500000000000000e+02  6.928203230300000e+00 -2.865586634643000e+02	2.904000000000000e-07 5.029000000000000e-07 2.923490000000000e-05	1.000000000000000e+00	7973	1	62
63	 5.470127018922000e+02 -7.500000000000000e+02  2.286190426598000e+02	-0.000000000000000e+00 -0.000000000000000e+00  0.000000000000000e+00	1.000000000000000e+00	7973	1	63
65	 5.470127018922000e+02 -7.500000000000000e+02 -7.500000000000000e+02	0.000000000000000e+00 0.000000000000000e+00 0.000000000000000e+00	1.000000000000000e+00	7973	1	65
66	-8.250000000000000e+01  3.403479836873000e+02 -7.500000000000000e+02	0.000000000000000e+00 0.000000000000000e+00 0.000000000000000e+00	7.500000000000000e-01	7973	1	66
67	-7.500000000000000e+02  7.500000000000000e+02 -6.793251553319001e+02	0.000000000000000e+00 1.454776528000000e-01 0.000000000000000e+00	1.000000000000000e+00	7973	1	67
68	-7.500000000000000e+02 -7.500000000000000e+02 -6.793251553319001e+02	0.000000000000000e+00 0.000000000000000e+00 0.000000000000000e+00	1.000000000000000e+00	7973	1	68
71	 4.501748191278000e+02 -7.500000000000000e+02  1.469693845670000e+01	-1.555430000000000e-05  3.748100000000000e-06  0.000000000000000e+00	1.000000000000000e+00	5009	1	71
72	 7.500000000000000e+02 -7.500000000000000e+02  1.469693845670000e+01	0.000000000000000e+00 0.000000000000000e+00 0.000000000000000e+00	1.000000000000000e+00	5009	1	72
73	7.500000000000000e+02 7.500000000000000e+02 1.469693845670000e+01	0.000000000000000e+00 0.000000000000000e+00 0.000000000000000e+00	1.000000000000000e+00	5009	1	73
74	5.814374523567001e+02 7.500000000000000e+02 1.469693845670000e+01	 1.921994000000000e-04 -6.206990000000000e-05  0.000000000000000e+00	1.000000000000000e+00	5009	1	74
75	 3.130499146334000e+02  6.910882722200000e+02 -7.500000000000000e+02	2.806000000000000e-07 0.000000000000000e+00 7.872000000000001e-07	1.000000000000000e+00	7977	1	75
76	 7.500000000000000e+02  6.910882722200000e+02 -7.500000000000000e+02	0.000000000000000e+00 0.000000000000000e+00 0.000000000000000e+00	1.000000000000000e+00	7977	1	76
77	7.500000000000000e+02 6.910882722200000e+02 7.500000000000000e+02	0.000000000000000e+00 0.000000000000000e+00 0.000000000000000e+00	1.000000000000000e+00	7977	1	77
78	-7.500000000000000e+02  6.910882722200000e+02  7.500000000000000e+02	-1.025587529000000e-01  0.000000000000000e+00  0.000000000000000e+00	1.000000000000000e+00	7977	1	78
79	-5.559648961460000e+01 -7.500000000000000e+02  9.471360338760000e+01	 1.035330000000000e-05 -1.029850000000000e-05  0.000000000000000e+00	1.000000000000000e+00	7973	1	79
80	 7.500000000000000e+02 -7.500000000000000e+02  9.471360338760000e+01	0.000000000000000e+00 0.000000000000000e+00 0.000000000000000e+00	1.000000000000000e+00	7973	1	80
83	 3.223397274031000e+02 -7.500000000000000e+02  3.592584956082000e+02	-5.696700000000000e-06  7.931000000000001e-07  0.000000000000000e+00	1.000000000000000e+00	7977	1	83
84	 7.500000000000000e+02 -7.500000000000000e+02  3.592584956082000e+02	0.000000000000000e+00 0.000000000000000e+00 0.000000000000000e+00	1.000000000000000e+00	7977	1	84
85	7.500000000000000e+02 7.500000000000000e+02 3.592584956082000e+02	0.000000000000000e+00 0.000000000000000e+00 0.000000000000000e+00	1.000000000000000e+00	7977	1	85
86	4.044353495762000e+02 7.500000000000000e+02 3.592584956082000e+02	 1.082672000000000e-04 -4.441500000000000e-06  0.000000000000000e+00	1.000000000000000e+00	7977	1	86
87	-2.960127018922000e+02 -7.500000000000000e+02 -4.867706824269000e+02	-3.920000000000000e-08 -6.780000000000000e-08  7.696000000000000e-07	1.000000000000000e+00	7977	1	87
88	-2.960127018922000e+02 -7.500000000000000e+02 -7.500000000000000e+02	0.000000000000000e+00 0.000000000000000e+00 0.000000000000000e+00	1.000000000000000e+00	7977	1	88
89	 5.700127018922000e+02  7.500000000000000e+02 -7.500000000000000e+02	0.000000000000000e+00 0.000000000000000e+00 0.000000000000000e+00	1.000000000000000e+00	7977	1	89
90	5.700127018922000e+02 7.500000000000000e+02 6.215691956877000e+02	 7.200500000000000e-06  1.247160000000000e-05 -1.069088000000000e-04	1.000000000000000e+00	7977	1	90
92	-7.500000000000000e+02  7.500000000000000e+02  3.804874067123000e+02	0.000000000000000e+00 0.000000000000000e+00 0.000000000000000e+00	1.000000000000000e+00	2905	1	92
93	-7.500000000000000e+02 -7.500000000000000e+02  3.804874067123000e+02	0.000000000000000e+00 0.000000000000000e+00 0.000000000000000e+00	1.000000000000000e+00	2905	1	93
94	 7.500000000000000e+02 -7.500000000000000e+02  3.804874067123000e+02	0.000000000000000e+00 0.000000000000000e+00 0.000000000000000e+00	1.000000000000000e+00	2905	1	94
95	7.500000000000000e+02 3.007774080653000e+02 3.804874067123000e+02	-2.112380000000000e-05 -2.175960000000000e-05  0.000000000000000e+00	1.000000000000000e+00	2905	1	95
97	 5.929872981078000e+02 -7.500000000000000e+02 -1.594686358760000e+01	 5.300000000000000e-09  9.200000000000000e-09 -1.022000000000000e-07	1.000000000000000e+00	97	1	97
98	 5.929872981078000e+02 -7.500000000000000e+02 -7.500000000000000e+02	0.000000000000000e+00 0.000000000000000e+00 0.000000000000000e+00	1.000000000000000e+00	97	1	98
99	 7.500000000000000e+02 -4.780460228890000e+02 -7.500000000000000e+02	0.000000000000000e+00 0.000000000000000e+00 0.000000000000000e+00	1.000000000000000e+00	97	1	99
100	 7.500000000000000e+02 -4.780460228890000e+02  1.942345866760000e+01	 2.090000000000000e-08  3.630000000000000e-08 -4.458000000000000e-07	1.000000000000000e+00	97	1	100
101	-7.500000000000000e+02 -5.525242076145000e+02 -1.159425144917000e+02	-0.000000000000000e+00 -0.000000000000000e+00  0.000000000000000e+00	1.779785156250000e-01	661	1	101
102	-7.500000000000000e+02 -5.525242076145000e+02  7.500000000000000e+02	0.000000000000000e+00 0.000000000000000e+00 0.000000000000000e+00	1.000000000000000e+00	661	1	102
103	-6.359872981078000e+02 -7.500000000000000e+02  7.500000000000000e+02	0.000000000000000e+00 0.000000000000000e+00 0.000000000000000e+00	1.000000000000000e+00	661	1	103
104	-6.359872981078000e+02 -7.500000000000000e+02 -1.159425144917000e+02	0.000000000000000e+00 0.000000000000000e+00 0.000000000000000e+00	7.500000000000000e-01	661	1	104
105	-5.756598720997000e+02 -7.500000000000000e+02  5.829785587824000e+02	-7.315190000000000e-05  2.223989000000000e-04  0.000000000000000e+00	1.000000000000000e+00	105	1	105
106	 7.500000000000000e+02 -7.500000000000000e+02  5.829785587824000e+02	0.000000000000000e+00 0.000000000000000e+00 0.000000000000000e+00	1.000000000000000e+00	105	1	106
107	7.500000000000000e+02 2.506348938340000e+01 5.829785587824000e+02	 4.888000000000000e-07 -1.701900000000000e-06  0.000000000000000e+00	1.000000000000000e+00	105	1	107
108	-2.086353891795000e+02  6.910882722200000e+02 -4.164132562731000e+02	-8.725389164428712e-05  0.000000000000000e+00  0.000000000000000e+00	1.334838867187500e-01	7977	0	108
112	 6.715483277536000e+02  1.376143330771000e+02 -5.927003797249000e+02	 1.918000000000000e-07 -3.323000000000000e-07 -4.209800000000000e-06	1.000000000000000e+00	0	0	112
113	 5.168380939262000e+02 -6.521611991000000e+00  2.286190426598000e+02	-2.719050000000000e-05  2.248900000000000e-06  0.000000000000000e+00	1.000000000000000e+00	7973	0	113
114	 2.990319765745000e+02  6.853929239889001e+02 -4.262112152443000e+02	-5.700000000000001e-09 -3.840000000000000e-08  0.000000000000000e+00	1.000000000000000e+00	646	0	114
116	-5.769149481199000e+02  1.409260600550000e+02 -1.159425144917000e+02	-1.995300000000000e-06  1.473130000000000e-05  0.000000000000000e+00	1.000000000000000e+00	661	0	116
117	-4.258006465358000e+02  2.979908959077000e+02 -4.164132562731000e+02	 5.591000000000000e-07 -4.599000000000000e-07  0.000000000000000e+00	1.000000000000000e+00	7977	0	117
118	-6.262263347739000e+02 -1.582539200511000e+02  1.077775486825000e+02	-1.508901000000000e-04 -5.770800000000000e-06  0.000000000000000e+00	1.000000000000000e+00	23	0	118
119	-1.571708521429000e+02  5.106172680000000e-02 -1.894272067752000e+02	-2.800000000000000e-07  2.165000000000000e-07  0.000000000000000e+00	1.000000000000000e+00	27	0	119
122	-5.463700070600000e+02 -6.657483811335001e+02  3.833550502508000e+02	-5.347300000000000e-06 -9.261900000000000e-06 -3.263170000000000e-05	1.000000000000000e+00	491	0	122
123	 1.455992417228000e+02 -5.778108360303000e+02  7.443186998151000e+02	 4.500000000000000e-09 -7.699999999999999e-09  1.682000000000000e-07	1.000000000000000e+00	729	0	123
126	-7.300206097660001e+01 -6.399732600000000e-03  1.518683640526000e+02	-8.910000000000000e-08 -3.880000000000000e-08  0.000000000000000e+00	1.000000000000000e+00	7977	0	126
127	-2.081619317527000e+02  3.403479836873000e+02 -7.339604188642001e+02	4.957000000000000e-07 0.000000000000000e+00 1.190200000000000e-06	1.000000000000000e+00	7973	0	127
128	 5.325233704523000e+02 -3.697523686052000e+02 -2.725974657806000e+02	1.465000000000000e-07 2.538000000000000e-07 6.312800000000000e-06	1.000000000000000e+00	7973	0	128
130	-3.317391373324000e+02  5.859160218706000e+02 -6.793251553319001e+02	-1.728510000000000e-05 -3.393720000000000e-05  0.000000000000000e+00	1.000000000000000e+00	7973	0	130
131	5.129119647341000e+02 1.491250891321000e+02 1.469693845670000e+01	1.547249000000000e-04 4.708800000000001e-06 0.000000000000000e+00	1.000000000000000e+00	5009	0	131
132	-4.788748979950000e+01  6.910882722200000e+02 -5.563862027864001e+02	-1.701920000000000e-05  0.000000000000000e+00 -3.270340000000000e-05	1.000000000000000e+00	7977	0	132
133	-3.446197884718000e+02  6.910882722200000e+02  1.558543150746000e+02	 1.003506468750000e-04  0.000000000000000e+00 -4.788547031250000e-05	4.218750000000000e-01	7977	0	133
134	 3.671483449879000e+02 -1.673495151083000e+02  9.471360338760000e+01	 1.121580000000000e-05 -8.417800000000001e-06  0.000000000000000e+00	1.000000000000000e+00	7973	0	134
136	3.431775501176000e+02 2.255447367141000e+02 3.592584956082000e+02	1.789805000000000e-04 6.227640000000000e-05 0.000000000000000e+00	1.000000000000000e+00	7977	0	136
137	 1.610512370513000e+02  4.165796455770001e+01 -7.648854777430000e+01	 3.600100000000000e-05  6.235560000000000e-05 -8.241290000000001e-05	1.000000000000000e+00	7977	0	137
139	 6.776821230248000e+02 -6.033042601055000e+02  3.632622341200000e+00	 1.875000000000000e-07  3.248000000000000e-07 -3.012900000000000e-06	1.000000000000000e+00	97	0	139
141	 2.373975151703000e+02 -2.569015243183000e+02  5.829785587824000e+02	 2.132280000000000e-05 -3.567320000000000e-05  0.000000000000000e+00	1.000000000000000e+00	105	0	141
143	 5.701303073320000e+02  3.132754972504000e+02 -6.179905516565000e+02	 2.470000000000000e-07 -4.278000000000000e-07 -3.253300000000000e-06	1.000000000000000e+00	0	0	143
144	 4.898031274484000e+02 -3.772998105761000e+02  2.286190426598000e+02	-4.022370000000000e-05  4.215100000000001e-06  0.000000000000000e+00	1.000000000000000e+00	7973	0	144
146	 5.245194906683000e+02  6.530641703655000e+02 -4.262112152443000e+02	1.230000000000000e-08 8.590000000000001e-08 0.000000000000000e+00	1.000000000000000e+00	646	0	146
147	 7.247952423480000e+01  7.225530815455000e+02 -4.262112152443000e+02	2.345000000000000e-07 9.163000000000000e-07 0.000000000000000e+00	1.000000000000000e+00	646	0	147
150	-7.500000000000000e+02 -2.077520958323000e+02 -1.159425144917000e+02	0.000000000000000e+00 0.000000000000000e+00 0.000000000000000e+00	1.000000000000000e+00	661	1	150
151	-2.355980536229000e+02  4.492758220194000e+02 -1.159425144917000e+02	 2.580900000000000e-06 -3.324900000000000e-06  0.000000000000000e+00	1.000000000000000e+00	661	0	151
152	-5.878387182787001e+02  1.015286775981000e+02 -4.164132562731000e+02	 5.307000000000001e-07 -4.378000000000000e-07  0.000000000000000e+00	1.000000000000000e+00	7977	0	152
153	-6.097198668551000e+02 -6.147163026075000e+02  1.077775486825000e+02	-2.232231000000000e-04 -3.252000000000000e-07  0.000000000000000e+00	1.000000000000000e+00	23	0	153
154	-6.328449814271000e+02  3.320505705952000e+02  1.077775486825000e+02	-6.251410000000000e-05  7.343000000000000e-07  0.000000000000000e+00	1.000000000000000e+00	23	0	154
155	-4.469406990522000e+02 -3.749442391235000e+02 -1.894272067752000e+02	-2.682000000000000e-07  2.072000000000000e-07  0.000000000000000e+00	1.000000000000000e+00	27	0	155
156	 1.326331478549000e+02  3.750199331466000e+02 -1.894272067752000e+02	-1.203000000000000e-07  9.300000000000000e-08  0.000000000000000e+00	1.000000000000000e+00	27	0	156
159	-5.950127018922000e+02 -7.500000000000000e+02  2.312902723546000e+02	-2.274780000000000e-05 -3.940040000000000e-05  6.036600000000000e-06	1.000000000000000e+00	491	1	159
160	-4.493128145533000e+02 -4.976403924720000e+02  5.425778967838000e+02	 7.836400000000000e-06  1.357300000000000e-05 -2.126240000000000e-05	1.000000000000000e+00	491	0	160
161	 9.392999835990000e+01 -4.883170813372000e+02  7.500000000000000e+02	 4.500000000000000e-09 -7.800000000000000e-09  1.638000000000000e-07	1.000000000000000e+00	729	1	161
162	 1.965549901885000e+02 -6.660687813106000e+02  7.391724411324001e+02	 3.300000000000000e-09 -5.700000000000001e-09  1.454000000000000e-07	1.000000000000000e+00	729	0	162
164	5.240395037198000e+02 5.428355479650000e+01 2.286190426598000e+02	-1.376700000000000e-05  1.582100000000000e-06  0.000000000000000e+00	1.000000000000000e+00	7973	0	164
167	 9.027620546200001e+01 -3.750383837097000e+02  1.518683640526000e+02	-3.537000000000000e-07 -1.542000000000000e-07  0.000000000000000e+00	1.000000000000000e+00	7977	0	167
168	-2.362387965364000e+02  3.750030032902000e+02  1.518683640526000e+02	5.180000000000000e-08 2.260000000000000e-08 0.000000000000000e+00	1.000000000000000e+00	7977	0	168
169	-4.953125405262000e+02  3.403479836873000e+02 -7.003377091574000e+02	-2.433000000000000e-07  0.000000000000000e+00 -2.861900000000000e-06	1.000000000000000e+00	7973	0	169
172	 6.452667719213000e+02 -1.744750690427000e+02 -2.816021990070000e+02	3.288000000000000e-07 5.695000000000000e-07 2.135690000000000e-05	1.000000000000000e+00	7973	0	172
174	 4.576362904313000e+02 -5.951955143514000e+02 -3.172468193694000e+02	-4.451430000000000e-05  7.710100000000001e-05  9.939770000000001e-05	1.000000000000000e+00	7973	0	174
177	 5.059734997398000e+02 -3.047688729650000e+02  1.469693845670000e+01	 5.556200000000000e-05 -3.814000000000000e-06  0.000000000000000e+00	1.000000000000000e+00	5009	0	177
179	 7.639393873600000e+00  6.910882722200000e+02 -6.018369998893000e+02	-1.306680000000000e-05  0.000000000000000e+00 -1.254690000000000e-05	1.000000000000000e+00	7977	0	179
181	 2.145621201379000e+02 -4.509913666881000e+02  9.471360338760000e+01	 1.144000000000000e-07 -5.370000000000000e-08  0.000000000000000e+00	1.000000000000000e+00	7973	0	181
183	 3.473897972619000e+02 -2.768537490587000e+02  3.592584956082000e+02	 8.798490000000000e-05 -4.046000000000000e-07  0.000000000000000e+00	1.000000000000000e+00	7977	0	183
185	-8.279387700250000e+01 -3.806941621608000e+02 -3.803309908891000e+02	 2.839100000000000e-06  4.917500000000000e-06 -1.358840000000000e-05	1.000000000000000e+00	7977	0	185
187	3.930913974153000e+02 7.500000000000000e+02 3.804874067123000e+02	9.230470000000000e-05 2.451520000000000e-05 0.000000000000000e+00	1.000000000000000e+00	2905	1	187
189	 6.312168329788000e+02 -6.837845032536001e+02 -7.998486019500000e+00	 2.130000000000000e-07  3.690000000000000e-07 -3.425200000000000e-06	1.000000000000000e+00	97	0	189
190	 7.226579699837000e+02 -5.254038080594000e+02  1.428684278880000e+01	 9.240000000000001e-08  1.600000000000000e-07 -1.574200000000000e-06	1.000000000000000e+00	97	0	190
191	-8.482808804380001e+01 -4.566034005561000e+02  5.829785587824000e+02	-9.941800000000000e-06  1.534930000000000e-05  0.000000000000000e+00	1.000000000000000e+00	105	0	191
192	 5.638852741871000e+02 -6.900194584310000e+01  5.829785587824000e+02	 4.474510000000000e-05 -7.101830000000000e-05  0.000000000000000e+00	1.000000000000000e+00	105	0	192
193	-2.654632099642000e+02  4.951899019953000e+02 -4.164132562731000e+02	-5.522343750000000e-06  2.903006250000000e-06  0.000000000000000e+00	5.625000000000000e-01	7977	0	193
194	-1.998259610679000e+02  6.910882722200000e+02 -4.175909028022000e+02	-3.844482769775391e-05  0.000000000000000e+00 -5.088863611450196e-05	1.334838867187500e-01	7977	0	194
195	-3.645565290875000e+02  6.910882722200000e+02 -2.092000987263000e+02	-1.099611000000000e-04  0.000000000000000e+00  1.352689000000000e-04	1.000000000000000e+00	7977	0	195
198	5.990204495326000e+02 5.767056111630000e+01 9.471360338760000e+01	 5.756200000000000e-06 -6.894800000000000e-06  0.000000000000000e+00	1.000000000000000e+00	7973	0	198
201	 5.169192066732001e+02  4.054398271181000e+02 -6.361361095920000e+02	 2.031000000000000e-07 -3.518000000000000e-07 -2.360100000000000e-06	1.000000000000000e+00	0	0	201
202	 4.628153635377000e+02 -5.766545077663001e+02  2.286190426598000e+02	-9.297059765624999e-06 -4.367355468750000e-07  0.000000000000000e+00	3.164062500000000e-01	7973	0	202
204	 6.372639687768000e+02  6.369048726936001e+02 -4.262112152443000e+02	2.240000000000000e-08 1.563000000000000e-07 0.000000000000000e+00	1.000000000000000e+00	646	0	204
205	-2.396786642810000e+01  7.500000000000000e+02 -4.262112152443000e+02	-7.500000000000000e-08 -2.635000000000000e-07  0.000000000000000e+00	1.000000000000000e+00	646	1	205
209	-7.716264677780001e+01  5.615397507242001e+02 -1.159425144917000e+02	 2.913000000000000e-06 -4.423200000000000e-06  0.000000000000000e+00	1.000000000000000e+00	661	0	209
210	-6.688662005418000e+02  3.304645857700000e+00 -4.164132562731000e+02	 4.798000000000000e-07 -3.957000000000000e-07  0.000000000000000e+00	1.000000000000000e+00	7977	0	210
212	-6.270886796056001e+02  5.592285879507000e+02  1.077775486825000e+02	-1.967520000000000e-05  6.513000000000000e-07  0.000000000000000e+00	1.000000000000000e+00	23	0	212
213	-5.917690116591000e+02 -5.624856279881000e+02 -1.894272067752000e+02	-5.640000000000000e-08  4.360000000000000e-08  0.000000000000000e+00	1.000000000000000e+00	27	0	213
214	 2.775329959127000e+02  5.625060410968000e+02 -1.894272067752000e+02	-5.400000000000000e-08  4.170000000000000e-08  0.000000000000000e+00	1.000000000000000e+00	27	0	214
216	-4.005360242005000e+02 -4.131565133508000e+02  6.076829344846000e+02	 6.693000000000000e-06  1.159250000000000e-05 -2.096910000000000e-05	1.000000000000000e+00	491	0	216
221	 1.722511285812000e+02 -5.624941447896000e+02  1.518683640526000e+02	3.980000000000000e-08 1.800000000000000e-08 0.000000000000000e+00	1.000000000000000e+00	7977	0	221
222	-3.120933530654000e+02  5.641145104496001e+02  1.518683640526000e+02	-5.057000000000000e-07 -1.819000000000000e-07  0.000000000000000e+00	1.000000000000000e+00	7977	0	222
223	-6.345236082571000e+02  3.403479836873000e+02 -6.906751414155000e+02	-1.433000000000000e-07  0.000000000000000e+00 -2.652400000000000e-06	1.000000000000000e+00	7973	0	223
226	 7.013867074481000e+02 -7.727248939280000e+01 -2.846272480747000e+02	2.986000000000000e-07 5.172000000000000e-07 2.621630000000000e-05	1.000000000000000e+00	7973	0	226
228	 5.239006936833000e+02 -7.099688275173000e+02 -5.489785410108000e+02	 2.822200000000000e-06 -4.888200000000000e-06 -1.873760000000000e-05	1.000000000000000e+00	7973	0	228
229	-5.015056244683000e+02  6.676580685475001e+02 -6.793251553319001e+02	-1.146430000000000e-05 -2.607960000000000e-05  0.000000000000000e+00	1.000000000000000e+00	7973	0	229
231	 4.864353441232000e+02 -5.371238866784000e+02  1.469693845670000e+01	 2.923600000000000e-06 -2.449000000000000e-07  0.000000000000000e+00	1.000000000000000e+00	5009	0	231
233	-4.677272218454000e+02  6.910882722200000e+02  4.378172761045000e+02	1.070220000000000e-04 0.000000000000000e+00 8.406060000000001e-05	1.000000000000000e+00	7977	0	233
234	 1.233076624457000e+02 -5.779479614575000e+02  9.471360338760000e+01	-1.120800000000000e-06  1.058700000000000e-06  0.000000000000000e+00	1.000000000000000e+00	7973	0	234
235	 3.413401700295000e+02 -5.356906308537000e+02  3.592584956082000e+02	 3.687970000000000e-05 -1.701800000000000e-06  0.000000000000000e+00	1.000000000000000e+00	7977	0	235
237	-2.086899095283000e+02 -5.987524869669001e+02 -4.619898976724000e+02	-2.450000000000000e-08 -4.240000000000000e-08  2.399000000000000e-07	1.000000000000000e+00	7977	0	237
238	4.213317178328000e+02 4.924769814897000e+02 5.378904828349000e+02	 1.967090000000000e-05  3.407110000000000e-05 -6.969660000000001e-05	1.000000000000000e+00	7977	0	238
240	4.317350654893000e+02 6.154311474602000e+02 3.804874067123000e+02	1.712807000000000e-04 6.255050000000000e-05 0.000000000000000e+00	1.000000000000000e+00	2905	0	240
241	-2.437170456064000e+02 -5.629018541763000e+02  5.829785587824000e+02	-2.501760000000000e-05  3.640960000000000e-05  0.000000000000000e+00	1.000000000000000e+00	105	0	241
242	7.093981195100000e+02 1.340244722130000e+01 5.829785587824000e+02	 1.140370000000000e-05 -2.282910000000000e-05  0.000000000000000e+00	1.000000000000000e+00	105	0	242
243	-2.208471728507000e+02  6.048618069537000e+02 -4.164132562731000e+02	-3.883379974365234e-05  5.508054907608032e-06  0.000000000000000e+00	7.508468627929688e-02	7977	0	243
244	-2.240777761081000e+02  6.910882722200000e+02 -4.106390054360000e+02	 5.400798750000000e-05  0.000000000000000e+00 -8.499172500000000e-05	5.625000000000000e-01	7977	0	244
246	 7.169339483912000e+02  5.900413219970000e+01 -5.850763676053000e+02	 1.844000000000000e-07 -3.193000000000000e-07 -4.459400000000000e-06	1.000000000000000e+00	0	0	246
247	 6.219685681033001e+02  2.234889958185000e+02 -6.035705341012000e+02	 2.296000000000000e-07 -3.977000000000000e-07 -3.827300000000000e-06	1.000000000000000e+00	0	0	247
248	 5.043466347194000e+02 -1.959178604754000e+02  2.286190426598000e+02	-6.412350000000000e-05  3.977900000000000e-06  0.000000000000000e+00	1.000000000000000e+00	7973	0	248
249	5.474698986096000e+02 1.797068208960000e+02 2.286190426598000e+02	 6.125000000000001e-07 -2.224000000000000e-07  0.000000000000000e+00	1.000000000000000e+00	7973	0	249
250	 4.117753236172000e+02  6.692256676012000e+02 -4.262112152443000e+02	1.800000000000000e-09 1.280000000000000e-08 0.000000000000000e+00	1.000000000000000e+00	646	0	250
251	 1.864143966293000e+02  7.024237076260000e+02 -4.262112152443000e+02	1.310000000000000e-08 7.500000000000000e-08 0.000000000000000e+00	1.000000000000000e+00	646	0	251
254	-7.027145491177000e+02 -6.979696963050000e+01 -1.159425144917000e+02	-1.046700000000000e-05  1.016880000000000e-05  0.000000000000000e+00	1.000000000000000e+00	661	0	254
255	-3.998847571258000e+02  3.198548790425000e+02 -1.159425144917000e+02	 5.888000000000000e-07 -7.387700000000000e-06  0.000000000000000e+00	1.000000000000000e+00	661	0	255
256	-5.068157224785000e+02  1.997564041511000e+02 -4.164132562731000e+02	 5.606000000000000e-07 -4.624000000000000e-07  0.000000000000000e+00	1.000000000000000e+00	7977	0	256
257	-3.450717925510000e+02  3.962750495868000e+02 -4.164132562731000e+02	 2.925562500000000e-07 -2.404687500000000e-07  0.000000000000000e+00	5.625000000000000e-01	7977	0	257
258	-6.159294616395000e+02 -4.254134646874000e+02  1.077775486825000e+02	-1.947212000000000e-04 -6.998600000000000e-06  0.000000000000000e+00	1.000000000000000e+00	23	0	258
259	-6.328288737723000e+02  8.894233819220000e+01  1.077775486825000e+02	-1.085632000000000e-04 -1.404400000000000e-06  0.000000000000000e+00	1.000000000000000e+00	23	0	259
260	-3.020747380286000e+02 -1.874319328408000e+02 -1.894272067752000e+02	-3.465000000000000e-07  2.678000000000000e-07  0.000000000000000e+00	1.000000000000000e+00	27	0	260
261	-1.226378963720000e+01  1.875315828370000e+02 -1.894272067752000e+02	-1.667000000000000e-07  1.288000000000000e-07  0.000000000000000e+00	1.000000000000000e+00	27	0	261
262	-5.856548013149001e+02 -7.337916407479000e+02  2.806079780132000e+02	-7.487000000000000e-07 -1.296700000000000e-06 -1.664440000000000e-05	1.000000000000000e+00	491	0	262
263	-4.966708904219000e+02 -5.796669860250000e+02  4.720892799220000e+02	 6.410400000000000e-06  1.110310000000000e-05 -1.747400000000000e-05	1.000000000000000e+00	491	0	263
268	 8.645489538100000e+00 -1.875187016270000e+02  1.518683640526000e+02	-1.721000000000000e-07 -7.500000000000000e-08  0.000000000000000e+00	1.000000000000000e+00	7977	0	268
269	-1.545950599117000e+02  1.875093451817000e+02  1.518683640526000e+02	7.360000000000000e-08 3.210000000000000e-08 0.000000000000000e+00	1.000000000000000e+00	7977	0	269
270	-3.566405578347000e+02  3.403479836873000e+02 -7.142363198542000e+02	-2.847000000000000e-07  0.000000000000000e+00 -2.479000000000000e-06	1.000000000000000e+00	7973	0	270
273	 5.891484047574000e+02 -2.716749322085000e+02 -2.776705248302000e+02	2.926000000000000e-07 5.069000000000000e-07 1.484500000000000e-05	1.000000000000000e+00	7973	0	273
274	 4.511265926315000e+02 -5.839203870204000e+02  1.458303564585000e+02	-4.960300000000001e-06  8.591500000000001e-06  2.034080000000000e-05	1.000000000000000e+00	7973	0	274
277	 5.470127018922000e+02 -7.500000000000000e+02 -6.793251553319001e+02	0.000000000000000e+00 0.000000000000000e+00 0.000000000000000e+00	1.000000000000000e+00	7973	1	277
278	 5.194730705115001e+02 -5.712012949160000e+01  1.469693845670000e+01	 1.147577000000000e-04 -1.029600000000000e-06  0.000000000000000e+00	1.000000000000000e+00	5009	0	278
279	5.098783596777000e+02 4.078830247693000e+02 1.469693845670000e+01	 1.959929000000000e-04 -1.394170000000000e-05  0.000000000000000e+00	1.000000000000000e+00	5009	0	279
281	-4.069455330570000e+02  6.910882722200000e+02  1.086250192424000e+02	 5.281340000000000e-05  0.000000000000000e+00 -4.672900000000000e-06	1.000000000000000e+00	7977	0	281
282	 2.818897197764000e+02 -3.033938248922000e+02  9.471360338760000e+01	 7.350400000000000e-06 -3.926200000000000e-06  0.000000000000000e+00	1.000000000000000e+00	7973	0	282
283	 4.707180882384000e+02 -5.202904646840000e+01  9.471360338760000e+01	 6.460400000000000e-06 -7.148600000000000e-06  0.000000000000000e+00	1.000000000000000e+00	7973	0	283
284	 3.481431701660000e+02 -8.612920380800000e+00  3.592584956082000e+02	 1.395562000000000e-04 -6.291000000000000e-07  0.000000000000000e+00	1.000000000000000e+00	7977	0	284
286	 4.412589296550000e+01 -1.608626720913000e+02 -2.546960476864000e+02	 1.504440000000000e-05  2.605760000000000e-05 -4.957360000000000e-05	1.000000000000000e+00	7977	0	286
287	2.582985542402000e+02 2.100952588287000e+02 8.965787062150001e+01	 5.969640000000000e-05  1.033972000000000e-04 -1.554976000000000e-04	1.000000000000000e+00	7977	0	287
290	 7.620528232950001e+01 -3.558509823821000e+02  5.829785587824000e+02	 6.806000000000001e-06 -1.099520000000000e-05  0.000000000000000e+00	1.000000000000000e+00	105	0	290
291	 4.027435423938000e+02 -1.635146429450000e+02  5.829785587824000e+02	 2.460050000000000e-05 -4.530640000000000e-05  0.000000000000000e+00	1.000000000000000e+00	105	0	291
292	 4.662158033117000e+02 -6.100556665645000e+02  2.286190426598000e+02	-1.031722906379700e-05  1.786996762275696e-05  0.000000000000000e+00	7.508468627929688e-02	7973	0	292
297	-2.946346191000000e+00  6.100788161493000e+02 -1.159425144917000e+02	 4.961700000000000e-06 -7.760100000000000e-06  0.000000000000000e+00	1.000000000000000e+00	661	0	297
298	-7.093699939811000e+02 -4.581564906660000e+01 -4.164132562731000e+02	 4.923000000000000e-07 -4.064000000000000e-07  0.000000000000000e+00	1.000000000000000e+00	7977	0	298
300	-6.220609717866000e+02  6.680744445715001e+02  1.077775486825000e+02	 2.291000000000000e-07 -1.091000000000000e-07  0.000000000000000e+00	1.000000000000000e+00	23	0	300
301	-6.642379507224000e+02 -6.562140132770000e+02 -1.894272067752000e+02	-1.647000000000000e-07  1.272000000000000e-07  0.000000000000000e+00	1.000000000000000e+00	27	0	301
302	 3.499771524060000e+02  6.562535586397000e+02 -1.894272067752000e+02	-4.570000000000000e-08  3.530000000000000e-08  0.000000000000000e+00	1.000000000000000e+00	27	0	302
305	 2.137915858449000e+02 -6.561566884039000e+02  1.518683640526000e+02	3.743000000000000e-07 1.779000000000000e-07 0.000000000000000e+00	1.000000000000000e+00	7977	0	305
306	-3.515081433167000e+02  6.910882722200000e+02  1.518683640526000e+02	-8.201812500000001e-07 -1.255500000000000e-07  4.844250000000000e-07	5.625000000000000e-01	7977	0	306
307	-7.048091529168000e+02  3.403479836873000e+02 -6.874478883830001e+02	-9.250000000000000e-08  0.000000000000000e+00 -2.506900000000000e-06	1.000000000000000e+00	7973	0	307
313	 4.757172841323000e+02 -6.440020345978000e+02  1.469693845670000e+01	-8.369400000000000e-06  1.475000000000000e-06  0.000000000000000e+00	1.000000000000000e+00	5009	0	313
314	5.483876487765000e+02 6.476613847755000e+02 1.469693845670000e+01	 1.852874000000000e-04 -5.969290000000000e-05  0.000000000000000e+00	1.000000000000000e+00	5009	0	314
315	-5.035514838017000e+02  6.910882722200000e+02  4.808568112251000e+02	7.617170000000001e-05 0.000000000000000e+00 5.128260000000000e-05	1.000000000000000e+00	7977	0	315
316	 5.871227050120000e+01 -6.432520602832000e+02  9.471360338760000e+01	-1.027900000000000e-06  1.109200000000000e-06  0.000000000000000e+00	1.000000000000000e+00	7973	0	316
317	 3.339451555942000e+02 -6.548994902485000e+02  3.592584956082000e+02	 1.328610000000000e-05 -1.063900000000000e-06  0.000000000000000e+00	1.000000000000000e+00	7977	0	317
319	-2.677089906446000e+02 -7.009765340764001e+02 -4.810104161629000e+02	-7.600000000000000e-09 -1.320000000000000e-08  1.308000000000000e-07	1.000000000000000e+00	7977	0	319
320	4.791498501148000e+02 5.926209242009000e+02 5.854450175390000e+02	 1.357980000000000e-05  2.352090000000000e-05 -9.297780000000000e-05	1.000000000000000e+00	7977	0	320
322	4.569367381303000e+02 5.613335486602000e+02 3.804874067123000e+02	1.933935000000000e-04 1.172308000000000e-04 0.000000000000000e+00	1.000000000000000e+00	2905	0	322
323	-3.216455029224000e+02 -6.168538567935000e+02  5.829785587824000e+02	-3.096610000000000e-05  4.534980000000000e-05  0.000000000000000e+00	1.000000000000000e+00	105	0	323
328	 5.097306484576000e+02 -1.025994680628000e+02  2.286190426598000e+02	-5.216540000000000e-05  3.354500000000000e-06  0.000000000000000e+00	1.000000000000000e+00	7973	0	328
332	-6.552381268501000e+02  2.269846581620000e+01 -1.159425144917000e+02	-3.011980000000000e-05 -1.572950000000000e-05  0.000000000000000e+00	1.000000000000000e+00	661	0	332
333	-4.841427976429000e+02  2.436729138560000e+02 -1.159425144917000e+02	9.003500000000001e-06 7.820000000000000e-06 0.000000000000000e+00	1.000000000000000e+00	661	0	333
334	-4.663064396949000e+02  2.488720985102000e+02 -4.164132562731000e+02	 5.671000000000000e-07 -4.677000000000000e-07  0.000000000000000e+00	1.000000000000000e+00	7977	0	334
335	-3.854646317583000e+02  3.471564192026000e+02 -4.164132562731000e+02	 3.181500000000000e-07 -2.613375000000000e-07  0.000000000000000e+00	5.625000000000000e-01	7977	0	335
336	-6.206724470843001e+02 -2.975089675680000e+02  1.077775486825000e+02	-1.733496000000000e-04 -6.926200000000000e-06  0.000000000000000e+00	1.000000000000000e+00	23	0	336
337	-6.303866329131000e+02 -3.294568903470000e+01  1.077775486825000e+02	-1.304792000000000e-04 -3.536800000000000e-06  0.000000000000000e+00	1.000000000000000e+00	23	0	337
338	-2.296276206137000e+02 -9.368670417790000e+01 -1.894272067752000e+02	-3.365000000000000e-07  2.601000000000000e-07  0.000000000000000e+00	1.000000000000000e+00	27	0	338
339	-8.471363021670000e+01  9.378847041090000e+01 -1.894272067752000e+02	-2.062000000000000e-07  1.594000000000000e-07  0.000000000000000e+00	1.000000000000000e+00	27	0	339
342	-3.218483829370000e+01 -9.376540486790000e+01  1.518683640526000e+02	-1.518000000000000e-07 -6.610000000000000e-08  0.000000000000000e+00	1.000000000000000e+00	7977	0	342
343	-1.137944079208000e+02  9.375328158000001e+01  1.518683640526000e+02	-6.000000000000000e-10 -3.000000000000000e-10  0.000000000000000e+00	1.000000000000000e+00	7977	0	343
344	-2.840630757755000e+02  3.403479836873000e+02 -7.232678478108000e+02	-2.308000000000000e-07  0.000000000000000e+00 -1.692100000000000e-06	1.000000000000000e+00	7973	0	344
346	 4.300000000000000e+02 -5.473280551918000e+02 -1.496480299100000e+00	0.000000000000000e+00 0.000000000000000e+00 0.000000000000000e+00	1.000000000000000e+00	7973	0	346
349	-1.646107660758000e+02  4.825680023790000e+02 -6.793251553319001e+02	 3.687930000000000e-05 -6.387680000000000e-05  0.000000000000000e+00	1.000000000000000e+00	7973	0	349
350	5.182425823169000e+02 2.544267371870000e+01 1.469693845670000e+01	1.348062000000000e-04 3.611200000000000e-06 0.000000000000000e+00	1.000000000000000e+00	5009	0	350
351	5.087184420529000e+02 3.003749071452000e+02 1.469693845670000e+01	1.803054000000000e-04 4.210200000000000e-06 0.000000000000000e+00	1.000000000000000e+00	5009	0	351
352	-4.084909803460000e+02  6.910882722200000e+02  3.592584956082000e+02	 2.736627000000000e-04  0.000000000000000e+00 -2.059949000000000e-04	1.000000000000000e+00	7977	0	352
354	 3.220600756382000e+02 -2.332978889966000e+02  9.471360338760000e+01	 1.064740000000000e-05 -6.711600000000000e-06  0.000000000000000e+00	1.000000000000000e+00	7973	0	354
355	 4.165554192058000e+02 -1.068393070249000e+02  9.471360338760000e+01	 9.426600000000001e-06 -8.414400000000000e-06  0.000000000000000e+00	1.000000000000000e+00	7973	0	355
356	3.486306007363000e+02 9.948062137060001e+01 3.592584956082000e+02	 1.426534000000000e-04 -2.419000000000000e-07  0.000000000000000e+00	1.000000000000000e+00	7977	0	356
358	 1.046238948839000e+02 -5.607705901220000e+01 -1.726731757800000e+02	 2.507460000000000e-05  4.343050000000000e-05 -6.483570000000001e-05	1.000000000000000e+00	7977	0	358
359	2.109653293854000e+02 1.281117084942000e+02 1.250147261650000e+01	 4.688680000000000e-05  8.121030000000000e-05 -1.070115000000000e-04	1.000000000000000e+00	7977	0	359
362	 1.566860232175000e+02 -3.060800076190000e+02  5.829785587824000e+02	 1.484020000000000e-05 -2.418880000000000e-05  0.000000000000000e+00	1.000000000000000e+00	105	0	362
363	 3.188767212823000e+02 -2.090881008769000e+02  5.829785587824000e+02	 2.628090000000000e-05 -4.629980000000000e-05  0.000000000000000e+00	1.000000000000000e+00	105	0	363
364	 4.793970244873000e+02 -4.638441895713000e+02  2.286190426598000e+02	-2.663570000000000e-05  3.477700000000000e-06  0.000000000000000e+00	1.000000000000000e+00	7973	0	364
365	 4.981957755925000e+02 -2.876822943785000e+02  2.286190426598000e+02	-5.402510000000000e-05  4.189800000000000e-06  0.000000000000000e+00	1.000000000000000e+00	7973	0	365
367	5.860152318561001e+02 2.689448252460000e+02 2.286190426598000e+02	-5.621000000000000e-07  2.210000000000000e-07  0.000000000000000e+00	1.000000000000000e+00	7973	0	367
373	-7.488378256864000e+02 -1.959607552745000e+02 -1.159425144917000e+02	-3.839250000000000e-07  1.134750000000000e-07  0.000000000000000e+00	7.500000000000000e-01	661	0	373
374	-1.570619648187000e+02  5.065277638500000e+02 -1.159425144917000e+02	 1.903200000000000e-06 -2.667600000000000e-06  0.000000000000000e+00	1.000000000000000e+00	661	0	374
375	-3.147784876837000e+02  3.887076337121000e+02 -1.159425144917000e+02	 3.881100000000000e-06 -5.424600000000001e-06  0.000000000000000e+00	1.000000000000000e+00	661	0	375
376	-6.283521842855000e+02  5.241642893550000e+01 -4.164132562731000e+02	 5.071000000000000e-07 -4.183000000000000e-07  0.000000000000000e+00	1.000000000000000e+00	7977	0	376
377	-5.473265777280001e+02  1.506420105938000e+02 -4.164132562731000e+02	 5.483000000000000e-07 -4.522000000000000e-07  0.000000000000000e+00	1.000000000000000e+00	7977	0	377
378	-6.142054578580000e+02 -6.708014284629000e+02  1.077775486825000e+02	-2.146597000000000e-04  1.955080000000000e-05  0.000000000000000e+00	1.000000000000000e+00	23	0	378
379	-6.119575323623001e+02 -5.328929848422000e+02  1.077775486825000e+02	-2.223706000000000e-04 -7.314500000000000e-06  0.000000000000000e+00	1.000000000000000e+00	23	0	379
380	-6.302177476134000e+02  4.464354818007000e+02  1.077775486825000e+02	-4.111290000000000e-05  1.026900000000000e-06  0.000000000000000e+00	1.000000000000000e+00	23	0	380
381	-6.334399466592000e+02  2.124860477894000e+02  1.077775486825000e+02	-8.518100000000000e-05  2.474000000000000e-07  0.000000000000000e+00	1.000000000000000e+00	23	0	381
382	-5.193539102224000e+02 -4.687156678887000e+02 -1.894272067752000e+02	-1.596000000000000e-07  1.232000000000000e-07  0.000000000000000e+00	1.000000000000000e+00	27	0	382
383	-3.745125686765000e+02 -2.811843388271000e+02 -1.894272067752000e+02	-3.224000000000000e-07  2.490000000000000e-07  0.000000000000000e+00	1.000000000000000e+00	27	0	383
384	 2.050817903534000e+02  4.687639774630000e+02 -1.894272067752000e+02	-9.240000000000001e-08  7.140000000000000e-08  0.000000000000000e+00	1.000000000000000e+00	27	0	384
385	 6.018459789720000e+01  2.812758205689000e+02 -1.894272067752000e+02	-1.456000000000000e-07  1.125000000000000e-07  0.000000000000000e+00	1.000000000000000e+00	27	0	385
388	5.480590311134000e+02 1.645772653890000e+01 9.471360338760000e+01	 6.613700000000000e-06 -7.823100000000000e-06  0.000000000000000e+00	1.000000000000000e+00	7973	0	388
390	 1.312018355109000e+02 -4.687933806998000e+02  1.518683640526000e+02	-4.055000000000000e-07 -1.773000000000000e-07  0.000000000000000e+00	1.000000000000000e+00	7977	0	390
391	 4.947236018160000e+01 -2.812734980857000e+02  1.518683640526000e+02	-2.171000000000000e-07 -9.450000000000001e-08  0.000000000000000e+00	1.000000000000000e+00	7977	0	391
392	-2.772688927278000e+02  4.686537994881000e+02  1.518683640526000e+02	2.890000000000000e-08 1.450000000000000e-08 0.000000000000000e+00	1.000000000000000e+00	7977	0	392
393	-1.954058804392000e+02  2.812609870505000e+02  1.518683640526000e+02	1.078000000000000e-07 4.700000000000000e-08 0.000000000000000e+00	1.000000000000000e+00	7977	0	393
394	-5.642422398937000e+02  3.403479836873000e+02 -6.950139668630001e+02	-1.959000000000000e-07  0.000000000000000e+00 -2.801900000000000e-06	1.000000000000000e+00	7973	0	394
395	-4.270977327694000e+02  3.403479836873000e+02 -7.066407162239000e+02	-2.764000000000000e-07  0.000000000000000e+00 -2.780900000000000e-06	1.000000000000000e+00	7973	0	395
400	 5.081307486954000e+02 -6.826544815656000e+02 -4.820967724290000e+02	-6.192900000000000e-06  1.072640000000000e-05  1.399490000000000e-05	1.000000000000000e+00	7973	0	400
401	 4.336221115557000e+02 -5.536017364368000e+02 -2.639276133247000e+02	-5.518968750000000e-06  9.559068750000001e-06  4.128468750000001e-06	5.625000000000000e-01	7973	0	401
402	-4.615999520277000e+02  6.497224945787000e+02 -6.793251553319001e+02	-1.298270000000000e-05 -2.828080000000000e-05  0.000000000000000e+00	1.000000000000000e+00	7973	0	402
403	-3.926506375328000e+02  6.169610551615000e+02 -6.793251553319001e+02	-1.448430000000000e-05 -2.965630000000000e-05  0.000000000000000e+00	1.000000000000000e+00	7973	0	403
406	 4.962204975800000e+02 -4.288844172211000e+02  1.469693845670000e+01	 2.857140000000000e-05 -2.580100000000000e-06  0.000000000000000e+00	1.000000000000000e+00	5009	0	406
407	 5.137807803369000e+02 -1.656805267494000e+02  1.469693845670000e+01	 8.957140000000000e-05 -4.421500000000000e-06  0.000000000000000e+00	1.000000000000000e+00	5009	0	407
408	5.373794405887000e+02 6.035149756152000e+02 1.469693845670000e+01	 1.968568000000000e-04 -3.541640000000000e-05  0.000000000000000e+00	1.000000000000000e+00	5009	0	408
409	5.193069354979000e+02 5.026907035631000e+02 1.469693845670000e+01	 2.032850000000000e-04 -2.468060000000000e-05  0.000000000000000e+00	1.000000000000000e+00	5009	0	409
412	 1.665301929554000e+02 -5.267379757794000e+02  9.471360338760000e+01	-6.559000000000000e-07  4.796000000000000e-07  0.000000000000000e+00	1.000000000000000e+00	7973	0	412
413	 2.471687024734000e+02 -3.771408953223000e+02  9.471360338760000e+01	 8.394000000000001e-07 -3.860000000000000e-07  0.000000000000000e+00	1.000000000000000e+00	7973	0	413
414	 3.458442115624000e+02 -4.057869095932000e+02  3.592584956082000e+02	 6.226660000000000e-05 -1.394800000000000e-06  0.000000000000000e+00	1.000000000000000e+00	7977	0	414
415	 3.477067008931000e+02 -1.414695990381000e+02  3.592584956082000e+02	 1.146490000000000e-04 -2.318000000000000e-07  0.000000000000000e+00	1.000000000000000e+00	7977	0	415
416	-8.132625707990000e+01  6.910882722200000e+02  3.592584956082000e+02	0.000000000000000e+00 0.000000000000000e+00 0.000000000000000e+00	1.000000000000000e+00	7977	0	416
417	4.425551776027000e+02 6.020039991832000e+02 3.592584956082000e+02	2.144251000000000e-04 4.198204000000000e-04 0.000000000000000e+00	1.000000000000000e+00	7977	0	417
418	-1.457334331701000e+02 -4.897086712490000e+02 -4.279316523553000e+02	 8.310000000000001e-08  1.440000000000000e-07 -4.769000000000000e-07	1.000000000000000e+00	7977	0	418
419	-1.923889474100000e+01 -2.706137038099000e+02 -3.237786436107000e+02	 8.445700000000001e-06  1.462840000000000e-05 -3.378990000000000e-05	1.000000000000000e+00	7977	0	419
420	3.644917648184000e+02 3.940272949689000e+02 4.652731760983000e+02	 3.840340000000000e-05  6.651670000000001e-05 -9.026060000000001e-05	1.000000000000000e+00	7977	0	420
421	3.221054038834000e+02 3.206119642817000e+02 1.710387802215000e+02	 5.914190000000000e-05  1.024368000000000e-04 -2.081454000000000e-04	1.000000000000000e+00	7977	0	421
424	4.191923784984000e+02 6.517245030487001e+02 3.804874067123000e+02	1.527459000000000e-04 4.174860000000000e-05 0.000000000000000e+00	1.000000000000000e+00	2905	0	424
426	-1.649214506606000e+02 -5.089999681669000e+02  5.829785587824000e+02	-1.794860000000000e-05  2.669940000000000e-05  0.000000000000000e+00	1.000000000000000e+00	105	0	426
427	-4.345685904300000e+00 -4.058299830003000e+02  5.829785587824000e+02	-1.615000000000000e-06  2.530400000000000e-06  0.000000000000000e+00	1.000000000000000e+00	105	0	427
428	 6.376963989227000e+02 -2.313013673030000e+01  5.829785587824000e+02	 3.672440000000000e-05 -6.105930000000001e-05  0.000000000000000e+00	1.000000000000000e+00	105	0	428
429	 4.863770927535000e+02 -1.181333215723000e+02  5.829785587824000e+02	 3.820050000000000e-05 -6.297490000000001e-05  0.000000000000000e+00	1.000000000000000e+00	105	0	429
430	-2.376084074999000e+02  5.496745884536000e+02 -4.164132562731000e+02	-5.086600000000001e-06  1.851200000000000e-06  0.000000000000000e+00	1.000000000000000e+00	7977	0	430
431	-3.047048704190000e+02  4.454151464674000e+02 -4.164132562731000e+02	 1.272937500000000e-07 -1.040062500000000e-07  0.000000000000000e+00	5.625000000000000e-01	7977	0	431
432	-2.679378590741000e+02  6.910882722200000e+02 -3.621097555572000e+02	 3.680577000000000e-04  0.000000000000000e+00 -5.703008000000000e-04	1.000000000000000e+00	7977	0	432
433	-4.396080070342000e+02  6.910882722200000e+02 -2.597968792880000e+01	2.235220000000000e-05 0.000000000000000e+00 2.665421000000000e-04	1.000000000000000e+00	7977	0	433
434	6.619344358266001e+02 1.123217583565000e+02 9.471360338760000e+01	 3.774100000000000e-06 -4.523500000000000e-06  0.000000000000000e+00	1.000000000000000e+00	7973	0	434
436	 4.902364502258000e+02  4.516557169709000e+02 -6.468609956171000e+02	 1.908000000000000e-07 -3.305000000000000e-07 -1.661900000000000e-06	1.000000000000000e+00	0	0	436
438	5.088093274377000e+02 6.439926458502000e+02 6.017130663360000e+02	 1.155630000000000e-05  2.001620000000000e-05 -9.865350000000000e-05	1.000000000000000e+00	7977	0	438
439	 1.329118977804000e+02 -7.080800750900000e+00 -1.260969251384000e+02	 2.979610000000000e-05  5.160840000000000e-05 -7.315820000000001e-05	1.000000000000000e+00	7977	0	439
440	 1.866683572417000e+02  8.602811827100000e+01 -3.043977482290000e+01	 4.191150000000000e-05  7.259280000000000e-05 -9.323050000000001e-05	1.000000000000000e+00	7977	0	440
441	-1.142242507054000e+02 -4.351331663152000e+02 -4.054186793151000e+02	 5.339000000000000e-07  9.247000000000000e-07 -2.744900000000000e-06	1.000000000000000e+00	7977	0	441
442	-5.108641677040000e+01 -3.257752300598000e+02 -3.535298586513000e+02	 5.512100000000000e-06  9.547200000000001e-06 -2.452860000000000e-05	1.000000000000000e+00	7977	0	442
443	3.134551069127000e+02 3.056292104279000e+02 3.592584956082000e+02	8.258310000000000e-05 1.430381250000000e-04 0.000000000000000e+00	7.500000000000000e-01	7977	0	443
444	4.681290332795000e+02 5.735323095012001e+02 3.592584956082000e+02	3.179524000000000e-04 5.507098000000000e-04 0.000000000000000e+00	1.000000000000000e+00	7977	0	444
445	-2.391548608302000e+02 -6.515193304719000e+02 -4.732358411192000e+02	-2.160000000000000e-08 -3.730000000000000e-08  2.834000000000000e-07	1.000000000000000e+00	7977	0	445
446	-1.773159531182000e+02 -5.444112004302000e+02 -4.468630005875000e+02	-6.800000000000001e-09 -1.180000000000000e-08  5.480000000000000e-08	1.000000000000000e+00	7977	0	446
447	4.497230095040000e+02 5.416521411568000e+02 5.642115712363001e+02	 1.629320000000000e-05  2.822060000000000e-05 -8.404860000000001e-05	1.000000000000000e+00	7977	0	447
448	3.924035981531000e+02 4.423720084371000e+02 5.045587920443000e+02	 1.647610000000000e-05  2.853750000000000e-05 -5.443410000000000e-05	1.000000000000000e+00	7977	0	448
449	 7.536798774910000e+01 -1.067497765913000e+02 -2.153665124383000e+02	 2.012150000000000e-05  3.485140000000000e-05 -5.787300000000000e-05	1.000000000000000e+00	7977	0	449
450	 1.246591734860000e+01 -2.156993584263000e+02 -2.906266751728000e+02	 1.146780000000000e-05  1.986290000000000e-05 -4.203840000000000e-05	1.000000000000000e+00	7977	0	450
451	2.350731818085000e+02 1.698677337523000e+02 5.320280416400000e+01	 5.188420000000000e-05  8.986610000000000e-05 -1.262942000000000e-04	1.000000000000000e+00	7977	0	451
452	2.827443229609000e+02 2.524365722830000e+02 1.233167296855000e+02	 1.861839000000000e-04  3.224801000000000e-04 -6.122480000000000e-04	1.000000000000000e+00	7977	0	452
453	 3.290031147032000e+02 -7.021365551147001e+02  3.592584956082000e+02	 3.744400000000000e-06 -4.049000000000000e-07  0.000000000000000e+00	1.000000000000000e+00	7977	0	453
455	-3.768040222217000e+02 -3.720514801581000e+02  6.357691988567000e+02	 5.865200000000000e-06  1.015880000000000e-05 -2.059740000000000e-05	1.000000000000000e+00	491	0	455
459	 3.381837568416000e+02 -5.955651626363000e+02  3.592584956082000e+02	 2.512690000000000e-05 -1.511100000000000e-06  0.000000000000000e+00	1.000000000000000e+00	7977	0	459
460	3.484230907013000e+02 1.490605800052000e+02 3.592584956082000e+02	2.645969000000000e-04 1.523040000000000e-05 0.000000000000000e+00	1.000000000000000e+00	7977	0	460
463	4.188825604717000e+02 6.573799977371000e+02 3.592584956082000e+02	1.914579000000000e-04 8.920560000000000e-05 0.000000000000000e+00	1.000000000000000e+00	7977	0	463
465	 4.248644513500000e+01  6.386519292682000e+02 -1.159425144917000e+02	 6.499000000000000e-06 -1.050660000000000e-05  0.000000000000000e+00	1.000000000000000e+00	661	0	465
468	-6.401671998405001e+02  9.098595726710001e+01  6.580962442277000e+02	-8.032040000000000e-05 -1.405280000000000e-05  0.000000000000000e+00	1.000000000000000e+00	1105	0	468
471	 3.439126492397000e+02 -4.733908353314000e+02  3.592584956082000e+02	 4.907860000000000e-05 -1.659900000000000e-06  0.000000000000000e+00	1.000000000000000e+00	7977	0	471
479	7.497166920780001e+02 5.715767664980000e+01 6.580962442277000e+02	 1.524761718750000e-07 -1.704480468750000e-07  0.000000000000000e+00	3.164062500000000e-01	1105	0	479
483	 5.016137525658000e+02 -3.690732991747000e+02  1.469693845670000e+01	 4.300490000000000e-05 -3.278100000000000e-06  0.000000000000000e+00	1.000000000000000e+00	5009	0	483
484	-5.611566592677000e+02  1.009529347849000e+02  6.580962442277000e+02	-5.885820000000001e-05 -6.782000000000000e-07  0.000000000000000e+00	1.000000000000000e+00	1105	0	484
486	-3.684944631525000e+02 -6.479707860435000e+02  5.829785587824000e+02	-3.321800000000000e-05  5.140900000000000e-05  0.000000000000000e+00	1.000000000000000e+00	105	0	486
487	4.748113333888000e+02 6.246005474979000e+02 2.286190426598000e+02	-1.296796000000000e-04 -1.032113000000000e-04  0.000000000000000e+00	1.000000000000000e+00	7973	0	487
488	 4.621068829989000e+02  5.003775566029000e+02 -6.602015090114000e+02	 7.900000000000001e-08 -1.369000000000000e-07 -6.297000000000000e-07	1.000000000000000e+00	0	0	488
490	4.816191777959000e+02 5.207381049685000e+02 3.804874067123000e+02	1.515335000000000e-04 1.037505000000000e-04 0.000000000000000e+00	1.000000000000000e+00	2905	0	490
491	-5.210199735944000e+02 -6.218408351975000e+02  4.317994461777000e+02	 2.885000000000000e-06  4.997000000000000e-06 -1.849770000000000e-05	1.000000000000000e+00	491	0	491
494	 7.897662489500000e+00 -6.861675490783000e+02  9.471360338760000e+01	 1.658400000000000e-06 -1.802800000000000e-06  0.000000000000000e+00	1.000000000000000e+00	7973	0	494
495	 5.102432986504000e+02 -2.433566102449000e+02  1.469693845670000e+01	 7.298320000000000e-05 -3.893500000000000e-06  0.000000000000000e+00	1.000000000000000e+00	5009	0	495
496	 3.409409592047000e+02 -7.015828387225000e+02 -7.774193052000000e+00	8.615400000000001e-06 1.492240000000000e-05 9.898000000000000e-05	1.000000000000000e+00	7973	0	496
497	-4.727101509911000e+02 -5.381657679440000e+02  5.086293514605000e+02	 7.350500000000000e-06  1.273140000000000e-05 -2.002370000000000e-05	1.000000000000000e+00	491	0	497
499	 5.031832051276000e+02 -4.205710256500000e+02 -2.692218139100000e+02	1.220000000000000e-08 2.120000000000000e-08 4.767000000000000e-07	1.000000000000000e+00	7973	0	499
501	-4.908883204760000e+02  1.045839547693000e+02  6.580962442277000e+02	-1.874970000000000e-05  5.245000000000001e-06  0.000000000000000e+00	1.000000000000000e+00	1105	0	501
503	-4.247202940009000e+02  1.047744419068000e+02  6.580962442277000e+02	5.134900000000001e-06 6.476300000000000e-06 0.000000000000000e+00	1.000000000000000e+00	1105	0	503
505	5.313229730121000e+02 1.199561719614000e+02 2.286190426598000e+02	-1.614000000000000e-07 -3.060000000000000e-08  0.000000000000000e+00	1.000000000000000e+00	7973	0	505
507	-5.690182290233000e+02 -7.049762522750000e+02  3.306320691586000e+02	-4.062900000000001e-06 -7.037200000000000e-06 -2.941900000000000e-05	1.000000000000000e+00	491	0	507
512	 9.194397210670000e+01  6.686892635263000e+02 -1.159425144917000e+02	 8.173100000000000e-06 -1.378660000000000e-05  0.000000000000000e+00	1.000000000000000e+00	661	0	512
519	-3.539516521407000e+02  1.020375963333000e+02  6.580962442277000e+02	-1.068370000000000e-05  8.158299999999999e-06  0.000000000000000e+00	1.000000000000000e+00	1105	0	519
521	-5.942898451265000e+02 -7.487479753552001e+02  2.421861684479000e+02	 3.391875000000000e-07  5.874750000000000e-07 -1.982587500000000e-06	5.625000000000000e-01	491	0	521
523	 4.993424833690000e+01  6.910882722200000e+02 -6.303551879711000e+02	-8.703200000000000e-06  0.000000000000000e+00 -1.364110000000000e-05	1.000000000000000e+00	7977	0	523
527	5.118932782642000e+02 2.213942371458000e+02 1.469693845670000e+01	1.618792000000000e-04 5.195100000000000e-06 0.000000000000000e+00	1.000000000000000e+00	5009	0	527
529	-3.517106568377000e+02 -3.285884963801000e+02  6.618560129506001e+02	 4.460300000000000e-06  7.725400000000001e-06 -1.819920000000000e-05	1.000000000000000e+00	491	0	529
530	-5.350099834302000e+02  6.910882722200000e+02  5.168416716568000e+02	4.589650000000000e-05 0.000000000000000e+00 3.990530000000000e-05	1.000000000000000e+00	7977	0	530
531	5.345657381277000e+02 6.886040577858000e+02 6.120195676586001e+02	 7.751300000000000e-06  1.342570000000000e-05 -1.028138000000000e-04	1.000000000000000e+00	7977	0	531
535	 4.338407100432000e+02  5.493360042976000e+02 -6.753307813961001e+02	-4.792500000000000e-07  8.300250000000002e-07  3.181950000000000e-06	7.500000000000000e-01	0	0	535
537	-2.886577679835000e+02  9.708450916510000e+01  6.580962442277000e+02	-1.407200000000000e-06  8.635200000000000e-06  0.000000000000000e+00	1.000000000000000e+00	1105	0	537
538	-6.333940867989000e+02  1.517254023025000e+02  1.077775486825000e+02	-9.673880000000001e-05 -5.069000000000000e-07  0.000000000000000e+00	1.000000000000000e+00	23	0	538
540	-7.101573581467001e+02 -6.592831389107000e+02 -1.159425144917000e+02	-6.224820000000000e-05  1.203384000000000e-04  0.000000000000000e+00	1.000000000000000e+00	661	0	540
545	-2.251185026593000e+02  9.029635850030000e+01  6.580962442277000e+02	-4.217900000000000e-06  1.002510000000000e-05  0.000000000000000e+00	1.000000000000000e+00	1105	0	545
547	-6.234985148785000e+02 -2.261324720931000e+02  1.077775486825000e+02	-1.619539000000000e-04 -6.458800000000000e-06  0.000000000000000e+00	1.000000000000000e+00	23	0	547
553	5.155355680912000e+02 8.746545838640000e+01 1.469693845670000e+01	1.446204000000000e-04 6.229000000000000e-06 0.000000000000000e+00	1.000000000000000e+00	5009	0	553
560	-7.317871293912000e+02 -6.172347356281000e+02 -1.159425144917000e+02	1.841130000000000e-05 1.659700000000000e-06 0.000000000000000e+00	1.000000000000000e+00	661	0	560
566	-6.285119427038001e+02 -9.477476009760001e+01  1.077775486825000e+02	-1.408697000000000e-04 -4.693200000000000e-06  0.000000000000000e+00	1.000000000000000e+00	23	0	566
567	-6.318232632494000e+02  2.817961867040000e+01  1.077775486825000e+02	-1.197293000000000e-04 -2.421100000000000e-06  0.000000000000000e+00	1.000000000000000e+00	23	0	567
568	-1.615158165835000e+02  8.196425050020001e+01  6.580962442277000e+02	-1.117900000000000e-06  1.116480000000000e-05  0.000000000000000e+00	1.000000000000000e+00	1105	0	568
571	-5.342966013161000e+02  1.917941619697000e+02 -1.159425144917000e+02	-7.586000000000000e-07  5.708000000000000e-06  0.000000000000000e+00	1.000000000000000e+00	661	0	571
572	-3.676897379158000e+02  6.910882722200000e+02  1.518683640526000e+02	 2.864289375000000e-05  7.427812500000001e-07 -2.543388750000000e-05	5.625000000000000e-01	7977	0	572
577	5.349642094091000e+02 4.717358599796000e+02 2.286190426598000e+02	-2.537804000000000e-04 -1.576323000000000e-04  0.000000000000000e+00	1.000000000000000e+00	7973	0	577
582	-4.149968685045000e+02 -6.769192184293000e+02  5.829785587824000e+02	-3.446360000000000e-05  5.712070000000000e-05  0.000000000000000e+00	1.000000000000000e+00	105	0	582
583	-9.878965861690000e+01  7.273688592060000e+01  6.580962442277000e+02	2.121800000000000e-06 1.290630000000000e-05 0.000000000000000e+00	1.000000000000000e+00	1105	0	583
585	 4.051911951563000e+02  5.989584196940000e+02 -6.924819528265000e+02	-1.568200000000000e-06  2.716200000000000e-06  1.520100000000000e-06	1.000000000000000e+00	0	0	585
589	 1.424850258451000e+02  6.978524064665000e+02 -1.159425144917000e+02	 9.548100000000001e-06 -1.716080000000000e-05  0.000000000000000e+00	1.000000000000000e+00	661	0	589
595	5.183409606378000e+02 4.792112852497000e+02 3.804874067123000e+02	7.156390000000000e-05 6.438250000000000e-05 0.000000000000000e+00	1.000000000000000e+00	2905	0	595
598	 9.635544316560001e+01  6.910882722200000e+02 -6.583139215867001e+02	-3.141300000000000e-06  0.000000000000000e+00 -5.358100000000000e-06	1.000000000000000e+00	7977	0	598
600	-3.715076923440000e+01  6.285313647810001e+01  6.580962442277000e+02	4.250900000000000e-06 1.588720000000000e-05 0.000000000000000e+00	1.000000000000000e+00	1105	0	600
602	-4.362093394073000e+02  6.910882722200000e+02  4.129932398440000e+01	1.233484000000000e-04 0.000000000000000e+00 1.765751000000000e-04	1.000000000000000e+00	7977	0	602
610	-5.681709911854000e+02  6.910882722200000e+02  5.535038142729001e+02	2.797180000000000e-05 0.000000000000000e+00 2.483030000000000e-05	1.000000000000000e+00	7977	0	610
611	-6.181712255129000e+02 -3.595175249268000e+02  1.077775486825000e+02	-1.858083000000000e-04 -6.912600000000001e-06  0.000000000000000e+00	1.000000000000000e+00	23	0	611
615	 4.300000000000000e+02 -5.473280551918000e+02 -2.606506917860000e+02	0.000000000000000e+00 0.000000000000000e+00 0.000000000000000e+00	1.000000000000000e+00	7973	0	615
616	-3.255270030573000e+02 -2.832370777048000e+02  6.853401833843001e+02	 3.151100000000000e-06  5.457900000000000e-06 -1.501840000000000e-05	1.000000000000000e+00	491	0	616
618	2.286326390850000e+01 5.227327711360000e+01 6.580962442277000e+02	6.040600000000000e-06 2.021760000000000e-05 0.000000000000000e+00	1.000000000000000e+00	1105	0	618
620	 3.760858860948000e+02  6.493702937584001e+02 -7.067478798226000e+02	-2.360670045089722e-06  4.088804167556762e-06  7.039414592742920e-07	7.508468627929688e-02	0	0	620
625	-6.152162301914000e+02  8.778043825940000e+01 -1.159425144917000e+02	-2.324350000000000e-05 -5.687900000000000e-06  0.000000000000000e+00	1.000000000000000e+00	661	0	625
627	 5.231777799546001e+02 -6.919208589535000e+02  2.286190426598000e+02	-6.512000000000000e-07  3.687100000000000e-06  0.000000000000000e+00	1.000000000000000e+00	7973	0	627
630	-3.326423664087000e+02  6.910882722200000e+02  1.806634198827000e+02	1.938698000000000e-04 0.000000000000000e+00 7.746068000000000e-04	1.000000000000000e+00	7977	0	630
631	8.131432340160001e+01 4.075259899360000e+01 6.580962442277000e+02	8.250400000000000e-06 2.601830000000000e-05 0.000000000000000e+00	1.000000000000000e+00	1105	0	631
639	 1.465848853821000e+02  6.910882722200000e+02 -6.846201476445000e+02	-7.382000000000000e-07  0.000000000000000e+00 -1.463500000000000e-06	1.000000000000000e+00	7977	0	639
646	 3.469510219697000e+02 -3.412467630534000e+02  3.592584956082000e+02	 7.509670000000001e-05 -8.650000000000001e-07  0.000000000000000e+00	1.000000000000000e+00	7977	0	646
647	 3.475596100496000e+02 -2.119773673821000e+02  3.592584956082000e+02	 1.002904000000000e-04 -2.336000000000000e-07  0.000000000000000e+00	1.000000000000000e+00	7977	0	647
655	 1.949565106382000e+02  7.255105287759001e+02 -1.159425144917000e+02	 7.850900000000000e-06 -1.574030000000000e-05  0.000000000000000e+00	1.000000000000000e+00	661	0	655
660	-4.625225292774000e+02 -7.047437820924000e+02  5.829785587824000e+02	-3.424290000000000e-05  6.128180000000000e-05  0.000000000000000e+00	1.000000000000000e+00	105	0	660
664	1.396245212701000e+02 2.775579422770000e+01 6.580962442277000e+02	9.767000000000000e-06 3.479790000000000e-05 0.000000000000000e+00	1.000000000000000e+00	1105	0	664
675	4.036912267371000e+02 7.318610392589001e+02 3.592584956082000e+02	1.220302000000000e-04 1.898460000000000e-05 0.000000000000000e+00	1.000000000000000e+00	7977	0	675
681	 3.360696512513000e+02  7.186804456350001e+02 -7.313418348358000e+02	-1.881062857246399e-06  3.258097232437134e-06 -7.134697059631347e-07	5.631351470947266e-02	0	0	681
683	-7.337128674636000e+02 -1.447841570922000e+02 -1.159425144917000e+02	-6.333400000000000e-06 -4.218000000000000e-07  0.000000000000000e+00	1.000000000000000e+00	661	0	683
688	-6.039200626232000e+02  6.910882722200000e+02  5.919342310694000e+02	1.628550000000000e-05 0.000000000000000e+00 1.408390000000000e-05	1.000000000000000e+00	7977	0	688
689	1.986126013877000e+02 1.287272293010000e+01 6.580962442277000e+02	1.077780000000000e-05 4.709790000000000e-05 0.000000000000000e+00	1.000000000000000e+00	1105	0	689
696	 4.690710422187000e+02 -4.796550249644000e+02 -2.659681024846000e+02	4.046835937500000e-08 7.008398437500000e-08 1.428321093750000e-06	3.164062500000000e-01	7973	0	696
703	 2.577577681333000e+02 -3.736537093600000e+00  6.580962442277000e+02	1.643980000000000e-05 5.900400000000000e-05 0.000000000000000e+00	1.000000000000000e+00	1105	0	703
707	 3.478312631129000e+02 -7.785004691170001e+01  3.592584956082000e+02	 1.287095000000000e-04 -4.254000000000000e-07  0.000000000000000e+00	1.000000000000000e+00	7977	0	707
708	 4.240314099538000e+02 -5.473280551918000e+02 -2.581326933296000e+02	-9.207421875000001e-09  0.000000000000000e+00 -5.100389648437499e-07	2.373046875000000e-01	7973	0	708
710	 3.212616548829000e+02 -2.295414884010000e+01  6.580962442277000e+02	2.739730000000000e-05 7.101340000000001e-05 0.000000000000000e+00	1.000000000000000e+00	1105	0	710
712	-3.336816906292000e+02  6.910882722200000e+02  2.145618251642000e+02	 1.455206000000000e-04  0.000000000000000e+00 -2.813483000000000e-04	1.000000000000000e+00	7977	0	712
714	 4.318800997372000e+02 -5.486688018960000e+01  6.580962442277000e+02	1.264537000000000e-04 6.886080000000000e-05 0.000000000000000e+00	1.000000000000000e+00	1105	0	714
715	 4.946503941480000e+02 -6.554841860340001e+01  6.580962442277000e+02	1.421282000000000e-04 7.048850000000000e-05 0.000000000000000e+00	1.000000000000000e+00	1105	0	715
717	 5.468789711396000e+02 -6.314122540890001e+01  6.580962442277000e+02	1.326671000000000e-04 6.724070000000001e-05 0.000000000000000e+00	1.000000000000000e+00	1105	0	717
718	-5.437674667899000e+02  6.858431487094000e+02 -6.793251553319001e+02	-9.848100000000000e-06 -2.268390000000000e-05  0.000000000000000e+00	1.000000000000000e+00	7973	0	718
720	 6.074719951371001e+02 -4.417396722570000e+01  6.580962442277000e+02	-4.170590000000000e-05 -1.614520000000000e-05  0.000000000000000e+00	1.000000000000000e+00	1105	0	720
722	 1.998307053203000e+02  6.910882722200000e+02 -7.086992081772000e+02	-9.410000000000000e-08  0.000000000000000e+00 -2.441000000000000e-07	1.000000000000000e+00	7977	0	722
724	-6.206210986937000e+02  7.164537232256000e+02 -6.793251553319001e+02	-2.097650000000000e-05 -1.001440000000000e-05  0.000000000000000e+00	1.000000000000000e+00	7973	0	724
728	 4.883596087422000e+02 -6.484098626432000e+02 -4.093098404200000e+02	-3.752080000000000e-05  6.498790000000000e-05  1.157166000000000e-04	1.000000000000000e+00	7973	0	728
729	6.888542878837001e+02 2.721880821600000e+00 6.580962442277000e+02	-2.257840000000000e-05 -3.190160000000000e-05  0.000000000000000e+00	1.000000000000000e+00	1105	0	729
733	5.816860569033000e+02 4.294450922801000e+02 3.804874067123000e+02	4.871000000000000e-06 6.976100000000000e-06 0.000000000000000e+00	1.000000000000000e+00	2905	0	733
737	-6.427699753479001e+02  6.910882722200000e+02  6.328454267117000e+02	8.425100000000000e-06 0.000000000000000e+00 7.854000000000000e-06	1.000000000000000e+00	7977	0	737
740	-2.983216650115000e+02 -2.361160499724000e+02  7.059941020171000e+02	 1.957700000000000e-06  3.390800000000000e-06 -1.105160000000000e-05	1.000000000000000e+00	491	0	740
745	-7.338944249302000e+02  7.494282798801000e+02 -6.793251553319001e+02	-4.838000000000000e-06 -1.668000000000000e-06  0.000000000000000e+00	1.000000000000000e+00	7973	0	745
746	-9.110798988540000e+01  6.910882722200000e+02 -5.148177438529000e+02	-2.042360000000000e-05  0.000000000000000e+00 -5.305300000000000e-05	1.000000000000000e+00	7977	0	746
747	6.151804883508000e+02 4.072840256665000e+02 3.804874067123000e+02	-1.358100000000000e-06 -2.097600000000000e-06  0.000000000000000e+00	1.000000000000000e+00	2905	0	747
753	5.822261591482001e+02 4.209691208831000e+02 2.286190426598000e+02	-6.012270000000000e-05 -9.923050000000000e-05  0.000000000000000e+00	1.000000000000000e+00	7973	0	753
755	-2.757861163700000e+02  5.574181604022000e+02 -6.793251553319001e+02	-1.890847500000000e-05 -6.604282500000000e-05  0.000000000000000e+00	7.500000000000000e-01	7973	0	755
756	-7.216421814141000e+02  6.910882722200000e+02  7.148612543870000e+02	-3.645962000000000e-04  0.000000000000000e+00  4.095550000000000e-04	1.000000000000000e+00	7977	0	756
771	6.575447407301000e+02 3.795885967223000e+02 3.804874067123000e+02	-9.564700000000000e-06 -1.388680000000000e-05  0.000000000000000e+00	1.000000000000000e+00	2905	0	771
776	 2.560843214945000e+02  6.910882722200000e+02 -7.296908873966000e+02	-5.089000000000000e-07  0.000000000000000e+00 -1.388200000000000e-06	1.000000000000000e+00	7977	0	776
805	-1.134230922957000e+02  3.939083506707000e+02 -7.271449295252000e+02	 2.480454140625000e-05 -4.296274804687500e-05 -1.078945312500000e-08	3.164062500000000e-01	7973	0	805
828	-1.441885598534000e+02  3.403479836873000e+02 -7.446348127133000e+02	3.812987988281250e-06 0.000000000000000e+00 3.505559765625000e-06	2.373046875000000e-01	7973	0	828
864	-2.700804588169000e+02 -1.872008459762000e+02  7.235505542889000e+02	 9.056000000000001e-07  1.568500000000000e-06 -6.165300000000000e-06	1.000000000000000e+00	491	0	864
865	 4.025756103693000e+02 -5.473280551918000e+02 -2.230701716500000e+02	-2.751384375000000e-06  0.000000000000000e+00 -3.463256250000000e-06	4.218750000000000e-01	7973	0	865
909	-1.272672889664000e+02  6.910882722200000e+02  3.592584956082000e+02	0.000000000000000e+00 0.000000000000000e+00 0.000000000000000e+00	4.218750000000000e-01	7977	0	909
1000	-3.543687882008000e+02  6.910882722200000e+02  2.692798239864000e+02	2.397486000000000e-04 0.000000000000000e+00 1.224467000000000e-04	1.000000000000000e+00	7977	0	1000
1002	7.050422426041000e+02 3.444215123502000e+02 3.804874067123000e+02	-1.059970000000000e-05 -1.306080000000000e-05  0.000000000000000e+00	1.000000000000000e+00	2905	0	1002
1003	-4.373358886103000e+02  6.910882722200000e+02  3.988074608964000e+02	1.359964000000000e-04 0.000000000000000e+00 1.211921000000000e-04	1.000000000000000e+00	7977	0	1003
1011	6.931820951807000e+02 2.768127311061000e+02 1.548628359571000e+02	 2.736281250000000e-07 -4.739343750000001e-07  1.022616562500000e-05	4.218750000000000e-01	7973	0	1011
1012	 3.886465001644000e+02 -5.473280551918000e+02 -1.688862396754000e+02	-1.160840000000000e-05  0.000000000000000e+00  3.175600000000000e-06	1.000000000000000e+00	7973	0	1012
1014	-3.322539807010000e+02  6.208455598324000e+02  1.518683640526000e+02	-1.174000000000000e-06 -4.395000000000000e-07  0.000000000000000e+00	1.000000000000000e+00	7977	0	1014
1015	-3.576757056984000e+02  6.863175458031001e+02  1.518683640526000e+02	-6.893000000000000e-07 -1.232000000000000e-07  0.000000000000000e+00	1.000000000000000e+00	7977	0	1015
1020	-3.620272091020000e+02  6.863196446819001e+02  1.518683640526000e+02	6.226100000000000e-06 8.404800000000000e-06 0.000000000000000e+00	1.000000000000000e+00	7977	0	1020
1081	-5.153258867956000e+02 -7.301548254278000e+02  5.829785587824000e+02	-1.789390000000000e-05  4.227770000000000e-05  0.000000000000000e+00	1.000000000000000e+00	105	0	1081
1292	6.334624582024001e+02 3.802501765623000e+02 2.286190426598000e+02	 1.797550000000000e-05 -3.113450000000000e-05  0.000000000000000e+00	1.000000000000000e+00	7973	0	1292
1396	-4.144918189707000e+02  6.910882722200000e+02 -1.125735424999000e+02	-1.313178000000000e-04  0.000000000000000e+00  3.228390000000000e-04	1.000000000000000e+00	7977	0	1396
1615	3.510790869749000e+02 3.707958554784000e+02 2.018131461137000e+02	 4.298353000000000e-04  7.444966000000001e-04 -1.630735200000000e-03	1.000000000000000e+00	7977	0	1615
1675	3.838512772254000e+02 4.275589540676000e+02 2.304856240321000e+02	 2.831011000000000e-04  4.903455000000001e-04 -1.214331600000000e-03	1.000000000000000e+00	7977	0	1675
1705	 3.913595160009000e+02 -5.473280551918000e+02 -1.143608262753000e+02	-1.343410000000000e-05  0.000000000000000e+00  2.157450000000000e-05	1.000000000000000e+00	7973	0	1705
1759	4.624518575081000e+02 5.636991526216000e+02 3.300031981575000e+02	 3.558199000000000e-04  6.162981000000001e-04 -2.205342000000000e-04	1.000000000000000e+00	7977	0	1759
1801	-2.409283912138000e+02 -1.367079837419000e+02  7.374327336350000e+02	 1.200000000000000e-09  2.100000000000000e-09 -1.540000000000000e-08	1.000000000000000e+00	491	0	1801
1886	3.168606843452000e+02 3.115278435700000e+02 3.735174293180000e+02	 5.254182070312500e-05  9.100508203125000e-05 -7.284377460937500e-05	3.164062500000000e-01	7977	0	1886
2050	4.496001082191000e+02 5.414392698871001e+02 2.995372730608000e+02	 5.743529437500000e-04  9.948085312500002e-04 -7.513683750000000e-04	5.625000000000000e-01	7977	0	2050
2264	6.322960711443001e+02 3.822704182081000e+02 2.236010236320000e+02	 2.162791757812500e-05 -3.746066484375000e-05 -5.416875000000000e-08	3.164062500000000e-01	7973	0	2264
2820	-7.145063518297001e+02  7.266429223760001e+01  6.580962442277000e+02	-3.328480000000000e-05 -1.415380000000000e-05  0.000000000000000e+00	1.000000000000000e+00	1105	0	2820
2827	6.555350520261001e+02 3.420193226047000e+02 1.938925062061000e+02	-4.966440644531250e-05  8.602128808593751e-05  7.391723027343750e-05	2.373046875000000e-01	7973	0	2827
2939	6.056842448751000e+02 3.260063982225000e+02 2.286190426598000e+02	-1.649440000000000e-05  8.486800000000000e-06  0.000000000000000e+00	1.000000000000000e+00	7973	0	2939
3478	5.081717659840000e+02 5.142872987359000e+02 2.286190426598000e+02	-4.616571000000000e-04 -1.242081000000000e-04  0.000000000000000e+00	1.000000000000000e+00	7973	0	3478
4128	-6.681567693307001e+02 -7.092935088264001e+02 -1.159425144917000e+02	 5.479780000000000e-05 -5.455830000000000e-05  0.000000000000000e+00	1.000000000000000e+00	661	0	4128
4210	 4.283142701535000e+02 -5.444082854499001e+02  3.769877680800000e+00	-7.300687500000000e-07  1.264556250000000e-06  3.454256250000000e-06	5.625000000000000e-01	7973	0	4210
4212	 3.721457822224000e+02 -6.475344998147000e+02 -2.673922724600000e+00	3.829801025390626e-05 6.633411152343750e-05 6.822777919921875e-05	2.373046875000000e-01	7973	0	4212
4213	-3.296606534068000e+02  6.910882722200000e+02 -2.672784469862000e+02	-6.730500000000000e-06  0.000000000000000e+00 -6.666620000000000e-05	1.000000000000000e+00	7977	0	4213
4214	4.381015024760000e+02 7.038588795907000e+02 2.286190426598000e+02	-2.891039000000000e-04  4.772141000000000e-04  0.000000000000000e+00	1.000000000000000e+00	7973	0	4214
4216	 5.411710439958000e+02 -7.398819517231000e+02 -6.350394747598000e+02	 6.164830000000000e-05 -1.067780000000000e-04 -3.761300000000000e-04	1.000000000000000e+00	7973	0	4216
4217	7.242215320336001e+02 2.230508494386000e+02 1.186814111140000e+02	 2.367850643920899e-05 -4.101238692169190e-05 -2.297671490478516e-05	1.001129150390625e-01	7973	0	4217
4218	3.379667300479000e+02 3.480845870740000e+02 4.206548842513000e+02	 1.861046250000000e-04  3.223426500000000e-04 -1.057933875000000e-03	7.500000000000000e-01	7977	0	4218
4219	4.342709971184000e+02 5.148884706257001e+02 2.775104209909000e+02	 8.102654000000000e-04  1.403420900000000e-03 -1.014036800000000e-03	1.000000000000000e+00	7977	0	4219
4220	 4.400021806972000e+02 -5.646523403459000e+02  8.618890716580000e+01	-2.747250000000000e-05  4.758370000000000e-05 -1.153424000000000e-04	1.000000000000000e+00	7973	0	4220
4221	-1.536898893935000e+02  6.910882722200000e+02 -4.522571426531000e+02	-7.051091000000000e-04  0.000000000000000e+00  8.227650000000000e-04	1.000000000000000e+00	7977	0	4221
4223	-2.184142334716000e+02  5.103283744775000e+02 -6.793251553319001e+02	-3.099336750000000e-04 -1.121949731250000e-03  0.000000000000000e+00	5.625000000000000e-01	7973	0	4223
0	 5.000000000000000e-01 -8.660254037844386e-01  0.000000000000000e+00	8.660254037844385e-01 5.000000000000000e-01 0.000000000000000e+00	5.632499999999998e+02 3.251925391210567e+02 0.000000000000000e+00	1	0	0.000000000000000e+00	0.000000000000000e+00	0.000000000000000e+00	9.364242890096750e+04
1	5.000000000000000e-01 8.660254037844386e-01 0.000000000000000e+00	0.000000000000000e+00 0.000000000000000e+00 1.000000000000000e+00	0.000000000000000e+00 0.000000000000000e+00 2.286190426597633e+02	1	0	0.000000000000000e+00	0.000000000000000e+00	0.000000000000000e+00	3.451322379092541e+05
3	-5.000000000000000e-01 -8.660254037844386e-01  0.000000000000000e+00	0.000000000000000e+00 0.000000000000000e+00 1.000000000000000e+00	0.000000000000000e+00 0.000000000000000e+00 6.580962442277471e+02	1	0	0.000000000000000e+00	0.000000000000000e+00	0.000000000000000e+00	1.210736514974700e+06
4	-1.000000000000000e+00  0.000000000000000e+00  0.000000000000000e+00	0.000000000000000e+00 0.000000000000000e+00 1.000000000000000e+00	-0.000000000000000e+00 -0.000000000000000e+00 -1.159425144917371e+02	1	0	0.000000000000000e+00	0.000000000000000e+00	0.000000000000000e+00	1.890003291407898e+06
7	-5.000000000000000e-01 -8.660254037844386e-01  0.000000000000000e+00	0.000000000000000e+00 0.000000000000000e+00 1.000000000000000e+00	-0.000000000000000e+00 -0.000000000000000e+00 -1.894272067752324e+02	1	0	0.000000000000000e+00	0.000000000000000e+00	0.000000000000000e+00	1.360757978518475e+06
9	-5.000000000000000e-01 -8.660254037844386e-01  0.000000000000000e+00	 8.660254037844385e-01 -5.000000000000000e-01  0.000000000000000e+00	-1.215000000000000e+02  7.014805770653952e+01 -0.000000000000000e+00	1	0	0.000000000000000e+00	0.000000000000000e+00	0.000000000000000e+00	2.462810359170015e+06
10	-5.000000000000000e-01  8.660254037844386e-01  0.000000000000000e+00	8.660254037844385e-01 5.000000000000000e-01 0.000000000000000e+00	-1.409999999999999e+02 -8.140638795573722e+01 -0.000000000000000e+00	1	0	0.000000000000000e+00	0.000000000000000e+00	0.000000000000000e+00	2.366934095551843e+03
12	1.000000000000000e+00 0.000000000000000e+00 0.000000000000000e+00	 0.000000000000000e+00 -1.000000000000000e+00  0.000000000000000e+00	0.000000000000000e+00 2.381569860407206e+02 0.000000000000000e+00	1	0	0.000000000000000e+00	0.000000000000000e+00	0.000000000000000e+00	2.250000000000000e+06
13	 5.000000000000000e-01 -8.660254037844386e-01  0.000000000000000e+00	0.000000000000000e+00 0.000000000000000e+00 1.000000000000000e+00	0.000000000000000e+00 0.000000000000000e+00 1.518683640525570e+02	1	0	0.000000000000000e+00	0.000000000000000e+00	0.000000000000000e+00	1.230641183903253e+06
15	5.000000000000000e-01 8.660254037844386e-01 0.000000000000000e+00	 8.660254037844385e-01 -5.000000000000000e-01  0.000000000000000e+00	 5.594999999999998e+02 -3.230274756115955e+02  0.000000000000000e+00	1	0	0.000000000000000e+00	0.000000000000000e+00	0.000000000000000e+00	4.776286162500766e+05
18	-5.000000000000000e-01 -8.660254037844386e-01  0.000000000000000e+00	0.000000000000000e+00 0.000000000000000e+00 1.000000000000000e+00	0.000000000000000e+00 0.000000000000000e+00 1.469693845669907e+01	1	0	0.000000000000000e+00	0.000000000000000e+00	0.000000000000000e+00	3.595047946683262e+05
21	-5.000000000000000e-01 -8.660254037844386e-01  0.000000000000000e+00	0.000000000000000e+00 0.000000000000000e+00 1.000000000000000e+00	0.000000000000000e+00 0.000000000000000e+00 3.592584956081994e+02	1	0	0.000000000000000e+00	0.000000000000000e+00	0.000000000000000e+00	9.365714953174702e+02
22	-5.000000000000000e-01 -8.660254037844386e-01  0.000000000000000e+00	 8.660254037844385e-01 -5.000000000000000e-01  0.000000000000000e+00	 1.027500000000000e+02 -5.932274015923404e+01  0.000000000000000e+00	1	0	0.000000000000000e+00	0.000000000000000e+00	0.000000000000000e+00	1.241154004081199e+06
24	5.000000000000000e-01 8.660254037844386e-01 0.000000000000000e+00	 8.660254037844385e-01 -5.000000000000000e-01  0.000000000000000e+00	 7.694999999999998e+02 -4.442710321414170e+02  0.000000000000000e+00	1	0	0.000000000000000e+00	0.000000000000000e+00	0.000000000000000e+00	2.361284233339626e+05
25	-5.000000000000000e-01  8.660254037844386e-01  0.000000000000000e+00	8.660254037844385e-01 5.000000000000000e-01 0.000000000000000e+00	-8.017499999999998e+02 -4.628905783227824e+02 -0.000000000000000e+00	1	0	0.000000000000000e+00	0.000000000000000e+00	0.000000000000000e+00	1.974568915210525e+05
26	1.000000000000000e+00 0.000000000000000e+00 0.000000000000000e+00	0.000000000000000e+00 0.000000000000000e+00 1.000000000000000e+00	0.000000000000000e+00 0.000000000000000e+00 5.829785587823964e+02	1	0	0.000000000000000e+00	0.000000000000000e+00	0.000000000000000e+00	5.202309770649173e+05
27	 5.000000000000000e-01 -8.660254037844386e-01  0.000000000000000e+00	 0.000000000000000e+00  0.000000000000000e+00 -1.000000000000000e+00	0.000000000000000e+00 0.000000000000000e+00 6.580962442277471e+02	1	0	0.000000000000000e+00	0.000000000000000e+00	0.000000000000000e+00	2.709093218570480e+04
28	1.000000000000000e+00 0.000000000000000e+00 0.000000000000000e+00	0.000000000000000e+00 0.000000000000000e+00 1.000000000000000e+00	0.000000000000000e+00 0.000000000000000e+00 2.286190426597633e+02	1	0	0.000000000000000e+00	0.000000000000000e+00	0.000000000000000e+00	9.261534592718363e+03
29	1.000000000000000e+00 0.000000000000000e+00 0.000000000000000e+00	 0.000000000000000e+00 -1.000000000000000e+00  0.000000000000000e+00	0.000000000000000e+00 5.715767664977295e+01 0.000000000000000e+00	1	0	0.000000000000000e+00	0.000000000000000e+00	0.000000000000000e+00	2.112144366341550e+06
43	5.000000000000000e-01 8.660254037844386e-01 0.000000000000000e+00	 0.000000000000000e+00  0.000000000000000e+00 -1.000000000000000e+00	-0.000000000000000e+00 -0.000000000000000e+00 -1.159425144917371e+02	1	0	0.000000000000000e+00	0.000000000000000e+00	0.000000000000000e+00	2.418439642584472e+03
55	-1.000000000000000e+00  0.000000000000000e+00  0.000000000000000e+00	0.000000000000000e+00 0.000000000000000e+00 1.000000000000000e+00	-0.000000000000000e+00 -0.000000000000000e+00 -4.262112152442729e+02	1	0	0.000000000000000e+00	0.000000000000000e+00	0.000000000000000e+00	5.562621547927285e+04
66	-5.000000000000000e-01 -8.660254037844386e-01  0.000000000000000e+00	0.000000000000000e+00 0.000000000000000e+00 1.000000000000000e+00	0.000000000000000e+00 0.000000000000000e+00 1.077775486824598e+02	1	0	0.000000000000000e+00	0.000000000000000e+00	0.000000000000000e+00	2.061835561594334e+06
76	-1.000000000000000e+00  0.000000000000000e+00  0.000000000000000e+00	0.000000000000000e+00 0.000000000000000e+00 1.000000000000000e+00	0.000000000000000e+00 0.000000000000000e+00 2.286190426597633e+02	1	0	0.000000000000000e+00	0.000000000000000e+00	0.000000000000000e+00	6.785261028660086e+02
106	-1.000000000000000e+00  0.000000000000000e+00  0.000000000000000e+00	 0.000000000000000e+00 -1.000000000000000e+00  0.000000000000000e+00	-0.000000000000000e+00 -5.473280551917652e+02 -0.000000000000000e+00	1	0	0.000000000000000e+00	0.000000000000000e+00	0.000000000000000e+00	6.817682725729846e+03
107	 5.000000000000000e-01 -8.660254037844386e-01  0.000000000000000e+00	0.000000000000000e+00 0.000000000000000e+00 1.000000000000000e+00	0.000000000000000e+00 0.000000000000000e+00 3.804874067123203e+02	1	0	0.000000000000000e+00	0.000000000000000e+00	0.000000000000000e+00	2.146258439533943e+06
108	5.000000000000000e-01 8.660254037844386e-01 0.000000000000000e+00	0.000000000000000e+00 0.000000000000000e+00 1.000000000000000e+00	-0.000000000000000e+00 -0.000000000000000e+00 -4.164132562731402e+02	1	0	0.000000000000000e+00	0.000000000000000e+00	0.000000000000000e+00	1.972435867003681e+06
113	 5.000000000000000e-01 -8.660254037844386e-01  0.000000000000000e+00	0.000000000000000e+00 0.000000000000000e+00 1.000000000000000e+00	-0.000000000000000e+00 -0.000000000000000e+00 -6.793251553318680e+02	1	0	0.000000000000000e+00	0.000000000000000e+00	0.000000000000000e+00	1.251102790215496e+06
208	1.000000000000000e+00 0.000000000000000e+00 0.000000000000000e+00	 0.000000000000000e+00 -1.000000000000000e+00  0.000000000000000e+00	0.000000000000000e+00 3.403479836872843e+02 0.000000000000000e+00	1	0	0.000000000000000e+00	0.000000000000000e+00	0.000000000000000e+00	2.546715179506964e+04
243	 5.000000000000000e-01 -8.660254037844386e-01  0.000000000000000e+00	0.000000000000000e+00 0.000000000000000e+00 1.000000000000000e+00	0.000000000000000e+00 0.000000000000000e+00 3.592584956081994e+02	1	0	0.000000000000000e+00	0.000000000000000e+00	0.000000000000000e+00	0.000000000000000e+00
246	1.000000000000000e+00 0.000000000000000e+00 0.000000000000000e+00	0.000000000000000e+00 0.000000000000000e+00 1.000000000000000e+00	0.000000000000000e+00 0.000000000000000e+00 3.592584956081994e+02	1	0	0.000000000000000e+00	0.000000000000000e+00	0.000000000000000e+00	0.000000000000000e+00
248	1.000000000000000e+00 0.000000000000000e+00 0.000000000000000e+00	0.000000000000000e+00 0.000000000000000e+00 1.000000000000000e+00	0.000000000000000e+00 0.000000000000000e+00 3.592584956081994e+02	1	0	0.000000000000000e+00	0.000000000000000e+00	0.000000000000000e+00	0.000000000000000e+00
297	-1.000000000000000e+00  0.000000000000000e+00  0.000000000000000e+00	0.000000000000000e+00 1.000000000000000e+00 0.000000000000000e+00	0.000000000000000e+00 6.910882722199819e+02 0.000000000000000e+00	1	0	0.000000000000000e+00	0.000000000000000e+00	0.000000000000000e+00	0.000000000000000e+00
319	5.000000000000000e-01 8.660254037844386e-01 0.000000000000000e+00	0.000000000000000e+00 0.000000000000000e+00 1.000000000000000e+00	0.000000000000000e+00 0.000000000000000e+00 3.592584956081994e+02	1	0	0.000000000000000e+00	0.000000000000000e+00	0.000000000000000e+00	9.365714953174702e+02
320	-1.000000000000000e+00  0.000000000000000e+00  0.000000000000000e+00	 0.000000000000000e+00 -1.000000000000000e+00  0.000000000000000e+00	0.000000000000000e+00 6.910882722199819e+02 0.000000000000000e+00	1	0	0.000000000000000e+00	0.000000000000000e+00	0.000000000000000e+00	1.631175258843144e+06
321	-5.000000000000000e-01 -8.660254037844386e-01  0.000000000000000e+00	0.000000000000000e+00 0.000000000000000e+00 1.000000000000000e+00	0.000000000000000e+00 0.000000000000000e+00 3.592584956081994e+02	1	0	0.000000000000000e+00	0.000000000000000e+00	0.000000000000000e+00	5.836740344656265e+05
323	-5.000000000000000e-01 -8.660254037844386e-01  0.000000000000000e+00	 0.000000000000000e+00  0.000000000000000e+00 -1.000000000000000e+00	0.000000000000000e+00 0.000000000000000e+00 1.518683640525570e+02	1	0	0.000000000000000e+00	0.000000000000000e+00	0.000000000000000e+00	3.859898041074603e+01
324	1.000000000000000e+00 0.000000000000000e+00 0.000000000000000e+00	 0.000000000000000e+00  0.000000000000000e+00 -1.000000000000000e+00	0.000000000000000e+00 0.000000000000000e+00 1.518683640525570e+02	1	0	0.000000000000000e+00	0.000000000000000e+00	0.000000000000000e+00	3.859898041074603e+01
325	-1.000000000000000e+00  0.000000000000000e+00  0.000000000000000e+00	 0.000000000000000e+00  0.000000000000000e+00 -1.000000000000000e+00	0.000000000000000e+00 0.000000000000000e+00 1.518683640525570e+02	1	0	0.000000000000000e+00	0.000000000000000e+00	0.000000000000000e+00	3.859898041074603e+01
327	1.000000000000000e+00 0.000000000000000e+00 0.000000000000000e+00	0.000000000000000e+00 0.000000000000000e+00 1.000000000000000e+00	0.000000000000000e+00 0.000000000000000e+00 1.518683640525570e+02	1	0	0.000000000000000e+00	0.000000000000000e+00	0.000000000000000e+00	1.036940700043059e+01
337	 5.000000000000000e-01 -8.660254037844386e-01  0.000000000000000e+00	8.660254037844385e-01 5.000000000000000e-01 0.000000000000000e+00	8.549999999999997e+01 4.936344801571300e+01 0.000000000000000e+00	1	0	0.000000000000000e+00	0.000000000000000e+00	0.000000000000000e+00	2.415050084763436e+05
340	-5.000000000000000e-01 -8.660254037844386e-01  0.000000000000000e+00	0.000000000000000e+00 0.000000000000000e+00 1.000000000000000e+00	0.000000000000000e+00 0.000000000000000e+00 9.471360338761622e+01	1	0	0.000000000000000e+00	0.000000000000000e+00	0.000000000000000e+00	4.004883208454064e+05
782	-5.000000000000000e-01  8.660254037844386e-01  0.000000000000000e+00	8.660254037844385e-01 5.000000000000000e-01 0.000000000000000e+00	6.397499999999998e+02 3.693598347140630e+02 0.000000000000000e+00	1	0	0.000000000000000e+00	0.000000000000000e+00	0.000000000000000e+00	3.611141555021351e+05
0	0	1	1
0	246	0	0
0	1	2	1
0	2	681	0
0	112	246	0
0	247	112	0
0	201	143	0
0	143	247	0
0	436	201	0
0	488	436	0
0	535	488	0
0	585	535	0
0	620	585	0
0	681	620	0
1	4	5	1
1	63	4	1
1	5	6	1
1	6	1292	0
1	292	63	0
1	164	113	0
1	113	328	0
1	144	364	0
1	365	144	0
1	505	164	0
1	202	292	0
1	364	202	0
1	328	248	0
1	248	365	0
1	367	249	0
1	249	505	0
1	2939	367	0
1	1292	2939	0
3	10	11	1
3	479	10	0
3	11	12	1
3	12	13	1
3	13	479	0
4	15	16	1
4	104	15	1
4	16	17	1
4	17	655	0
4	101	104	0
4	150	101	1
4	571	116	0
4	116	625	0
4	373	150	0
4	374	151	0
4	151	375	0
4	297	209	0
4	209	374	0
4	332	254	0
4	254	683	0
4	255	333	0
4	375	255	0
4	465	297	0
4	625	332	0
4	333	571	0
4	683	373	0
4	512	465	0
4	589	512	0
4	655	589	0
7	27	28	1
7	301	27	0
7	28	29	1
7	29	30	1
7	30	302	0
7	119	338	0
7	339	119	0
7	155	382	0
7	383	155	0
7	384	156	0
7	156	385	0
7	213	301	0
7	382	213	0
7	302	214	0
7	214	384	0
7	338	260	0
7	260	383	0
7	261	339	0
7	385	261	0
9	36	37	1
9	159	36	1
9	37	38	1
9	38	39	1
9	39	1801	0
9	491	122	0
9	122	507	0
9	521	159	0
9	216	160	0
9	160	497	0
9	455	216	0
9	507	262	0
9	262	521	0
9	263	491	0
9	497	263	0
9	529	455	0
9	616	529	0
9	740	616	0
9	864	740	0
9	1801	864	0
10	41	42	1
10	161	41	1
10	42	162	0
10	123	161	0
10	162	123	0
12	47	48	1
12	50	47	1
12	48	49	1
12	49	50	1
13	52	53	1
13	305	52	0
13	53	54	1
13	54	55	1
13	55	306	0
13	126	342	0
13	343	126	0
13	167	390	0
13	391	167	0
13	392	168	0
13	168	393	0
13	221	305	0
13	390	221	0
13	222	392	0
13	1014	222	0
13	342	268	0
13	268	391	0
13	269	343	0
13	393	269	0
13	306	572	0
13	572	1015	0
13	1015	1014	0
15	59	60	1
15	496	59	0
15	60	61	1
15	61	62	1
15	62	226	0
15	273	128	0
15	128	499	0
15	226	172	0
15	172	273	0
15	615	346	0
15	346	4212	0
15	4212	496	0
15	499	696	0
15	696	615	0
18	71	72	1
18	313	71	0
18	72	73	1
18	73	74	1
18	74	314	0
18	527	131	0
18	131	553	0
18	177	483	0
18	495	177	0
18	231	313	0
18	406	231	0
18	350	278	0
18	278	407	0
18	279	351	0
18	409	279	0
18	314	408	0
18	553	350	0
18	351	527	0
18	483	406	0
18	407	495	0
18	408	409	0
21	352	416	0
21	909	352	0
21	416	675	0
21	675	909	0
22	87	88	1
22	319	87	0
22	88	89	1
22	89	90	1
22	90	531	0
22	137	439	0
22	440	137	0
22	185	441	0
22	442	185	0
22	237	445	0
22	446	237	0
22	447	238	0
22	238	448	0
22	449	286	0
22	286	450	0
22	287	451	0
22	452	287	0
22	445	319	0
22	438	320	0
22	320	447	0
22	439	358	0
22	358	449	0
22	359	440	0
22	451	359	0
22	441	418	0
22	418	446	0
22	419	442	0
22	450	419	0
22	448	420	0
22	420	4218	0
22	421	452	0
22	1615	421	0
22	531	438	0
22	443	444	0
22	1886	443	0
22	444	1759	0
22	1675	1615	0
22	4219	1675	0
22	1759	2050	0
22	4218	1886	0
22	2050	4219	0
24	97	98	1
24	189	97	0
24	98	99	1
24	99	100	1
24	100	190	0
24	139	189	0
24	190	139	0
25	101	102	1
25	104	101	0
25	102	103	1
25	103	104	1
26	105	106	1
26	1081	105	0
26	106	107	1
26	107	242	0
26	141	362	0
26	363	141	0
26	191	426	0
26	427	191	0
26	428	192	0
26	192	429	0
26	241	323	0
26	426	241	0
26	242	428	0
26	362	290	0
26	290	427	0
26	291	363	0
26	429	291	0
26	323	486	0
26	486	582	0
26	582	660	0
26	660	1081	0
27	10	479	0
27	2820	10	0
27	484	468	0
27	468	2820	0
27	479	729	0
27	501	484	0
27	503	501	0
27	519	503	0
27	537	519	0
27	545	537	0
27	568	545	0
27	583	568	0
27	600	583	0
27	618	600	0
27	631	618	0
27	664	631	0
27	689	664	0
27	703	689	0
27	710	703	0
27	714	710	0
27	715	714	0
27	717	715	0
27	720	717	0
27	729	720	0
28	1292	6	0
28	6	4214	0
28	487	3478	0
28	4214	487	0
28	577	753	0
28	3478	577	0
28	753	1292	0
29	10	44	1
29	479	10	0
29	45	13	1
29	13	479	0
29	44	45	1
43	101	104	0
43	560	101	0
43	104	4128	0
43	540	560	0
43	4128	540	0
55	7	8	1
55	204	7	0
55	8	205	1
55	114	250	0
55	251	114	0
55	146	204	0
55	250	146	0
55	205	147	0
55	147	251	0
66	23	24	1
66	378	23	0
66	24	25	1
66	25	26	1
66	26	300	0
66	118	547	0
66	566	118	0
66	153	378	0
66	379	153	0
66	380	154	0
66	154	381	0
66	300	212	0
66	212	380	0
66	258	379	0
66	611	258	0
66	538	259	0
66	259	567	0
66	547	336	0
66	336	611	0
66	337	566	0
66	567	337	0
66	381	538	0
76	292	63	0
76	63	627	0
76	627	292	0
106	615	346	0
106	346	1705	0
106	708	615	0
106	865	708	0
106	1012	865	0
106	1705	1012	0
107	92	93	1
107	187	92	1
107	93	94	1
107	94	95	1
107	95	1002	0
107	424	187	0
107	322	240	0
107	240	424	0
107	490	322	0
107	595	490	0
107	733	595	0
107	747	733	0
107	771	747	0
107	1002	771	0
108	18	19	1
108	298	18	0
108	19	20	1
108	20	21	1
108	21	22	1
108	22	108	0
108	108	243	0
108	117	334	0
108	335	117	0
108	152	376	0
108	377	152	0
108	430	193	0
108	193	431	0
108	210	298	0
108	376	210	0
108	243	430	0
108	334	256	0
108	256	377	0
108	257	335	0
108	431	257	0
113	67	68	1
113	745	67	0
113	68	277	1
113	130	403	0
113	755	130	0
113	402	229	0
113	229	718	0
113	277	349	0
113	349	4223	0
113	403	402	0
113	718	724	0
113	724	745	0
113	4223	755	0
208	56	57	1
208	307	56	0
208	57	66	1
208	66	828	0
208	127	344	0
208	828	127	0
208	169	394	0
208	395	169	0
208	223	307	0
208	394	223	0
208	344	270	0
208	270	395	0
243	416	352	0
243	352	909	0
243	909	416	0
246	352	416	0
246	909	352	0
246	416	909	0
248	416	352	0
248	352	909	0
248	909	416	0
297	416	352	0
297	352	909	0
297	909	416	0
319	416	675	0
319	909	416	0
319	675	909	0
320	75	76	1
320	776	75	0
320	76	77	1
320	77	78	1
320	78	756	0
320	108	194	0
320	244	108	0
320	132	179	0
320	746	132	0
320	133	306	0
320	630	133	0
320	179	523	0
320	194	4221	0
320	1396	195	0
320	195	4213	0
320	315	233	0
320	233	1003	0
320	432	244	0
320	572	281	0
320	281	602	0
320	306	572	0
320	530	315	0
320	352	1000	0
320	1003	352	0
320	4213	432	0
320	602	433	0
320	433	1396	0
320	523	598	0
320	610	530	0
320	598	639	0
320	688	610	0
320	712	630	0
320	639	722	0
320	737	688	0
320	1000	712	0
320	722	776	0
320	756	737	0
320	4221	746	0
321	83	84	1
321	453	83	0
321	84	85	1
321	85	86	1
321	86	675	0
321	443	136	0
321	136	460	0
321	183	646	0
321	647	183	0
321	235	459	0
321	471	235	0
321	356	284	0
321	284	707	0
321	317	453	0
321	459	317	0
321	460	356	0
321	414	471	0
321	646	414	0
321	415	647	0
321	707	415	0
321	417	444	0
321	463	417	0
321	444	443	0
321	675	463	0
323	572	306	0
323	306	1015	0
323	1015	572	0
324	572	306	0
324	306	1015	0
324	1015	572	0
325	572	306	0
325	306	1015	0
325	1015	572	0
327	1015	572	0
327	572	1020	0
327	1020	1015	0
337	63	65	1
337	292	63	0
337	65	66	1
337	66	805	0
337	174	401	0
337	728	174	0
337	228	400	0
337	4216	228	0
337	274	292	0
337	4220	274	0
337	349	277	0
337	277	4216	0
337	615	346	0
337	346	4210	0
337	805	349	0
337	400	728	0
337	401	615	0
337	4210	4220	0
340	80	34	1
340	34	434	0
340	79	80	1
340	494	79	0
340	134	354	0
340	355	134	0
340	181	412	0
340	413	181	0
340	198	388	0
340	434	198	0
340	234	316	0
340	412	234	0
340	354	282	0
340	282	413	0
340	283	355	0
340	388	283	0
340	316	494	0
782	6	32	1
782	1292	6	0
782	32	33	1
782	33	34	1
782	34	4217	0
782	1011	2827	0
782	4217	1011	0
782	2264	1292	0
782	2827	2264	0
