454
44
520
0	 7.500000000000000e+02  1.732050807600000e+00 -5.821234377863000e+02	 1.132000000000000e-07 -1.960000000000000e-07 -3.734100000000000e-06	1.000000000000000e+00	0	1	0
1	 7.500000000000000e+02  1.732050807600000e+00 -7.500000000000000e+02	0.000000000000000e+00 0.000000000000000e+00 0.000000000000000e+00	1.000000000000000e+00	0	1	1
2	 3.179872981078000e+02  7.500000000000000e+02 -7.500000000000000e+02	-2.620806970000000e-02  4.539370830000000e-02  0.000000000000000e+00	1.000000000000000e+00	0	1	2
4	 7.500000000000000e+02 -7.500000000000000e+02  2.286190426598000e+02	0.000000000000000e+00 0.000000000000000e+00 0.000000000000000e+00	1.000000000000000e+00	8155	1	4
5	7.500000000000000e+02 7.500000000000000e+02 2.286190426598000e+02	0.000000000000000e+00 0.000000000000000e+00 0.000000000000000e+00	1.000000000000000e+00	8155	1	5
6	4.199872981078000e+02 7.500000000000000e+02 2.286190426598000e+02	0.000000000000000e+00 0.000000000000000e+00 0.000000000000000e+00	7.500000000000000e-01	8155	1	6
7	 7.500000000000000e+02  6.209215714503000e+02 -4.262112152443000e+02	5.290000000000000e-08 3.716000000000000e-07 0.000000000000000e+00	1.000000000000000e+00	646	1	7
8	 7.500000000000000e+02  7.500000000000000e+02 -4.262112152443000e+02	0.000000000000000e+00 0.000000000000000e+00 0.000000000000000e+00	1.000000000000000e+00	646	1	8
10	-7.500000000000000e+02  5.715767664980000e+01  6.580962442277000e+02	0.000000000000000e+00 0.000000000000000e+00 0.000000000000000e+00	1.000000000000000e+00	1105	1	10
11	-7.500000000000000e+02 -7.500000000000000e+02  6.580962442277000e+02	0.000000000000000e+00 0.000000000000000e+00 0.000000000000000e+00	1.000000000000000e+00	1105	1	11
12	 7.500000000000000e+02 -7.500000000000000e+02  6.580962442277000e+02	0.000000000000000e+00 0.000000000000000e+00 0.000000000000000e+00	1.000000000000000e+00	1105	1	12
13	7.500000000000000e+02 5.715767664980000e+01 6.580962442277000e+02	0.000000000000000e+00 0.000000000000000e+00 0.000000000000000e+00	4.218750000000000e-01	1105	1	13
15	 7.500000000000000e+02 -7.500000000000000e+02 -1.159425144917000e+02	0.000000000000000e+00 0.000000000000000e+00 0.000000000000000e+00	1.000000000000000e+00	661	1	15
16	 7.500000000000000e+02  7.500000000000000e+02 -1.159425144917000e+02	0.000000000000000e+00 0.000000000000000e+00 0.000000000000000e+00	1.000000000000000e+00	661	1	16
17	 2.565625001552000e+02  7.500000000000000e+02 -1.159425144917000e+02	 1.255015000000000e-04 -2.668978000000000e-04  0.000000000000000e+00	1.000000000000000e+00	661	1	17
18	-7.500000000000000e+02 -9.520859925740001e+01 -4.164132562731000e+02	 7.951000000000000e-07 -6.588000000000000e-07  0.000000000000000e+00	1.000000000000000e+00	8155	1	18
19	-7.500000000000000e+02 -7.500000000000000e+02 -4.164132562731000e+02	0.000000000000000e+00 0.000000000000000e+00 0.000000000000000e+00	1.000000000000000e+00	8155	1	19
20	 7.500000000000000e+02 -7.500000000000000e+02 -4.164132562731000e+02	0.000000000000000e+00 0.000000000000000e+00 0.000000000000000e+00	1.000000000000000e+00	8155	1	20
21	 7.500000000000000e+02  7.500000000000000e+02 -4.164132562731000e+02	0.000000000000000e+00 0.000000000000000e+00 0.000000000000000e+00	1.000000000000000e+00	8155	1	21
22	-2.070367278144000e+02  7.500000000000000e+02 -4.164132562731000e+02	-3.134922156120300e-04  0.000000000000000e+00  0.000000000000000e+00	7.508468627929688e-02	8155	1	22
23	-6.767484239617000e+02 -7.500000000000000e+02  1.077775486825000e+02	-9.509460000000001e-05  1.537500000000000e-05  0.000000000000000e+00	1.000000000000000e+00	23	1	23
24	 7.500000000000000e+02 -7.500000000000000e+02  1.077775486825000e+02	0.000000000000000e+00 0.000000000000000e+00 0.000000000000000e+00	1.000000000000000e+00	23	1	24
25	7.500000000000000e+02 7.500000000000000e+02 1.077775486825000e+02	0.000000000000000e+00 0.000000000000000e+00 0.000000000000000e+00	1.000000000000000e+00	23	1	25
26	-6.102503573823000e+02  7.500000000000000e+02  1.077775486825000e+02	 5.380900000000000e-06 -7.812000000000000e-07  0.000000000000000e+00	1.000000000000000e+00	23	1	26
27	-7.364584864767000e+02 -7.500000000000000e+02 -1.894272067752000e+02	 3.161000000000000e-07 -2.431000000000000e-07  0.000000000000000e+00	1.000000000000000e+00	27	1	27
28	 7.500000000000000e+02 -7.500000000000000e+02 -1.894272067752000e+02	0.000000000000000e+00 0.000000000000000e+00 0.000000000000000e+00	1.000000000000000e+00	27	1	28
29	 7.500000000000000e+02  7.500000000000000e+02 -1.894272067752000e+02	0.000000000000000e+00 0.000000000000000e+00 0.000000000000000e+00	1.000000000000000e+00	27	1	29
30	 4.223285869270000e+02  7.500000000000000e+02 -1.894272067752000e+02	-1.861000000000000e-07  1.437000000000000e-07  0.000000000000000e+00	1.000000000000000e+00	27	1	30
32	4.199872981078000e+02 7.500000000000000e+02 7.500000000000000e+02	0.000000000000000e+00 0.000000000000000e+00 0.000000000000000e+00	1.000000000000000e+00	8155	1	32
33	7.500000000000000e+02 1.784012331796000e+02 7.500000000000000e+02	0.000000000000000e+00 0.000000000000000e+00 0.000000000000000e+00	1.000000000000000e+00	8155	1	33
34	7.500000000000000e+02 1.784012331796000e+02 9.471360338760000e+01	 0.000000000000000e+00 -0.000000000000000e+00  0.000000000000000e+00	7.500000000000000e-01	8155	1	34
36	-5.950127018922000e+02 -7.500000000000000e+02 -7.500000000000000e+02	0.000000000000000e+00 0.000000000000000e+00 0.000000000000000e+00	1.000000000000000e+00	491	1	36
37	 2.710127018922000e+02  7.500000000000000e+02 -7.500000000000000e+02	0.000000000000000e+00 0.000000000000000e+00 0.000000000000000e+00	1.000000000000000e+00	491	1	37
38	2.710127018922000e+02 7.500000000000000e+02 7.500000000000000e+02	0.000000000000000e+00 0.000000000000000e+00 0.000000000000000e+00	1.000000000000000e+00	491	1	38
39	-2.105334906725000e+02 -8.406247171340000e+01  7.500000000000000e+02	 1.168490000000000e-05  2.023890000000000e-05 -1.092865000000000e-04	1.000000000000000e+00	491	1	39
41	 2.450127018922000e+02 -7.500000000000000e+02  7.500000000000000e+02	0.000000000000000e+00 0.000000000000000e+00 0.000000000000000e+00	1.000000000000000e+00	729	1	41
42	 2.450127018922000e+02 -7.500000000000000e+02  7.354471175591000e+02	 2.600000000000000e-09 -4.500000000000000e-09  1.338000000000000e-07	1.000000000000000e+00	729	1	42
44	-7.500000000000000e+02  5.715767664980000e+01 -7.500000000000000e+02	0.000000000000000e+00 0.000000000000000e+00 0.000000000000000e+00	1.000000000000000e+00	1105	1	44
45	 7.500000000000000e+02  5.715767664980000e+01 -7.500000000000000e+02	0.000000000000000e+00 0.000000000000000e+00 0.000000000000000e+00	1.000000000000000e+00	1105	1	45
47	-7.500000000000000e+02  2.381569860407000e+02  7.500000000000000e+02	0.000000000000000e+00 0.000000000000000e+00 0.000000000000000e+00	1.000000000000000e+00	1074	1	47
48	-7.500000000000000e+02  2.381569860407000e+02 -7.500000000000000e+02	0.000000000000000e+00 0.000000000000000e+00 0.000000000000000e+00	1.000000000000000e+00	1074	1	48
49	 7.500000000000000e+02  2.381569860407000e+02 -7.500000000000000e+02	0.000000000000000e+00 0.000000000000000e+00 0.000000000000000e+00	1.000000000000000e+00	1074	1	49
50	7.500000000000000e+02 2.381569860407000e+02 7.500000000000000e+02	0.000000000000000e+00 0.000000000000000e+00 0.000000000000000e+00	1.000000000000000e+00	1074	1	50
52	 2.615079673022000e+02 -7.500000000000000e+02  1.518683640526000e+02	3.536000000000000e-07 1.791000000000000e-07 0.000000000000000e+00	1.000000000000000e+00	8155	1	52
53	 7.500000000000000e+02 -7.500000000000000e+02  1.518683640526000e+02	0.000000000000000e+00 0.000000000000000e+00 0.000000000000000e+00	1.000000000000000e+00	8155	1	53
54	7.500000000000000e+02 7.500000000000000e+02 1.518683640526000e+02	0.000000000000000e+00 0.000000000000000e+00 0.000000000000000e+00	1.000000000000000e+00	8155	1	54
55	-3.659848120434000e+02  7.500000000000000e+02  1.518683640526000e+02	-2.853351562500000e-06 -6.906456298828126e-07  0.000000000000000e+00	1.779785156250000e-01	8155	1	55
56	-7.500000000000000e+02  3.403479836873000e+02 -6.868080361134000e+02	-7.130000000000000e-08  0.000000000000000e+00 -2.272800000000000e-06	1.000000000000000e+00	8155	1	56
57	-7.500000000000000e+02  3.403479836873000e+02 -7.500000000000000e+02	0.000000000000000e+00 0.000000000000000e+00 0.000000000000000e+00	1.000000000000000e+00	8155	1	57
59	 3.129872981078000e+02 -7.500000000000000e+02  1.217811593650000e+01	7.081000000000000e-07 1.226500000000000e-06 5.787020000000000e-05	1.000000000000000e+00	8155	1	59
60	 3.129872981078000e+02 -7.500000000000000e+02 -7.500000000000000e+02	0.000000000000000e+00 0.000000000000000e+00 0.000000000000000e+00	1.000000000000000e+00	8155	1	60
61	 7.500000000000000e+02  6.928203230300000e+00 -7.500000000000000e+02	0.000000000000000e+00 0.000000000000000e+00 0.000000000000000e+00	1.000000000000000e+00	8155	1	61
62	 7.500000000000000e+02  6.928203230300000e+00 -2.796067883542000e+02	7.420000000000000e-08 1.284000000000000e-07 1.137450000000000e-05	1.000000000000000e+00	8155	1	62
63	 5.470127018922000e+02 -7.500000000000000e+02  2.286190426598000e+02	-0.000000000000000e+00 -0.000000000000000e+00  0.000000000000000e+00	1.000000000000000e+00	8155	1	63
65	 5.470127018922000e+02 -7.500000000000000e+02 -7.500000000000000e+02	0.000000000000000e+00 0.000000000000000e+00 0.000000000000000e+00	1.000000000000000e+00	8155	1	65
66	-8.250000000000000e+01  3.403479836873000e+02 -7.500000000000000e+02	0.000000000000000e+00 0.000000000000000e+00 0.000000000000000e+00	7.500000000000000e-01	8155	1	66
67	-7.500000000000000e+02  7.500000000000000e+02 -6.793251553319001e+02	0.000000000000000e+00 0.000000000000000e+00 0.000000000000000e+00	1.000000000000000e+00	8155	1	67
68	-7.500000000000000e+02 -7.500000000000000e+02 -6.793251553319001e+02	0.000000000000000e+00 0.000000000000000e+00 0.000000000000000e+00	1.000000000000000e+00	8155	1	68
71	 4.469834841742000e+02 -7.500000000000000e+02  1.469693845670000e+01	-6.394500000000000e-06  1.618900000000000e-06  0.000000000000000e+00	1.000000000000000e+00	5009	1	71
72	 7.500000000000000e+02 -7.500000000000000e+02  1.469693845670000e+01	0.000000000000000e+00 0.000000000000000e+00 0.000000000000000e+00	1.000000000000000e+00	5009	1	72
73	7.500000000000000e+02 7.500000000000000e+02 1.469693845670000e+01	0.000000000000000e+00 0.000000000000000e+00 0.000000000000000e+00	1.000000000000000e+00	5009	1	73
74	6.168795898946000e+02 7.500000000000000e+02 1.469693845670000e+01	 5.357870000000000e-05 -1.695740000000000e-05  0.000000000000000e+00	1.000000000000000e+00	5009	1	74
75	 3.131090141445000e+02  6.910882722200000e+02 -7.500000000000000e+02	2.027000000000000e-07 0.000000000000000e+00 5.827000000000000e-07	1.000000000000000e+00	8155	1	75
76	 7.500000000000000e+02  6.910882722200000e+02 -7.500000000000000e+02	0.000000000000000e+00 0.000000000000000e+00 0.000000000000000e+00	1.000000000000000e+00	8155	1	76
77	7.500000000000000e+02 6.910882722200000e+02 7.500000000000000e+02	0.000000000000000e+00 0.000000000000000e+00 0.000000000000000e+00	1.000000000000000e+00	8155	1	77
78	-7.500000000000000e+02  6.910882722200000e+02  7.500000000000000e+02	-6.440273380000000e-02  0.000000000000000e+00  0.000000000000000e+00	1.000000000000000e+00	8155	1	78
79	-5.348866514660000e+01 -7.500000000000000e+02  9.471360338760000e+01	 3.467500000000000e-06 -3.393200000000000e-06  0.000000000000000e+00	1.000000000000000e+00	8155	1	79
80	 7.500000000000000e+02 -7.500000000000000e+02  9.471360338760000e+01	0.000000000000000e+00 0.000000000000000e+00 0.000000000000000e+00	1.000000000000000e+00	8155	1	80
83	 3.210780857896000e+02 -7.500000000000000e+02  3.592584956082000e+02	-2.356300000000000e-06  4.383000000000000e-07  0.000000000000000e+00	1.000000000000000e+00	8155	1	83
84	 7.500000000000000e+02 -7.500000000000000e+02  3.592584956082000e+02	0.000000000000000e+00 0.000000000000000e+00 0.000000000000000e+00	1.000000000000000e+00	8155	1	84
85	7.500000000000000e+02 7.500000000000000e+02 3.592584956082000e+02	0.000000000000000e+00 0.000000000000000e+00 0.000000000000000e+00	1.000000000000000e+00	8155	1	85
87	-2.960127018922000e+02 -7.500000000000000e+02 -4.865821887331000e+02	-1.370000000000000e-08 -2.360000000000000e-08  2.752000000000000e-07	1.000000000000000e+00	8155	1	87
88	-2.960127018922000e+02 -7.500000000000000e+02 -7.500000000000000e+02	0.000000000000000e+00 0.000000000000000e+00 0.000000000000000e+00	1.000000000000000e+00	8155	1	88
89	 5.700127018922000e+02  7.500000000000000e+02 -7.500000000000000e+02	0.000000000000000e+00 0.000000000000000e+00 0.000000000000000e+00	1.000000000000000e+00	8155	1	89
90	5.700127018922000e+02 7.500000000000000e+02 5.504797819083000e+02	 5.618300000000000e-06  9.731100000000001e-06 -8.422900000000001e-05	1.000000000000000e+00	8155	1	90
92	-7.500000000000000e+02  7.500000000000000e+02  3.804874067123000e+02	0.000000000000000e+00 0.000000000000000e+00 0.000000000000000e+00	1.000000000000000e+00	8006	1	92
93	-7.500000000000000e+02 -7.500000000000000e+02  3.804874067123000e+02	0.000000000000000e+00 0.000000000000000e+00 0.000000000000000e+00	1.000000000000000e+00	8006	1	93
94	 7.500000000000000e+02 -7.500000000000000e+02  3.804874067123000e+02	0.000000000000000e+00 0.000000000000000e+00 0.000000000000000e+00	1.000000000000000e+00	8006	1	94
95	7.500000000000000e+02 2.931072402941000e+02 3.804874067123000e+02	-1.507840000000000e-05 -1.489610000000000e-05  0.000000000000000e+00	1.000000000000000e+00	8006	1	95
97	 5.929872981078000e+02 -7.500000000000000e+02 -1.598006867730000e+01	 3.700000000000000e-09  6.500000000000000e-09 -8.090000000000000e-08	1.000000000000000e+00	97	1	97
98	 5.929872981078000e+02 -7.500000000000000e+02 -7.500000000000000e+02	0.000000000000000e+00 0.000000000000000e+00 0.000000000000000e+00	1.000000000000000e+00	97	1	98
99	 7.500000000000000e+02 -4.780460228890000e+02 -7.500000000000000e+02	0.000000000000000e+00 0.000000000000000e+00 0.000000000000000e+00	1.000000000000000e+00	97	1	99
100	 7.500000000000000e+02 -4.780460228890000e+02  1.911203639750000e+01	 5.740000000000000e-08  9.940000000000000e-08 -1.168900000000000e-06	1.000000000000000e+00	97	1	100
101	-7.500000000000000e+02 -5.525242076145000e+02 -1.159425144917000e+02	-0.000000000000000e+00 -0.000000000000000e+00  0.000000000000000e+00	1.779785156250000e-01	661	1	101
102	-7.500000000000000e+02 -5.525242076145000e+02  7.500000000000000e+02	0.000000000000000e+00 0.000000000000000e+00 0.000000000000000e+00	1.000000000000000e+00	661	1	102
103	-6.359872981078000e+02 -7.500000000000000e+02  7.500000000000000e+02	0.000000000000000e+00 0.000000000000000e+00 0.000000000000000e+00	1.000000000000000e+00	661	1	103
104	-6.359872981078000e+02 -7.500000000000000e+02 -1.159425144917000e+02	0.000000000000000e+00 0.000000000000000e+00 0.000000000000000e+00	7.500000000000000e-01	661	1	104
105	-6.361092437242000e+02 -7.500000000000000e+02  5.829785587824000e+02	-1.605400000000000e-06  5.044900000000001e-06  0.000000000000000e+00	1.000000000000000e+00	105	1	105
106	 7.500000000000000e+02 -7.500000000000000e+02  5.829785587824000e+02	0.000000000000000e+00 0.000000000000000e+00 0.000000000000000e+00	1.000000000000000e+00	105	1	106
107	7.500000000000000e+02 2.179949050270000e+01 5.829785587824000e+02	 1.007090000000000e-05 -2.112120000000000e-05  0.000000000000000e+00	1.000000000000000e+00	105	1	107
108	-2.079468123653000e+02  6.910882722200000e+02 -4.164132562731000e+02	-2.579208905010223e-04  0.000000000000000e+00  0.000000000000000e+00	7.508468627929688e-02	8155	0	108
112	 6.715913673133000e+02  1.375397863730000e+02 -5.936508407964001e+02	 1.468000000000000e-07 -2.543000000000000e-07 -3.262800000000000e-06	1.000000000000000e+00	0	0	112
113	 5.106348675464000e+02 -5.834461442200000e+00  2.286190426598000e+02	-1.170150000000000e-05  1.589600000000000e-06  0.000000000000000e+00	1.000000000000000e+00	8155	0	113
114	 2.990298940402000e+02  6.853789089542000e+02 -4.262112152443000e+02	-6.600000000000000e-09 -4.470000000000000e-08  0.000000000000000e+00	1.000000000000000e+00	646	0	114
116	-6.158833894915000e+02  1.872102613038000e+02 -1.159425144917000e+02	-2.889046000000000e-04  4.227779000000000e-04  0.000000000000000e+00	1.000000000000000e+00	661	0	116
117	-4.256027801106000e+02  2.978282900576000e+02 -4.164132562731000e+02	 4.667000000000000e-07 -3.832000000000000e-07  0.000000000000000e+00	1.000000000000000e+00	8155	0	117
118	-6.608478059612000e+02 -1.589475386392000e+02  1.077775486825000e+02	-7.605290000000000e-05  1.704000000000000e-07  0.000000000000000e+00	1.000000000000000e+00	23	0	118
119	-1.572727789764000e+02  1.298683247000000e-01 -1.894272067752000e+02	-3.210000000000000e-07  2.482000000000000e-07  0.000000000000000e+00	1.000000000000000e+00	27	0	119
122	-5.468036957669000e+02 -6.664995520086001e+02  3.761006897589000e+02	 1.130000000000000e-07  1.957000000000000e-07 -1.250530000000000e-05	1.000000000000000e+00	491	0	122
123	 1.456007208344000e+02 -5.778133979268000e+02  7.443746632223000e+02	 4.200000000000000e-09 -7.300000000000000e-09  1.597000000000000e-07	1.000000000000000e+00	729	0	123
126	-7.303407449830000e+01 -2.032825540000000e-02  1.518683640526000e+02	-8.230000000000000e-08 -3.580000000000000e-08  0.000000000000000e+00	1.000000000000000e+00	8155	0	126
127	-2.079209989193000e+02  3.403479836873000e+02 -7.341040858162000e+02	2.756000000000000e-07 0.000000000000000e+00 7.395000000000001e-07	1.000000000000000e+00	8155	0	127
128	 5.325571791746000e+02 -3.696938101804000e+02 -2.707636965605000e+02	8.300000000000000e-08 1.438000000000000e-07 5.517400000000000e-06	1.000000000000000e+00	8155	0	128
130	-3.343441741708000e+02  5.807462931376000e+02 -6.793251553319001e+02	1.610780000000000e-05 3.088280000000000e-05 0.000000000000000e+00	1.000000000000000e+00	8155	0	130
131	5.478600159645000e+02 1.496185112118000e+02 1.469693845670000e+01	 6.033280000000000e-05 -9.200000000000000e-08  0.000000000000000e+00	1.000000000000000e+00	5009	0	131
132	-4.520576053150000e+01  6.910882722200000e+02 -5.581482290810001e+02	-5.357490000000000e-05  0.000000000000000e+00 -6.681040000000001e-05	1.000000000000000e+00	8155	0	132
133	-3.451287705587000e+02  6.910882722200000e+02  1.560738418582000e+02	-3.025622529602051e-06  0.000000000000000e+00  6.013682693481446e-07	1.001129150390625e-01	8155	0	133
134	 3.694652320850000e+02 -1.690887261923000e+02  9.471360338760000e+01	 3.080700000000000e-06 -2.317600000000000e-06  0.000000000000000e+00	1.000000000000000e+00	8155	0	134
136	3.905075401636000e+02 2.349163200734000e+02 3.592584956082000e+02	7.754590000000000e-05 7.662000000000001e-07 0.000000000000000e+00	1.000000000000000e+00	8155	0	136
137	 1.584362954985000e+02  3.712875292940000e+01 -7.273896075140000e+01	-5.197700000000000e-06 -9.002700000000001e-06  5.357400000000001e-06	1.000000000000000e+00	8155	0	137
139	 6.777339873690000e+02 -6.032144284263001e+02  2.804067982400000e+00	 1.024000000000000e-07  1.774000000000000e-07 -1.632200000000000e-06	1.000000000000000e+00	97	0	139
141	 2.423794814450000e+02 -2.655403723694000e+02  5.829785587824000e+02	 9.652300000000001e-06 -1.734530000000000e-05  0.000000000000000e+00	1.000000000000000e+00	105	0	141
143	 5.701795434754000e+02  3.131902177484000e+02 -6.186427342678001e+02	 1.738000000000000e-07 -3.010000000000000e-07 -2.314700000000000e-06	1.000000000000000e+00	0	0	143
144	 4.725361884610000e+02 -3.758633712271000e+02  2.286190426598000e+02	-4.741540000000000e-05  3.633200000000000e-06  0.000000000000000e+00	1.000000000000000e+00	8155	0	144
146	 5.245243732071000e+02  6.530982610211000e+02 -4.262112152443000e+02	1.270000000000000e-08 8.850000000000000e-08 0.000000000000000e+00	1.000000000000000e+00	646	0	146
147	 7.255680280960000e+01  7.228573013865000e+02 -4.262112152443000e+02	1.997000000000000e-07 7.910000000000000e-07 0.000000000000000e+00	1.000000000000000e+00	646	0	147
150	-7.500000000000000e+02  1.281222590866000e+02 -1.159425144917000e+02	-1.019407000000000e-04  2.793398000000000e-04  0.000000000000000e+00	1.000000000000000e+00	661	1	150
151	-2.390751701884000e+02  4.540969932775000e+02 -1.159425144917000e+02	-8.087780000000001e-05  1.150157000000000e-04  0.000000000000000e+00	1.000000000000000e+00	661	0	151
152	-5.876517694988000e+02  1.013744428022000e+02 -4.164132562731000e+02	 3.773000000000000e-07 -3.113000000000000e-07  0.000000000000000e+00	1.000000000000000e+00	8155	0	152
153	-6.617460112602000e+02 -6.147106122579000e+02  1.077775486825000e+02	-1.015752000000000e-04  1.454800000000000e-06  0.000000000000000e+00	1.000000000000000e+00	23	0	153
154	-6.471235136996000e+02  3.325222502069000e+02  1.077775486825000e+02	-2.421950000000000e-05  1.296300000000000e-06  0.000000000000000e+00	1.000000000000000e+00	23	0	154
155	-4.470322490093000e+02 -3.748735506196000e+02 -1.894272067752000e+02	-2.658000000000000e-07  2.051000000000000e-07  0.000000000000000e+00	1.000000000000000e+00	27	0	155
156	 1.325835976655000e+02  3.750582317945000e+02 -1.894272067752000e+02	-1.530000000000000e-07  1.183000000000000e-07  0.000000000000000e+00	1.000000000000000e+00	27	0	156
159	-5.950127018922000e+02 -7.500000000000000e+02  2.324770356083000e+02	-4.211915625000001e-06 -7.295231250000001e-06  1.446440625000000e-06	4.218750000000000e-01	491	1	159
160	-4.472352687256000e+02 -4.940419775434000e+02  5.369640942293000e+02	 4.625500000000000e-06  8.011500000000001e-06 -1.264070000000000e-05	1.000000000000000e+00	491	0	160
161	 9.393150981440000e+01 -4.883196992532000e+02  7.500000000000000e+02	 4.400000000000001e-09 -7.600000000000000e-09  1.611000000000000e-07	1.000000000000000e+00	729	1	161
162	 1.965560585459000e+02 -6.660706317600000e+02  7.392196871080000e+02	 3.000000000000000e-09 -5.300000000000000e-09  1.346000000000000e-07	1.000000000000000e+00	729	0	162
164	5.204972913700000e+02 5.477766585750000e+01 2.286190426598000e+02	-7.120900000000000e-06  1.153800000000000e-06  0.000000000000000e+00	1.000000000000000e+00	8155	0	164
167	 9.015609227760001e+01 -3.750907274404000e+02  1.518683640526000e+02	-3.104000000000000e-07 -1.352000000000000e-07  0.000000000000000e+00	1.000000000000000e+00	8155	0	167
168	-2.362162959488000e+02  3.750128216550000e+02  1.518683640526000e+02	9.170000000000001e-08 4.010000000000000e-08 0.000000000000000e+00	1.000000000000000e+00	8155	0	168
169	-4.953751205450000e+02  3.403479836873000e+02 -7.010741972688000e+02	-5.400000000000000e-08  0.000000000000000e+00 -6.384000000000000e-07	1.000000000000000e+00	8155	0	169
172	 6.453314015353001e+02 -1.743631272676000e+02 -2.763988274842000e+02	9.250000000000000e-08 1.603000000000000e-07 9.485600000000001e-06	1.000000000000000e+00	8155	0	172
174	 4.493741351335000e+02 -5.808850415958000e+02 -2.978912573821000e+02	-1.310062500000000e-06  2.269068750000000e-06  6.159768750000000e-06	5.625000000000000e-01	8155	0	174
177	 5.185998393647001e+02 -3.059506888310000e+02  1.469693845670000e+01	 2.339080000000000e-05 -2.752700000000000e-06  0.000000000000000e+00	1.000000000000000e+00	5009	0	177
179	 7.151904820800000e+00  6.910882722200000e+02 -6.011932172481000e+02	-4.535500000000000e-06  0.000000000000000e+00 -2.393300000000000e-06	1.000000000000000e+00	8155	0	179
181	 2.146156259904000e+02 -4.510178660589000e+02  9.471360338760000e+01	 1.423000000000000e-07 -6.990000000000000e-08  0.000000000000000e+00	1.000000000000000e+00	8155	0	181
183	 3.677380693774000e+02 -2.774224861420000e+02  3.592584956082000e+02	 3.753530000000000e-05 -1.943200000000000e-06  0.000000000000000e+00	1.000000000000000e+00	8155	0	183
185	-8.212990122380000e+01 -3.795441223772000e+02 -3.836841573853000e+02	 1.022100000000000e-06  1.770400000000000e-06 -5.417600000000000e-06	1.000000000000000e+00	8155	0	185
187	4.253645737918000e+02 7.500000000000000e+02 3.804874067123000e+02	-4.740000000000000e-08 -1.460000000000000e-08  0.000000000000000e+00	1.000000000000000e+00	8006	1	187
189	 6.312730946175001e+02 -6.836870552370000e+02 -8.901617745000001e+00	 9.920000000000000e-08  1.718000000000000e-07 -1.596200000000000e-06	1.000000000000000e+00	97	0	189
190	 7.226900188010001e+02 -5.253482978794000e+02  1.374890468400000e+01	 8.220000000000001e-08  1.423000000000000e-07 -1.369100000000000e-06	1.000000000000000e+00	97	0	190
191	-8.694464761670001e+01 -4.532121680028000e+02  5.829785587824000e+02	-4.274500000000000e-06  7.142700000000000e-06  0.000000000000000e+00	1.000000000000000e+00	105	0	191
192	 5.747433091156000e+02 -8.639892217150000e+01  5.829785587824000e+02	 2.347900000000000e-05 -3.725770000000000e-05  0.000000000000000e+00	1.000000000000000e+00	105	0	192
193	-2.662080005989000e+02  4.955841808653000e+02 -4.164132562731000e+02	-8.539875000000001e-07  4.659187500000001e-07  0.000000000000000e+00	5.625000000000000e-01	8155	0	193
194	-1.993095761820000e+02  6.910882722200000e+02 -4.180312089471000e+02	-3.984212032677925e-05  0.000000000000000e+00 -5.378821053039436e-05	1.002259575761855e-02	8155	0	194
195	-4.142132673456000e+02  6.910882722200000e+02 -1.245102268257000e+02	-3.958692000000000e-04  0.000000000000000e+00  1.206673000000000e-04	1.000000000000000e+00	8155	0	195
198	6.009233843092001e+02 5.540588221020001e+01 9.471360338760000e+01	 4.500800000000000e-06 -5.313300000000000e-06  0.000000000000000e+00	1.000000000000000e+00	8155	0	198
201	 5.169594733736000e+02  4.053700831470000e+02 -6.366040343653000e+02	 1.500000000000000e-07 -2.598000000000000e-07 -1.756800000000000e-06	1.000000000000000e+00	0	0	201
202	 4.571260881097000e+02 -5.768808030192000e+02  2.286190426598000e+02	-2.262861562500000e-05 -6.916007812499999e-07  0.000000000000000e+00	3.164062500000000e-01	8155	0	202
204	 6.372724329831000e+02  6.369641031785001e+02 -4.262112152443000e+02	2.230000000000000e-08 1.565000000000000e-07 0.000000000000000e+00	1.000000000000000e+00	646	0	204
205	-2.399908385440000e+01  7.500000000000000e+02 -4.262112152443000e+02	-9.440000000000000e-08 -3.360000000000000e-07  0.000000000000000e+00	1.000000000000000e+00	646	1	205
209	-7.823282460580000e+01  5.631151884368001e+02 -1.159425144917000e+02	-2.025790000000000e-05  3.102780000000000e-05  0.000000000000000e+00	1.000000000000000e+00	661	0	209
210	-6.686952842679000e+02  3.163671958400000e+00 -4.164132562731000e+02	 4.020000000000000e-07 -3.316000000000000e-07  0.000000000000000e+00	1.000000000000000e+00	8155	0	210
212	-6.317604878572000e+02  5.594858056351001e+02  1.077775486825000e+02	-9.237000000000000e-06  7.063000000000000e-07  0.000000000000000e+00	1.000000000000000e+00	23	0	212
213	-5.917874418300000e+02 -5.624713847545000e+02 -1.894272067752000e+02	-4.560000000000000e-08  3.530000000000000e-08  0.000000000000000e+00	1.000000000000000e+00	27	0	213
214	 2.775163628464000e+02  5.625188974867000e+02 -1.894272067752000e+02	-4.970000000000000e-08  3.840000000000000e-08  0.000000000000000e+00	1.000000000000000e+00	27	0	214
216	-3.987023836056000e+02 -4.099805546776000e+02  6.019135221258000e+02	 4.745100000000001e-06  8.218800000000000e-06 -1.493710000000000e-05	1.000000000000000e+00	491	0	216
221	 1.722745033846000e+02 -5.624836728344001e+02  1.518683640526000e+02	8.670000000000000e-08 3.870000000000000e-08 0.000000000000000e+00	1.000000000000000e+00	8155	0	221
222	-3.122697984855000e+02  5.640507337071000e+02  1.518683640526000e+02	-4.394000000000000e-07 -1.596000000000000e-07  0.000000000000000e+00	1.000000000000000e+00	8155	0	222
223	-6.345646628980001e+02  3.403479836873000e+02 -6.914356533635000e+02	-7.100000000000000e-08  0.000000000000000e+00 -1.329600000000000e-06	1.000000000000000e+00	8155	0	223
226	 7.014458006727000e+02 -7.717013692540000e+01 -2.783406340936000e+02	8.080000000000001e-08 1.399000000000000e-07 1.068210000000000e-05	1.000000000000000e+00	8155	0	226
228	 5.237663021913000e+02 -7.097360546250001e+02 -5.512344361049001e+02	 8.451500000000000e-06 -1.463850000000000e-05 -4.113470000000000e-05	1.000000000000000e+00	8155	0	228
229	-4.998143827518000e+02  6.685568302529000e+02 -6.793251553319001e+02	3.875420000000000e-05 6.401800000000000e-05 0.000000000000000e+00	1.000000000000000e+00	8155	0	229
231	 4.871911606056000e+02 -5.372138805867000e+02  1.469693845670000e+01	 1.398000000000000e-06 -2.108000000000000e-07  0.000000000000000e+00	1.000000000000000e+00	5009	0	231
233	-4.740803526771000e+02  6.910882722200000e+02  4.336697385301000e+02	-1.176394218750000e-05  0.000000000000000e+00 -8.485382812499999e-06	4.218750000000000e-01	8155	0	233
234	 1.229412843368000e+02 -5.776029143613000e+02  9.471360338760000e+01	-9.803000000000000e-07  9.220000000000000e-07  0.000000000000000e+00	1.000000000000000e+00	8155	0	234
235	 3.497759475165000e+02 -5.362683777223000e+02  3.592584956082000e+02	 1.535930000000000e-05 -1.392400000000000e-06  0.000000000000000e+00	1.000000000000000e+00	8155	0	235
237	-2.086967209567000e+02 -5.987642847070000e+02 -4.619233694522000e+02	-1.310000000000000e-08 -2.270000000000000e-08  1.279000000000000e-07	1.000000000000000e+00	8155	0	237
238	4.377346041689000e+02 5.208876140147000e+02 4.724263746355000e+02	-4.185300000000000e-06 -7.249200000000000e-06  1.376290000000000e-05	1.000000000000000e+00	8155	0	238
241	-2.495492571766000e+02 -5.541188264022001e+02  5.829785587824000e+02	-1.208940000000000e-05  1.889800000000000e-05  0.000000000000000e+00	1.000000000000000e+00	105	0	241
242	7.142393339873000e+02 4.748316677600000e+00 5.829785587824000e+02	 1.428910000000000e-05 -2.370730000000000e-05  0.000000000000000e+00	1.000000000000000e+00	105	0	242
243	-2.213637837365000e+02  6.049099932408001e+02 -4.164132562731000e+02	-8.756560071372986e-05  1.363646963338852e-05  0.000000000000000e+00	5.631351470947266e-02	8155	0	243
246	 7.169769797974001e+02  5.892959961780000e+01 -5.861261843401001e+02	 1.449000000000000e-07 -2.510000000000000e-07 -3.555800000000000e-06	1.000000000000000e+00	0	0	246
247	 6.220172349778001e+02  2.234047023191000e+02 -6.043866555070000e+02	 1.684000000000000e-07 -2.917000000000000e-07 -2.841500000000000e-06	1.000000000000000e+00	0	0	247
248	 4.880971090380000e+02 -1.946846192773000e+02  2.286190426598000e+02	-2.869550000000000e-05  2.881200000000000e-06  0.000000000000000e+00	1.000000000000000e+00	8155	0	248
249	5.483209297361000e+02 1.793290431473000e+02 2.286190426598000e+02	1.370000000000000e-08 5.100000000000000e-09 0.000000000000000e+00	1.000000000000000e+00	8155	0	249
250	 4.117762252330000e+02  6.692319684297000e+02 -4.262112152443000e+02	1.600000000000000e-09 1.130000000000000e-08 0.000000000000000e+00	1.000000000000000e+00	646	0	250
251	 1.864189026362000e+02  7.024492269686000e+02 -4.262112152443000e+02	1.170000000000000e-08 6.590000000000000e-08 0.000000000000000e+00	1.000000000000000e+00	646	0	251
255	-4.105664734758000e+02  3.319021210364000e+02 -1.159425144917000e+02	-1.764074000000000e-04  2.477998000000000e-04  0.000000000000000e+00	1.000000000000000e+00	661	0	255
256	-5.066177317866000e+02  1.995930901906000e+02 -4.164132562731000e+02	 4.242000000000000e-07 -3.499000000000000e-07  0.000000000000000e+00	1.000000000000000e+00	8155	0	256
257	-3.449680464855000e+02  3.961898354240000e+02 -4.164132562731000e+02	 2.632500000000000e-07 -2.161125000000000e-07  0.000000000000000e+00	5.625000000000000e-01	8155	0	257
258	-6.605098246176000e+02 -4.260233202525000e+02  1.077775486825000e+02	-9.774100000000000e-05  3.981000000000000e-07  0.000000000000000e+00	1.000000000000000e+00	23	0	258
259	-6.568817892564000e+02  8.912226289790000e+01  1.077775486825000e+02	-2.419120000000000e-05  6.872000000000001e-07  0.000000000000000e+00	1.000000000000000e+00	23	0	259
260	-3.021983831634000e+02 -1.873363927281000e+02 -1.894272067752000e+02	-3.812000000000000e-07  2.945000000000000e-07  0.000000000000000e+00	1.000000000000000e+00	27	0	260
261	-1.232905670060000e+01  1.875820288054000e+02 -1.894272067752000e+02	-2.114000000000000e-07  1.634000000000000e-07  0.000000000000000e+00	1.000000000000000e+00	27	0	261
262	-5.855362679678000e+02 -7.335863349683000e+02  2.773922996963000e+02	 9.437625000000000e-07  1.634625000000000e-06 -3.023662500000000e-06	5.625000000000000e-01	491	0	262
263	-4.949586428541000e+02 -5.767012862424000e+02  4.672518164723000e+02	 4.126600000000000e-06  7.147500000000001e-06 -1.188000000000000e-05	1.000000000000000e+00	491	0	263
268	 8.585245257800000e+00 -1.875449337571000e+02  1.518683640526000e+02	-1.549000000000000e-07 -6.740000000000001e-08  0.000000000000000e+00	1.000000000000000e+00	8155	0	268
269	-1.545665317296000e+02  1.875217587794000e+02  1.518683640526000e+02	8.450000000000001e-08 3.670000000000000e-08 0.000000000000000e+00	1.000000000000000e+00	8155	0	269
270	-3.567239536418000e+02  3.403479836873000e+02 -7.149607560696001e+02	-4.830000000000000e-08  0.000000000000000e+00 -4.183000000000000e-07	1.000000000000000e+00	8155	0	270
273	 5.892072364658001e+02 -2.715730327004000e+02 -2.739298441763000e+02	9.580000000000000e-08 1.658000000000000e-07 7.764700000000000e-06	1.000000000000000e+00	8155	0	273
274	 4.468236138278000e+02 -5.764674091085000e+02  1.508973187410000e+02	-1.648560000000000e-05  2.855390000000000e-05  1.871600000000000e-05	1.000000000000000e+00	8155	0	274
277	 5.470127018922000e+02 -7.500000000000000e+02 -6.793251553319001e+02	0.000000000000000e+00 0.000000000000000e+00 0.000000000000000e+00	1.000000000000000e+00	8155	1	277
278	 5.444593930187000e+02 -5.807566828140000e+01  1.469693845670000e+01	 4.453420000000000e-05 -2.981500000000000e-06  0.000000000000000e+00	1.000000000000000e+00	5009	0	278
279	5.494983564884000e+02 4.063345225766000e+02 1.469693845670000e+01	 7.465220000000000e-05 -1.528100000000000e-06  0.000000000000000e+00	1.000000000000000e+00	5009	0	279
281	-4.028039423099000e+02  6.910882722200000e+02  1.167424551977000e+02	-4.705845000000000e-05  0.000000000000000e+00  1.862272500000000e-05	7.500000000000000e-01	8155	0	281
282	 2.834336221377000e+02 -3.042289039248000e+02  9.471360338760000e+01	 2.091400000000000e-06 -1.141000000000000e-06  0.000000000000000e+00	1.000000000000000e+00	8155	0	282
283	 4.723225142965000e+02 -5.380013910700000e+01  9.471360338760000e+01	 3.219800000000000e-06 -3.559600000000000e-06  0.000000000000000e+00	1.000000000000000e+00	8155	0	283
284	 3.810451949533000e+02 -9.435214106500000e+00  3.592584956082000e+02	 6.042810000000001e-05 -2.908400000000000e-06  0.000000000000000e+00	1.000000000000000e+00	8155	0	284
286	 4.666976463380000e+01 -1.564565571139000e+02 -2.628872097684000e+02	 4.069700000000000e-06  7.048900000000000e-06 -1.239950000000000e-05	1.000000000000000e+00	8155	0	286
287	2.498138849000000e+02 1.953993804461000e+02 1.066519752127000e+02	-1.598960000000000e-05 -2.769470000000000e-05  4.458190000000000e-05	1.000000000000000e+00	8155	0	287
290	 7.785680904220000e+01 -3.586407872488000e+02  5.829785587824000e+02	 3.160700000000000e-06 -5.571200000000000e-06  0.000000000000000e+00	1.000000000000000e+00	105	0	290
291	 4.091433789283000e+02 -1.756111212114000e+02  5.829785587824000e+02	 1.338930000000000e-05 -2.582890000000000e-05  0.000000000000000e+00	1.000000000000000e+00	105	0	291
292	 4.593581908492000e+02 -5.981779333608000e+02  2.286190426598000e+02	-2.599690000000000e-05  4.502790000000000e-05  0.000000000000000e+00	1.000000000000000e+00	8155	0	292
297	-3.147319163600000e+00  6.103691486282000e+02 -1.159425144917000e+02	-8.012900000000001e-06  1.281550000000000e-05  0.000000000000000e+00	1.000000000000000e+00	661	0	297
298	-7.091934392504000e+02 -4.596150338210000e+01 -4.164132562731000e+02	 4.798000000000000e-07 -3.967000000000000e-07  0.000000000000000e+00	1.000000000000000e+00	8155	0	298
300	-6.221463808721001e+02  6.680601514706000e+02  1.077775486825000e+02	-5.750000000000000e-07  1.740000000000000e-08  0.000000000000000e+00	1.000000000000000e+00	23	0	300
301	-6.642929460759000e+02 -6.561715082996001e+02 -1.894272067752000e+02	-1.372000000000000e-07  1.061000000000000e-07  0.000000000000000e+00	1.000000000000000e+00	27	0	301
302	 3.499622402012000e+02  6.562650779909001e+02 -1.894272067752000e+02	-4.920000000000000e-08  3.800000000000000e-08  0.000000000000000e+00	1.000000000000000e+00	27	0	302
305	 2.139324170089000e+02 -6.560897671761001e+02  1.518683640526000e+02	4.049000000000000e-07 1.925000000000000e-07 0.000000000000000e+00	1.000000000000000e+00	8155	0	305
306	-3.517255016252000e+02  6.910882722200000e+02  1.518683640526000e+02	 3.585937500000000e-07 -2.640375000000000e-07 -2.273456250000000e-06	5.625000000000000e-01	8155	0	306
307	-7.048378417512000e+02  3.403479836873000e+02 -6.882249884244001e+02	-7.040000000000001e-08  0.000000000000000e+00 -1.934400000000000e-06	1.000000000000000e+00	8155	0	307
313	 4.738962386688000e+02 -6.436956913054000e+02  1.469693845670000e+01	-3.880300000000000e-06  6.535000000000001e-07  0.000000000000000e+00	1.000000000000000e+00	5009	0	313
314	5.811646859733000e+02 6.371548365749001e+02 1.469693845670000e+01	 5.375520000000000e-05 -1.688900000000000e-05  0.000000000000000e+00	1.000000000000000e+00	5009	0	314
315	-5.069847087224000e+02  6.910882722200000e+02  4.741317384470000e+02	-7.886362500000000e-06  0.000000000000000e+00 -1.015396875000000e-05	5.625000000000000e-01	8155	0	315
316	 5.840895547220000e+01 -6.429305851052001e+02  9.471360338760000e+01	-7.285000000000000e-07  7.600000000000000e-07  0.000000000000000e+00	1.000000000000000e+00	8155	0	316
317	 3.370699902534000e+02 -6.552223738591000e+02  3.592584956082000e+02	 5.824900000000000e-06 -7.342000000000000e-07  0.000000000000000e+00	1.000000000000000e+00	8155	0	317
319	-2.677115265286000e+02 -7.009809263562000e+02 -4.809669275178000e+02	-5.900000000000000e-09 -1.030000000000000e-08  1.012000000000000e-07	1.000000000000000e+00	8155	0	319
320	4.895562256159000e+02 6.106452952915000e+02 5.177928075902000e+02	 6.164700000000000e-06  1.067760000000000e-05 -4.053750000000000e-05	1.000000000000000e+00	8155	0	320
322	4.858753752092000e+02 5.737325372878000e+02 3.804874067123000e+02	1.839700000000000e-06 7.204000000000000e-07 0.000000000000000e+00	1.000000000000000e+00	8006	0	322
323	-3.291446904216000e+02 -6.054895881519000e+02  5.829785587824000e+02	-1.523830000000000e-05  2.397280000000000e-05  0.000000000000000e+00	1.000000000000000e+00	105	0	323
328	 4.984530860031000e+02 -1.015854680361000e+02  2.286190426598000e+02	-1.980280000000000e-05  2.335500000000000e-06  0.000000000000000e+00	1.000000000000000e+00	8155	0	328
333	-5.003040140964000e+02  2.682164754652000e+02 -1.159425144917000e+02	-2.240100000000000e-04  3.175531000000000e-04  0.000000000000000e+00	1.000000000000000e+00	661	0	333
334	-4.661054940160000e+02  2.487063787848000e+02 -4.164132562731000e+02	 4.543000000000000e-07 -3.747000000000000e-07  0.000000000000000e+00	1.000000000000000e+00	8155	0	334
335	-3.853504075813000e+02  3.470626895050000e+02 -4.164132562731000e+02	 2.855250000000000e-07 -2.341125000000000e-07  0.000000000000000e+00	5.625000000000000e-01	8155	0	335
336	-6.605850815127001e+02 -2.983097141624000e+02  1.077775486825000e+02	-9.871560000000001e-05 -2.549000000000000e-07  0.000000000000000e+00	1.000000000000000e+00	23	0	336
337	-6.596755657817000e+02 -3.317563407560000e+01  1.077775486825000e+02	-4.399020000000000e-05  7.026000000000001e-07  0.000000000000000e+00	1.000000000000000e+00	23	0	337
338	-2.297492932616000e+02 -9.359265255640000e+01 -1.894272067752000e+02	-3.787000000000000e-07  2.928000000000000e-07  0.000000000000000e+00	1.000000000000000e+00	27	0	338
339	-8.479004193380000e+01  9.384754303530001e+01 -1.894272067752000e+02	-2.457000000000000e-07  1.900000000000000e-07  0.000000000000000e+00	1.000000000000000e+00	27	0	339
342	-3.223957617140000e+01 -9.378923438660000e+01  1.518683640526000e+02	-1.435000000000000e-07 -6.250000000000000e-08  0.000000000000000e+00	1.000000000000000e+00	8155	0	342
343	-1.137933926921000e+02  9.375372474050000e+01  1.518683640526000e+02	8.400000000000001e-09 3.700000000000000e-09 0.000000000000000e+00	1.000000000000000e+00	8155	0	343
344	-2.841620628337000e+02  3.403479836873000e+02 -7.240036425707000e+02	-7.710000000000001e-08  0.000000000000000e+00 -5.889000000000000e-07	1.000000000000000e+00	8155	0	344
349	-1.639954181135000e+02  4.815021884440000e+02 -6.793251553319001e+02	-7.128107182617188e-05  1.234624326416016e-04  0.000000000000000e+00	1.779785156250000e-01	8155	0	349
350	5.482016311549000e+02 2.549036454370000e+01 1.469693845670000e+01	 5.286730000000000e-05 -1.198400000000000e-06  0.000000000000000e+00	1.000000000000000e+00	5009	0	350
351	5.490846611806001e+02 3.006771782572000e+02 1.469693845670000e+01	 7.007240000000000e-05 -4.413000000000000e-07  0.000000000000000e+00	1.000000000000000e+00	5009	0	351
352	-4.180818615760000e+02  6.910882722200000e+02  3.592584956082000e+02	-1.828000000000000e-05  0.000000000000000e+00 -3.356080000000000e-04	1.000000000000000e+00	8155	0	352
354	 3.242456158845000e+02 -2.346860398954000e+02  9.471360338760000e+01	 2.793600000000000e-06 -1.786900000000000e-06  0.000000000000000e+00	1.000000000000000e+00	8155	0	354
355	 4.185998889670000e+02 -1.086563026315000e+02  9.471360338760000e+01	 3.119200000000000e-06 -2.786200000000000e-06  0.000000000000000e+00	1.000000000000000e+00	8155	0	355
356	3.859298479922000e+02 9.862588254250001e+01 3.592584956082000e+02	 6.852970000000000e-05 -3.202300000000000e-06  0.000000000000000e+00	1.000000000000000e+00	8155	0	356
358	 1.049021745892000e+02 -5.559506442400000e+01 -1.752100619327000e+02	 2.485800000000000e-06  4.305600000000000e-06 -1.149880000000000e-05	1.000000000000000e+00	8155	0	358
359	2.060119252619000e+02 1.195321608818000e+02 2.305742163210000e+01	-1.128760000000000e-05 -1.955070000000000e-05  2.454530000000000e-05	1.000000000000000e+00	8155	0	359
362	 1.601561168639000e+02 -3.119709560425000e+02  5.829785587824000e+02	 6.661500000000001e-06 -1.177500000000000e-05  0.000000000000000e+00	1.000000000000000e+00	105	0	362
363	 3.250402778360000e+02 -2.202231948903000e+02  5.829785587824000e+02	 1.182360000000000e-05 -2.194800000000000e-05  0.000000000000000e+00	1.000000000000000e+00	105	0	363
364	 4.660938172949000e+02 -4.625269715961000e+02  2.286190426598000e+02	-4.886470000000000e-05  3.741900000000000e-06  0.000000000000000e+00	1.000000000000000e+00	8155	0	364
365	 4.796180829220000e+02 -2.863092908121000e+02  2.286190426598000e+02	-3.897110000000000e-05  3.315000000000000e-06  0.000000000000000e+00	1.000000000000000e+00	8155	0	365
367	5.884430577276000e+02 2.680545809700000e+02 2.286190426598000e+02	-1.688000000000000e-07  8.220000000000001e-08  0.000000000000000e+00	1.000000000000000e+00	8155	0	367
374	-1.591511562905000e+02  5.095172883982000e+02 -1.159425144917000e+02	-4.509680000000001e-05  6.611810000000000e-05  0.000000000000000e+00	1.000000000000000e+00	661	0	374
375	-3.205466709264000e+02  3.962225846547000e+02 -1.159425144917000e+02	-1.233842000000000e-04  1.731017000000000e-04  0.000000000000000e+00	1.000000000000000e+00	661	0	375
376	-6.281728774544000e+02  5.226848694630000e+01 -4.164132562731000e+02	 3.785000000000000e-07 -3.124000000000000e-07  0.000000000000000e+00	1.000000000000000e+00	8155	0	376
377	-5.471334480145000e+02  1.504826910189000e+02 -4.164132562731000e+02	 3.949000000000000e-07 -3.258000000000000e-07  0.000000000000000e+00	1.000000000000000e+00	8155	0	377
378	-6.631839937215000e+02 -6.661039304506000e+02  1.077775486825000e+02	-9.824570000000000e-05  5.518800000000000e-06  0.000000000000000e+00	1.000000000000000e+00	23	0	378
379	-6.611946063053000e+02 -5.335390306540000e+02  1.077775486825000e+02	-9.797200000000000e-05  6.423000000000000e-07  0.000000000000000e+00	1.000000000000000e+00	23	0	379
380	-6.397505822857000e+02  4.468780942095000e+02  1.077775486825000e+02	-1.803220000000000e-05  1.212200000000000e-06  0.000000000000000e+00	1.000000000000000e+00	23	0	380
381	-6.526123441788001e+02  2.129453250539000e+02  1.077775486825000e+02	-2.626990000000000e-05  1.138100000000000e-06  0.000000000000000e+00	1.000000000000000e+00	23	0	381
382	-5.194068369691000e+02 -4.686748122227000e+02 -1.894272067752000e+02	-1.447000000000000e-07  1.117000000000000e-07  0.000000000000000e+00	1.000000000000000e+00	27	0	382
383	-3.746253093079000e+02 -2.810972530226000e+02 -1.894272067752000e+02	-3.406000000000000e-07  2.630000000000000e-07  0.000000000000000e+00	1.000000000000000e+00	27	0	383
384	 2.050468962064000e+02  4.687909501948000e+02 -1.894272067752000e+02	-1.038000000000000e-07  8.020000000000000e-08  0.000000000000000e+00	1.000000000000000e+00	27	0	384
385	 6.012481127930000e+01  2.813220300286000e+02 -1.894272067752000e+02	-1.903000000000000e-07  1.471000000000000e-07  0.000000000000000e+00	1.000000000000000e+00	27	0	385
388	5.500768283283001e+02 1.406346122240000e+01 9.471360338760000e+01	 4.825400000000000e-06 -5.743100000000000e-06  0.000000000000000e+00	1.000000000000000e+00	8155	0	388
390	 1.310661504258000e+02 -4.688527409703000e+02  1.518683640526000e+02	-3.478000000000000e-07 -1.523000000000000e-07  0.000000000000000e+00	1.000000000000000e+00	8155	0	390
391	 4.939853897180000e+01 -2.813056169488000e+02  1.518683640526000e+02	-1.877000000000000e-07 -8.160000000000000e-08  0.000000000000000e+00	1.000000000000000e+00	8155	0	391
392	-2.772548021374000e+02  4.686604872952000e+02  1.518683640526000e+02	8.360000000000001e-08 3.620000000000000e-08 0.000000000000000e+00	1.000000000000000e+00	8155	0	392
393	-1.953643411207000e+02  2.812790761678000e+02  1.518683640526000e+02	1.269000000000000e-07 5.530000000000000e-08 0.000000000000000e+00	1.000000000000000e+00	8155	0	393
394	-5.642944626119000e+02  3.403479836873000e+02 -6.957616154002001e+02	-6.170000000000000e-08  0.000000000000000e+00 -8.908000000000000e-07	1.000000000000000e+00	8155	0	394
395	-4.271701464437000e+02  3.403479836873000e+02 -7.073686108258000e+02	-5.020000000000000e-08  0.000000000000000e+00 -5.042000000000000e-07	1.000000000000000e+00	8155	0	395
400	 5.044432336060000e+02 -6.762675180770000e+02 -4.712860507205000e+02	-1.821000000000000e-05  3.154060000000000e-05  6.308180000000000e-05	1.000000000000000e+00	8155	0	400
401	 4.328158499834000e+02 -5.522052504296000e+02 -2.630365018911000e+02	-9.337500556433480e-06  1.617302578889402e-05  8.704931775094941e-06	1.336346101015806e-02	8155	0	401
402	-4.627743088791000e+02  6.469636237597000e+02 -6.793251553319001e+02	7.766830000000000e-05 1.479656000000000e-04 0.000000000000000e+00	1.000000000000000e+00	8155	0	402
403	-3.948683608182000e+02  6.124343086488000e+02 -6.793251553319001e+02	3.335950000000000e-05 6.507120000000000e-05 0.000000000000000e+00	1.000000000000000e+00	8155	0	403
406	 5.024948071484000e+02 -4.296187040284000e+02  1.469693845670000e+01	 1.121790000000000e-05 -1.615600000000000e-06  0.000000000000000e+00	1.000000000000000e+00	5009	0	406
407	 5.335324455661000e+02 -1.671489821986000e+02  1.469693845670000e+01	 3.566790000000000e-05 -3.531600000000000e-06  0.000000000000000e+00	1.000000000000000e+00	5009	0	407
408	5.720210417439000e+02 5.977146427274000e+02 1.469693845670000e+01	 5.819910000000000e-05 -9.190400000000001e-06  0.000000000000000e+00	1.000000000000000e+00	5009	0	408
409	5.565876307882000e+02 4.987088317642000e+02 1.469693845670000e+01	 6.620990000000000e-05 -6.300100000000000e-06  0.000000000000000e+00	1.000000000000000e+00	5009	0	409
412	 1.663333576027000e+02 -5.265898541688000e+02  9.471360338760000e+01	-6.149000000000000e-07  4.574000000000000e-07  0.000000000000000e+00	1.000000000000000e+00	8155	0	412
413	 2.474557272049000e+02 -3.772749017239000e+02  9.471360338760000e+01	 7.457000000000000e-07 -3.512000000000000e-07  0.000000000000000e+00	1.000000000000000e+00	8155	0	413
414	 3.601260111057000e+02 -4.064327104070000e+02  3.592584956082000e+02	 2.613070000000000e-05 -1.782300000000000e-06  0.000000000000000e+00	1.000000000000000e+00	8155	0	414
415	 3.744366339584000e+02 -1.421192040317000e+02  3.592584956082000e+02	 4.935670000000000e-05 -2.341100000000000e-06  0.000000000000000e+00	1.000000000000000e+00	8155	0	415
416	-8.132625707990000e+01  6.910882722200000e+02  3.592584956082000e+02	0.000000000000000e+00 0.000000000000000e+00 0.000000000000000e+00	1.000000000000000e+00	8155	0	416
418	-1.456940859112000e+02 -4.896405197975000e+02 -4.281641975003000e+02	 1.235000000000000e-07  2.139000000000000e-07 -7.479000000000001e-07	1.000000000000000e+00	8155	0	418
419	-1.762120491380000e+01 -2.678117828382000e+02 -3.304946690324000e+02	 2.210200000000000e-06  3.828200000000000e-06 -9.518200000000000e-06	1.000000000000000e+00	8155	0	419
424	4.525945300154000e+02 6.616277335992000e+02 3.804874067123000e+02	1.242500000000000e-06 4.237000000000000e-07 0.000000000000000e+00	1.000000000000000e+00	8006	0	424
426	-1.689395032991000e+02 -5.028090852693000e+02  5.829785587824000e+02	-8.310600000000000e-06  1.331140000000000e-05  0.000000000000000e+00	1.000000000000000e+00	105	0	426
427	-4.576599463800000e+00 -4.054628892680000e+02  5.829785587824000e+02	-4.788000000000000e-07  8.037000000000000e-07  0.000000000000000e+00	1.000000000000000e+00	105	0	427
428	 6.471266014056000e+02 -3.789771450530000e+01  5.829785587824000e+02	 2.426720000000000e-05 -3.586890000000000e-05  0.000000000000000e+00	1.000000000000000e+00	105	0	428
429	 4.948210518551000e+02 -1.325080739680000e+02  5.829785587824000e+02	 1.413280000000000e-05 -2.544870000000000e-05  0.000000000000000e+00	1.000000000000000e+00	105	0	429
430	-2.388309025197000e+02  5.500905077334000e+02 -4.164132562731000e+02	-8.545000000000000e-07  3.318000000000000e-07  0.000000000000000e+00	1.000000000000000e+00	8155	0	430
431	-3.046621167123000e+02  4.453803513744000e+02 -4.164132562731000e+02	 1.004062500000000e-07 -8.161875000000000e-08  0.000000000000000e+00	5.625000000000000e-01	8155	0	431
432	-2.147966083582000e+02  6.910882722200000e+02 -4.154424158890000e+02	-3.809371550000000e-05  0.000000000000000e+00 -5.090864500000001e-05	5.000000000000000e-03	8155	0	432
433	-4.456701715841000e+02  6.910882722200000e+02  5.456135616400000e+00	-2.692843000000000e-04  0.000000000000000e+00  6.812870000000000e-05	1.000000000000000e+00	8155	0	433
434	6.632204601803001e+02 1.108075892358000e+02 9.471360338760000e+01	 2.981100000000000e-06 -3.424900000000000e-06  0.000000000000000e+00	1.000000000000000e+00	8155	0	434
436	 4.902791253596000e+02  4.515818014710000e+02 -6.472361912534001e+02	 1.716000000000000e-07 -2.973000000000000e-07 -1.502900000000000e-06	1.000000000000000e+00	0	0	436
438	5.168609748871000e+02 6.579385083172000e+02 5.330978317845000e+02	 6.795000000000000e-06  1.176930000000000e-05 -5.964710000000000e-05	1.000000000000000e+00	8155	0	438
439	 1.313385619867000e+02 -9.805898283000001e+00 -1.264069327843000e+02	-2.378800000000000e-06 -4.120200000000000e-06 -6.362000000000000e-06	1.000000000000000e+00	8155	0	439
440	 1.830623983661000e+02  7.978241428860001e+01 -2.288567655450000e+01	-7.865400000000001e-06 -1.362320000000000e-05  1.679790000000000e-05	1.000000000000000e+00	8155	0	440
441	-1.140163274182000e+02 -4.347730326176000e+02 -4.065511616917000e+02	 5.174000000000000e-07  8.961000000000000e-07 -2.928100000000000e-06	1.000000000000000e+00	8155	0	441
442	-4.996902792520000e+01 -3.238398558082000e+02 -3.587117215013000e+02	 1.517700000000000e-06  2.628800000000000e-06 -7.290500000000000e-06	1.000000000000000e+00	8155	0	442
444	5.700127018922000e+02 7.500000000000000e+02 3.592584956082000e+02	 0.000000000000000e+00 -0.000000000000000e+00  0.000000000000000e+00	1.000000000000000e+00	8155	1	444
445	-2.391609874366000e+02 -6.515299420655000e+02 -4.731560590986000e+02	-1.190000000000000e-08 -2.060000000000000e-08  1.524000000000000e-07	1.000000000000000e+00	8155	0	445
446	-1.773154840408000e+02 -5.444103879643001e+02 -4.468638908045000e+02	 8.500000000000000e-09  1.480000000000000e-08 -5.440000000000000e-08	1.000000000000000e+00	8155	0	446
447	4.632019577722000e+02 5.649983643899001e+02 4.978541343191000e+02	 3.244700000000000e-06  5.620100000000001e-06 -1.699090000000000e-05	1.000000000000000e+00	8155	0	447
448	4.134505074898000e+02 4.788263247505000e+02 4.419284839836000e+02	 6.167875781250001e-04  1.068307439062500e-03 -1.585396462500000e-03	4.218750000000000e-01	8155	0	448
449	 7.710778395460001e+01 -1.037363611685000e+02 -2.206886529571000e+02	 5.627200000000000e-06  9.746600000000001e-06 -1.578490000000000e-05	1.000000000000000e+00	8155	0	449
450	 1.471433393010000e+01 -2.118049866705000e+02 -2.990485275464000e+02	 3.428400000000000e-06  5.938200000000000e-06 -1.268340000000000e-05	1.000000000000000e+00	8155	0	450
451	2.284980062837000e+02 1.584791956746000e+02 6.676087867580000e+01	-1.541120000000000e-05 -2.669300000000000e-05  3.159290000000000e-05	1.000000000000000e+00	8155	0	451
452	2.736143218155000e+02 2.366229464259000e+02 1.487985690164000e+02	-2.497457812500000e-05 -4.325724843750000e-05  8.422147968750000e-05	4.218750000000000e-01	8155	0	452
453	 3.299575987803000e+02 -7.022637351801001e+02  3.592584956082000e+02	 1.857100000000000e-06 -2.906000000000000e-07  0.000000000000000e+00	1.000000000000000e+00	8155	0	453
455	-3.751654146320000e+02 -3.692133285591000e+02  6.300646010396000e+02	 4.363900000000000e-06  7.558500000000001e-06 -1.510120000000000e-05	1.000000000000000e+00	491	0	455
459	 3.439772470974000e+02 -5.960443386795000e+02  3.592584956082000e+02	 1.063710000000000e-05 -1.116600000000000e-06  0.000000000000000e+00	1.000000000000000e+00	8155	0	459
460	3.884644559245000e+02 1.489599908324000e+02 3.592584956082000e+02	 7.339450000000000e-05 -2.306800000000000e-06  0.000000000000000e+00	1.000000000000000e+00	8155	0	460
465	 4.287404383380000e+01  6.380121509989000e+02 -1.159425144917000e+02	-3.072500000000000e-06  5.192200000000000e-06  0.000000000000000e+00	1.000000000000000e+00	661	0	465
468	-7.090250666401000e+02  7.375197437470000e+01  6.580962442277000e+02	-1.447175000000000e-04 -4.984700000000000e-05  0.000000000000000e+00	1.000000000000000e+00	1105	0	468
471	 3.551218532725000e+02 -4.740222325549000e+02  3.592584956082000e+02	 2.038660000000000e-05 -1.609600000000000e-06  0.000000000000000e+00	1.000000000000000e+00	8155	0	471
479	7.497625147429001e+02 5.715767664980000e+01 6.580962442277000e+02	 5.016114843750000e-06 -5.708126953125000e-06  0.000000000000000e+00	3.164062500000000e-01	1105	0	479
483	 5.112198710969000e+02 -3.700377760480000e+02  1.469693845670000e+01	 1.720360000000000e-05 -2.171100000000000e-06  0.000000000000000e+00	1.000000000000000e+00	5009	0	483
484	-6.082522912277000e+02  9.470398468280000e+01  6.580962442277000e+02	-9.774710000000000e-05 -1.609640000000000e-05  0.000000000000000e+00	1.000000000000000e+00	1105	0	484
486	-3.766960144259000e+02 -6.348125902290001e+02  5.829785587824000e+02	-1.630510000000000e-05  2.721770000000000e-05  0.000000000000000e+00	1.000000000000000e+00	105	0	486
487	5.270706190451000e+02 6.756221307260000e+02 2.286190426598000e+02	 2.138340673828125e-06  3.703715112304688e-06 -4.692723925781250e-06	1.779785156250000e-01	8155	0	487
488	 4.621494735755000e+02  5.003037875603000e+02 -6.605407890946000e+02	 1.529000000000000e-07 -2.648000000000000e-07 -1.218000000000000e-06	1.000000000000000e+00	0	0	488
490	5.051210642502000e+02 5.341625690003000e+02 3.804874067123000e+02	2.363500000000000e-06 1.514000000000000e-06 0.000000000000000e+00	1.000000000000000e+00	8006	0	490
491	-5.204267521690000e+02 -6.208133455486001e+02  4.259696358359000e+02	 6.291000000000000e-07  1.089700000000000e-06 -1.434040000000000e-05	1.000000000000000e+00	491	0	491
494	 8.423646753000000e+00 -6.867323053893000e+02  9.471360338760000e+01	 1.271800000000000e-06 -1.347100000000000e-06  0.000000000000000e+00	1.000000000000000e+00	8155	0	494
495	 5.259882537764000e+02 -2.446047238700000e+02  1.469693845670000e+01	 2.828370000000000e-05 -2.977400000000000e-06  0.000000000000000e+00	1.000000000000000e+00	5009	0	495
496	 3.427625319737000e+02 -6.984277821371001e+02  1.072080154800000e+01	7.232900000000001e-06 1.252770000000000e-05 4.063050000000000e-05	1.000000000000000e+00	8155	0	496
497	-4.707789813907000e+02 -5.348208840781000e+02  5.033132949322000e+02	 4.613600000000000e-06  7.991000000000000e-06 -1.286660000000000e-05	1.000000000000000e+00	491	0	497
499	 5.031956631975000e+02 -4.205494476400000e+02 -2.686506209188000e+02	8.540000000000000e-08 1.478000000000000e-07 4.174600000000000e-06	1.000000000000000e+00	8155	0	499
501	-5.026178690245000e+02  1.049196307957000e+02  6.580962442277000e+02	-5.894120000000000e-05 -2.310700000000000e-06  0.000000000000000e+00	1.000000000000000e+00	1105	0	501
503	-4.258551687349000e+02  1.074405878838000e+02  6.580962442277000e+02	-7.476000000000000e-06  4.112900000000000e-06  0.000000000000000e+00	1.000000000000000e+00	1105	0	503
505	5.310124717846001e+02 1.199943232512000e+02 2.286190426598000e+02	-1.123600000000000e-06  1.807000000000000e-07  0.000000000000000e+00	1.000000000000000e+00	8155	0	505
507	-5.692209454070000e+02 -7.053273673511001e+02  3.247385762401000e+02	 8.160000000000000e-07  1.413300000000000e-06 -7.510600000000001e-06	1.000000000000000e+00	491	0	507
512	 9.292896263320000e+01  6.669835381375000e+02 -1.159425144917000e+02	-1.076000000000000e-07  1.607000000000000e-07  0.000000000000000e+00	1.000000000000000e+00	661	0	512
519	-3.562999420683000e+02  1.068748837417000e+02  6.580962442277000e+02	-4.955800000000000e-06  7.431800000000001e-06  0.000000000000000e+00	1.000000000000000e+00	1105	0	519
521	-5.942093874945000e+02 -7.486086186488001e+02  2.418338585280000e+02	 1.359221923828125e-07  2.354121826171875e-07 -3.500125488281250e-07	1.779785156250000e-01	491	0	521
523	 4.976655487520000e+01  6.910882722200000e+02 -6.307257002170001e+02	2.878000000000000e-06 0.000000000000000e+00 4.111500000000000e-06	1.000000000000000e+00	8155	0	523
527	5.482691464094000e+02 2.218210588126000e+02 1.469693845670000e+01	 6.366170000000001e-05 -5.149000000000000e-07  0.000000000000000e+00	1.000000000000000e+00	5009	0	527
529	-3.504369105234000e+02 -3.263823030478000e+02  6.567963851360000e+02	 3.966800000000000e-06  6.870700000000000e-06 -1.546680000000000e-05	1.000000000000000e+00	491	0	529
530	-5.394296848923000e+02  6.910882722200000e+02  5.123516192148001e+02	-8.122500000000001e-06  0.000000000000000e+00 -8.236631250000001e-06	5.625000000000000e-01	8155	0	530
531	5.406149818900000e+02 6.990816553294001e+02 5.426361887803000e+02	 5.883600000000000e-06  1.019070000000000e-05 -7.243570000000000e-05	1.000000000000000e+00	8155	0	531
535	 4.337530141084000e+02  5.494878981124000e+02 -6.749997552431000e+02	 5.677500000000000e-08 -9.840000000000001e-08 -1.402575000000000e-06	7.500000000000000e-01	0	0	535
537	-2.894930004637000e+02  1.040121589519000e+02  6.580962442277000e+02	-3.480700000000000e-06  1.093310000000000e-05  0.000000000000000e+00	1.000000000000000e+00	1105	0	537
538	-6.549108065209000e+02  1.520590191108000e+02  1.077775486825000e+02	-2.283040000000000e-05  7.875000000000000e-07  0.000000000000000e+00	1.000000000000000e+00	23	0	538
540	-7.092478056186001e+02 -6.564078217856000e+02 -1.159425144917000e+02	2.610400000000000e-06 3.182600000000000e-06 0.000000000000000e+00	1.000000000000000e+00	661	0	540
545	-2.258948599115000e+02  9.943412618350000e+01  6.580962442277000e+02	-4.216600000000000e-06  1.457500000000000e-05  0.000000000000000e+00	1.000000000000000e+00	1105	0	545
547	-6.608157241098000e+02 -2.269364560708000e+02  1.077775486825000e+02	-9.084210000000000e-05 -1.776000000000000e-07  0.000000000000000e+00	1.000000000000000e+00	23	0	547
553	5.480660172629000e+02 8.819486246920000e+01 1.469693845670000e+01	5.682650000000000e-05 1.545000000000000e-07 0.000000000000000e+00	1.000000000000000e+00	5009	0	553
560	-7.302148019389000e+02 -6.161632231134000e+02 -1.159425144917000e+02	3.201000000000000e-06 7.009000000000000e-07 0.000000000000000e+00	1.000000000000000e+00	661	0	560
566	-6.604827039823000e+02 -9.525095464040001e+01  1.077775486825000e+02	-5.926270000000000e-05  5.273000000000000e-07  0.000000000000000e+00	1.000000000000000e+00	23	0	566
567	-6.584559021506000e+02  2.817104550780000e+01  1.077775486825000e+02	-3.168040000000000e-05  7.115000000000000e-07  0.000000000000000e+00	1.000000000000000e+00	23	0	567
568	-1.609932300611000e+02  9.341480715480000e+01  6.580962442277000e+02	-1.084000000000000e-07  1.804490000000000e-05  0.000000000000000e+00	1.000000000000000e+00	1105	0	568
571	-5.613379366557000e+02  2.255288548422000e+02 -1.159425144917000e+02	-2.753935000000000e-04  3.927959000000000e-04  0.000000000000000e+00	1.000000000000000e+00	661	0	571
572	-3.679649806284000e+02  6.910882722200000e+02  1.518683640526000e+02	-8.530533984375000e-06 -1.239561035156250e-06  7.358011523437500e-06	2.373046875000000e-01	8155	0	572
582	-4.237280270298000e+02 -6.619513248779000e+02  5.829785587824000e+02	-1.675310000000000e-05  2.986300000000000e-05  0.000000000000000e+00	1.000000000000000e+00	105	0	582
583	-9.698969449630000e+01  8.667611834960000e+01  6.580962442277000e+02	2.179900000000000e-06 2.197440000000000e-05 0.000000000000000e+00	1.000000000000000e+00	1105	0	583
585	 4.042576304069000e+02  6.005754012720000e+02 -6.927808533508000e+02	-2.383800000000000e-06  4.128900000000000e-06 -2.680300000000000e-06	1.000000000000000e+00	0	0	585
589	 1.440084196170000e+02  6.950533476515001e+02 -1.159425144917000e+02	 1.982500000000000e-06 -3.736900000000000e-06  0.000000000000000e+00	1.000000000000000e+00	661	0	589
595	5.335279779673000e+02 4.921512737454000e+02 3.804874067123000e+02	2.469300000000000e-06 1.973000000000000e-06 0.000000000000000e+00	1.000000000000000e+00	8006	0	595
598	 9.602511822280000e+01  6.910882722200000e+02 -6.588826568430001e+02	2.022300000000000e-06 0.000000000000000e+00 3.460800000000000e-06	1.000000000000000e+00	8155	0	598
600	-3.440054785770000e+01  7.953416605020000e+01  6.580962442277000e+02	3.926100000000000e-06 2.669550000000000e-05 0.000000000000000e+00	1.000000000000000e+00	1105	0	600
602	-4.324017751843000e+02  6.910882722200000e+02  6.335061853920000e+01	-1.384396000000000e-04  0.000000000000000e+00  5.427140000000000e-05	1.000000000000000e+00	8155	0	602
610	-5.721474853960000e+02  6.910882722200000e+02  5.497066944652000e+02	-6.031725000000000e-06  0.000000000000000e+00 -5.680725000000001e-06	7.500000000000000e-01	8155	0	610
611	-6.604711614001001e+02 -3.602602213091000e+02  1.077775486825000e+02	-9.993120000000000e-05 -5.980000000000001e-08  0.000000000000000e+00	1.000000000000000e+00	23	0	611
615	 4.300000000000000e+02 -5.473280551918000e+02 -2.606506917860000e+02	0.000000000000000e+00 0.000000000000000e+00 0.000000000000000e+00	1.000000000000000e+00	8155	0	615
616	-3.246126628919000e+02 -2.816533940829000e+02  6.811108806488000e+02	 3.282700000000000e-06  5.685900000000000e-06 -1.484770000000000e-05	1.000000000000000e+00	491	0	616
618	2.661369908120000e+01 7.195354537540000e+01 6.580962442277000e+02	5.616200000000001e-06 3.152850000000000e-05 0.000000000000000e+00	1.000000000000000e+00	1105	0	618
620	 3.743045708127000e+02  6.524556223314000e+02 -7.074770172583001e+02	-5.025816001510620e-06  8.704965629196166e-06 -3.724673472976684e-06	7.508468627929688e-02	0	0	620
625	-6.709149001766000e+02  1.569831402301000e+02 -1.159425144917000e+02	-1.564033000000000e-04  3.603001000000000e-04  0.000000000000000e+00	1.000000000000000e+00	661	0	625
627	 5.204317705642001e+02 -6.854540652536000e+02  2.286190426598000e+02	-1.760530000000000e-05  3.871360000000000e-05  0.000000000000000e+00	1.000000000000000e+00	8155	0	627
630	-3.350599657411000e+02  6.910882722200000e+02  1.800799338420000e+02	-1.030038398437500e-05  0.000000000000000e+00 -3.592603125000000e-06	3.164062500000000e-01	8155	0	630
631	8.630970545560000e+01 6.369960656390001e+01 6.580962442277000e+02	7.720500000000000e-06 3.680070000000000e-05 0.000000000000000e+00	1.000000000000000e+00	1105	0	631
639	 1.463787575800000e+02  6.910882722200000e+02 -6.850373756338000e+02	1.000000000000000e-07 0.000000000000000e+00 1.796000000000000e-07	1.000000000000000e+00	8155	0	639
646	 3.642111990831000e+02 -3.418505668848000e+02  3.592584956082000e+02	 3.175450000000000e-05 -1.862900000000000e-06  0.000000000000000e+00	1.000000000000000e+00	8155	0	646
647	 3.709286074726000e+02 -2.125813348117000e+02  3.592584956082000e+02	 4.346420000000000e-05 -2.152200000000000e-06  0.000000000000000e+00	1.000000000000000e+00	8155	0	647
655	 1.967479273774000e+02  7.218738074150000e+02 -1.159425144917000e+02	 7.392400000000001e-06 -1.556200000000000e-05  0.000000000000000e+00	1.000000000000000e+00	661	0	655
660	-4.715615035251000e+02 -6.880703013006000e+02  5.829785587824000e+02	-1.772210000000000e-05  3.392050000000000e-05  0.000000000000000e+00	1.000000000000000e+00	105	0	660
664	1.457057130198000e+02 5.437913492100000e+01 6.580962442277000e+02	8.876600000000001e-06 4.035290000000000e-05 0.000000000000000e+00	1.000000000000000e+00	1105	0	664
681	 3.355824562132000e+02  7.195242921943001e+02 -7.316832072153001e+02	-1.030160018634796e-06  1.784293713569641e-06 -1.478961836814880e-06	5.631351470947266e-02	0	0	681
688	-6.070229219123000e+02  6.910882722200000e+02  5.885516562066000e+02	-4.812500000000000e-06  0.000000000000000e+00 -5.734800000000001e-06	1.000000000000000e+00	8155	0	688
689	2.053259507188000e+02 4.366528658580000e+01 6.580962442277000e+02	8.058100000000000e-06 4.228090000000000e-05 0.000000000000000e+00	1.000000000000000e+00	1105	0	689
696	 4.690839027380000e+02 -4.796327498915000e+02 -2.655018246629000e+02	6.416718750000000e-08 1.111218750000000e-07 2.436676171875000e-06	3.164062500000000e-01	8155	0	696
703	2.656586447541000e+02 3.135538713100000e+01 6.580962442277000e+02	6.271700000000000e-06 4.255990000000000e-05 0.000000000000000e+00	1.000000000000000e+00	1105	0	703
707	 3.773057657322000e+02 -7.865435669480000e+01  3.592584956082000e+02	 5.468220000000000e-05 -2.711600000000000e-06  0.000000000000000e+00	1.000000000000000e+00	8155	0	707
708	 4.241412521385000e+02 -5.473280551918000e+02 -2.582733412282000e+02	-5.542230953979493e-06  0.000000000000000e+00 -3.477552250671387e-06	1.001129150390625e-01	8155	0	708
710	3.314593670820000e+02 1.658394288090000e+01 6.580962442277000e+02	7.819300000000000e-06 4.452940000000000e-05 0.000000000000000e+00	1.000000000000000e+00	1105	0	710
712	-3.374914993377000e+02  6.910882722200000e+02  2.112846362058000e+02	-1.187521875000000e-05  0.000000000000000e+00 -9.581231250000001e-06	5.625000000000000e-01	8155	0	712
714	 4.817237956294000e+02 -1.653033770550000e+01  6.580962442277000e+02	9.758180000000000e-05 3.406620000000000e-05 0.000000000000000e+00	1.000000000000000e+00	1105	0	714
715	 5.499436775241001e+02 -2.640463137100000e+01  6.580962442277000e+02	1.224514000000000e-04 4.072720000000000e-05 0.000000000000000e+00	1.000000000000000e+00	1105	0	715
717	 6.000358158725001e+02 -2.634633435550000e+01  6.580962442277000e+02	1.325937000000000e-04 5.281900000000000e-05 0.000000000000000e+00	1.000000000000000e+00	1105	0	717
718	-5.364309992282000e+02  6.949145731347000e+02 -6.793251553319001e+02	1.083760000000000e-05 1.366030000000000e-05 0.000000000000000e+00	1.000000000000000e+00	8155	0	718
720	 6.464308164095000e+02 -1.586361742000000e+01  6.580962442277000e+02	1.184192000000000e-04 5.928690000000000e-05 0.000000000000000e+00	1.000000000000000e+00	1105	0	720
722	 1.997612956883000e+02  6.910882722200000e+02 -7.088688850317001e+02	-1.401000000000000e-07  0.000000000000000e+00 -3.470000000000000e-07	1.000000000000000e+00	8155	0	722
728	 4.775819253619000e+02 -6.297423674406000e+02 -3.771497941662000e+02	-1.905490000000000e-05  3.300410000000000e-05  5.373690000000000e-05	1.000000000000000e+00	8155	0	728
729	6.955584952787000e+02 9.525021686800001e+00 6.580962442277000e+02	6.469390000000001e-05 4.086910000000000e-05 0.000000000000000e+00	1.000000000000000e+00	1105	0	729
733	5.861528026627000e+02 4.343866907070000e+02 3.804874067123000e+02	1.873000000000000e-06 2.061200000000000e-06 0.000000000000000e+00	1.000000000000000e+00	8006	0	733
737	-6.461874665971001e+02  6.910882722200000e+02  6.313911783811001e+02	-6.966500000000000e-06  0.000000000000000e+00  2.865800000000000e-06	1.000000000000000e+00	8155	0	737
740	-2.977344073469000e+02 -2.350988898601000e+02  7.027943293807000e+02	 2.471700000000000e-06  4.281100000000000e-06 -1.310590000000000e-05	1.000000000000000e+00	491	0	740
745	-5.990514717061001e+02  7.500000000000000e+02 -6.793251553319001e+02	8.259590000000000e-05 9.389410000000000e-05 0.000000000000000e+00	1.000000000000000e+00	8155	1	745
746	-8.601846582380000e+01  6.910882722200000e+02 -5.191686159801001e+02	-2.862893000000000e-04  0.000000000000000e+00 -3.086480000000000e-04	1.000000000000000e+00	8155	0	746
747	6.163920583401000e+02 4.088912736791000e+02 3.804874067123000e+02	1.145800000000000e-06 1.385900000000000e-06 0.000000000000000e+00	1.000000000000000e+00	8006	0	747
755	-2.720940183608000e+02  5.486092786180001e+02 -6.793251553319001e+02	2.124712500000000e-05 2.233770000000000e-05 0.000000000000000e+00	7.500000000000000e-01	8155	0	755
771	6.562632363893000e+02 3.778633471305000e+02 3.804874067123000e+02	-2.415000000000000e-06 -3.061200000000000e-06  0.000000000000000e+00	1.000000000000000e+00	8006	0	771
776	 2.559300106602000e+02  6.910882722200000e+02 -7.301110103139000e+02	-3.259000000000000e-07  0.000000000000000e+00 -8.849000000000000e-07	1.000000000000000e+00	8155	0	776
805	-1.060762757151000e+02  3.811832910790000e+02 -7.341772964396000e+02	 2.282432790123458e-06 -3.953289481481483e-06 -1.076097580246914e-05	1.580246913580247e-02	8155	0	805
828	-1.386571023241000e+02  3.403479836873000e+02 -7.451776420816001e+02	2.849056347656250e-06 0.000000000000000e+00 2.194237792968750e-06	2.373046875000000e-01	8155	0	828
864	-2.697823056199000e+02 -1.866844294906000e+02  7.216023779802000e+02	 1.582700000000000e-06  2.741200000000000e-06 -1.003920000000000e-05	1.000000000000000e+00	491	0	864
865	 4.001370768315000e+02 -5.473280551918000e+02 -2.197897127624000e+02	-3.287964375000000e-05  0.000000000000000e+00  9.898903125000001e-05	5.625000000000000e-01	8155	0	865
909	-1.272672889664000e+02  6.910882722200000e+02  3.592584956082000e+02	0.000000000000000e+00 0.000000000000000e+00 0.000000000000000e+00	4.218750000000000e-01	8155	0	909
1000	-3.594377149166000e+02  6.910882722200000e+02  2.648782946071000e+02	-1.189260000000000e-05  0.000000000000000e+00 -6.980100000000000e-06	1.000000000000000e+00	8155	0	1000
1002	7.024078992655001e+02 3.412819299534000e+02 3.804874067123000e+02	-5.441300000000000e-06 -6.219000000000000e-06  0.000000000000000e+00	1.000000000000000e+00	8006	0	1002
1003	-4.458764772134000e+02  6.910882722200000e+02  3.970900219790000e+02	-1.538413593750000e-05  0.000000000000000e+00 -5.460665625000000e-06	4.218750000000000e-01	8155	0	1003
1011	6.940076152044001e+02 2.753828884825000e+02 1.600065425679000e+02	 4.712575204467774e-06 -8.162416200256348e-06  1.436598305969238e-05	1.001129150390625e-01	8155	0	1011
1012	 3.853843209176000e+02 -5.473280551918000e+02 -1.617317342358000e+02	 4.008990000000000e-05  0.000000000000000e+00 -4.672912500000000e-05	7.500000000000000e-01	8155	0	1012
1014	-3.326732100086000e+02  6.206884630305000e+02  1.518683640526000e+02	-1.148200000000000e-06 -4.309000000000000e-07  0.000000000000000e+00	1.000000000000000e+00	8155	0	1014
1015	-3.579367744353000e+02  6.863415140326000e+02  1.518683640526000e+02	-8.101000000000000e-07 -2.086000000000000e-07  0.000000000000000e+00	1.000000000000000e+00	8155	0	1015
1020	-3.626851892854000e+02  6.863521198536000e+02  1.518683640526000e+02	-5.311329785156250e-06 -5.749868847656250e-06  0.000000000000000e+00	2.373046875000000e-01	8155	0	1020
1081	-5.221439742133000e+02 -7.125789180215000e+02  5.829785587824000e+02	-9.612800000000001e-06  2.074930000000000e-05  0.000000000000000e+00	1.000000000000000e+00	105	0	1081
1396	-4.402064016260000e+02  6.910882722200000e+02 -5.426637598830001e+01	-3.268537000000000e-04  0.000000000000000e+00 -5.628050000000000e-05	1.000000000000000e+00	8155	0	1396
1705	 3.900305750559000e+02 -5.473280551918000e+02 -1.019470851103000e+02	-5.454320000000000e-05  0.000000000000000e+00 -2.788424000000000e-04	1.000000000000000e+00	8155	0	1705
1759	5.472558033977000e+02 7.105838955848001e+02 2.654102561258000e+02	-3.816731250000000e-06 -6.610725000000001e-06  2.755276875000000e-05	5.625000000000000e-01	8155	0	1759
1801	-2.408839164254000e+02 -1.366309511489000e+02  7.370197091248000e+02	 5.733000000000000e-07  9.930000000000001e-07 -5.293700000000000e-06	1.000000000000000e+00	491	0	1801
2264	6.421516003629000e+02 3.652001408661000e+02 2.286190426598000e+02	 1.905920507812500e-05 -4.314060000000000e-05 -9.402960937500002e-06	3.164062500000000e-01	8155	0	2264
2827	6.415663657161000e+02 3.662137970087000e+02 2.231639778195000e+02	 2.057906064605713e-05 -3.564398202209473e-05  5.122577636718750e-06	1.001129150390625e-01	8155	0	2827
2939	6.199884274904000e+02 3.230809947326000e+02 2.286190426598000e+02	-2.526000000000000e-07  1.417000000000000e-07  0.000000000000000e+00	1.000000000000000e+00	8155	0	2939
3478	3.140516400436000e+02 3.066624361188000e+02 2.286190426598000e+02	-8.862770000000000e-05 -1.535077000000000e-04  0.000000000000000e+00	1.000000000000000e+00	8155	0	3478
4128	-6.638244396602000e+02 -7.122554769597000e+02 -1.159425144917000e+02	-3.015900000000000e-06  8.018700000000000e-06  0.000000000000000e+00	1.000000000000000e+00	661	0	4128
4213	-3.297308216208000e+02  6.910882722200000e+02 -2.705667124235000e+02	-1.206473000000000e-04  0.000000000000000e+00 -1.256168000000000e-04	1.000000000000000e+00	8155	0	4213
4214	4.324907792817000e+02 7.350768754234000e+02 2.286190426598000e+02	-7.498100000000000e-06  4.270000000000000e-07  0.000000000000000e+00	1.000000000000000e+00	8155	0	4214
4220	 4.300000000000000e+02 -5.473280551918000e+02  8.956488194300000e+00	0.000000000000000e+00 0.000000000000000e+00 0.000000000000000e+00	5.625000000000000e-01	8155	0	4220
4225	-2.380637738539000e+02  6.910882722200000e+02 -3.980321584786000e+02	-7.996127005898952e-05  0.000000000000000e+00 -1.489553212269545e-04	4.223513603210449e-02	8155	0	4225
4234	5.653346633770000e+02 7.418973996119000e+02 3.231566349198000e+02	-2.080957500000000e-05 -3.604327500000000e-05  2.916345000000000e-05	7.500000000000000e-01	8155	0	4234
4235	5.233524556254000e+02 6.724124527580000e+02 2.286190426598000e+02	9.196875000000000e-06 1.111410000000000e-05 0.000000000000000e+00	5.625000000000000e-01	8155	0	4235
4236	5.395767905132000e+02 4.169735065939000e+02 2.286190426598000e+02	 3.520790000000000e-05 -5.722010000000000e-05  0.000000000000000e+00	1.000000000000000e+00	8155	0	4236
4240	5.271664242093000e+02 5.399537874439001e+02 2.286190426598000e+02	1.114060000000000e-05 6.265000000000001e-07 0.000000000000000e+00	1.000000000000000e+00	8155	0	4240
4244	4.756407508313000e+02 3.768809166091000e+02 2.286190426598000e+02	 4.830120000000000e-05 -8.501720000000000e-05  0.000000000000000e+00	1.000000000000000e+00	8155	0	4244
4245	3.639038527132000e+02 3.178490928819000e+02 2.286190426598000e+02	-4.850000000000000e-07 -8.070170000000001e-05  0.000000000000000e+00	1.000000000000000e+00	8155	0	4245
4250	3.930216208752000e+02 2.276257337000000e+00 6.580962442277000e+02	2.512450000000000e-05 4.093300000000000e-05 0.000000000000000e+00	1.000000000000000e+00	1105	0	4250
4258	-2.713321408497000e+02  6.910882722200000e+02 -3.579980387251000e+02	-5.034180000000000e-05  0.000000000000000e+00 -1.608902250000000e-04	7.500000000000000e-01	8155	0	4258
4264	3.878915280022000e+02 3.051561002750000e+02 3.592584956082000e+02	-1.836735077636719e-04 -4.518301420898438e-05  0.000000000000000e+00	1.334838867187500e-01	8155	0	4264
4270	 4.279464466584000e+02 -5.437711964680000e+02  1.548676004120000e+01	 1.621882617187500e-06 -2.809195092773437e-06 -1.050424749755859e-05	1.334838867187500e-01	8155	0	4270
4273	-3.671720394645000e+02  6.910882722200000e+02 -2.102168277002000e+02	-2.430747000000000e-04  0.000000000000000e+00 -2.081660000000000e-05	1.000000000000000e+00	8155	0	4273
4275	4.223516194411000e+02 3.484549086274000e+02 2.286190426598000e+02	 5.583380000000000e-05 -1.054316000000000e-04  0.000000000000000e+00	1.000000000000000e+00	8155	0	4275
4276	 3.745503521293000e+02 -6.433696625656000e+02  1.236834511600000e+01	1.190094279785156e-05 2.061304453125000e-05 2.547221396484375e-05	1.779785156250000e-01	8155	0	4276
4281	7.296364577131001e+02 2.136719230426000e+02 1.149048355490000e+02	 2.433335502777100e-05 -4.214660367851257e-05 -2.683052152404785e-05	7.508468627929688e-02	8155	0	4281
4284	6.590886289695001e+02 3.358643467901000e+02 1.989879249514000e+02	-6.051895167446137e-06  1.048219199666977e-05  3.328939633941651e-05	5.631351470947266e-02	8155	0	4284
4285	 4.347160642815000e+02 -5.554965181391000e+02  7.650368003400000e+01	-3.091600000000000e-05  5.354800000000000e-05 -1.392439000000000e-04	1.000000000000000e+00	8155	0	4285
4286	-1.998607720959000e+02  4.990076562150000e+02 -6.793251553319001e+02	-3.033230730468750e-04 -1.014884026171875e-03  0.000000000000000e+00	3.164062500000000e-01	8155	0	4286
4287	-5.788213837033001e+02 -7.317702714555001e+02  5.829785587824000e+02	-1.043200000000000e-06  3.164300000000000e-06  0.000000000000000e+00	1.000000000000000e+00	105	0	4287
4288	3.653970114369000e+02 3.955952281056000e+02 3.592584956082000e+02	-5.160634139845669e-05 -8.938480528682471e-05  0.000000000000000e+00	2.375726401805878e-02	8155	0	4288
4290	 5.422838397631000e+02 -7.418093705304000e+02 -6.423087648402001e+02	 5.332600000000000e-05 -9.236330000000000e-05 -3.309356000000000e-04	1.000000000000000e+00	8155	0	4290
4292	5.251775815001000e+02 5.999506290041001e+02 2.286190426598000e+02	-1.325290000000000e-05 -3.494000000000000e-07  0.000000000000000e+00	1.000000000000000e+00	8155	0	4292
4293	-1.433849310531000e+02  4.458037776866000e+02 -7.018592950957001e+02	-5.325948013458252e-05  9.224812452392579e-05 -1.781401201171875e-05	1.001129150390625e-01	8155	0	4293
4295	-1.620623207137000e+02  6.910882722200000e+02 -4.456112489612000e+02	8.877684375000000e-04 0.000000000000000e+00 1.604567981250000e-03	5.625000000000000e-01	8155	0	4295
4296	5.888807500293000e+02 3.941758146162000e+02 2.286190426598000e+02	-1.070735625000000e-05 -1.994973750000000e-05  0.000000000000000e+00	5.625000000000000e-01	8155	0	4296
4297	5.323552828192001e+02 4.800115032910000e+02 2.286190426598000e+02	4.640800000000001e-06 4.163000000000000e-07 0.000000000000000e+00	1.000000000000000e+00	8155	0	4297
4298	3.670927847584000e+02 3.985323936565000e+02 3.698101165057000e+02	 3.784789715625000e-03  6.555448040625000e-03 -1.092008946093750e-02	4.218750000000000e-01	8155	0	4298
4302	-6.884229914635000e+02  6.910882722200000e+02  6.764240584138000e+02	-1.579753000000000e-04  0.000000000000000e+00  1.700620000000000e-04	1.000000000000000e+00	8155	0	4302
0	 5.000000000000000e-01 -8.660254037844386e-01  0.000000000000000e+00	8.660254037844385e-01 5.000000000000000e-01 0.000000000000000e+00	5.632499999999998e+02 3.251925391210567e+02 0.000000000000000e+00	1	0	0.000000000000000e+00	0.000000000000000e+00	0.000000000000000e+00	9.325177170877269e+04
1	5.000000000000000e-01 8.660254037844386e-01 0.000000000000000e+00	0.000000000000000e+00 0.000000000000000e+00 1.000000000000000e+00	0.000000000000000e+00 0.000000000000000e+00 2.286190426597633e+02	1	0	0.000000000000000e+00	0.000000000000000e+00	0.000000000000000e+00	3.520127702544990e+05
3	-5.000000000000000e-01 -8.660254037844386e-01  0.000000000000000e+00	0.000000000000000e+00 0.000000000000000e+00 1.000000000000000e+00	0.000000000000000e+00 0.000000000000000e+00 6.580962442277471e+02	1	0	0.000000000000000e+00	0.000000000000000e+00	0.000000000000000e+00	1.210736514974700e+06
4	-1.000000000000000e+00  0.000000000000000e+00  0.000000000000000e+00	0.000000000000000e+00 0.000000000000000e+00 1.000000000000000e+00	-0.000000000000000e+00 -0.000000000000000e+00 -1.159425144917371e+02	1	0	0.000000000000000e+00	0.000000000000000e+00	0.000000000000000e+00	1.928745488606909e+06
7	-5.000000000000000e-01 -8.660254037844386e-01  0.000000000000000e+00	0.000000000000000e+00 0.000000000000000e+00 1.000000000000000e+00	-0.000000000000000e+00 -0.000000000000000e+00 -1.894272067752324e+02	1	0	0.000000000000000e+00	0.000000000000000e+00	0.000000000000000e+00	1.360904770459751e+06
9	-5.000000000000000e-01 -8.660254037844386e-01  0.000000000000000e+00	 8.660254037844385e-01 -5.000000000000000e-01  0.000000000000000e+00	-1.215000000000000e+02  7.014805770653952e+01 -0.000000000000000e+00	1	0	0.000000000000000e+00	0.000000000000000e+00	0.000000000000000e+00	2.458579319857355e+06
10	-5.000000000000000e-01  8.660254037844386e-01  0.000000000000000e+00	8.660254037844385e-01 5.000000000000000e-01 0.000000000000000e+00	-1.409999999999999e+02 -8.140638795573722e+01 -0.000000000000000e+00	1	0	0.000000000000000e+00	0.000000000000000e+00	0.000000000000000e+00	2.354173743390036e+03
12	1.000000000000000e+00 0.000000000000000e+00 0.000000000000000e+00	 0.000000000000000e+00 -1.000000000000000e+00  0.000000000000000e+00	0.000000000000000e+00 2.381569860407206e+02 0.000000000000000e+00	1	0	0.000000000000000e+00	0.000000000000000e+00	0.000000000000000e+00	2.250000000000000e+06
13	 5.000000000000000e-01 -8.660254037844386e-01  0.000000000000000e+00	0.000000000000000e+00 0.000000000000000e+00 1.000000000000000e+00	0.000000000000000e+00 0.000000000000000e+00 1.518683640525570e+02	1	0	0.000000000000000e+00	0.000000000000000e+00	0.000000000000000e+00	1.230740845162478e+06
15	5.000000000000000e-01 8.660254037844386e-01 0.000000000000000e+00	 8.660254037844385e-01 -5.000000000000000e-01  0.000000000000000e+00	 5.594999999999998e+02 -3.230274756115955e+02  0.000000000000000e+00	1	0	0.000000000000000e+00	0.000000000000000e+00	0.000000000000000e+00	4.835310660220673e+05
18	-5.000000000000000e-01 -8.660254037844386e-01  0.000000000000000e+00	0.000000000000000e+00 0.000000000000000e+00 1.000000000000000e+00	0.000000000000000e+00 0.000000000000000e+00 1.469693845669907e+01	1	0	0.000000000000000e+00	0.000000000000000e+00	0.000000000000000e+00	3.247276412909394e+05
21	-5.000000000000000e-01 -8.660254037844386e-01  0.000000000000000e+00	0.000000000000000e+00 0.000000000000000e+00 1.000000000000000e+00	0.000000000000000e+00 0.000000000000000e+00 3.592584956081994e+02	1	0	0.000000000000000e+00	0.000000000000000e+00	0.000000000000000e+00	1.353232782214889e+03
22	-5.000000000000000e-01 -8.660254037844386e-01  0.000000000000000e+00	 8.660254037844385e-01 -5.000000000000000e-01  0.000000000000000e+00	 1.027500000000000e+02 -5.932274015923404e+01  0.000000000000000e+00	1	0	0.000000000000000e+00	0.000000000000000e+00	0.000000000000000e+00	1.182345926316473e+06
24	5.000000000000000e-01 8.660254037844386e-01 0.000000000000000e+00	 8.660254037844385e-01 -5.000000000000000e-01  0.000000000000000e+00	 7.694999999999998e+02 -4.442710321414170e+02  0.000000000000000e+00	1	0	0.000000000000000e+00	0.000000000000000e+00	0.000000000000000e+00	2.359247276921798e+05
25	-5.000000000000000e-01  8.660254037844386e-01  0.000000000000000e+00	8.660254037844385e-01 5.000000000000000e-01 0.000000000000000e+00	-8.017499999999998e+02 -4.628905783227824e+02 -0.000000000000000e+00	1	0	0.000000000000000e+00	0.000000000000000e+00	0.000000000000000e+00	1.974568915210525e+05
26	1.000000000000000e+00 0.000000000000000e+00 0.000000000000000e+00	0.000000000000000e+00 0.000000000000000e+00 1.000000000000000e+00	0.000000000000000e+00 0.000000000000000e+00 5.829785587823964e+02	1	0	0.000000000000000e+00	0.000000000000000e+00	0.000000000000000e+00	5.185666087687177e+05
27	 5.000000000000000e-01 -8.660254037844386e-01  0.000000000000000e+00	 0.000000000000000e+00  0.000000000000000e+00 -1.000000000000000e+00	0.000000000000000e+00 0.000000000000000e+00 6.580962442277471e+02	1	0	0.000000000000000e+00	0.000000000000000e+00	0.000000000000000e+00	8.936765681593861e+02
28	1.000000000000000e+00 0.000000000000000e+00 0.000000000000000e+00	0.000000000000000e+00 0.000000000000000e+00 1.000000000000000e+00	0.000000000000000e+00 0.000000000000000e+00 2.286190426597633e+02	1	0	0.000000000000000e+00	0.000000000000000e+00	0.000000000000000e+00	3.094582611612769e+04
29	1.000000000000000e+00 0.000000000000000e+00 0.000000000000000e+00	 0.000000000000000e+00 -1.000000000000000e+00  0.000000000000000e+00	0.000000000000000e+00 5.715767664977295e+01 0.000000000000000e+00	1	0	0.000000000000000e+00	0.000000000000000e+00	0.000000000000000e+00	2.112144366341550e+06
43	5.000000000000000e-01 8.660254037844386e-01 0.000000000000000e+00	 0.000000000000000e+00  0.000000000000000e+00 -1.000000000000000e+00	-0.000000000000000e+00 -0.000000000000000e+00 -1.159425144917371e+02	1	0	0.000000000000000e+00	0.000000000000000e+00	0.000000000000000e+00	2.087353552349648e+03
55	-1.000000000000000e+00  0.000000000000000e+00  0.000000000000000e+00	0.000000000000000e+00 0.000000000000000e+00 1.000000000000000e+00	-0.000000000000000e+00 -0.000000000000000e+00 -4.262112152442729e+02	1	0	0.000000000000000e+00	0.000000000000000e+00	0.000000000000000e+00	5.557218768873772e+04
66	-5.000000000000000e-01 -8.660254037844386e-01  0.000000000000000e+00	0.000000000000000e+00 0.000000000000000e+00 1.000000000000000e+00	0.000000000000000e+00 0.000000000000000e+00 1.077775486824598e+02	1	0	0.000000000000000e+00	0.000000000000000e+00	0.000000000000000e+00	2.102542222250447e+06
76	-1.000000000000000e+00  0.000000000000000e+00  0.000000000000000e+00	0.000000000000000e+00 0.000000000000000e+00 1.000000000000000e+00	0.000000000000000e+00 0.000000000000000e+00 2.286190426597633e+02	1	0	0.000000000000000e+00	0.000000000000000e+00	0.000000000000000e+00	8.110852112987370e+02
106	-1.000000000000000e+00  0.000000000000000e+00  0.000000000000000e+00	 0.000000000000000e+00 -1.000000000000000e+00  0.000000000000000e+00	-0.000000000000000e+00 -5.473280551917652e+02 -0.000000000000000e+00	1	0	0.000000000000000e+00	0.000000000000000e+00	0.000000000000000e+00	7.601173859232727e+03
107	 5.000000000000000e-01 -8.660254037844386e-01  0.000000000000000e+00	0.000000000000000e+00 0.000000000000000e+00 1.000000000000000e+00	0.000000000000000e+00 0.000000000000000e+00 3.804874067123203e+02	1	0	0.000000000000000e+00	0.000000000000000e+00	0.000000000000000e+00	2.156040164326299e+06
108	5.000000000000000e-01 8.660254037844386e-01 0.000000000000000e+00	0.000000000000000e+00 0.000000000000000e+00 1.000000000000000e+00	-0.000000000000000e+00 -0.000000000000000e+00 -4.164132562731402e+02	1	0	0.000000000000000e+00	0.000000000000000e+00	0.000000000000000e+00	1.972399117497296e+06
113	 5.000000000000000e-01 -8.660254037844386e-01  0.000000000000000e+00	0.000000000000000e+00 0.000000000000000e+00 1.000000000000000e+00	-0.000000000000000e+00 -0.000000000000000e+00 -6.793251553318680e+02	1	0	0.000000000000000e+00	0.000000000000000e+00	0.000000000000000e+00	1.254525099808707e+06
208	1.000000000000000e+00 0.000000000000000e+00 0.000000000000000e+00	 0.000000000000000e+00 -1.000000000000000e+00  0.000000000000000e+00	0.000000000000000e+00 3.403479836872843e+02 0.000000000000000e+00	1	0	0.000000000000000e+00	0.000000000000000e+00	0.000000000000000e+00	2.509097509839234e+04
243	 5.000000000000000e-01 -8.660254037844386e-01  0.000000000000000e+00	0.000000000000000e+00 0.000000000000000e+00 1.000000000000000e+00	0.000000000000000e+00 0.000000000000000e+00 3.592584956081994e+02	1	0	0.000000000000000e+00	0.000000000000000e+00	0.000000000000000e+00	0.000000000000000e+00
246	1.000000000000000e+00 0.000000000000000e+00 0.000000000000000e+00	0.000000000000000e+00 0.000000000000000e+00 1.000000000000000e+00	0.000000000000000e+00 0.000000000000000e+00 3.592584956081994e+02	1	0	0.000000000000000e+00	0.000000000000000e+00	0.000000000000000e+00	0.000000000000000e+00
248	1.000000000000000e+00 0.000000000000000e+00 0.000000000000000e+00	0.000000000000000e+00 0.000000000000000e+00 1.000000000000000e+00	0.000000000000000e+00 0.000000000000000e+00 3.592584956081994e+02	1	0	0.000000000000000e+00	0.000000000000000e+00	0.000000000000000e+00	0.000000000000000e+00
297	-1.000000000000000e+00  0.000000000000000e+00  0.000000000000000e+00	0.000000000000000e+00 1.000000000000000e+00 0.000000000000000e+00	0.000000000000000e+00 6.910882722199819e+02 0.000000000000000e+00	1	0	0.000000000000000e+00	0.000000000000000e+00	0.000000000000000e+00	0.000000000000000e+00
319	5.000000000000000e-01 8.660254037844386e-01 0.000000000000000e+00	0.000000000000000e+00 0.000000000000000e+00 1.000000000000000e+00	0.000000000000000e+00 0.000000000000000e+00 3.592584956081994e+02	1	0	0.000000000000000e+00	0.000000000000000e+00	0.000000000000000e+00	1.353232782214895e+03
320	-1.000000000000000e+00  0.000000000000000e+00  0.000000000000000e+00	 0.000000000000000e+00 -1.000000000000000e+00  0.000000000000000e+00	0.000000000000000e+00 6.910882722199819e+02 0.000000000000000e+00	1	0	0.000000000000000e+00	0.000000000000000e+00	0.000000000000000e+00	1.636952221631782e+06
321	-5.000000000000000e-01 -8.660254037844386e-01  0.000000000000000e+00	0.000000000000000e+00 0.000000000000000e+00 1.000000000000000e+00	0.000000000000000e+00 0.000000000000000e+00 3.592584956081994e+02	1	0	0.000000000000000e+00	0.000000000000000e+00	0.000000000000000e+00	5.379323517101693e+05
323	-5.000000000000000e-01 -8.660254037844386e-01  0.000000000000000e+00	 0.000000000000000e+00  0.000000000000000e+00 -1.000000000000000e+00	0.000000000000000e+00 0.000000000000000e+00 1.518683640525570e+02	1	0	0.000000000000000e+00	0.000000000000000e+00	0.000000000000000e+00	3.854243995877506e+01
324	1.000000000000000e+00 0.000000000000000e+00 0.000000000000000e+00	 0.000000000000000e+00  0.000000000000000e+00 -1.000000000000000e+00	0.000000000000000e+00 0.000000000000000e+00 1.518683640525570e+02	1	0	0.000000000000000e+00	0.000000000000000e+00	0.000000000000000e+00	3.854243995877506e+01
325	-1.000000000000000e+00  0.000000000000000e+00  0.000000000000000e+00	 0.000000000000000e+00  0.000000000000000e+00 -1.000000000000000e+00	0.000000000000000e+00 0.000000000000000e+00 1.518683640525570e+02	1	0	0.000000000000000e+00	0.000000000000000e+00	0.000000000000000e+00	3.854243995877506e+01
327	1.000000000000000e+00 0.000000000000000e+00 0.000000000000000e+00	0.000000000000000e+00 0.000000000000000e+00 1.000000000000000e+00	0.000000000000000e+00 0.000000000000000e+00 1.518683640525570e+02	1	0	0.000000000000000e+00	0.000000000000000e+00	0.000000000000000e+00	1.121660985352426e+01
337	 5.000000000000000e-01 -8.660254037844386e-01  0.000000000000000e+00	8.660254037844385e-01 5.000000000000000e-01 0.000000000000000e+00	8.549999999999997e+01 4.936344801571300e+01 0.000000000000000e+00	1	0	0.000000000000000e+00	0.000000000000000e+00	0.000000000000000e+00	2.441580513127271e+05
340	-5.000000000000000e-01 -8.660254037844386e-01  0.000000000000000e+00	0.000000000000000e+00 0.000000000000000e+00 1.000000000000000e+00	0.000000000000000e+00 0.000000000000000e+00 9.471360338761622e+01	1	0	0.000000000000000e+00	0.000000000000000e+00	0.000000000000000e+00	3.987434256771933e+05
2428	-5.000000000000000e-01  8.660254037844386e-01  0.000000000000000e+00	8.660254037844385e-01 5.000000000000000e-01 0.000000000000000e+00	6.397499999999998e+02 3.693598347140630e+02 0.000000000000000e+00	1	0	0.000000000000000e+00	0.000000000000000e+00	0.000000000000000e+00	3.597053439420810e+05
2429	 5.000000000000000e-01 -8.660254037844386e-01  0.000000000000000e+00	 0.000000000000000e+00  0.000000000000000e+00 -1.000000000000000e+00	0.000000000000000e+00 0.000000000000000e+00 2.286190426597633e+02	1	0	0.000000000000000e+00	0.000000000000000e+00	0.000000000000000e+00	2.869714548860334e+04
2432	5.000000000000000e-01 8.660254037844386e-01 0.000000000000000e+00	0.000000000000000e+00 0.000000000000000e+00 1.000000000000000e+00	0.000000000000000e+00 0.000000000000000e+00 2.286190426597633e+02	1	0	0.000000000000000e+00	0.000000000000000e+00	0.000000000000000e+00	1.856209230222412e+03
0	0	1	1
0	246	0	0
0	1	2	1
0	2	681	0
0	112	246	0
0	247	112	0
0	201	143	0
0	143	247	0
0	436	201	0
0	488	436	0
0	535	488	0
0	585	535	0
0	620	585	0
0	681	620	0
1	4	5	1
1	63	4	1
1	5	6	1
1	6	2264	0
1	292	63	0
1	164	113	0
1	113	328	0
1	144	364	0
1	365	144	0
1	505	164	0
1	202	292	0
1	364	202	0
1	328	248	0
1	248	365	0
1	367	249	0
1	249	505	0
1	2939	367	0
1	2264	2939	0
3	10	11	1
3	479	10	0
3	11	12	1
3	12	13	1
3	13	479	0
4	15	16	1
4	104	15	1
4	16	17	1
4	17	655	0
4	101	104	0
4	150	101	1
4	571	116	0
4	116	625	0
4	625	150	0
4	374	151	0
4	151	375	0
4	297	209	0
4	209	374	0
4	255	333	0
4	375	255	0
4	465	297	0
4	333	571	0
4	512	465	0
4	589	512	0
4	655	589	0
7	27	28	1
7	301	27	0
7	28	29	1
7	29	30	1
7	30	302	0
7	119	338	0
7	339	119	0
7	155	382	0
7	383	155	0
7	384	156	0
7	156	385	0
7	213	301	0
7	382	213	0
7	302	214	0
7	214	384	0
7	338	260	0
7	260	383	0
7	261	339	0
7	385	261	0
9	36	37	1
9	159	36	1
9	37	38	1
9	38	39	1
9	39	1801	0
9	491	122	0
9	122	507	0
9	521	159	0
9	216	160	0
9	160	497	0
9	455	216	0
9	507	262	0
9	262	521	0
9	263	491	0
9	497	263	0
9	529	455	0
9	616	529	0
9	740	616	0
9	864	740	0
9	1801	864	0
10	41	42	1
10	161	41	1
10	42	162	0
10	123	161	0
10	162	123	0
12	47	48	1
12	50	47	1
12	48	49	1
12	49	50	1
13	52	53	1
13	305	52	0
13	53	54	1
13	54	55	1
13	55	306	0
13	126	342	0
13	343	126	0
13	167	390	0
13	391	167	0
13	392	168	0
13	168	393	0
13	221	305	0
13	390	221	0
13	222	392	0
13	1014	222	0
13	342	268	0
13	268	391	0
13	269	343	0
13	393	269	0
13	306	572	0
13	572	1015	0
13	1015	1014	0
15	59	60	1
15	496	59	0
15	60	61	1
15	61	62	1
15	62	226	0
15	273	128	0
15	128	499	0
15	226	172	0
15	172	273	0
15	4276	496	0
15	499	696	0
15	696	615	0
15	615	4220	0
15	4220	4276	0
18	71	72	1
18	313	71	0
18	72	73	1
18	73	74	1
18	74	314	0
18	527	131	0
18	131	553	0
18	177	483	0
18	495	177	0
18	231	313	0
18	406	231	0
18	350	278	0
18	278	407	0
18	279	351	0
18	409	279	0
18	314	408	0
18	553	350	0
18	351	527	0
18	483	406	0
18	407	495	0
18	408	409	0
21	352	416	0
21	909	352	0
21	416	444	0
21	444	909	0
22	87	88	1
22	319	87	0
22	88	89	1
22	89	90	1
22	90	531	0
22	137	439	0
22	440	137	0
22	185	441	0
22	442	185	0
22	237	445	0
22	446	237	0
22	447	238	0
22	238	448	0
22	449	286	0
22	286	450	0
22	287	451	0
22	452	287	0
22	445	319	0
22	438	320	0
22	320	447	0
22	439	358	0
22	358	449	0
22	359	440	0
22	451	359	0
22	441	418	0
22	418	446	0
22	419	442	0
22	450	419	0
22	531	438	0
22	444	4234	0
22	4288	444	0
22	448	4298	0
22	3478	452	0
22	1759	487	0
22	487	3478	0
22	4234	1759	0
22	4298	4288	0
24	97	98	1
24	189	97	0
24	98	99	1
24	99	100	1
24	100	190	0
24	139	189	0
24	190	139	0
25	101	102	1
25	104	101	0
25	102	103	1
25	103	104	1
26	105	106	1
26	4287	105	0
26	106	107	1
26	107	242	0
26	141	362	0
26	363	141	0
26	191	426	0
26	427	191	0
26	428	192	0
26	192	429	0
26	241	323	0
26	426	241	0
26	242	428	0
26	362	290	0
26	290	427	0
26	291	363	0
26	429	291	0
26	323	486	0
26	486	582	0
26	582	660	0
26	660	1081	0
26	1081	4287	0
27	468	10	0
27	10	479	0
27	484	468	0
27	479	729	0
27	501	484	0
27	503	501	0
27	519	503	0
27	537	519	0
27	545	537	0
27	568	545	0
27	583	568	0
27	600	583	0
27	618	600	0
27	631	618	0
27	664	631	0
27	689	664	0
27	703	689	0
27	710	703	0
27	4250	710	0
27	715	714	0
27	714	4250	0
27	717	715	0
27	720	717	0
27	729	720	0
28	2264	6	0
28	6	4214	0
28	487	3478	0
28	4235	487	0
28	4296	2264	0
28	3478	4236	0
28	4214	4235	0
28	4236	4296	0
29	10	44	1
29	479	10	0
29	45	13	1
29	13	479	0
29	44	45	1
43	101	104	0
43	560	101	0
43	104	4128	0
43	540	560	0
43	4128	540	0
55	7	8	1
55	204	7	0
55	8	205	1
55	114	250	0
55	251	114	0
55	146	204	0
55	250	146	0
55	205	147	0
55	147	251	0
66	23	24	1
66	378	23	0
66	24	25	1
66	25	26	1
66	26	300	0
66	118	547	0
66	566	118	0
66	153	378	0
66	379	153	0
66	380	154	0
66	154	381	0
66	300	212	0
66	212	380	0
66	258	379	0
66	611	258	0
66	538	259	0
66	259	567	0
66	547	336	0
66	336	611	0
66	337	566	0
66	567	337	0
66	381	538	0
76	292	63	0
76	63	627	0
76	627	292	0
106	708	615	0
106	615	4220	0
106	865	708	0
106	1012	865	0
106	1705	1012	0
106	4220	1705	0
107	92	93	1
107	187	92	1
107	93	94	1
107	94	95	1
107	95	1002	0
107	424	187	0
107	322	424	0
107	490	322	0
107	595	490	0
107	733	595	0
107	747	733	0
107	771	747	0
107	1002	771	0
108	18	19	1
108	298	18	0
108	19	20	1
108	20	21	1
108	21	22	1
108	22	108	0
108	108	243	0
108	117	334	0
108	335	117	0
108	152	376	0
108	377	152	0
108	430	193	0
108	193	431	0
108	210	298	0
108	376	210	0
108	243	430	0
108	334	256	0
108	256	377	0
108	257	335	0
108	431	257	0
113	67	68	1
113	745	67	1
113	68	277	1
113	130	403	0
113	755	130	0
113	402	229	0
113	229	718	0
113	277	349	0
113	349	4286	0
113	403	402	0
113	718	745	0
113	4286	755	0
208	56	57	1
208	307	56	0
208	57	66	1
208	66	828	0
208	127	344	0
208	828	127	0
208	169	394	0
208	395	169	0
208	223	307	0
208	394	223	0
208	344	270	0
208	270	395	0
243	416	352	0
243	352	909	0
243	909	416	0
246	352	416	0
246	909	352	0
246	416	909	0
248	416	352	0
248	352	909	0
248	909	416	0
297	416	352	0
297	352	909	0
297	909	416	0
319	416	444	0
319	909	416	0
319	444	909	0
320	75	76	1
320	776	75	0
320	76	77	1
320	77	78	1
320	78	4302	0
320	108	194	0
320	432	108	0
320	132	179	0
320	746	132	0
320	133	306	0
320	630	133	0
320	179	523	0
320	194	4295	0
320	1396	195	0
320	195	4273	0
320	315	233	0
320	233	1003	0
320	572	281	0
320	281	602	0
320	306	572	0
320	530	315	0
320	352	1000	0
320	1003	352	0
320	4225	432	0
320	602	433	0
320	433	1396	0
320	523	598	0
320	610	530	0
320	598	639	0
320	688	610	0
320	712	630	0
320	639	722	0
320	737	688	0
320	1000	712	0
320	722	776	0
320	4302	737	0
320	4295	746	0
320	4213	4258	0
320	4273	4213	0
320	4258	4225	0
321	83	84	1
321	453	83	0
321	84	85	1
321	85	444	1
321	136	460	0
321	4264	136	0
321	183	646	0
321	647	183	0
321	235	459	0
321	471	235	0
321	356	284	0
321	284	707	0
321	317	453	0
321	459	317	0
321	460	356	0
321	414	471	0
321	646	414	0
321	415	647	0
321	707	415	0
321	444	4288	0
321	4288	4264	0
323	572	306	0
323	306	1015	0
323	1015	572	0
324	572	306	0
324	306	1015	0
324	1015	572	0
325	572	306	0
325	306	1015	0
325	1015	572	0
327	1015	572	0
327	572	1020	0
327	1020	1015	0
337	63	65	1
337	292	63	0
337	65	66	1
337	66	805	0
337	174	401	0
337	728	174	0
337	228	400	0
337	4290	228	0
337	274	292	0
337	4285	274	0
337	349	277	0
337	277	4290	0
337	4293	349	0
337	400	728	0
337	401	615	0
337	615	4220	0
337	805	4293	0
337	4220	4270	0
337	4270	4285	0
340	80	34	1
340	34	434	0
340	79	80	1
340	494	79	0
340	134	354	0
340	355	134	0
340	181	412	0
340	413	181	0
340	198	388	0
340	434	198	0
340	234	316	0
340	412	234	0
340	354	282	0
340	282	413	0
340	283	355	0
340	388	283	0
340	316	494	0
2428	6	32	1
2428	2264	6	0
2428	32	33	1
2428	33	34	1
2428	34	4281	0
2428	4281	1011	0
2428	1011	4284	0
2428	2827	2264	0
2428	4284	2827	0
2429	3478	487	0
2429	487	4235	0
2429	4236	3478	0
2429	4235	4292	0
2429	4297	4236	0
2429	4292	4240	0
2429	4240	4297	0
2432	4236	3478	0
2432	3478	4245	0
2432	4244	4236	0
2432	4275	4244	0
2432	4245	4275	0
