469
35
505
0	 7.500000000000000e+02  1.732050807600000e+00 -5.797390668755000e+02	 4.297000000000000e-07 -7.443000000000000e-07 -1.409060000000000e-05	1.000000000000000e+00	0	1	0
1	 7.500000000000000e+02  1.732050807600000e+00 -7.500000000000000e+02	0.000000000000000e+00 0.000000000000000e+00 0.000000000000000e+00	1.000000000000000e+00	0	1	1
2	 3.179872981078000e+02  7.500000000000000e+02 -7.500000000000000e+02	-2.256833500000000e-02  3.908950280000000e-02  0.000000000000000e+00	1.000000000000000e+00	0	1	2
4	 7.500000000000000e+02 -7.500000000000000e+02  2.286190426598000e+02	0.000000000000000e+00 0.000000000000000e+00 0.000000000000000e+00	1.000000000000000e+00	1275	1	4
5	7.500000000000000e+02 7.500000000000000e+02 2.286190426598000e+02	0.000000000000000e+00 0.000000000000000e+00 0.000000000000000e+00	1.000000000000000e+00	1275	1	5
6	4.199872981078000e+02 7.500000000000000e+02 2.286190426598000e+02	0.000000000000000e+00 0.000000000000000e+00 0.000000000000000e+00	7.500000000000000e-01	1275	1	6
7	 7.500000000000000e+02  6.207030993419000e+02 -4.262112152443000e+02	5.850000000000000e-08 4.079000000000000e-07 0.000000000000000e+00	1.000000000000000e+00	646	1	7
8	 7.500000000000000e+02  7.500000000000000e+02 -4.262112152443000e+02	0.000000000000000e+00 0.000000000000000e+00 0.000000000000000e+00	1.000000000000000e+00	646	1	8
10	-7.500000000000000e+02  5.715767664980000e+01  6.580962442277000e+02	0.000000000000000e+00 0.000000000000000e+00 0.000000000000000e+00	1.000000000000000e+00	1105	1	10
11	-7.500000000000000e+02 -7.500000000000000e+02  6.580962442277000e+02	0.000000000000000e+00 0.000000000000000e+00 0.000000000000000e+00	1.000000000000000e+00	1105	1	11
12	 7.500000000000000e+02 -7.500000000000000e+02  6.580962442277000e+02	0.000000000000000e+00 0.000000000000000e+00 0.000000000000000e+00	1.000000000000000e+00	1105	1	12
13	7.500000000000000e+02 5.715767664980000e+01 6.580962442277000e+02	0.000000000000000e+00 0.000000000000000e+00 0.000000000000000e+00	4.218750000000000e-01	1105	1	13
15	 7.500000000000000e+02 -7.500000000000000e+02 -1.159425144917000e+02	0.000000000000000e+00 0.000000000000000e+00 0.000000000000000e+00	1.000000000000000e+00	661	1	15
16	 7.500000000000000e+02  7.500000000000000e+02 -1.159425144917000e+02	0.000000000000000e+00 0.000000000000000e+00 0.000000000000000e+00	1.000000000000000e+00	661	1	16
17	 2.498476777456000e+02  7.500000000000000e+02 -1.159425144917000e+02	 2.875500000000000e-06 -7.387800000000001e-06  0.000000000000000e+00	1.000000000000000e+00	661	1	17
18	-7.500000000000000e+02 -9.485550696160000e+01 -4.164132562731000e+02	 7.466000000000000e-07 -6.160000000000000e-07  0.000000000000000e+00	1.000000000000000e+00	1043	1	18
19	-7.500000000000000e+02 -7.500000000000000e+02 -4.164132562731000e+02	0.000000000000000e+00 0.000000000000000e+00 0.000000000000000e+00	1.000000000000000e+00	1043	1	19
20	 7.500000000000000e+02 -7.500000000000000e+02 -4.164132562731000e+02	0.000000000000000e+00 0.000000000000000e+00 0.000000000000000e+00	1.000000000000000e+00	1043	1	20
21	 7.500000000000000e+02  7.500000000000000e+02 -4.164132562731000e+02	0.000000000000000e+00 0.000000000000000e+00 0.000000000000000e+00	1.000000000000000e+00	1043	1	21
22	-2.044150462194000e+02  7.500000000000000e+02 -4.164132562731000e+02	1.848412234698486e-03 0.000000000000000e+00 0.000000000000000e+00	1.334838867187500e-01	1043	1	22
23	-5.305000461634000e+02 -7.500000000000000e+02  1.077775486825000e+02	-6.408578000000000e-04  0.000000000000000e+00  0.000000000000000e+00	1.000000000000000e+00	23	1	23
24	 7.500000000000000e+02 -7.500000000000000e+02  1.077775486825000e+02	0.000000000000000e+00 0.000000000000000e+00 0.000000000000000e+00	1.000000000000000e+00	23	1	24
25	7.500000000000000e+02 7.500000000000000e+02 1.077775486825000e+02	0.000000000000000e+00 0.000000000000000e+00 0.000000000000000e+00	1.000000000000000e+00	23	1	25
26	-6.166754496010000e+02  7.500000000000000e+02  1.077775486825000e+02	 2.281590000000000e-05 -1.722500000000000e-06  0.000000000000000e+00	1.000000000000000e+00	23	1	26
27	-7.366264375592000e+02 -7.500000000000000e+02 -1.894272067752000e+02	 2.456000000000000e-07 -1.897000000000000e-07  0.000000000000000e+00	1.000000000000000e+00	27	1	27
28	 7.500000000000000e+02 -7.500000000000000e+02 -1.894272067752000e+02	0.000000000000000e+00 0.000000000000000e+00 0.000000000000000e+00	1.000000000000000e+00	27	1	28
29	 7.500000000000000e+02  7.500000000000000e+02 -1.894272067752000e+02	0.000000000000000e+00 0.000000000000000e+00 0.000000000000000e+00	1.000000000000000e+00	27	1	29
30	 4.224214938538000e+02  7.500000000000000e+02 -1.894272067752000e+02	-9.470000000000001e-08  7.310000000000000e-08  0.000000000000000e+00	1.000000000000000e+00	27	1	30
32	4.199872981078000e+02 7.500000000000000e+02 7.500000000000000e+02	0.000000000000000e+00 0.000000000000000e+00 0.000000000000000e+00	1.000000000000000e+00	1275	1	32
33	7.500000000000000e+02 1.784012331796000e+02 7.500000000000000e+02	0.000000000000000e+00 0.000000000000000e+00 0.000000000000000e+00	1.000000000000000e+00	1275	1	33
34	7.500000000000000e+02 1.784012331796000e+02 9.741781605420000e+01	 0.000000000000000e+00 -0.000000000000000e+00 -2.135704200000000e-03	1.000000000000000e+00	1275	1	34
36	-5.950127018922000e+02 -7.500000000000000e+02 -7.500000000000000e+02	0.000000000000000e+00 0.000000000000000e+00 0.000000000000000e+00	1.000000000000000e+00	491	1	36
37	 2.710127018922000e+02  7.500000000000000e+02 -7.500000000000000e+02	0.000000000000000e+00 0.000000000000000e+00 0.000000000000000e+00	1.000000000000000e+00	491	1	37
38	2.710127018922000e+02 7.500000000000000e+02 7.500000000000000e+02	0.000000000000000e+00 0.000000000000000e+00 0.000000000000000e+00	1.000000000000000e+00	491	1	38
39	-2.353585060799000e+02 -1.270606596978000e+02  7.500000000000000e+02	1.733006800000000e-03 3.001655900000000e-03 0.000000000000000e+00	1.000000000000000e+00	491	1	39
41	 2.450127018922000e+02 -7.500000000000000e+02  7.500000000000000e+02	0.000000000000000e+00 0.000000000000000e+00 0.000000000000000e+00	1.000000000000000e+00	729	1	41
42	 2.450127018922000e+02 -7.500000000000000e+02  7.353573724479000e+02	 9.000000000000000e-09 -1.560000000000000e-08  4.626000000000000e-07	1.000000000000000e+00	729	1	42
44	-7.500000000000000e+02  5.715767664980000e+01 -7.500000000000000e+02	0.000000000000000e+00 0.000000000000000e+00 0.000000000000000e+00	1.000000000000000e+00	1105	1	44
45	 7.500000000000000e+02  5.715767664980000e+01 -7.500000000000000e+02	0.000000000000000e+00 0.000000000000000e+00 0.000000000000000e+00	1.000000000000000e+00	1105	1	45
47	-7.500000000000000e+02  2.381569860407000e+02  7.500000000000000e+02	0.000000000000000e+00 0.000000000000000e+00 0.000000000000000e+00	1.000000000000000e+00	1074	1	47
48	-7.500000000000000e+02  2.381569860407000e+02 -7.500000000000000e+02	0.000000000000000e+00 0.000000000000000e+00 0.000000000000000e+00	1.000000000000000e+00	1074	1	48
49	 7.500000000000000e+02  2.381569860407000e+02 -7.500000000000000e+02	0.000000000000000e+00 0.000000000000000e+00 0.000000000000000e+00	1.000000000000000e+00	1074	1	49
50	7.500000000000000e+02 2.381569860407000e+02 7.500000000000000e+02	0.000000000000000e+00 0.000000000000000e+00 0.000000000000000e+00	1.000000000000000e+00	1074	1	50
52	 2.613167131810000e+02 -7.500000000000000e+02  1.518683640526000e+02	3.074000000000000e-07 1.560000000000000e-07 0.000000000000000e+00	1.000000000000000e+00	1043	1	52
53	 7.500000000000000e+02 -7.500000000000000e+02  1.518683640526000e+02	0.000000000000000e+00 0.000000000000000e+00 0.000000000000000e+00	1.000000000000000e+00	1043	1	53
54	7.500000000000000e+02 7.500000000000000e+02 1.518683640526000e+02	0.000000000000000e+00 0.000000000000000e+00 0.000000000000000e+00	1.000000000000000e+00	1043	1	54
55	-3.514959768892000e+02  7.500000000000000e+02  1.518683640526000e+02	1.385829388125000e-02 0.000000000000000e+00 0.000000000000000e+00	4.218750000000000e-01	1043	1	55
56	-7.500000000000000e+02  3.403479836873000e+02 -6.854699438004001e+02	-2.395000000000000e-07  0.000000000000000e+00 -6.573600000000000e-06	1.000000000000000e+00	1275	1	56
57	-7.500000000000000e+02  3.403479836873000e+02 -7.500000000000000e+02	0.000000000000000e+00 0.000000000000000e+00 0.000000000000000e+00	1.000000000000000e+00	1275	1	57
59	 3.129872981078000e+02 -7.500000000000000e+02 -1.152526631757000e+02	-9.721000000000000e-07 -1.683700000000000e-06  9.246940000000000e-05	1.000000000000000e+00	1275	1	59
60	 3.129872981078000e+02 -7.500000000000000e+02 -7.500000000000000e+02	0.000000000000000e+00 0.000000000000000e+00 0.000000000000000e+00	1.000000000000000e+00	1275	1	60
61	 7.500000000000000e+02  6.928203230300000e+00 -7.500000000000000e+02	0.000000000000000e+00 0.000000000000000e+00 0.000000000000000e+00	1.000000000000000e+00	1275	1	61
62	 7.500000000000000e+02  6.928203230300000e+00 -3.059390463623000e+02	-0.000000000000000e+00 -0.000000000000000e+00  3.696449000000000e-04	1.000000000000000e+00	1275	1	62
63	 5.470127018922000e+02 -7.500000000000000e+02  2.286190426598000e+02	-0.000000000000000e+00 -0.000000000000000e+00  0.000000000000000e+00	1.000000000000000e+00	1275	1	63
65	 5.470127018922000e+02 -7.500000000000000e+02 -7.500000000000000e+02	0.000000000000000e+00 0.000000000000000e+00 0.000000000000000e+00	1.000000000000000e+00	1275	1	65
66	-8.250000000000000e+01  3.403479836873000e+02 -7.500000000000000e+02	-0.000000000000000e+00 -0.000000000000000e+00  0.000000000000000e+00	7.500000000000000e-01	1275	1	66
67	-7.500000000000000e+02  7.500000000000000e+02 -6.793251553319001e+02	0.000000000000000e+00 1.117208625000000e-01 0.000000000000000e+00	1.000000000000000e+00	1275	1	67
68	-7.500000000000000e+02 -7.500000000000000e+02 -6.793251553319001e+02	0.000000000000000e+00 0.000000000000000e+00 0.000000000000000e+00	1.000000000000000e+00	1275	1	68
71	 4.583567233526000e+02 -7.500000000000000e+02  1.469693845670000e+01	-1.707240000000000e-05  3.065000000000000e-06  0.000000000000000e+00	1.000000000000000e+00	680	1	71
72	 7.500000000000000e+02 -7.500000000000000e+02  1.469693845670000e+01	0.000000000000000e+00 0.000000000000000e+00 0.000000000000000e+00	1.000000000000000e+00	680	1	72
73	7.500000000000000e+02 7.500000000000000e+02 1.469693845670000e+01	0.000000000000000e+00 0.000000000000000e+00 0.000000000000000e+00	1.000000000000000e+00	680	1	73
74	4.293484900713000e+02 7.500000000000000e+02 1.469693845670000e+01	 2.465577000000000e-04 -7.375480000000000e-05  0.000000000000000e+00	1.000000000000000e+00	680	1	74
75	 3.127167513519000e+02  6.910882722200000e+02 -7.500000000000000e+02	1.011600000000000e-05 0.000000000000000e+00 2.776070000000000e-05	1.000000000000000e+00	1043	1	75
76	 7.500000000000000e+02  6.910882722200000e+02 -7.500000000000000e+02	0.000000000000000e+00 0.000000000000000e+00 0.000000000000000e+00	1.000000000000000e+00	1043	1	76
77	7.500000000000000e+02 6.910882722200000e+02 7.500000000000000e+02	0.000000000000000e+00 0.000000000000000e+00 0.000000000000000e+00	1.000000000000000e+00	1043	1	77
78	-7.500000000000000e+02  6.910882722200000e+02  7.500000000000000e+02	-1.525545740000000e-02  0.000000000000000e+00  0.000000000000000e+00	1.000000000000000e+00	1043	1	78
79	-7.168186472310001e+01 -7.500000000000000e+02  9.471360338760000e+01	 3.026880000000000e-05 -3.386870000000000e-05  0.000000000000000e+00	1.000000000000000e+00	1275	1	79
80	 7.500000000000000e+02 -7.500000000000000e+02  9.471360338760000e+01	0.000000000000000e+00 0.000000000000000e+00 0.000000000000000e+00	1.000000000000000e+00	1275	1	80
83	 3.246539722982000e+02 -7.500000000000000e+02  3.592584956082000e+02	-2.691950000000000e-05  1.679000000000000e-06  0.000000000000000e+00	1.000000000000000e+00	1043	1	83
84	 7.500000000000000e+02 -7.500000000000000e+02  3.592584956082000e+02	0.000000000000000e+00 0.000000000000000e+00 0.000000000000000e+00	1.000000000000000e+00	1043	1	84
85	7.500000000000000e+02 7.500000000000000e+02 3.592584956082000e+02	0.000000000000000e+00 0.000000000000000e+00 0.000000000000000e+00	1.000000000000000e+00	1043	1	85
86	-1.808041454315000e+02  7.500000000000000e+02  3.592584956082000e+02	1.851397115625000e-02 0.000000000000000e+00 0.000000000000000e+00	5.625000000000000e-01	1043	1	86
87	-2.960127018922000e+02 -7.500000000000000e+02 -4.870138332373000e+02	-7.700000000000000e-08 -1.333000000000000e-07  1.459000000000000e-06	1.000000000000000e+00	704	1	87
88	-2.960127018922000e+02 -7.500000000000000e+02 -7.500000000000000e+02	0.000000000000000e+00 0.000000000000000e+00 0.000000000000000e+00	1.000000000000000e+00	704	1	88
89	 5.700127018922000e+02  7.500000000000000e+02 -7.500000000000000e+02	0.000000000000000e+00 0.000000000000000e+00 0.000000000000000e+00	1.000000000000000e+00	704	1	89
90	5.700127018922000e+02 7.500000000000000e+02 6.337126869255001e+02	 0.000000000000000e+00 -0.000000000000000e+00 -4.289739000000000e-04	1.000000000000000e+00	704	1	90
92	-7.500000000000000e+02  7.500000000000000e+02  3.804874067123000e+02	0.000000000000000e+00 0.000000000000000e+00 0.000000000000000e+00	1.000000000000000e+00	1043	1	92
93	-7.500000000000000e+02 -7.500000000000000e+02  3.804874067123000e+02	0.000000000000000e+00 0.000000000000000e+00 0.000000000000000e+00	1.000000000000000e+00	1043	1	93
94	 7.500000000000000e+02 -7.500000000000000e+02  3.804874067123000e+02	0.000000000000000e+00 0.000000000000000e+00 0.000000000000000e+00	1.000000000000000e+00	1043	1	94
95	7.500000000000000e+02 3.183506350586000e+02 3.804874067123000e+02	 0.000000000000000e+00 -2.020437600000000e-03  0.000000000000000e+00	1.000000000000000e+00	1043	1	95
97	 5.929872981078000e+02 -7.500000000000000e+02 -1.590038045170000e+01	 7.270000000000001e-08  1.259000000000000e-07 -1.247900000000000e-06	1.000000000000000e+00	97	1	97
98	 5.929872981078000e+02 -7.500000000000000e+02 -7.500000000000000e+02	0.000000000000000e+00 0.000000000000000e+00 0.000000000000000e+00	1.000000000000000e+00	97	1	98
99	 7.500000000000000e+02 -4.780460228890000e+02 -7.500000000000000e+02	0.000000000000000e+00 0.000000000000000e+00 0.000000000000000e+00	1.000000000000000e+00	97	1	99
100	 7.500000000000000e+02 -4.780460228890000e+02  1.947839872520000e+01	 4.000000000000000e-09  6.900000000000001e-09 -9.170000000000001e-08	1.000000000000000e+00	97	1	100
101	-7.500000000000000e+02 -5.525242076145000e+02 -1.159425144917000e+02	-0.000000000000000e+00 -0.000000000000000e+00  0.000000000000000e+00	1.779785156250000e-01	661	1	101
102	-7.500000000000000e+02 -5.525242076145000e+02  7.500000000000000e+02	0.000000000000000e+00 0.000000000000000e+00 0.000000000000000e+00	1.000000000000000e+00	661	1	102
103	-6.359872981078000e+02 -7.500000000000000e+02  7.500000000000000e+02	0.000000000000000e+00 0.000000000000000e+00 0.000000000000000e+00	1.000000000000000e+00	661	1	103
104	-6.359872981078000e+02 -7.500000000000000e+02 -1.159425144917000e+02	0.000000000000000e+00 0.000000000000000e+00 0.000000000000000e+00	7.500000000000000e-01	661	1	104
105	-5.197873603128000e+02 -7.500000000000000e+02  5.829785587824000e+02	-3.563996000000000e-04  0.000000000000000e+00  0.000000000000000e+00	1.000000000000000e+00	105	1	105
106	 7.500000000000000e+02 -7.500000000000000e+02  5.829785587824000e+02	0.000000000000000e+00 0.000000000000000e+00 0.000000000000000e+00	1.000000000000000e+00	105	1	106
107	7.500000000000000e+02 2.525216224150000e+01 5.829785587824000e+02	 1.238000000000000e-07 -5.116000000000000e-07  0.000000000000000e+00	1.000000000000000e+00	105	1	107
108	-2.037298156414000e+02  6.910882722200000e+02 -4.164132562731000e+02	1.379132388281250e-03 0.000000000000000e+00 0.000000000000000e+00	3.164062500000000e-01	1043	0	108
112	 6.714878202251000e+02  1.377191351907000e+02 -5.913742753508001e+02	 9.771000000000001e-07 -1.692300000000000e-06 -2.162390000000000e-05	1.000000000000000e+00	0	0	112
113	 5.316397773633000e+02 -6.968748461900001e+00  2.286190426598000e+02	-3.495884000000000e-04 -1.065050000000000e-05  0.000000000000000e+00	1.000000000000000e+00	1275	0	113
114	 2.990321774210000e+02  6.853942476632001e+02 -4.262112152443000e+02	-1.700000000000000e-09 -1.140000000000000e-08  0.000000000000000e+00	1.000000000000000e+00	646	0	114
116	-5.726564884056000e+02  1.337128808981000e+02 -1.159425144917000e+02	-2.440373000000000e-04  2.454312000000000e-04  0.000000000000000e+00	1.000000000000000e+00	661	0	116
117	-4.259187603230000e+02  2.980881026608000e+02 -4.164132562731000e+02	 5.903000000000000e-07 -4.860000000000000e-07  0.000000000000000e+00	1.000000000000000e+00	1043	0	117
118	-5.575695198404001e+02 -1.530562375172000e+02  1.077775486825000e+02	-9.566860000000000e-04 -1.073676000000000e-04  0.000000000000000e+00	1.000000000000000e+00	23	0	118
119	-1.571144847939000e+02  7.497638700000000e-03 -1.894272067752000e+02	-2.652000000000000e-07  2.049000000000000e-07  0.000000000000000e+00	1.000000000000000e+00	27	0	119
122	-5.478525523827000e+02 -6.683162249569000e+02  3.977575488250000e+02	 6.670350000000000e-05  1.155338000000000e-04 -1.829235000000000e-04	1.000000000000000e+00	491	0	122
123	 1.455982232367000e+02 -5.778090719606000e+02  7.442803306268000e+02	 6.100000000000000e-09 -1.060000000000000e-08  2.301000000000000e-07	1.000000000000000e+00	729	0	123
126	-7.298541894930000e+01  8.453895000000001e-04  1.518683640526000e+02	-6.580000000000001e-08 -2.870000000000000e-08  0.000000000000000e+00	1.000000000000000e+00	1043	0	126
127	-2.082565374574000e+02  3.403479836873000e+02 -7.338222968849001e+02	-5.267300000000000e-06  0.000000000000000e+00 -4.129710000000000e-05	1.000000000000000e+00	1275	0	127
128	 5.321163432506000e+02 -3.704573603986000e+02 -2.848079349200000e+02	8.857200000000001e-06 1.534110000000000e-05 2.431222000000000e-04	1.000000000000000e+00	1275	0	128
129	 4.408519024749000e+02 -5.661241016370000e+02 -1.308947132410000e+01	 2.826651000000000e-04 -4.895903000000000e-04 -3.534776000000000e-04	1.000000000000000e+00	1275	0	129
130	-3.234899924397000e+02  6.013323502834000e+02 -6.793251553319001e+02	-1.906803000000000e-04 -3.180179000000000e-04  0.000000000000000e+00	1.000000000000000e+00	1275	0	130
131	4.424140419412000e+02 1.437719380761000e+02 1.469693845670000e+01	8.409197000000000e-04 1.005259000000000e-04 0.000000000000000e+00	1.000000000000000e+00	680	0	131
132	-4.900835151040000e+01  6.910882722200000e+02 -5.539779027110001e+02	-8.773480000000000e-05  0.000000000000000e+00 -1.109419000000000e-04	1.000000000000000e+00	1043	0	132
133	-3.415807193427000e+02  6.910882722200000e+02  1.521132474778000e+02	-9.296666970439912e-04  0.000000000000000e+00  2.683739485131455e-03	7.508468627929688e-02	1043	0	133
134	 3.512831740957000e+02 -1.561655458654000e+02  9.471360338760000e+01	 7.549000000000001e-07 -4.560000000000000e-07  0.000000000000000e+00	1.000000000000000e+00	1275	0	134
136	2.600933373190000e+02 1.909343823303000e+02 3.592584956082000e+02	1.601500000000000e-03 2.892284000000000e-04 0.000000000000000e+00	1.000000000000000e+00	1043	0	136
137	 1.428315068422000e+02  1.010046613550000e+01 -3.841135064220000e+01	 2.292562000000000e-04  3.970834000000000e-04 -4.022951000000000e-04	1.000000000000000e+00	704	0	137
138	-1.218983134560000e+02  6.910882722200000e+02  3.804874067123000e+02	-8.277847504803568e-06  0.000000000000000e+00  0.000000000000000e+00	7.516946818213910e-03	1043	0	138
139	 6.776096751858000e+02 -6.034297434436000e+02  4.807835314800000e+00	 8.050000000000000e-08  1.395000000000000e-07 -1.304200000000000e-06	1.000000000000000e+00	97	0	139
141	 2.294207590730000e+02 -2.441958041581000e+02  5.829785587824000e+02	 9.306590000000000e-05 -1.411974000000000e-04  0.000000000000000e+00	1.000000000000000e+00	105	0	141
143	 5.700414152080000e+02  3.134294629255000e+02 -6.168268679941000e+02	 1.948800000000000e-06 -3.375500000000000e-06 -2.549780000000000e-05	1.000000000000000e+00	0	0	143
144	 5.285494279678001e+02 -3.812734112020000e+02  2.286190426598000e+02	-3.516018000000000e-04  2.945850000000000e-05  0.000000000000000e+00	1.000000000000000e+00	1275	0	144
146	 5.245167656890001e+02  6.530451663374000e+02 -4.262112152443000e+02	1.240000000000000e-08 8.670000000000000e-08 0.000000000000000e+00	1.000000000000000e+00	646	0	146
147	 7.241660350740000e+01  7.223112437664000e+02 -4.262112152443000e+02	3.518000000000000e-07 1.332400000000000e-06 0.000000000000000e+00	1.000000000000000e+00	646	0	147
150	-7.500000000000000e+02 -2.100220042354000e+02 -1.159425144917000e+02	0.000000000000000e+00 6.421960000000000e-05 0.000000000000000e+00	1.000000000000000e+00	661	1	150
151	-2.304024530793000e+02  4.424153570323000e+02 -1.159425144917000e+02	-1.878203000000000e-04  2.418746000000000e-04  0.000000000000000e+00	1.000000000000000e+00	661	0	151
152	-5.879495509590000e+02  1.016200940525000e+02 -4.164132562731000e+02	 5.391000000000001e-07 -4.446000000000000e-07  0.000000000000000e+00	1.000000000000000e+00	1043	0	152
153	-5.116037470613000e+02 -6.142582376883000e+02  1.077775486825000e+02	-8.137127000000000e-04 -2.206570000000000e-05  0.000000000000000e+00	1.000000000000000e+00	23	0	153
154	-6.045667858425001e+02  3.329549636791000e+02  1.077775486825000e+02	-3.919299000000000e-04 -3.014680000000000e-05  0.000000000000000e+00	1.000000000000000e+00	23	0	154
155	-4.468806053364000e+02 -3.749906625545000e+02 -1.894272067752000e+02	-3.256000000000000e-07  2.516000000000000e-07  0.000000000000000e+00	1.000000000000000e+00	27	0	155
156	 1.326559683653000e+02  3.750022974420000e+02 -1.894272067752000e+02	-1.302000000000000e-07  1.006000000000000e-07  0.000000000000000e+00	1.000000000000000e+00	27	0	156
159	-5.950127018922000e+02 -7.500000000000000e+02  2.286636050656000e+02	0.000000000000000e+00 0.000000000000000e+00 3.710670000000000e-05	1.000000000000000e+00	491	1	159
160	-4.548126814456000e+02 -5.071664413642000e+02  5.582408861303001e+02	 7.565220000000000e-05  1.310335000000000e-04 -2.270346000000000e-04	1.000000000000000e+00	491	0	160
161	 9.392898132320001e+01 -4.883153197779000e+02  7.500000000000000e+02	 6.000000000000000e-09 -1.030000000000000e-08  2.151000000000000e-07	1.000000000000000e+00	729	1	161
162	 1.965541801500000e+02 -6.660673782828001e+02  7.391364900946000e+02	 6.400000000000000e-09 -1.110000000000000e-08  2.867000000000000e-07	1.000000000000000e+00	729	0	162
164	5.312830389011000e+02 5.389164902130000e+01 2.286190426598000e+02	-1.524755000000000e-04 -1.200000000000000e-09  0.000000000000000e+00	1.000000000000000e+00	1275	0	164
167	 9.035355737430001e+01 -3.750046516435000e+02  1.518683640526000e+02	-4.292000000000000e-07 -1.872000000000000e-07  0.000000000000000e+00	1.000000000000000e+00	1043	0	167
168	-2.362470997916000e+02  3.749993852633000e+02  1.518683640526000e+02	-3.400000000000000e-09 -1.500000000000000e-09  0.000000000000000e+00	1.000000000000000e+00	1043	0	168
169	-4.952185721739000e+02  3.403479836873000e+02 -6.992302881788000e+02	-1.966600000000000e-06  0.000000000000000e+00 -2.337080000000000e-05	1.000000000000000e+00	1275	0	169
170	 1.225055809580000e+02  3.403479836873000e+02 -7.497370286426001e+02	-2.300000000000000e-08  0.000000000000000e+00 -1.710680000000000e-05	1.000000000000000e+00	1263	0	170
172	 6.449061822931001e+02 -1.750996285994000e+02 -2.990205426975000e+02	7.220300000000000e-06 1.250590000000000e-05 3.230949000000000e-04	1.000000000000000e+00	1275	0	172
174	 4.772591570547000e+02 -6.291833163334001e+02 -3.651239138148000e+02	-1.150226000000000e-04  1.992249000000000e-04  2.428770000000000e-04	1.000000000000000e+00	1275	0	174
177	 4.753489132326000e+02 -3.044993987560000e+02  1.469693845670000e+01	3.955517000000000e-04 1.173800000000000e-05 0.000000000000000e+00	1.000000000000000e+00	680	0	177
178	3.931001973549000e+02 5.746914297991000e+02 1.469693845670000e+01	 6.807789000000000e-04 -1.327910000000000e-05  0.000000000000000e+00	1.000000000000000e+00	680	0	178
179	 9.500360710500001e+00  6.910882722200000e+02 -6.005695580586000e+02	-1.029531000000000e-04  0.000000000000000e+00 -1.294816000000000e-04	1.000000000000000e+00	1043	0	179
180	-1.361510553929000e+02  6.910882722200000e+02  4.116339147007000e+02	-1.260250740966797e-04  0.000000000000000e+00 -2.795925593078614e-04	1.334838867187500e-01	1043	0	180
181	 2.146165821057000e+02 -4.510288080611000e+02  9.471360338760000e+01	-3.987400000000000e-06  2.515100000000000e-06  0.000000000000000e+00	1.000000000000000e+00	1275	0	181
183	 3.043269505881000e+02 -2.788110855514000e+02  3.592584956082000e+02	7.122424000000000e-04 6.872940000000000e-05 0.000000000000000e+00	1.000000000000000e+00	1043	0	183
184	3.976504031800000e+01 6.064045001859000e+02 3.592584956082000e+02	-1.472386000000000e-04 -5.225641000000000e-04  0.000000000000000e+00	1.000000000000000e+00	1043	0	184
185	-8.334503515240000e+01 -3.816487960795000e+02 -3.778463967679000e+02	 3.018100000000000e-06  5.227600000000001e-06 -1.243700000000000e-05	1.000000000000000e+00	704	0	185
186	3.238322697728000e+02 3.236029837399000e+02 3.764854939992000e+02	1.940367000000000e-04 3.360815000000000e-04 5.100085000000000e-04	1.000000000000000e+00	704	0	186
187	-2.605005499293000e+02  7.500000000000000e+02  3.804874067123000e+02	1.458344000000000e-04 1.826551000000000e-04 0.000000000000000e+00	1.000000000000000e+00	1043	1	187
188	1.827101076303000e+02 5.828033439013000e+02 3.804874067123000e+02	-5.388406000000001e-04 -1.840913000000000e-03  0.000000000000000e+00	1.000000000000000e+00	1043	0	188
189	 6.311552334408000e+02 -6.838911967833001e+02 -7.007115162400000e+00	 1.655000000000000e-07  2.866000000000000e-07 -2.728000000000000e-06	1.000000000000000e+00	97	0	189
190	 7.226337319827001e+02 -5.254457895085001e+02  1.470621967050000e+01	 3.300000000000000e-09  5.800000000000000e-09 -6.490000000000001e-08	1.000000000000000e+00	97	0	190
191	-7.938075884320000e+01 -4.644145139440000e+02  5.829785587824000e+02	-6.200510000000001e-05  8.276380000000001e-05  0.000000000000000e+00	1.000000000000000e+00	105	0	191
192	 5.491903812633000e+02 -4.406752946850000e+01  5.829785587824000e+02	 7.330030000000000e-05 -1.644601000000000e-04  0.000000000000000e+00	1.000000000000000e+00	105	0	192
193	-2.644986613321000e+02  4.946726122020000e+02 -4.164132562731000e+02	-1.958512500000000e-06  1.093500000000000e-06  0.000000000000000e+00	5.625000000000000e-01	1043	0	193
194	-1.728060708684000e+02  6.910882722200000e+02 -4.339970849935000e+02	-1.211882062500000e-04  0.000000000000000e+00  2.913835218750000e-03	5.625000000000000e-01	1043	0	194
195	-3.614989520326000e+02  6.910882722200000e+02 -2.256008934326000e+02	1.846957000000000e-04 0.000000000000000e+00 2.723354000000000e-04	1.000000000000000e+00	1043	0	195
198	5.456836065776000e+02 1.156192186822000e+02 9.471360338760000e+01	 6.885550000000000e-05 -5.570190000000000e-05  0.000000000000000e+00	1.000000000000000e+00	1275	0	198
199	7.500000000000000e+02 4.030691367040000e+02 9.471360338760000e+01	 0.000000000000000e+00 -2.011898600000000e-02  0.000000000000000e+00	1.000000000000000e+00	1275	1	199
201	 5.168403284668000e+02  4.055764481792000e+02 -6.352239259454000e+02	 1.881600000000000e-06 -3.259100000000000e-06 -2.170090000000000e-05	1.000000000000000e+00	0	0	201
202	 5.092176160077000e+02 -5.498613110627000e+02  2.286190426598000e+02	-2.393581000000000e-04  3.775230000000000e-05  0.000000000000000e+00	1.000000000000000e+00	1275	0	202
204	 6.372592022741001e+02  6.368716087753000e+02 -4.262112152443000e+02	2.450000000000000e-08 1.709000000000000e-07 0.000000000000000e+00	1.000000000000000e+00	646	0	204
205	-2.395892316890000e+01  7.500000000000000e+02 -4.262112152443000e+02	-4.530000000000000e-08 -1.576000000000000e-07  0.000000000000000e+00	1.000000000000000e+00	646	1	205
209	-7.596795860890001e+01  5.599141184097000e+02 -1.159425144917000e+02	-3.889100000000000e-05  5.218130000000000e-05  0.000000000000000e+00	1.000000000000000e+00	661	0	209
210	-6.689659547763000e+02  3.386916616600000e+00 -4.164132562731000e+02	 4.809000000000000e-07 -3.966000000000000e-07  0.000000000000000e+00	1.000000000000000e+00	1043	0	210
212	-6.190639799557000e+02  5.592972854566000e+02  1.077775486825000e+02	-8.321330000000000e-05 -4.605200000000000e-06  0.000000000000000e+00	1.000000000000000e+00	23	0	212
213	-5.917555471784000e+02 -5.624960325778001e+02 -1.894272067752000e+02	-8.680000000000001e-08  6.700000000000000e-08  0.000000000000000e+00	1.000000000000000e+00	27	0	213
214	 2.775409019804000e+02  5.624999311717000e+02 -1.894272067752000e+02	-4.530000000000000e-08  3.500000000000000e-08  0.000000000000000e+00	1.000000000000000e+00	27	0	214
216	-4.052044892136000e+02 -4.212425319468000e+02  6.221252889245001e+02	 3.054420000000000e-05  5.290410000000000e-05 -9.558970000000000e-05	1.000000000000000e+00	491	0	216
221	 1.722464154867000e+02 -5.624963142471000e+02  1.518683640526000e+02	-2.610000000000000e-08 -1.100000000000000e-08  0.000000000000000e+00	1.000000000000000e+00	1043	0	221
222	-3.180674353382000e+02  5.617292867280000e+02  1.518683640526000e+02	2.375953000000000e-04 7.752340000000000e-05 0.000000000000000e+00	1.000000000000000e+00	1043	0	222
223	-6.344855166710000e+02  3.403479836873000e+02 -6.899528858145001e+02	-6.801000000000001e-07  0.000000000000000e+00 -1.358110000000000e-05	1.000000000000000e+00	1275	0	223
226	 7.011226279267000e+02 -7.772988854120000e+01 -3.033168059682000e+02	5.156200000000000e-06 8.930700000000001e-06 3.530978000000000e-04	1.000000000000000e+00	1275	0	226
228	 5.256151973130001e+02 -7.129384349136001e+02 -5.454371866911000e+02	-4.664590000000000e-05  8.079310000000000e-05 -3.394700000000000e-06	1.000000000000000e+00	1275	0	228
229	-4.961995294983000e+02  6.804762405955000e+02 -6.793251553319001e+02	-7.743650000000000e-05 -1.984555000000000e-04  0.000000000000000e+00	1.000000000000000e+00	1275	0	229
231	 4.812157933695000e+02 -5.370346823893000e+02  1.469693845670000e+01	1.592191000000000e-04 1.940800000000000e-06 0.000000000000000e+00	1.000000000000000e+00	680	0	231
233	-3.315310005313000e+02  6.910882722200000e+02  5.606068528843000e+02	-1.828607000000000e-04  0.000000000000000e+00 -2.660036000000000e-04	1.000000000000000e+00	1043	0	233
234	 1.236792243004000e+02 -5.783045199795000e+02  9.471360338760000e+01	-6.838800000000000e-06  6.703900000000000e-06  0.000000000000000e+00	1.000000000000000e+00	1275	0	234
235	 3.239262433261000e+02 -5.357181244917000e+02  3.592584956082000e+02	2.845152000000000e-04 1.462770000000000e-05 0.000000000000000e+00	1.000000000000000e+00	1043	0	235
237	-2.086837217997000e+02 -5.987417695066000e+02 -4.620507006683000e+02	-2.850000000000000e-08 -4.930000000000000e-08  2.792000000000000e-07	1.000000000000000e+00	704	0	237
238	4.183650163339000e+02 4.873385037627000e+02 5.482037111218000e+02	-5.284370000000000e-05 -9.152800000000001e-05  1.821489000000000e-04	1.000000000000000e+00	704	0	238
240	3.247081150324000e+02 5.510183744120001e+02 3.804874067123000e+02	-7.621051000000000e-04 -2.947955000000000e-03  0.000000000000000e+00	1.000000000000000e+00	1043	0	240
241	-2.310478793561000e+02 -5.802568353853001e+02  5.829785587824000e+02	-1.650065000000000e-04  2.137645000000000e-04  0.000000000000000e+00	1.000000000000000e+00	105	0	241
242	7.085871329695000e+02 1.522769022030000e+01 5.829785587824000e+02	 6.761000000000000e-07 -2.145300000000000e-06  0.000000000000000e+00	1.000000000000000e+00	105	0	242
243	-2.176796585876000e+02  6.044043456357000e+02 -4.164132562731000e+02	-1.016011144335938e-03  1.635177434326172e-04  0.000000000000000e+00	1.779785156250000e-01	1043	0	243
244	-2.606689965183000e+02  6.910882722200000e+02 -3.719591891439000e+02	1.468489050000000e-03 0.000000000000000e+00 5.902824375000000e-05	5.625000000000000e-01	1043	0	244
245	6.662503938477000e+02 2.693976170475000e+02 9.471360338760000e+01	 8.071513400000001e-03 -6.391487900000000e-03  0.000000000000000e+00	1.000000000000000e+00	1275	0	245
246	 7.168801349142000e+02  5.909733987590000e+01 -5.837792692869000e+02	 7.072000000000000e-07 -1.224800000000000e-06 -1.709310000000000e-05	1.000000000000000e+00	0	0	246
247	 6.218905988134001e+02  2.236240425901000e+02 -6.022756178299001e+02	 1.497700000000000e-06 -2.594100000000000e-06 -2.501020000000000e-05	1.000000000000000e+00	0	0	247
248	 5.364132669682000e+02 -1.971660456780000e+02  2.286190426598000e+02	-4.029157000000000e-04  9.468000000000001e-07  0.000000000000000e+00	1.000000000000000e+00	1275	0	248
249	5.384717059429000e+02 1.829046679184000e+02 2.286190426598000e+02	 1.208070000000000e-05 -3.054600000000000e-06  0.000000000000000e+00	1.000000000000000e+00	1275	0	249
250	 4.117744067306000e+02  6.692192807685000e+02 -4.262112152443000e+02	3.100000000000000e-09 2.130000000000000e-08 0.000000000000000e+00	1.000000000000000e+00	646	0	250
251	 1.864103744946000e+02  7.024001760203000e+02 -4.262112152443000e+02	1.800000000000000e-08 1.056000000000000e-07 0.000000000000000e+00	1.000000000000000e+00	646	0	251
254	-7.004484953104001e+02 -7.398523946520000e+01 -1.159425144917000e+02	-8.351630000000000e-05  9.872010000000000e-05  0.000000000000000e+00	1.000000000000000e+00	661	0	254
255	-3.941670133536000e+02  3.150929775054000e+02 -1.159425144917000e+02	-3.266917000000000e-04  3.689252000000000e-04  0.000000000000000e+00	1.000000000000000e+00	661	0	255
256	-5.069334658348000e+02  1.998535148964000e+02 -4.164132562731000e+02	 5.813000000000001e-07 -4.794000000000000e-07  0.000000000000000e+00	1.000000000000000e+00	1043	0	256
257	-3.451340565951000e+02  3.963262450596000e+02 -4.164132562731000e+02	 3.135937500000000e-07 -2.579625000000000e-07  0.000000000000000e+00	5.625000000000000e-01	1043	0	257
258	-5.268658691060000e+02 -4.180504815722000e+02  1.077775486825000e+02	-1.156947600000000e-03 -1.358562000000000e-04  0.000000000000000e+00	1.000000000000000e+00	23	0	258
259	-5.835364099095000e+02  9.168556466280000e+01  1.077775486825000e+02	-7.008525000000000e-04 -6.883840000000001e-05  0.000000000000000e+00	1.000000000000000e+00	23	0	259
260	-3.020008292446000e+02 -1.874890445897000e+02 -1.894272067752000e+02	-3.802000000000000e-07  2.938000000000000e-07  0.000000000000000e+00	1.000000000000000e+00	27	0	260
261	-1.222876252480000e+01  1.875045145223000e+02 -1.894272067752000e+02	-1.849000000000000e-07  1.429000000000000e-07  0.000000000000000e+00	1.000000000000000e+00	27	0	261
262	-5.855931156907001e+02 -7.336847981127000e+02  2.906540225102000e+02	 1.918350000000000e-05  3.322680000000000e-05 -1.235951000000000e-04	1.000000000000000e+00	491	0	262
263	-5.020710454799000e+02 -5.890203289542001e+02  4.853690033203000e+02	 1.028318000000000e-04  1.781099000000000e-04 -2.419339000000000e-04	1.000000000000000e+00	491	0	263
268	 8.684108945400000e+00 -1.875018815713000e+02  1.518683640526000e+02	-2.220000000000000e-07 -9.670000000000000e-08  0.000000000000000e+00	1.000000000000000e+00	1043	0	268
269	-1.546108998552000e+02  1.875024505401000e+02  1.518683640526000e+02	7.720000000000000e-08 3.360000000000000e-08 0.000000000000000e+00	1.000000000000000e+00	1043	0	269
270	-3.565199086214000e+02  3.403479836873000e+02 -7.131986220381000e+02	-5.179500000000000e-06  0.000000000000000e+00 -4.416700000000000e-05	1.000000000000000e+00	1275	0	270
273	 5.887251604618000e+02 -2.724080128324000e+02 -2.930401389950000e+02	8.612800000000000e-06 1.491780000000000e-05 2.858445000000000e-04	1.000000000000000e+00	1275	0	273
274	 4.707988815616000e+02 -6.179937909484000e+02  1.280467942629000e+02	-1.517130000000000e-05  2.627740000000000e-05 -9.525740000000000e-05	1.000000000000000e+00	1275	0	274
277	 5.470127018922000e+02 -7.500000000000000e+02 -6.793251553319001e+02	0.000000000000000e+00 0.000000000000000e+00 0.000000000000000e+00	1.000000000000000e+00	1275	1	277
278	 4.646926336429000e+02 -5.885496604320000e+01  1.469693845670000e+01	7.316004000000000e-04 4.840570000000000e-05 0.000000000000000e+00	1.000000000000000e+00	680	0	278
279	4.112055339757000e+02 4.035431545529000e+02 1.469693845670000e+01	1.057799000000000e-03 1.460390000000000e-04 0.000000000000000e+00	1.000000000000000e+00	680	0	279
280	-1.680997086100000e+02  6.910882722200000e+02  3.804874067123000e+02	2.045260600000000e-03 0.000000000000000e+00 0.000000000000000e+00	1.000000000000000e+00	1043	0	280
281	-4.321909787302000e+02  6.910882722200000e+02  4.264789305420000e+01	9.171140000000000e-04 0.000000000000000e+00 6.837789000000000e-04	1.000000000000000e+00	1043	0	281
282	 2.769766014141000e+02 -3.009737098942000e+02  9.471360338760000e+01	 9.285000000000000e-07 -3.973000000000000e-07  0.000000000000000e+00	1.000000000000000e+00	1275	0	282
283	 4.426626383436000e+02 -2.401468506510000e+01  9.471360338760000e+01	 2.429200000000000e-06 -1.745000000000000e-06  0.000000000000000e+00	1.000000000000000e+00	1275	0	283
284	 2.798261297740000e+02 -1.151071459340000e+01  3.592584956082000e+02	1.104108800000000e-03 9.913390000000001e-05 0.000000000000000e+00	1.000000000000000e+00	1043	0	284
285	2.203345147328000e+02 3.921187521096000e+02 3.592584956082000e+02	1.985839600000000e-03 4.663338000000000e-04 0.000000000000000e+00	1.000000000000000e+00	1043	0	285
286	 3.880467003860000e+01 -1.700793005591000e+02 -2.387933958171000e+02	 7.819480000000001e-05  1.354374000000000e-04 -2.184173000000000e-04	1.000000000000000e+00	704	0	286
287	2.292626210935000e+02 1.598035473734000e+02 1.647362548576000e+02	 2.609397000000000e-04  4.519609000000000e-04 -5.254326000000000e-04	1.000000000000000e+00	704	0	287
289	1.545439234420000e+01 6.444881772803001e+02 3.804874067123000e+02	-2.292354000000000e-04 -6.225389000000000e-04  0.000000000000000e+00	1.000000000000000e+00	1043	0	289
290	 7.391015878450000e+01 -3.523932243433000e+02  5.829785587824000e+02	 4.553860000000000e-05 -6.356540000000001e-05  0.000000000000000e+00	1.000000000000000e+00	105	0	290
291	 3.887842000445000e+02 -1.412099208947000e+02  5.829785587824000e+02	 2.195817000000000e-04 -3.283387000000000e-04  0.000000000000000e+00	1.000000000000000e+00	105	0	291
292	 4.941579779096000e+02 -6.444170919888001e+02  2.286190426598000e+02	-1.056146000000000e-04 -4.929400000000000e-06  0.000000000000000e+00	1.000000000000000e+00	1275	0	292
297	-4.173416664500000e+00  6.119530218185000e+02 -1.159425144917000e+02	 4.375700000000000e-06 -6.476800000000000e-06  0.000000000000000e+00	1.000000000000000e+00	661	0	297
298	-7.094725954237000e+02 -4.573098391730000e+01 -4.164132562731000e+02	 4.960000000000000e-07 -4.091000000000000e-07  0.000000000000000e+00	1.000000000000000e+00	1043	0	298
300	-6.228574725121000e+02  6.681161175763000e+02  1.077775486825000e+02	2.062120000000000e-05 1.894000000000000e-07 0.000000000000000e+00	1.000000000000000e+00	23	0	300
301	-6.642004234153001e+02 -6.562430090653000e+02 -1.894272067752000e+02	-2.154000000000000e-07  1.664000000000000e-07  0.000000000000000e+00	1.000000000000000e+00	27	0	301
302	 3.499831687116000e+02  6.562489102281000e+02 -1.894272067752000e+02	-8.200000000000001e-09  6.300000000000000e-09  0.000000000000000e+00	1.000000000000000e+00	27	0	302
305	 2.137157559132000e+02 -6.561927269703000e+02  1.518683640526000e+02	3.340000000000000e-07 1.589000000000000e-07 0.000000000000000e+00	1.000000000000000e+00	1043	0	305
306	-3.478064927450000e+02  6.910882722200000e+02  1.518683640526000e+02	5.796327093750000e-04 0.000000000000000e+00 0.000000000000000e+00	3.164062500000000e-01	1043	0	306
307	-7.047968055757000e+02  3.403479836873000e+02 -6.871170864332000e+02	-4.160000000000000e-08  0.000000000000000e+00 -1.065900000000000e-06	1.000000000000000e+00	1275	0	307
313	 4.773252273733000e+02 -6.443429128030000e+02  1.469693845670000e+01	 1.272420000000000e-05 -3.746000000000000e-07  0.000000000000000e+00	1.000000000000000e+00	680	0	313
314	4.094490347714000e+02 6.834773505754000e+02 1.469693845670000e+01	 1.515530000000000e-05 -4.177100000000000e-06  0.000000000000000e+00	1.000000000000000e+00	680	0	314
315	-3.923451285473000e+02  6.910882722200000e+02  5.986574934581000e+02	-7.200390000000000e-05  0.000000000000000e+00 -1.202304000000000e-04	1.000000000000000e+00	1043	0	315
316	 5.907626907430000e+01 -6.436518733209000e+02  9.471360338760000e+01	-5.017900000000000e-06  5.283800000000000e-06  0.000000000000000e+00	1.000000000000000e+00	1275	0	316
317	 3.279663275732000e+02 -6.547062430770001e+02  3.592584956082000e+02	9.041990000000000e-05 1.587600000000000e-06 0.000000000000000e+00	1.000000000000000e+00	1043	0	317
319	-2.677072062407000e+02 -7.009734433981000e+02 -4.810411382141000e+02	-8.500000000000000e-09 -1.480000000000000e-08  1.472000000000000e-07	1.000000000000000e+00	704	0	319
320	4.773710857678000e+02 5.895400139771000e+02 5.975503711937000e+02	 2.160990000000000e-05  3.742940000000000e-05 -1.564385000000000e-04	1.000000000000000e+00	704	0	320
322	4.029930387722000e+02 5.271080492915000e+02 3.804874067123000e+02	-1.034599200000000e-03 -3.181752600000000e-03  0.000000000000000e+00	1.000000000000000e+00	1043	0	322
323	-3.062499605823000e+02 -6.381964121191000e+02  5.829785587824000e+02	-1.913266000000000e-04  2.523429000000000e-04  0.000000000000000e+00	1.000000000000000e+00	105	0	323
327	6.843017952544001e+02 2.921938617651000e+02 9.471360338760000e+01	 1.232979067968750e-02 -2.135582385468750e-02  0.000000000000000e+00	4.218750000000000e-01	1275	0	327
328	 5.352515435303001e+02 -1.032036720834000e+02  2.286190426598000e+02	-4.088269000000000e-04 -1.147330000000000e-05  0.000000000000000e+00	1.000000000000000e+00	1275	0	328
332	-6.442404721148000e+02  2.632615137600000e+01 -1.159425144917000e+02	-2.470522000000000e-04  6.277740000000000e-05  0.000000000000000e+00	1.000000000000000e+00	661	0	332
333	-4.828092018115000e+02  2.361919600477000e+02 -1.159425144917000e+02	-2.620898000000000e-04  3.225347000000000e-04  0.000000000000000e+00	1.000000000000000e+00	661	0	333
334	-4.664257832736000e+02  2.489705224592000e+02 -4.164132562731000e+02	 5.927000000000001e-07 -4.888000000000000e-07  0.000000000000000e+00	1.000000000000000e+00	1043	0	334
335	-3.855313990442000e+02  3.472112923751000e+02 -4.164132562731000e+02	 3.315375000000000e-07 -2.726437500000000e-07  0.000000000000000e+00	5.625000000000000e-01	1043	0	335
336	-5.418876196687000e+02 -2.912177707470000e+02  1.077775486825000e+02	-1.047418700000000e-03 -1.214672000000000e-04  0.000000000000000e+00	1.000000000000000e+00	23	0	336
337	-5.711184328773001e+02 -2.896408965230000e+01  1.077775486825000e+02	-8.392855000000000e-04 -8.966840000000000e-05  0.000000000000000e+00	1.000000000000000e+00	23	0	337
338	-2.295581773333000e+02 -9.374037141580000e+01 -1.894272067752000e+02	-3.388000000000000e-07  2.618000000000000e-07  0.000000000000000e+00	1.000000000000000e+00	27	0	338
339	-8.467130297060001e+01  9.375575829230000e+01 -1.894272067752000e+02	-2.085000000000000e-07  1.611000000000000e-07  0.000000000000000e+00	1.000000000000000e+00	27	0	339
342	-3.215190972750000e+01 -9.375106446500000e+01  1.518683640526000e+02	-1.754000000000000e-07 -7.640000000000001e-08  0.000000000000000e+00	1.000000000000000e+00	1043	0	342
343	-1.137968432663000e+02  9.375222092480000e+01  1.518683640526000e+02	3.140000000000000e-08 1.370000000000000e-08 0.000000000000000e+00	1.000000000000000e+00	1043	0	343
344	-2.839578761700000e+02  3.403479836873000e+02 -7.225146850791000e+02	-8.858200000000001e-06  0.000000000000000e+00 -6.202370000000001e-05	1.000000000000000e+00	1275	0	344
346	 4.587430883111000e+02 -5.971125445130000e+02  7.708762420160001e+01	 1.582797000000000e-04 -2.741486000000000e-04  1.045773000000000e-04	1.000000000000000e+00	1275	0	346
349	-1.770938984439000e+02  5.041894218782000e+02 -6.793251553319001e+02	 3.664852000000000e-04 -6.347711000000000e-04  0.000000000000000e+00	1.000000000000000e+00	1275	0	349
350	4.579977070426000e+02 2.136863241570000e+01 1.469693845670000e+01	8.047829000000001e-04 8.525120000000000e-05 0.000000000000000e+00	1.000000000000000e+00	680	0	350
351	4.259478751004000e+02 2.939121093770000e+02 1.469693845670000e+01	8.642522000000000e-04 1.085399000000000e-04 0.000000000000000e+00	1.000000000000000e+00	680	0	351
352	-1.819413773263000e+02  6.910882722200000e+02  3.592584956082000e+02	5.838520626562500e-03 0.000000000000000e+00 0.000000000000000e+00	4.218750000000000e-01	1043	0	352
354	 3.107059343621000e+02 -2.266559140622000e+02  9.471360338760000e+01	 5.276300000000000e-06 -2.722800000000000e-06  0.000000000000000e+00	1.000000000000000e+00	1275	0	354
355	 3.950261774217000e+02 -8.871631092980000e+01  9.471360338760000e+01	 7.031000000000000e-07 -4.906000000000000e-07  0.000000000000000e+00	1.000000000000000e+00	1275	0	355
356	2.698783195675000e+02 9.550055581530000e+01 3.592584956082000e+02	1.331373800000000e-03 1.330598000000000e-04 0.000000000000000e+00	1.000000000000000e+00	1043	0	356
357	2.415832119152000e+02 2.776898830064000e+02 3.592584956082000e+02	1.855430400000000e-03 3.623780000000000e-04 0.000000000000000e+00	1.000000000000000e+00	1043	0	357
358	 9.457716215490001e+01 -7.347851054900001e+01 -1.472854350928000e+02	 1.395409000000000e-04  2.416920000000000e-04 -2.986993000000000e-04	1.000000000000000e+00	704	0	358
359	1.846455868379000e+02 8.252457715970000e+01 6.593448025470001e+01	 2.929855000000000e-04  5.074658000000000e-04 -4.597667000000000e-04	1.000000000000000e+00	704	0	359
362	 1.510947740949000e+02 -2.975285884320000e+02  5.829785587824000e+02	 7.709050000000000e-05 -1.107214000000000e-04  0.000000000000000e+00	1.000000000000000e+00	105	0	362
363	 3.096059005552000e+02 -1.935157298455000e+02  5.829785587824000e+02	 1.433731000000000e-04 -2.198238000000000e-04  0.000000000000000e+00	1.000000000000000e+00	105	0	363
364	 5.199031946042001e+02 -4.688065090799000e+02  2.286190426598000e+02	-3.070317000000000e-04  3.074970000000000e-05  0.000000000000000e+00	1.000000000000000e+00	1275	0	364
365	 5.342248912619000e+02 -2.901796906698000e+02  2.286190426598000e+02	-3.832119000000000e-04  1.646580000000000e-05  0.000000000000000e+00	1.000000000000000e+00	1275	0	365
367	5.623757451475000e+02 2.733132529107000e+02 2.286190426598000e+02	 1.450871000000000e-04 -3.837870000000000e-05  0.000000000000000e+00	1.000000000000000e+00	1275	0	367
373	-7.486610806961000e+02 -1.955258715055000e+02 -1.159425144917000e+02	-6.007725000000000e-06 -1.555700625000000e-05  0.000000000000000e+00	5.625000000000000e-01	661	0	373
374	-1.534723267453000e+02  5.016658928685000e+02 -1.159425144917000e+02	-1.077359000000000e-04  1.412067000000000e-04  0.000000000000000e+00	1.000000000000000e+00	661	0	374
375	-3.088230068624000e+02  3.811651762572000e+02 -1.159425144917000e+02	-2.692723000000000e-04  3.462797000000000e-04  0.000000000000000e+00	1.000000000000000e+00	661	0	375
376	-6.284577696482000e+02  5.250351902560000e+01 -4.164132562731000e+02	 5.104000000000000e-07 -4.210000000000000e-07  0.000000000000000e+00	1.000000000000000e+00	1043	0	376
377	-5.474414369412000e+02  1.507367455666000e+02 -4.164132562731000e+02	 5.630000000000001e-07 -4.643000000000000e-07  0.000000000000000e+00	1.000000000000000e+00	1043	0	377
378	-5.163939558237000e+02 -6.833887634518001e+02  1.077775486825000e+02	-6.947936000000001e-04  1.320892000000000e-04  0.000000000000000e+00	1.000000000000000e+00	23	0	378
379	-5.142604002692000e+02 -5.255435621779001e+02  1.077775486825000e+02	-9.593616000000000e-04 -1.013955000000000e-04  0.000000000000000e+00	1.000000000000000e+00	23	0	379
380	-6.121757924651000e+02  4.467638423661000e+02  1.077775486825000e+02	-2.265655000000000e-04 -1.464480000000000e-05  0.000000000000000e+00	1.000000000000000e+00	23	0	380
381	-5.947354537593001e+02  2.140605296101000e+02  1.077775486825000e+02	-5.468882000000000e-04 -4.623810000000000e-05  0.000000000000000e+00	1.000000000000000e+00	23	0	381
382	-5.193176758427001e+02 -4.687436569771000e+02 -1.894272067752000e+02	-1.978000000000000e-07  1.528000000000000e-07  0.000000000000000e+00	1.000000000000000e+00	27	0	382
383	-3.744417415869000e+02 -2.812390621383000e+02 -1.894272067752000e+02	-3.796000000000000e-07  2.933000000000000e-07  0.000000000000000e+00	1.000000000000000e+00	27	0	383
384	 2.050981624196000e+02  4.687513250605000e+02 -1.894272067752000e+02	-9.870000000000000e-08  7.630000000000000e-08  0.000000000000000e+00	1.000000000000000e+00	27	0	384
385	 6.021382077440001e+01  2.812532376242000e+02 -1.894272067752000e+02	-1.574000000000000e-07  1.216000000000000e-07  0.000000000000000e+00	1.000000000000000e+00	27	0	385
388	5.037333830343000e+02 6.131564892120000e+01 9.471360338760000e+01	 5.873370000000000e-05 -4.219500000000000e-05  0.000000000000000e+00	1.000000000000000e+00	1275	0	388
390	 1.312909486248000e+02 -4.687544416865000e+02  1.518683640526000e+02	-4.920000000000000e-07 -2.149000000000000e-07  0.000000000000000e+00	1.000000000000000e+00	1043	0	390
391	 4.952049454920000e+01 -2.812525388580000e+02  1.518683640526000e+02	-2.768000000000000e-07 -1.206000000000000e-07  0.000000000000000e+00	1.000000000000000e+00	1043	0	391
392	-2.772492539590000e+02  4.686605190683000e+02  1.518683640526000e+02	-1.191000000000000e-07 -5.220000000000000e-08  0.000000000000000e+00	1.000000000000000e+00	1043	0	392
393	-1.954269976957000e+02  2.812517915120000e+02  1.518683640526000e+02	8.400000000000000e-08 3.660000000000000e-08 0.000000000000000e+00	1.000000000000000e+00	1043	0	393
394	-5.641746523035000e+02  3.403479836873000e+02 -6.940352897632000e+02	-1.358700000000000e-06  0.000000000000000e+00 -2.012420000000000e-05	1.000000000000000e+00	1275	0	394
395	-4.269849908794000e+02  3.403479836873000e+02 -7.055119332252000e+02	-2.754800000000000e-06  0.000000000000000e+00 -2.754240000000000e-05	1.000000000000000e+00	1275	0	395
396	 2.034742516148000e+02  3.403479836873000e+02 -7.500000000000000e+02	-5.160000000000000e-08  0.000000000000000e+00 -1.588300000000000e-05	1.000000000000000e+00	1263	1	396
397	 4.086621164920000e+01  3.403479836873000e+02 -7.500000000000000e+02	 3.300000000000000e-09  0.000000000000000e+00 -1.029100000000000e-06	1.000000000000000e+00	1263	1	397
398	 4.957246950879000e+02 -6.611665663960000e+02  2.286190426598000e+02	-1.196385000000000e-04  2.072199000000000e-04  0.000000000000000e+00	1.000000000000000e+00	1275	0	398
399	 4.885592927041000e+02 -6.487557254106000e+02  1.939622971969000e+02	 1.542080000000000e-05 -2.670960000000000e-05  4.234983000000000e-04	1.000000000000000e+00	1275	0	399
400	 5.103677618675000e+02 -6.865291020369000e+02 -4.789101807500000e+02	-4.035890000000000e-05  6.990370000000001e-05 -6.829510000000000e-05	1.000000000000000e+00	1275	0	400
401	 4.455498484845000e+02 -5.742611828169000e+02 -2.861598428570000e+02	-1.200903000000000e-04  2.080026000000000e-04  2.667409000000000e-04	1.000000000000000e+00	1275	0	401
402	-4.553136604639000e+02  6.640456624624001e+02 -6.793251553319001e+02	-9.308220000000000e-05 -2.224384000000000e-04  0.000000000000000e+00	1.000000000000000e+00	1275	0	402
403	-3.847730619596000e+02  6.335756089127000e+02 -6.793251553319001e+02	-1.396726000000000e-04 -3.079481000000000e-04  0.000000000000000e+00	1.000000000000000e+00	1275	0	403
406	 4.792820390864000e+02 -4.284192708086000e+02  1.469693845670000e+01	3.338980000000000e-04 8.024400000000001e-06 0.000000000000000e+00	1.000000000000000e+00	680	0	406
407	 4.692220018815000e+02 -1.658255679824000e+02  1.469693845670000e+01	6.803719000000000e-04 3.359370000000000e-05 0.000000000000000e+00	1.000000000000000e+00	680	0	407
408	3.968010201761000e+02 6.212254241175000e+02 1.469693845670000e+01	 3.849578000000000e-04 -3.205490000000000e-05  0.000000000000000e+00	1.000000000000000e+00	680	0	408
409	3.974793172733000e+02 5.003668646678000e+02 1.469693845670000e+01	1.185300500000000e-03 1.546710000000000e-04 0.000000000000000e+00	1.000000000000000e+00	680	0	409
410	-2.523698641474000e+02  6.910882722200000e+02  5.058072383184000e+02	-1.499400000000000e-05  0.000000000000000e+00 -2.075830000000000e-05	1.000000000000000e+00	1043	0	410
412	 1.668008453623000e+02 -5.269224090256000e+02  9.471360338760000e+01	-7.267700000000000e-06  4.649500000000000e-06  0.000000000000000e+00	1.000000000000000e+00	1275	0	412
413	 2.469086400146000e+02 -3.770288801989000e+02  9.471360338760000e+01	 4.243000000000000e-07 -1.739000000000000e-07  0.000000000000000e+00	1.000000000000000e+00	1275	0	413
414	 3.156940826043000e+02 -4.066106639840000e+02  3.592584956082000e+02	4.923170000000000e-04 3.844530000000000e-05 0.000000000000000e+00	1.000000000000000e+00	1043	0	414
415	 2.916330453927000e+02 -1.439845274859000e+02  3.592584956082000e+02	9.126934000000000e-04 8.453410000000001e-05 0.000000000000000e+00	1.000000000000000e+00	1043	0	415
416	-1.748060787770000e+02  6.910882722200000e+02  3.592584956082000e+02	9.393691077457886e-03 0.000000000000000e+00 0.000000000000000e+00	1.183848442254173e-01	1043	0	416
417	1.645064987522000e+02 5.297692611266000e+02 3.592584956082000e+02	9.453751000000001e-04 4.208264000000000e-04 0.000000000000000e+00	1.000000000000000e+00	1043	0	417
418	-1.457456252058000e+02 -4.897297884744000e+02 -4.278628615170000e+02	 4.190000000000000e-08  7.260000000000000e-08 -2.328000000000000e-07	1.000000000000000e+00	704	0	418
419	-2.167822253830000e+01 -2.748387434910000e+02 -3.146160125988000e+02	 3.212950000000000e-05  5.564990000000000e-05 -1.117855000000000e-04	1.000000000000000e+00	704	0	419
420	3.629997444986000e+02 3.914430399692000e+02 4.735098588453000e+02	-9.120470625000000e-05 -1.579712062500000e-04 -1.472799375000000e-04	5.625000000000000e-01	704	0	420
421	2.806942249343000e+02 2.488856983404000e+02 2.592860578972000e+02	 2.667116000000000e-04  4.619580000000000e-04 -3.762309000000000e-04	1.000000000000000e+00	704	0	421
424	2.574039359557000e+02 5.664164310693001e+02 3.804874067123000e+02	-5.663037000000000e-04 -2.632449200000000e-03  0.000000000000000e+00	1.000000000000000e+00	1043	0	424
425	1.045489476000000e+02 6.088252727717000e+02 3.804874067123000e+02	-2.349330000000000e-04 -7.283319000000000e-04  0.000000000000000e+00	1.000000000000000e+00	1043	0	425
426	-1.556216839322000e+02 -5.219456353664000e+02  5.829785587824000e+02	-1.194166000000000e-04  1.560095000000000e-04  0.000000000000000e+00	1.000000000000000e+00	105	0	426
427	-2.838226396500000e+00 -4.080231775832000e+02  5.829785587824000e+02	-4.437800000000000e-06  5.842500000000000e-06  0.000000000000000e+00	1.000000000000000e+00	105	0	427
428	 6.307211665989000e+02 -9.986900816200000e+00  5.829785587824000e+02	 3.214910000000000e-05 -7.734110000000000e-05  0.000000000000000e+00	1.000000000000000e+00	105	0	428
429	 4.670896391706000e+02 -8.817321147450001e+01  5.829785587824000e+02	 1.579632000000000e-04 -2.392424000000000e-04  0.000000000000000e+00	1.000000000000000e+00	105	0	429
430	-2.355706307894000e+02  5.489809133815000e+02 -4.164132562731000e+02	-2.318300000000000e-06  8.864000000000000e-07  0.000000000000000e+00	1.000000000000000e+00	1043	0	430
431	-3.047370436001000e+02  4.454414747664000e+02 -4.164132562731000e+02	 1.947937500000000e-07 -1.599187500000000e-07  0.000000000000000e+00	5.625000000000000e-01	1043	0	431
432	-3.169964538713000e+02  6.910882722200000e+02 -2.944182510994000e+02	1.764824250000000e-04 0.000000000000000e+00 6.716797500000001e-05	7.500000000000000e-01	1043	0	432
433	-4.133353915591000e+02  6.910882722200000e+02 -1.307288215464000e+02	3.212751000000000e-04 0.000000000000000e+00 5.732967000000001e-04	1.000000000000000e+00	1043	0	433
434	5.995519772344001e+02 1.820899650106000e+02 9.471360338760000e+01	 2.466900000000000e-06 -1.984000000000000e-06  0.000000000000000e+00	1.000000000000000e+00	1275	0	434
436	 4.901525272048000e+02  4.518010759073000e+02 -6.461429219835001e+02	 2.089800000000000e-06 -3.619700000000000e-06 -1.761550000000000e-05	1.000000000000000e+00	0	0	436
438	5.073806771030000e+02 6.415181508842001e+02 6.137822214530000e+02	 3.108460000000000e-05  5.384010000000000e-05 -2.726586000000000e-04	1.000000000000000e+00	704	0	438
439	 1.194469613016000e+02 -3.040275485290000e+01 -9.424097807170000e+01	 1.783541000000000e-04  3.089183000000000e-04 -3.654848000000000e-04	1.000000000000000e+00	704	0	439
440	1.639905682390000e+02 4.674903551510000e+01 1.467625170550000e+01	 2.704935000000000e-04  4.685084000000000e-04 -4.287828000000000e-04	1.000000000000000e+00	704	0	440
441	-1.143129436607000e+02 -4.352867870201000e+02 -4.049812207962000e+02	 3.275000000000000e-07  5.673000000000001e-07 -1.535800000000000e-06	1.000000000000000e+00	704	0	441
442	-5.256565352510000e+01 -3.283373432754000e+02 -3.473979031063000e+02	 1.649280000000000e-05  2.856640000000000e-05 -6.307540000000000e-05	1.000000000000000e+00	704	0	442
443	3.398528891277000e+02 3.513515104314000e+02 4.248105656794000e+02	-2.978984000000000e-04 -5.159751000000000e-04  1.454266000000000e-04	1.000000000000000e+00	704	0	443
444	3.055394687909000e+02 2.919189230265000e+02 3.117201164369000e+02	5.308744000000000e-04 9.195014000000000e-04 2.500692000000000e-04	1.000000000000000e+00	704	0	444
445	-2.391492498292000e+02 -6.515096119331000e+02 -4.733103612753000e+02	-2.720000000000000e-08 -4.720000000000000e-08  3.630000000000000e-07	1.000000000000000e+00	704	0	445
446	-1.773131306508000e+02 -5.444063117732001e+02 -4.468840909624000e+02	-1.500000000000000e-08 -2.600000000000000e-08  1.106000000000000e-07	1.000000000000000e+00	704	0	446
447	4.474839768758000e+02 5.377740228850000e+02 5.759614811277000e+02	 1.295400000000000e-06  2.243600000000000e-06 -7.537600000000000e-06	1.000000000000000e+00	704	0	447
448	3.898638015363000e+02 4.379729516559000e+02 5.150222804195000e+02	-9.351700000000001e-05 -1.619761000000000e-04  2.776470000000000e-04	1.000000000000000e+00	704	0	448
449	 6.794365285360000e+01 -1.196091018427000e+02 -1.955578624924000e+02	 1.026729000000000e-04  1.778347000000000e-04 -2.396497000000000e-04	1.000000000000000e+00	704	0	449
450	 8.763411976500000e+00 -2.221122858460000e+02 -2.780085797815000e+02	 4.952420000000000e-05  8.577850000000000e-05 -1.578008000000000e-04	1.000000000000000e+00	704	0	450
451	2.063622290064000e+02 1.201389047652000e+02 1.164641065326000e+02	 2.870293000000000e-04  4.971493000000000e-04 -5.036915000000000e-04	1.000000000000000e+00	704	0	451
452	2.537913332069000e+02 2.022885229981000e+02 2.116060099140000e+02	 2.323934000000000e-04  4.025172000000000e-04 -5.006831000000001e-04	1.000000000000000e+00	704	0	452
453	 3.276444733313000e+02 -7.020520395101000e+02  3.592584956082000e+02	 1.344800000000000e-05 -6.100000000000000e-09  0.000000000000000e+00	1.000000000000000e+00	1043	0	453
455	-3.806531547320000e+02 -3.787183732310000e+02  6.498865551269000e+02	 5.813300000000000e-06  1.006890000000000e-05 -2.214510000000000e-05	1.000000000000000e+00	491	0	455
459	 3.264931789165000e+02 -5.954140904748000e+02  3.592584956082000e+02	1.842992000000000e-04 6.645100000000000e-06 0.000000000000000e+00	1.000000000000000e+00	1043	0	459
460	2.645260897326000e+02 1.437777575863000e+02 3.592584956082000e+02	1.387385800000000e-03 1.454969000000000e-04 0.000000000000000e+00	1.000000000000000e+00	1043	0	460
461	2.510987651466000e+02 2.361999115924000e+02 3.592584956082000e+02	1.787592600000000e-03 3.585863000000000e-04 0.000000000000000e+00	1.000000000000000e+00	1043	0	461
463	1.202279871044000e+02 5.679723574622000e+02 3.592584956082000e+02	 9.424194000000000e-04 -7.954322000000001e-04  0.000000000000000e+00	1.000000000000000e+00	1043	0	463
465	 3.998857361680000e+01  6.425429746309001e+02 -1.159425144917000e+02	 2.161660000000000e-05 -3.197140000000000e-05  0.000000000000000e+00	1.000000000000000e+00	661	0	465
468	-6.157032315617000e+02  8.296699483410001e+01  6.580962442277000e+02	-2.550047000000000e-04  7.221550000000000e-04  0.000000000000000e+00	1.000000000000000e+00	1105	0	468
471	 3.203831663460000e+02 -4.737409954040000e+02  3.592584956082000e+02	3.883129000000000e-04 2.508530000000000e-05 0.000000000000000e+00	1.000000000000000e+00	1043	0	471
475	-7.070382543893001e+02  7.145877622660001e+01  6.580962442277000e+02	-3.755307000000000e-04  1.379212000000000e-04  0.000000000000000e+00	1.000000000000000e+00	1105	0	475
479	7.494502906412000e+02 5.715767664980000e+01 6.580962442277000e+02	-5.445889453125000e-06  5.279523046874999e-06  0.000000000000000e+00	3.164062500000000e-01	1105	0	479
483	 4.773371278983000e+02 -3.687657366533000e+02  1.469693845670000e+01	4.053728000000000e-04 1.286930000000000e-05 0.000000000000000e+00	1.000000000000000e+00	680	0	483
484	-5.497829950878000e+02  8.437762124190000e+01  6.580962442277000e+02	-1.240700000000000e-05  1.017150900000000e-03  0.000000000000000e+00	1.000000000000000e+00	1105	0	484
486	-3.522246603883000e+02 -6.719414106455000e+02  5.829785587824000e+02	-1.922776000000000e-04  2.712774000000000e-04  0.000000000000000e+00	1.000000000000000e+00	105	0	486
487	4.774282285303000e+02 5.783730768343000e+02 2.286190426598000e+02	-5.211785000000000e-04 -1.914160000000000e-05  0.000000000000000e+00	1.000000000000000e+00	1275	0	487
488	 4.620539700139000e+02  5.004692045812000e+02 -6.597854669739000e+02	 1.135600000000000e-06 -1.966900000000000e-06 -8.870400000000001e-06	1.000000000000000e+00	0	0	488
490	4.577176608327000e+02 5.076140580963000e+02 3.804874067123000e+02	-1.139278300000000e-03 -3.268719600000000e-03  0.000000000000000e+00	1.000000000000000e+00	1043	0	490
491	-5.254550266109001e+02 -6.295225723563000e+02  4.436184087448000e+02	 9.036850000000001e-05  1.565228000000000e-04 -2.045634000000000e-04	1.000000000000000e+00	491	0	491
494	 7.499658216400000e+00 -6.857251497630000e+02  9.471360338760000e+01	-3.124000000000000e-07  3.482000000000000e-07  0.000000000000000e+00	1.000000000000000e+00	1275	0	494
495	 4.736169434108000e+02 -2.432607010673000e+02  1.469693845670000e+01	5.639831000000000e-04 2.737840000000000e-05 0.000000000000000e+00	1.000000000000000e+00	680	0	495
496	 3.426997241934000e+02 -6.985365684036000e+02 -1.140032504605000e+02	 4.170819726562500e-06  7.224058959960938e-06 -2.998633289062500e-04	1.779785156250000e-01	1275	0	496
497	-4.784924905525000e+02 -5.481810738509000e+02  5.236877137877000e+02	 1.088162000000000e-04  1.884752000000000e-04 -2.758002000000000e-04	1.000000000000000e+00	491	0	497
499	 5.028429183894000e+02 -4.211604195698000e+02 -2.789916320920000e+02	1.073170000000000e-05 1.858790000000000e-05 2.181412000000000e-04	1.000000000000000e+00	1275	0	499
501	-4.891597229869000e+02  8.219286213000001e+01  6.580962442277000e+02	6.081160000000000e-05 1.213235100000000e-03 0.000000000000000e+00	1.000000000000000e+00	1105	0	501
503	-4.282307186579000e+02  7.732258319600000e+01  6.580962442277000e+02	1.520928000000000e-04 1.349067800000000e-03 0.000000000000000e+00	1.000000000000000e+00	1105	0	503
505	5.319012462260000e+02 1.199580729261000e+02 2.286190426598000e+02	-3.728290000000000e-05  5.469000000000000e-07  0.000000000000000e+00	1.000000000000000e+00	1275	0	505
507	-5.682706871019000e+02 -7.036814716865000e+02  3.472144138499000e+02	 2.844150000000000e-05  4.926210000000000e-05 -2.020132000000000e-04	1.000000000000000e+00	491	0	507
512	 8.832801588690000e+01  6.745880582368001e+02 -1.159425144917000e+02	 4.002770000000000e-05 -6.288300000000000e-05  0.000000000000000e+00	1.000000000000000e+00	661	0	512
518	6.099620089206001e+02 4.209541487190000e+02 2.286190426598000e+02	 4.070002000000000e-04 -7.049450000000000e-04  0.000000000000000e+00	1.000000000000000e+00	1275	0	518
519	-3.546820394817000e+02  6.842249381740000e+01  6.580962442277000e+02	1.792035000000000e-04 1.441583100000000e-03 0.000000000000000e+00	1.000000000000000e+00	1105	0	519
521	-5.945292307751000e+02 -7.491626034612000e+02  2.433563145600000e+02	 5.128537500000000e-06  8.882887500000000e-06 -2.619748125000000e-05	5.625000000000000e-01	491	0	521
523	 5.148046178940000e+01  6.910882722200000e+02 -6.278952774115000e+02	-6.334600000000000e-05  0.000000000000000e+00 -9.810170000000001e-05	1.000000000000000e+00	1043	0	523
527	4.341114801966000e+02 2.157029499975000e+02 1.469693845670000e+01	8.426469000000000e-04 9.292060000000000e-05 0.000000000000000e+00	1.000000000000000e+00	680	0	527
529	-3.548523885613000e+02 -3.340301353491000e+02  6.753512738549000e+02	 4.367830000000000e-05  7.565310000000001e-05 -1.929749000000000e-04	1.000000000000000e+00	491	0	529
530	-4.399107980901000e+02  6.910882722200000e+02  6.246591157605001e+02	-1.501670000000000e-05  0.000000000000000e+00 -2.891920000000000e-05	1.000000000000000e+00	1043	0	530
531	5.336320892890000e+02 6.869869305608000e+02 6.240944936450001e+02	 2.558270000000000e-05  4.431060000000000e-05 -3.514491000000000e-04	1.000000000000000e+00	704	0	531
533	4.377347754380000e+02 6.620776833351000e+02 2.286190426598000e+02	-4.225998000000000e-04  6.372282000000001e-04  0.000000000000000e+00	1.000000000000000e+00	1275	0	533
535	 4.338703178230000e+02  5.492847221187001e+02 -6.755258703022000e+02	 1.058250000000000e-07 -1.833000000000000e-07 -7.290750000000000e-07	7.500000000000000e-01	0	0	535
537	-2.935000057345000e+02  5.884403452810000e+01  6.580962442277000e+02	2.442130000000000e-04 1.444399600000000e-03 0.000000000000000e+00	1.000000000000000e+00	1105	0	537
538	-5.894488196612000e+02  1.538586246966000e+02  1.077775486825000e+02	-6.240216000000000e-04 -5.726610000000000e-05  0.000000000000000e+00	1.000000000000000e+00	23	0	538
540	-6.778143152917000e+02 -7.026392615398000e+02 -1.159425144917000e+02	-3.183953000000000e-04  4.124826000000000e-04  0.000000000000000e+00	1.000000000000000e+00	661	0	540
545	-2.311050646403000e+02  4.741441288290000e+01  6.580962442277000e+02	2.638373000000000e-04 1.389587100000000e-03 0.000000000000000e+00	1.000000000000000e+00	1105	0	545
547	-5.498622644330001e+02 -2.204379270207000e+02  1.077775486825000e+02	-1.021729500000000e-03 -1.159863000000000e-04  0.000000000000000e+00	1.000000000000000e+00	23	0	547
548	-4.180806340010000e+01 -7.233014221183000e+02  9.471360338760000e+01	 5.819000000000001e-06 -7.083400000000001e-06  0.000000000000000e+00	1.000000000000000e+00	1275	0	548
553	4.501014621315000e+02 8.199344857640000e+01 1.469693845670000e+01	8.344759000000000e-04 1.064928000000000e-04 0.000000000000000e+00	1.000000000000000e+00	680	0	553
560	-7.208749883753001e+02 -6.469983871865001e+02 -1.159425144917000e+02	-3.907930000000000e-05  1.867317000000000e-04  0.000000000000000e+00	1.000000000000000e+00	661	0	560
566	-5.644618985340001e+02 -9.018871607250000e+01  1.077775486825000e+02	-9.022251000000000e-04 -9.851350000000000e-05  0.000000000000000e+00	1.000000000000000e+00	23	0	566
567	-5.774554985274000e+02  3.153817548710000e+01  1.077775486825000e+02	-7.725210000000001e-04 -7.956580000000000e-05  0.000000000000000e+00	1.000000000000000e+00	23	0	567
568	-1.698303925515000e+02  3.493722554750000e+01  6.580962442277000e+02	2.682201000000000e-04 1.280736400000000e-03 0.000000000000000e+00	1.000000000000000e+00	1105	0	568
571	-5.297305169158000e+02  1.868250340986000e+02 -1.159425144917000e+02	-2.831911000000000e-04  2.453831000000000e-04  0.000000000000000e+00	1.000000000000000e+00	661	0	571
572	-3.428568858839000e+02  6.377102207396000e+02  1.518683640526000e+02	-1.194516281250000e-03  3.661792734375000e-04  0.000000000000000e+00	4.218750000000000e-01	1043	0	572
573	-3.791992199400000e+02  6.910882722200000e+02  1.336117594428000e+02	5.244641437500001e-04 0.000000000000000e+00 2.343337875000000e-04	5.625000000000000e-01	1043	0	573
577	5.159174433097000e+02 5.206908218148001e+02 2.286190426598000e+02	-4.972503000000000e-04 -3.158596000000000e-04  0.000000000000000e+00	1.000000000000000e+00	1275	0	577
582	-3.986247203527000e+02 -7.032451517730000e+02  5.829785587824000e+02	-1.577294000000000e-04  2.383904000000000e-04  0.000000000000000e+00	1.000000000000000e+00	105	0	582
583	-1.093440797218000e+02  2.176832997420000e+01  6.580962442277000e+02	2.568713000000000e-04 1.140910900000000e-03 0.000000000000000e+00	1.000000000000000e+00	1105	0	583
585	 4.053841066458000e+02  5.986242871928000e+02 -6.931606429125001e+02	-9.220000000000001e-08  1.597000000000000e-07  5.927000000000001e-07	1.000000000000000e+00	0	0	585
589	 1.384600770701000e+02  7.048810711833000e+02 -1.159425144917000e+02	 3.718940000000000e-05 -6.296670000000000e-05  0.000000000000000e+00	1.000000000000000e+00	661	0	589
595	5.149124546663001e+02 4.879281416559000e+02 3.804874067123000e+02	-1.254262500000000e-03 -3.460219000000000e-03  0.000000000000000e+00	1.000000000000000e+00	1043	0	595
598	 9.707531273440000e+01  6.910882722200000e+02 -6.571136902988001e+02	-1.500940000000000e-05  0.000000000000000e+00 -2.371370000000000e-05	1.000000000000000e+00	1043	0	598
600	-4.980651608620000e+01  7.962793022100001e+00  6.580962442277000e+02	2.394890000000000e-04 9.878344000000001e-04 0.000000000000000e+00	1.000000000000000e+00	1105	0	600
602	-4.392787794683000e+02  6.910882722200000e+02 -4.985851013010000e+01	5.721423000000000e-04 0.000000000000000e+00 7.051008000000000e-04	1.000000000000000e+00	1043	0	602
610	-4.905511813238000e+02  6.910882722200000e+02  6.494959787971001e+02	-1.252940000000000e-05  0.000000000000000e+00 -2.675670000000000e-05	1.000000000000000e+00	1043	0	610
611	-5.345158617768000e+02 -3.530534208868000e+02  1.077775486825000e+02	-1.155140000000000e-03 -1.368240000000000e-04  0.000000000000000e+00	1.000000000000000e+00	23	0	611
615	 4.300000000000000e+02 -5.473280551918000e+02 -2.606506917860000e+02	0.000000000000000e+00 0.000000000000000e+00 0.000000000000000e+00	1.000000000000000e+00	1275	0	615
616	-3.279617432812000e+02 -2.874541714757000e+02  6.976909637508001e+02	 6.705400000000000e-05  1.161409000000000e-04 -3.503642000000000e-04	1.000000000000000e+00	491	0	616
618	 7.961971600600000e+00 -6.545284079100000e+00  6.580962442277000e+02	2.191223000000000e-04 8.311305000000001e-04 0.000000000000000e+00	1.000000000000000e+00	1105	0	618
620	 3.768430250306000e+02  6.480588906533001e+02 -7.109055422300000e+02	 4.228446667098999e-06 -7.323887943649292e-06 -3.189820474662781e-05	7.508468627929688e-02	0	0	620
625	-6.090406750274000e+02  8.177536936420000e+01 -1.159425144917000e+02	-2.368963000000000e-04  1.924988000000000e-04  0.000000000000000e+00	1.000000000000000e+00	661	0	625
627	 5.306561944053000e+02 -7.083173384660000e+02  2.286190426598000e+02	-6.037860000000000e-05  1.367004000000000e-04  0.000000000000000e+00	1.000000000000000e+00	1275	0	627
628	6.921073966755000e+02 2.786741635200000e+02 9.471360338760000e+01	-2.308349850000000e-02  3.998179230000000e-02  0.000000000000000e+00	7.500000000000000e-01	1275	0	628
630	-3.148617174085000e+02  6.910882722200000e+02  1.759570635375000e+02	-5.443110984375000e-04  0.000000000000000e+00  7.903936546875000e-04	4.218750000000000e-01	1043	0	630
631	 6.375636925430000e+01 -2.196252209670000e+01  6.580962442277000e+02	1.949257000000000e-04 6.724771000000000e-04 0.000000000000000e+00	1.000000000000000e+00	1105	0	631
639	 1.466254106570000e+02  6.910882722200000e+02 -6.845417520781000e+02	6.974000000000000e-07 0.000000000000000e+00 1.356800000000000e-06	1.000000000000000e+00	1043	0	639
646	 3.102803051738000e+02 -3.426530267700000e+02  3.592584956082000e+02	6.030580000000001e-04 5.383400000000000e-05 0.000000000000000e+00	1.000000000000000e+00	1043	0	646
647	 2.979277234311000e+02 -2.142873263978000e+02  3.592584956082000e+02	8.118239000000000e-04 7.662620000000001e-05 0.000000000000000e+00	1.000000000000000e+00	1043	0	647
655	 1.936914206599000e+02  7.281423021115000e+02 -1.159425144917000e+02	 1.464500000000000e-06 -3.593400000000000e-06  0.000000000000000e+00	1.000000000000000e+00	661	0	655
660	-4.523277713293000e+02 -7.278623611398000e+02  5.829785587824000e+02	-2.057770000000000e-05  5.852250000000000e-05  0.000000000000000e+00	1.000000000000000e+00	105	0	660
664	 1.193886135512000e+02 -3.897896639560000e+01  6.580962442277000e+02	1.608835000000000e-04 5.060815000000000e-04 0.000000000000000e+00	1.000000000000000e+00	1105	0	664
672	 4.300000000000000e+02 -5.473280551918000e+02 -1.342020043941000e+02	0.000000000000000e+00 0.000000000000000e+00 0.000000000000000e+00	4.218750000000000e-01	1275	0	672
675	-5.971191264740001e+01  6.449697389355000e+02  3.592584956082000e+02	-1.095530000000000e-05 -5.850520000000000e-05  0.000000000000000e+00	1.000000000000000e+00	1043	0	675
681	 3.393736222537000e+02  7.129577999921000e+02 -7.308255433813000e+02	-4.532474072570801e-05  7.850475369415284e-05 -1.152719926116943e-04	1.001129150390625e-01	0	0	681
683	-7.291443415305000e+02 -1.362680721642000e+02 -1.159425144917000e+02	-1.136502000000000e-04 -1.427993000000000e-04  0.000000000000000e+00	1.000000000000000e+00	661	0	683
688	-5.437473648871000e+02  6.910882722200000e+02  6.728112276351001e+02	-1.140990000000000e-05  0.000000000000000e+00 -2.751750000000000e-05	1.000000000000000e+00	1043	0	688
689	 1.758127879607000e+02 -5.798429677480000e+01  6.580962442277000e+02	1.157961000000000e-04 3.367969000000000e-04 0.000000000000000e+00	1.000000000000000e+00	1105	0	689
696	 4.695318150571000e+02 -4.788569429974000e+02 -2.724365651599000e+02	-9.311551171875001e-06 -1.612808085937500e-05  1.359749531250000e-04	3.164062500000000e-01	1275	0	696
703	 2.323477171874000e+02 -7.845541324200001e+01  6.580962442277000e+02	7.761140000000000e-05 2.086305000000000e-04 0.000000000000000e+00	1.000000000000000e+00	1105	0	703
707	 2.855868557402000e+02 -8.048865935150000e+01  3.592584956082000e+02	1.053310700000000e-03 9.443050000000001e-05 0.000000000000000e+00	1.000000000000000e+00	1043	0	707
708	 4.222915566503000e+02 -5.473280551918000e+02 -2.567123676279000e+02	4.919574000000000e-04 0.000000000000000e+00 7.121167500000001e-05	7.500000000000000e-01	1275	0	708
709	-2.140265320968000e+02  6.910882722200000e+02 -4.142383069866000e+02	-8.409634222851563e-03  0.000000000000000e+00 -1.613153091357422e-02	2.373046875000000e-01	1043	0	709
710	 2.933544376407000e+02 -1.016009737201000e+02  6.580962442277000e+02	1.749142000000000e-04 2.095514000000000e-04 0.000000000000000e+00	1.000000000000000e+00	1105	0	710
711	6.543986783686000e+02 3.439875795159000e+02 1.429460702679000e+02	 2.257607250000000e-04 -3.910290187500000e-04  5.526508500000001e-04	5.625000000000000e-01	1275	0	711
712	-2.714918139486000e+02  6.910882722200000e+02  2.462495766864000e+02	 1.417513500000000e-03  0.000000000000000e+00 -1.047550100000000e-03	1.000000000000000e+00	1043	0	712
714	 3.820834504080000e+02 -1.199856478603000e+02  6.580962442277000e+02	1.026909000000000e-04 1.122333000000000e-04 0.000000000000000e+00	1.000000000000000e+00	1105	0	714
715	 4.570616216085000e+02 -1.131637210519000e+02  6.580962442277000e+02	-2.824620000000000e-04 -7.112700000000000e-05  0.000000000000000e+00	1.000000000000000e+00	1105	0	715
717	 5.635874847820000e+02 -8.276191786560000e+01  6.580962442277000e+02	4.224000000000001e-06 3.089380000000000e-05 0.000000000000000e+00	1.000000000000000e+00	1105	0	717
718	-5.392716641578000e+02  6.969069688632001e+02 -6.793251553319001e+02	-6.562200000000000e-05 -1.723452000000000e-04  0.000000000000000e+00	1.000000000000000e+00	1275	0	718
720	 6.339963503231000e+02 -4.669111963820000e+01  6.580962442277000e+02	-1.545086000000000e-04 -7.475570000000001e-05  0.000000000000000e+00	1.000000000000000e+00	1105	0	720
722	 1.997952057136000e+02  6.910882722200000e+02 -7.087743875260001e+02	1.690000000000000e-07 0.000000000000000e+00 3.390000000000000e-07	1.000000000000000e+00	1043	0	722
724	-6.160718327777000e+02  7.227139096038001e+02 -6.793251553319001e+02	-3.015900000000000e-05 -1.266370000000000e-04  0.000000000000000e+00	1.000000000000000e+00	1275	0	724
727	-2.059000477923000e+02  6.910882722200000e+02  4.725656388685000e+02	2.095585500000000e-03 0.000000000000000e+00 2.339571450000000e-03	7.500000000000000e-01	1043	0	727
728	 4.958076916169000e+02 -6.613103206011000e+02 -4.245712208177000e+02	-4.600160000000000e-05  7.967710000000000e-05 -1.379850000000000e-05	1.000000000000000e+00	1275	0	728
729	 6.910758092069000e+02 -3.056167131500000e+00  6.580962442277000e+02	3.230110000000000e-05 2.738550000000000e-05 0.000000000000000e+00	1.000000000000000e+00	1105	0	729
733	5.926556674632001e+02 4.556550338887000e+02 3.804874067123000e+02	-6.561025000000000e-04 -1.537708700000000e-03  0.000000000000000e+00	1.000000000000000e+00	1043	0	733
734	 5.382671379195000e+02 -7.348522388584000e+02 -6.103738810772001e+02	 5.621310000000000e-05 -9.736390000000000e-05 -4.955931000000000e-04	1.000000000000000e+00	1275	0	734
737	-5.986940477968001e+02  6.910882722200000e+02  6.941664823657001e+02	-9.236000000000001e-06  0.000000000000000e+00 -2.482750000000000e-05	1.000000000000000e+00	1043	0	737
740	-3.000839032988000e+02 -2.391683362210000e+02  7.165736385371000e+02	 8.263620000000000e-05  1.431301000000000e-04 -4.978285000000000e-04	1.000000000000000e+00	491	0	740
744	-2.282905497518000e+02  7.242830858241000e+02  3.804874067123000e+02	-2.446875750000000e-04 -4.765599750000000e-04  0.000000000000000e+00	7.500000000000000e-01	1043	0	744
745	-6.774955249926001e+02  7.412494278912001e+02 -6.793251553319001e+02	-6.243821000000001e-04  5.466370000000000e-05  0.000000000000000e+00	1.000000000000000e+00	1275	0	745
746	-9.292972759310000e+01  6.910882722200000e+02 -5.117271780853000e+02	-1.548015000000000e-04  0.000000000000000e+00 -1.735645000000000e-04	1.000000000000000e+00	1043	0	746
747	6.299254431690000e+02 4.320227783705000e+02 3.804874067123000e+02	-3.008570000000000e-05 -4.622130000000000e-05  0.000000000000000e+00	1.000000000000000e+00	1043	0	747
749	2.013365902330000e+02 4.581053039575000e+02 3.592584956082000e+02	1.490430300000000e-03 1.407136900000000e-03 0.000000000000000e+00	1.000000000000000e+00	1043	0	749
753	5.602816824323000e+02 4.667942966710000e+02 2.286190426598000e+02	-6.289530000000001e-05 -8.013781000000000e-04  0.000000000000000e+00	1.000000000000000e+00	1275	0	753
754	-2.194351399343000e+02  6.910882722200000e+02  3.357592230290000e+02	1.060751250000000e-02 0.000000000000000e+00 5.237080200000000e-03	1.000000000000000e+00	1043	0	754
755	-2.762060901812000e+02  5.625855494475001e+02 -6.793251553319001e+02	-1.945195000000000e-04 -3.285599000000000e-04  0.000000000000000e+00	1.000000000000000e+00	1275	0	755
756	-6.552787347845000e+02  6.910882722200000e+02  7.133286784808000e+02	-8.707289062500000e-06  0.000000000000000e+00 -2.250213750000000e-05	4.218750000000000e-01	1043	0	756
759	-1.481245213541000e+02  4.540129888949000e+02 -7.057430957977000e+02	-2.622062812500000e-05  4.541547656250000e-05  4.939825078125001e-04	4.218750000000000e-01	1275	0	759
760	-1.174040475549000e+02  6.658354603896000e+02  3.592584956082000e+02	-1.429971302900304e-04 -2.780848981064540e-04  0.000000000000000e+00	8.878863316906299e-02	1043	0	760
771	6.722863477814000e+02 3.970265988350000e+02 3.804874067123000e+02	-5.149880000000000e-05 -5.128200000000000e-05  0.000000000000000e+00	1.000000000000000e+00	1043	0	771
776	 2.561901668294000e+02  6.910882722200000e+02 -7.294016744322000e+02	-3.052000000000000e-07  0.000000000000000e+00 -8.334000000000000e-07	1.000000000000000e+00	1043	0	776
777	-4.089759928900000e+01  6.645416018613000e+02  3.804874067123000e+02	-1.772993000000000e-04 -5.186459000000001e-04  0.000000000000000e+00	1.000000000000000e+00	1043	0	777
781	 4.277178886597000e+02 -5.433753224018001e+02 -9.688865079890000e+01	-3.135012000000000e-04  5.430000000000000e-04 -7.232748100000000e-03	1.000000000000000e+00	1275	0	781
788	5.858547479213000e+02 3.292623345284000e+02 2.286190426598000e+02	 3.156267937500000e-04 -8.297154843750001e-05  0.000000000000000e+00	4.218750000000000e-01	1275	0	788
805	-1.196328418172000e+02  4.046639523440000e+02 -7.272736952668000e+02	 4.057191011810303e-05 -7.027260884857179e-05  1.823362127929687e-04	1.001129150390625e-01	1275	0	805
828	-1.456283500741000e+02  3.403479836873000e+02 -7.446028694997000e+02	 2.546108437500000e-05  0.000000000000000e+00 -1.379278125000000e-06	4.218750000000000e-01	1275	0	828
851	 3.801754421938000e+02 -6.336267207767000e+02 -1.119595372453000e+02	 2.370753500000000e-03  4.106265500000000e-03 -5.310922000000000e-04	1.000000000000000e+00	1275	0	851
855	7.108928013536000e+02 2.461368881769000e+02 1.007874170116000e+02	-6.410711250000000e-05  1.110367687500000e-04 -1.524764851875000e-02	5.625000000000000e-01	1275	0	855
864	-2.710230917751000e+02 -1.888335341528000e+02  7.315291800485001e+02	 7.373110000000000e-05  1.277060000000000e-04 -5.694770000000000e-04	1.000000000000000e+00	491	0	864
865	 4.145176108005000e+02 -5.473280551918000e+02 -2.035503796174000e+02	-4.721479000000000e-04  0.000000000000000e+00 -3.379468700000000e-03	1.000000000000000e+00	1275	0	865
869	6.277336640394000e+02 3.901727391187000e+02 1.865057481207000e+02	-1.799597900000000e-03  3.116995000000000e-03  1.135194500000000e-03	1.000000000000000e+00	1275	0	869
882	7.270949586363000e+02 3.458413716540000e+02 9.471360338760000e+01	-5.533032375000000e-04  3.926157750000000e-04  0.000000000000000e+00	4.218750000000000e-01	1275	0	882
886	-1.449990110330000e+02  6.910882722200000e+02  3.804874067123203e+02	 0.000000000000000e+00 -7.514772100000000e-03  0.000000000000000e+00	1.000000000000000e+00	1043	0	886
887	6.882045959649500e+02 2.854340126425500e+02 9.471360338761622e+01	1.075529025000000e-01 6.209569720000000e-02 0.000000000000000e+00	1.000000000000000e+00	1275	0	887
0	 5.000000000000000e-01 -8.660254037844386e-01  0.000000000000000e+00	8.660254037844385e-01 5.000000000000000e-01 0.000000000000000e+00	5.632499999999998e+02 3.251925391210567e+02 0.000000000000000e+00	1	0	0.000000000000000e+00	0.000000000000000e+00	0.000000000000000e+00	9.384089740627259e+04
1	5.000000000000000e-01 8.660254037844386e-01 0.000000000000000e+00	0.000000000000000e+00 0.000000000000000e+00 1.000000000000000e+00	0.000000000000000e+00 0.000000000000000e+00 2.286190426597633e+02	1	0	0.000000000000000e+00	0.000000000000000e+00	0.000000000000000e+00	3.281692567756766e+05
3	-5.000000000000000e-01 -8.660254037844386e-01  0.000000000000000e+00	0.000000000000000e+00 0.000000000000000e+00 1.000000000000000e+00	0.000000000000000e+00 0.000000000000000e+00 6.580962442277471e+02	1	0	0.000000000000000e+00	0.000000000000000e+00	0.000000000000000e+00	1.210736514974700e+06
4	-1.000000000000000e+00  0.000000000000000e+00  0.000000000000000e+00	0.000000000000000e+00 0.000000000000000e+00 1.000000000000000e+00	-0.000000000000000e+00 -0.000000000000000e+00 -1.159425144917371e+02	1	0	0.000000000000000e+00	0.000000000000000e+00	0.000000000000000e+00	1.884765228958241e+06
7	-5.000000000000000e-01 -8.660254037844386e-01  0.000000000000000e+00	0.000000000000000e+00 0.000000000000000e+00 1.000000000000000e+00	-0.000000000000000e+00 -0.000000000000000e+00 -1.894272067752324e+02	1	0	0.000000000000000e+00	0.000000000000000e+00	0.000000000000000e+00	1.360672788510546e+06
9	-5.000000000000000e-01 -8.660254037844386e-01  0.000000000000000e+00	 8.660254037844385e-01 -5.000000000000000e-01  0.000000000000000e+00	-1.215000000000000e+02  7.014805770653952e+01 -0.000000000000000e+00	1	0	0.000000000000000e+00	0.000000000000000e+00	0.000000000000000e+00	2.475082970776741e+06
10	-5.000000000000000e-01  8.660254037844386e-01  0.000000000000000e+00	8.660254037844385e-01 5.000000000000000e-01 0.000000000000000e+00	-1.409999999999999e+02 -8.140638795573722e+01 -0.000000000000000e+00	1	0	0.000000000000000e+00	0.000000000000000e+00	0.000000000000000e+00	2.376532465859495e+03
12	1.000000000000000e+00 0.000000000000000e+00 0.000000000000000e+00	 0.000000000000000e+00 -1.000000000000000e+00  0.000000000000000e+00	0.000000000000000e+00 2.381569860407206e+02 0.000000000000000e+00	1	0	0.000000000000000e+00	0.000000000000000e+00	0.000000000000000e+00	2.250000000000000e+06
13	 5.000000000000000e-01 -8.660254037844386e-01  0.000000000000000e+00	0.000000000000000e+00 0.000000000000000e+00 1.000000000000000e+00	0.000000000000000e+00 0.000000000000000e+00 1.518683640525570e+02	1	0	0.000000000000000e+00	0.000000000000000e+00	0.000000000000000e+00	1.230634183633549e+06
15	5.000000000000000e-01 8.660254037844386e-01 0.000000000000000e+00	 8.660254037844385e-01 -5.000000000000000e-01  0.000000000000000e+00	 5.594999999999998e+02 -3.230274756115955e+02  0.000000000000000e+00	1	0	0.000000000000000e+00	0.000000000000000e+00	0.000000000000000e+00	4.424134031341481e+05
16	 5.000000000000000e-01 -8.660254037844386e-01  0.000000000000000e+00	8.660254037844385e-01 5.000000000000000e-01 0.000000000000000e+00	8.549999999999997e+01 4.936344801571300e+01 0.000000000000000e+00	1	0	0.000000000000000e+00	0.000000000000000e+00	0.000000000000000e+00	2.296472635842493e+05
18	-5.000000000000000e-01 -8.660254037844386e-01  0.000000000000000e+00	0.000000000000000e+00 0.000000000000000e+00 1.000000000000000e+00	0.000000000000000e+00 0.000000000000000e+00 1.469693845669907e+01	1	0	0.000000000000000e+00	0.000000000000000e+00	0.000000000000000e+00	4.542640049165809e+05
21	-5.000000000000000e-01 -8.660254037844386e-01  0.000000000000000e+00	0.000000000000000e+00 0.000000000000000e+00 1.000000000000000e+00	0.000000000000000e+00 0.000000000000000e+00 3.592584956081994e+02	1	0	0.000000000000000e+00	0.000000000000000e+00	0.000000000000000e+00	7.742649551444090e+05
22	-5.000000000000000e-01 -8.660254037844386e-01  0.000000000000000e+00	 8.660254037844385e-01 -5.000000000000000e-01  0.000000000000000e+00	 1.027500000000000e+02 -5.932274015923404e+01  0.000000000000000e+00	1	0	0.000000000000000e+00	0.000000000000000e+00	0.000000000000000e+00	1.335248652941607e+06
24	5.000000000000000e-01 8.660254037844386e-01 0.000000000000000e+00	 8.660254037844385e-01 -5.000000000000000e-01  0.000000000000000e+00	 7.694999999999998e+02 -4.442710321414170e+02  0.000000000000000e+00	1	0	0.000000000000000e+00	0.000000000000000e+00	0.000000000000000e+00	2.363566620586092e+05
25	-5.000000000000000e-01  8.660254037844386e-01  0.000000000000000e+00	8.660254037844385e-01 5.000000000000000e-01 0.000000000000000e+00	-8.017499999999998e+02 -4.628905783227824e+02 -0.000000000000000e+00	1	0	0.000000000000000e+00	0.000000000000000e+00	0.000000000000000e+00	1.974568915210525e+05
26	1.000000000000000e+00 0.000000000000000e+00 0.000000000000000e+00	0.000000000000000e+00 0.000000000000000e+00 1.000000000000000e+00	0.000000000000000e+00 0.000000000000000e+00 5.829785587823964e+02	1	0	0.000000000000000e+00	0.000000000000000e+00	0.000000000000000e+00	5.218225578585370e+05
27	 5.000000000000000e-01 -8.660254037844386e-01  0.000000000000000e+00	 0.000000000000000e+00  0.000000000000000e+00 -1.000000000000000e+00	0.000000000000000e+00 0.000000000000000e+00 6.580962442277471e+02	1	0	0.000000000000000e+00	0.000000000000000e+00	0.000000000000000e+00	9.071374274473879e+04
28	1.000000000000000e+00 0.000000000000000e+00 0.000000000000000e+00	0.000000000000000e+00 0.000000000000000e+00 1.000000000000000e+00	0.000000000000000e+00 0.000000000000000e+00 2.286190426597633e+02	1	0	0.000000000000000e+00	0.000000000000000e+00	0.000000000000000e+00	8.969160029009263e+03
29	1.000000000000000e+00 0.000000000000000e+00 0.000000000000000e+00	 0.000000000000000e+00 -1.000000000000000e+00  0.000000000000000e+00	0.000000000000000e+00 5.715767664977295e+01 0.000000000000000e+00	1	0	0.000000000000000e+00	0.000000000000000e+00	0.000000000000000e+00	2.112144366341550e+06
43	5.000000000000000e-01 8.660254037844386e-01 0.000000000000000e+00	 0.000000000000000e+00  0.000000000000000e+00 -1.000000000000000e+00	-0.000000000000000e+00 -0.000000000000000e+00 -1.159425144917371e+02	1	0	0.000000000000000e+00	0.000000000000000e+00	0.000000000000000e+00	2.653839127549119e+03
55	-1.000000000000000e+00  0.000000000000000e+00  0.000000000000000e+00	0.000000000000000e+00 0.000000000000000e+00 1.000000000000000e+00	-0.000000000000000e+00 -0.000000000000000e+00 -4.262112152442729e+02	1	0	0.000000000000000e+00	0.000000000000000e+00	0.000000000000000e+00	5.566688890717258e+04
66	-5.000000000000000e-01 -8.660254037844386e-01  0.000000000000000e+00	0.000000000000000e+00 0.000000000000000e+00 1.000000000000000e+00	0.000000000000000e+00 0.000000000000000e+00 1.077775486824598e+02	1	0	0.000000000000000e+00	0.000000000000000e+00	0.000000000000000e+00	1.980517323216510e+06
76	-1.000000000000000e+00  0.000000000000000e+00  0.000000000000000e+00	0.000000000000000e+00 0.000000000000000e+00 1.000000000000000e+00	0.000000000000000e+00 0.000000000000000e+00 2.286190426597633e+02	1	0	0.000000000000000e+00	0.000000000000000e+00	0.000000000000000e+00	3.424079532731307e+02
96	-5.000000000000000e-01  8.660254037844386e-01  0.000000000000000e+00	8.660254037844385e-01 5.000000000000000e-01 0.000000000000000e+00	6.397499999999998e+02 3.693598347140630e+02 0.000000000000000e+00	1	0	0.000000000000000e+00	0.000000000000000e+00	0.000000000000000e+00	3.719839122557961e+05
106	-1.000000000000000e+00  0.000000000000000e+00  0.000000000000000e+00	 0.000000000000000e+00 -1.000000000000000e+00  0.000000000000000e+00	-0.000000000000000e+00 -5.473280551917652e+02 -0.000000000000000e+00	1	0	0.000000000000000e+00	0.000000000000000e+00	0.000000000000000e+00	1.168453823079822e+03
107	 5.000000000000000e-01 -8.660254037844386e-01  0.000000000000000e+00	0.000000000000000e+00 0.000000000000000e+00 1.000000000000000e+00	0.000000000000000e+00 0.000000000000000e+00 3.804874067123203e+02	1	0	0.000000000000000e+00	0.000000000000000e+00	0.000000000000000e+00	2.062665260959473e+06
108	5.000000000000000e-01 8.660254037844386e-01 0.000000000000000e+00	0.000000000000000e+00 0.000000000000000e+00 1.000000000000000e+00	-0.000000000000000e+00 -0.000000000000000e+00 -4.164132562731402e+02	1	0	0.000000000000000e+00	0.000000000000000e+00	0.000000000000000e+00	1.971662347984300e+06
110	-1.000000000000000e+00  0.000000000000000e+00  0.000000000000000e+00	 0.000000000000000e+00 -1.000000000000000e+00  0.000000000000000e+00	0.000000000000000e+00 6.910882722199819e+02 0.000000000000000e+00	1	0	0.000000000000000e+00	0.000000000000000e+00	0.000000000000000e+00	1.527847499424819e+06
113	 5.000000000000000e-01 -8.660254037844386e-01  0.000000000000000e+00	0.000000000000000e+00 0.000000000000000e+00 1.000000000000000e+00	-0.000000000000000e+00 -0.000000000000000e+00 -6.793251553318680e+02	1	0	0.000000000000000e+00	0.000000000000000e+00	0.000000000000000e+00	1.258437551307013e+06
160	1.000000000000000e+00 0.000000000000000e+00 0.000000000000000e+00	 0.000000000000000e+00 -1.000000000000000e+00  0.000000000000000e+00	0.000000000000000e+00 3.403479836872843e+02 0.000000000000000e+00	1	0	0.000000000000000e+00	0.000000000000000e+00	0.000000000000000e+00	2.138062849694712e+01
194	-5.000000000000000e-01 -8.660254037844386e-01  0.000000000000000e+00	0.000000000000000e+00 0.000000000000000e+00 1.000000000000000e+00	0.000000000000000e+00 0.000000000000000e+00 9.471360338761622e+01	1	0	0.000000000000000e+00	0.000000000000000e+00	0.000000000000000e+00	4.450084036700996e+05
208	1.000000000000000e+00 0.000000000000000e+00 0.000000000000000e+00	 0.000000000000000e+00 -1.000000000000000e+00  0.000000000000000e+00	0.000000000000000e+00 3.403479836872843e+02 0.000000000000000e+00	1	0	0.000000000000000e+00	0.000000000000000e+00	0.000000000000000e+00	2.590479721074276e+04
225	-5.000000000000000e-01 -8.660254037844386e-01  0.000000000000000e+00	0.000000000000000e+00 0.000000000000000e+00 1.000000000000000e+00	0.000000000000000e+00 0.000000000000000e+00 3.804874067123203e+02	1	0	0.000000000000000e+00	0.000000000000000e+00	0.000000000000000e+00	4.687847783196160e-10
226	1.000000000000000e+00 0.000000000000000e+00 0.000000000000000e+00	0.000000000000000e+00 0.000000000000000e+00 1.000000000000000e+00	0.000000000000000e+00 0.000000000000000e+00 9.471360338761622e+01	1	0	0.000000000000000e+00	0.000000000000000e+00	0.000000000000000e+00	1.265646374333650e-10
0	0	1	1
0	246	0	0
0	1	2	1
0	2	681	0
0	112	246	0
0	247	112	0
0	201	143	0
0	143	247	0
0	436	201	0
0	488	436	0
0	535	488	0
0	585	535	0
0	620	585	0
0	681	620	0
1	4	5	1
1	63	4	1
1	5	6	1
1	6	518	0
1	398	63	0
1	164	113	0
1	113	328	0
1	144	364	0
1	365	144	0
1	505	164	0
1	202	292	0
1	364	202	0
1	328	248	0
1	248	365	0
1	367	249	0
1	249	505	0
1	292	398	0
1	788	367	0
1	518	788	0
3	10	11	1
3	479	10	0
3	11	12	1
3	12	13	1
3	13	479	0
4	15	16	1
4	104	15	1
4	16	17	1
4	17	655	0
4	101	104	0
4	150	101	1
4	571	116	0
4	116	625	0
4	373	150	0
4	374	151	0
4	151	375	0
4	297	209	0
4	209	374	0
4	332	254	0
4	254	683	0
4	255	333	0
4	375	255	0
4	465	297	0
4	625	332	0
4	333	571	0
4	683	373	0
4	512	465	0
4	589	512	0
4	655	589	0
7	27	28	1
7	301	27	0
7	28	29	1
7	29	30	1
7	30	302	0
7	119	338	0
7	339	119	0
7	155	382	0
7	383	155	0
7	384	156	0
7	156	385	0
7	213	301	0
7	382	213	0
7	302	214	0
7	214	384	0
7	338	260	0
7	260	383	0
7	261	339	0
7	385	261	0
9	36	37	1
9	159	36	1
9	37	38	1
9	38	39	1
9	39	864	0
9	491	122	0
9	122	507	0
9	521	159	0
9	216	160	0
9	160	497	0
9	455	216	0
9	507	262	0
9	262	521	0
9	263	491	0
9	497	263	0
9	529	455	0
9	616	529	0
9	740	616	0
9	864	740	0
10	41	42	1
10	161	41	1
10	42	162	0
10	123	161	0
10	162	123	0
12	47	48	1
12	50	47	1
12	48	49	1
12	49	50	1
13	52	53	1
13	305	52	0
13	53	54	1
13	54	55	1
13	55	306	0
13	126	342	0
13	343	126	0
13	167	390	0
13	391	167	0
13	392	168	0
13	168	393	0
13	221	305	0
13	390	221	0
13	222	392	0
13	572	222	0
13	342	268	0
13	268	391	0
13	269	343	0
13	393	269	0
13	306	572	0
15	59	60	1
15	496	59	0
15	60	61	1
15	61	62	1
15	62	226	0
15	273	128	0
15	128	499	0
15	226	172	0
15	172	273	0
15	851	496	0
15	499	696	0
15	615	672	0
15	696	615	0
15	672	851	0
16	63	65	1
16	398	63	0
16	65	66	1
16	66	805	0
16	129	346	0
16	781	129	0
16	174	401	0
16	728	174	0
16	228	400	0
16	734	228	0
16	346	274	0
16	274	399	0
16	349	277	0
16	277	734	0
16	759	349	0
16	399	398	0
16	400	728	0
16	401	615	0
16	615	672	0
16	672	781	0
16	805	759	0
18	71	72	1
18	313	71	0
18	72	73	1
18	73	74	1
18	74	314	0
18	527	131	0
18	131	553	0
18	177	483	0
18	495	177	0
18	408	178	0
18	178	409	0
18	231	313	0
18	406	231	0
18	350	278	0
18	278	407	0
18	279	351	0
18	409	279	0
18	314	408	0
18	553	350	0
18	351	527	0
18	483	406	0
18	407	495	0
21	83	84	1
21	453	83	0
21	84	85	1
21	85	86	1
21	86	352	0
21	136	460	0
21	461	136	0
21	183	646	0
21	647	183	0
21	184	463	0
21	675	184	0
21	235	459	0
21	471	235	0
21	356	284	0
21	284	707	0
21	285	357	0
21	749	285	0
21	317	453	0
21	459	317	0
21	352	416	0
21	460	356	0
21	357	461	0
21	414	471	0
21	646	414	0
21	415	647	0
21	707	415	0
21	416	760	0
21	463	417	0
21	417	749	0
21	760	675	0
22	87	88	1
22	319	87	0
22	88	89	1
22	89	90	1
22	90	531	0
22	137	439	0
22	440	137	0
22	185	441	0
22	442	185	0
22	443	186	0
22	186	444	0
22	237	445	0
22	446	237	0
22	447	238	0
22	238	448	0
22	449	286	0
22	286	450	0
22	287	451	0
22	452	287	0
22	445	319	0
22	438	320	0
22	320	447	0
22	439	358	0
22	358	449	0
22	359	440	0
22	451	359	0
22	441	418	0
22	418	446	0
22	419	442	0
22	450	419	0
22	420	443	0
22	448	420	0
22	444	421	0
22	421	452	0
22	531	438	0
24	97	98	1
24	189	97	0
24	98	99	1
24	99	100	1
24	100	190	0
24	139	189	0
24	190	139	0
25	101	102	1
25	104	101	0
25	102	103	1
25	103	104	1
26	105	106	1
26	660	105	0
26	106	107	1
26	107	242	0
26	141	362	0
26	363	141	0
26	191	426	0
26	427	191	0
26	428	192	0
26	192	429	0
26	241	323	0
26	426	241	0
26	242	428	0
26	362	290	0
26	290	427	0
26	291	363	0
26	429	291	0
26	323	486	0
26	486	582	0
26	582	660	0
27	475	10	0
27	10	479	0
27	468	475	0
27	484	468	0
27	479	729	0
27	501	484	0
27	503	501	0
27	519	503	0
27	537	519	0
27	545	537	0
27	568	545	0
27	583	568	0
27	600	583	0
27	618	600	0
27	631	618	0
27	664	631	0
27	689	664	0
27	703	689	0
27	710	703	0
27	714	710	0
27	715	714	0
27	717	715	0
27	720	717	0
27	729	720	0
28	518	6	0
28	6	533	0
28	533	487	0
28	487	577	0
28	753	518	0
28	577	753	0
29	10	44	1
29	479	10	0
29	45	13	1
29	13	479	0
29	44	45	1
43	101	104	0
43	560	101	0
43	104	540	0
43	540	560	0
55	7	8	1
55	204	7	0
55	8	205	1
55	114	250	0
55	251	114	0
55	146	204	0
55	250	146	0
55	205	147	0
55	147	251	0
66	23	24	1
66	378	23	0
66	24	25	1
66	25	26	1
66	26	300	0
66	118	547	0
66	566	118	0
66	153	378	0
66	379	153	0
66	380	154	0
66	154	381	0
66	300	212	0
66	212	380	0
66	258	379	0
66	611	258	0
66	538	259	0
66	259	567	0
66	547	336	0
66	336	611	0
66	337	566	0
66	567	337	0
66	381	538	0
76	398	63	0
76	63	627	0
76	627	398	0
96	6	32	1
96	518	6	0
96	32	33	1
96	33	34	1
96	34	855	0
96	628	327	0
96	327	711	0
96	869	518	0
96	855	628	0
96	711	869	0
106	615	672	0
106	708	615	0
106	672	865	0
106	865	708	0
107	92	93	1
107	187	92	1
107	93	94	1
107	94	95	1
107	95	771	0
107	138	280	0
107	777	138	0
107	744	187	0
107	424	188	0
107	188	425	0
107	322	240	0
107	240	424	0
107	280	744	0
107	425	289	0
107	289	777	0
107	490	322	0
107	595	490	0
107	733	595	0
107	747	733	0
107	771	747	0
108	18	19	1
108	298	18	0
108	19	20	1
108	20	21	1
108	21	22	1
108	22	108	0
108	108	243	0
108	117	334	0
108	335	117	0
108	152	376	0
108	377	152	0
108	430	193	0
108	193	431	0
108	210	298	0
108	376	210	0
108	243	430	0
108	334	256	0
108	256	377	0
108	257	335	0
108	431	257	0
110	75	76	1
110	776	75	0
110	76	77	1
110	77	78	1
110	78	756	0
110	108	194	0
110	709	108	0
110	132	179	0
110	746	132	0
110	133	306	0
110	630	133	0
110	180	138	0
110	138	280	0
110	179	523	0
110	727	180	0
110	194	746	0
110	195	432	0
110	433	195	0
110	315	233	0
110	233	410	0
110	432	244	0
110	244	709	0
110	280	416	0
110	573	281	0
110	281	602	0
110	306	573	0
110	530	315	0
110	416	352	0
110	352	754	0
110	410	727	0
110	602	433	0
110	523	598	0
110	610	530	0
110	598	639	0
110	688	610	0
110	712	630	0
110	639	722	0
110	737	688	0
110	754	712	0
110	722	776	0
110	756	737	0
113	67	68	1
113	745	67	0
113	68	277	1
113	130	403	0
113	755	130	0
113	402	229	0
113	229	718	0
113	277	349	0
113	349	755	0
113	403	402	0
113	718	724	0
113	724	745	0
160	396	170	0
160	170	397	0
160	397	396	1
194	79	80	1
194	548	79	0
194	80	199	1
194	134	354	0
194	355	134	0
194	181	412	0
194	413	181	0
194	198	388	0
194	434	198	0
194	199	882	0
194	234	316	0
194	412	234	0
194	327	245	0
194	245	434	0
194	354	282	0
194	282	413	0
194	283	355	0
194	388	283	0
194	316	494	0
194	628	327	0
194	494	548	0
194	882	628	0
208	56	57	1
208	307	56	0
208	57	66	1
208	66	828	0
208	127	344	0
208	828	127	0
208	169	394	0
208	395	169	0
208	223	307	0
208	394	223	0
208	344	270	0
208	270	395	0
225	280	138	0
225	138	886	0
225	886	280	0
226	628	327	0
226	327	887	0
226	887	628	0
