456
44
521
0	 7.500000000000000e+02  1.732050807600000e+00 -5.812877582731001e+02	 9.940000000000000e-08 -1.721000000000000e-07 -3.244800000000000e-06	1.000000000000000e+00	0	1	0
1	 7.500000000000000e+02  1.732050807600000e+00 -7.500000000000000e+02	0.000000000000000e+00 0.000000000000000e+00 0.000000000000000e+00	1.000000000000000e+00	0	1	1
2	 3.179872981078000e+02  7.500000000000000e+02 -7.500000000000000e+02	-2.592923010000000e-02  4.491074390000000e-02  0.000000000000000e+00	1.000000000000000e+00	0	1	2
4	 7.500000000000000e+02 -7.500000000000000e+02  2.286190426598000e+02	0.000000000000000e+00 0.000000000000000e+00 0.000000000000000e+00	1.000000000000000e+00	8048	1	4
5	7.500000000000000e+02 7.500000000000000e+02 2.286190426598000e+02	0.000000000000000e+00 0.000000000000000e+00 0.000000000000000e+00	1.000000000000000e+00	8048	1	5
6	4.199872981078000e+02 7.500000000000000e+02 2.286190426598000e+02	0.000000000000000e+00 0.000000000000000e+00 0.000000000000000e+00	7.500000000000000e-01	8048	1	6
7	 7.500000000000000e+02  6.208122298637001e+02 -4.262112152443000e+02	5.520000000000000e-08 3.864000000000000e-07 0.000000000000000e+00	1.000000000000000e+00	646	1	7
8	 7.500000000000000e+02  7.500000000000000e+02 -4.262112152443000e+02	0.000000000000000e+00 0.000000000000000e+00 0.000000000000000e+00	1.000000000000000e+00	646	1	8
10	-7.500000000000000e+02  5.715767664980000e+01  6.580962442277000e+02	0.000000000000000e+00 0.000000000000000e+00 0.000000000000000e+00	1.000000000000000e+00	1105	1	10
11	-7.500000000000000e+02 -7.500000000000000e+02  6.580962442277000e+02	0.000000000000000e+00 0.000000000000000e+00 0.000000000000000e+00	1.000000000000000e+00	1105	1	11
12	 7.500000000000000e+02 -7.500000000000000e+02  6.580962442277000e+02	0.000000000000000e+00 0.000000000000000e+00 0.000000000000000e+00	1.000000000000000e+00	1105	1	12
13	7.500000000000000e+02 5.715767664980000e+01 6.580962442277000e+02	0.000000000000000e+00 0.000000000000000e+00 0.000000000000000e+00	4.218750000000000e-01	1105	1	13
15	 7.500000000000000e+02 -7.500000000000000e+02 -1.159425144917000e+02	0.000000000000000e+00 0.000000000000000e+00 0.000000000000000e+00	1.000000000000000e+00	661	1	15
16	 7.500000000000000e+02  7.500000000000000e+02 -1.159425144917000e+02	0.000000000000000e+00 0.000000000000000e+00 0.000000000000000e+00	1.000000000000000e+00	661	1	16
17	 2.517096972554000e+02  7.500000000000000e+02 -1.159425144917000e+02	 1.141490000000000e-05 -2.516010000000000e-05  0.000000000000000e+00	1.000000000000000e+00	661	1	17
18	-7.500000000000000e+02 -9.502997010150000e+01 -4.164132562731000e+02	 7.502000000000000e-07 -6.203000000000000e-07  0.000000000000000e+00	1.000000000000000e+00	8048	1	18
19	-7.500000000000000e+02 -7.500000000000000e+02 -4.164132562731000e+02	0.000000000000000e+00 0.000000000000000e+00 0.000000000000000e+00	1.000000000000000e+00	8048	1	19
20	 7.500000000000000e+02 -7.500000000000000e+02 -4.164132562731000e+02	0.000000000000000e+00 0.000000000000000e+00 0.000000000000000e+00	1.000000000000000e+00	8048	1	20
21	 7.500000000000000e+02  7.500000000000000e+02 -4.164132562731000e+02	0.000000000000000e+00 0.000000000000000e+00 0.000000000000000e+00	1.000000000000000e+00	8048	1	21
22	-2.065434049258000e+02  7.500000000000000e+02 -4.164132562731000e+02	-2.772467802246094e-04  0.000000000000000e+00  0.000000000000000e+00	1.779785156250000e-01	8048	1	22
23	-6.432430721086000e+02 -7.500000000000000e+02  1.077775486825000e+02	-1.246702000000000e-04  2.363190000000000e-05  0.000000000000000e+00	1.000000000000000e+00	23	1	23
24	 7.500000000000000e+02 -7.500000000000000e+02  1.077775486825000e+02	0.000000000000000e+00 0.000000000000000e+00 0.000000000000000e+00	1.000000000000000e+00	23	1	24
25	7.500000000000000e+02 7.500000000000000e+02 1.077775486825000e+02	0.000000000000000e+00 0.000000000000000e+00 0.000000000000000e+00	1.000000000000000e+00	23	1	25
26	-6.122553222799000e+02  7.500000000000000e+02  1.077775486825000e+02	 9.112100000000000e-06 -1.090200000000000e-06  0.000000000000000e+00	1.000000000000000e+00	23	1	26
27	-7.365460923416000e+02 -7.500000000000000e+02 -1.894272067752000e+02	 3.008000000000000e-07 -2.318000000000000e-07  0.000000000000000e+00	1.000000000000000e+00	27	1	27
28	 7.500000000000000e+02 -7.500000000000000e+02 -1.894272067752000e+02	0.000000000000000e+00 0.000000000000000e+00 0.000000000000000e+00	1.000000000000000e+00	27	1	28
29	 7.500000000000000e+02  7.500000000000000e+02 -1.894272067752000e+02	0.000000000000000e+00 0.000000000000000e+00 0.000000000000000e+00	1.000000000000000e+00	27	1	29
30	 4.223782457924000e+02  7.500000000000000e+02 -1.894272067752000e+02	-1.698000000000000e-07  1.311000000000000e-07  0.000000000000000e+00	1.000000000000000e+00	27	1	30
32	4.199872981078000e+02 7.500000000000000e+02 7.500000000000000e+02	0.000000000000000e+00 0.000000000000000e+00 0.000000000000000e+00	1.000000000000000e+00	8048	1	32
33	7.500000000000000e+02 1.784012331796000e+02 7.500000000000000e+02	0.000000000000000e+00 0.000000000000000e+00 0.000000000000000e+00	1.000000000000000e+00	8048	1	33
34	7.500000000000000e+02 1.784012331796000e+02 9.471360338760000e+01	 0.000000000000000e+00 -0.000000000000000e+00  0.000000000000000e+00	7.500000000000000e-01	8048	1	34
36	-5.950127018922000e+02 -7.500000000000000e+02 -7.500000000000000e+02	0.000000000000000e+00 0.000000000000000e+00 0.000000000000000e+00	1.000000000000000e+00	491	1	36
37	 2.710127018922000e+02  7.500000000000000e+02 -7.500000000000000e+02	0.000000000000000e+00 0.000000000000000e+00 0.000000000000000e+00	1.000000000000000e+00	491	1	37
38	2.710127018922000e+02 7.500000000000000e+02 7.500000000000000e+02	0.000000000000000e+00 0.000000000000000e+00 0.000000000000000e+00	1.000000000000000e+00	491	1	38
39	-2.114763765511000e+02 -8.569559796090000e+01  7.500000000000000e+02	 1.566400000000000e-06  2.713000000000000e-06 -1.465850000000000e-05	1.000000000000000e+00	491	1	39
41	 2.450127018922000e+02 -7.500000000000000e+02  7.500000000000000e+02	0.000000000000000e+00 0.000000000000000e+00 0.000000000000000e+00	1.000000000000000e+00	729	1	41
42	 2.450127018922000e+02 -7.500000000000000e+02  7.354104696549000e+02	 2.600000000000000e-09 -4.600000000000000e-09  1.355000000000000e-07	1.000000000000000e+00	729	1	42
44	-7.500000000000000e+02  5.715767664980000e+01 -7.500000000000000e+02	0.000000000000000e+00 0.000000000000000e+00 0.000000000000000e+00	1.000000000000000e+00	1105	1	44
45	 7.500000000000000e+02  5.715767664980000e+01 -7.500000000000000e+02	0.000000000000000e+00 0.000000000000000e+00 0.000000000000000e+00	1.000000000000000e+00	1105	1	45
47	-7.500000000000000e+02  2.381569860407000e+02  7.500000000000000e+02	0.000000000000000e+00 0.000000000000000e+00 0.000000000000000e+00	1.000000000000000e+00	1074	1	47
48	-7.500000000000000e+02  2.381569860407000e+02 -7.500000000000000e+02	0.000000000000000e+00 0.000000000000000e+00 0.000000000000000e+00	1.000000000000000e+00	1074	1	48
49	 7.500000000000000e+02  2.381569860407000e+02 -7.500000000000000e+02	0.000000000000000e+00 0.000000000000000e+00 0.000000000000000e+00	1.000000000000000e+00	1074	1	49
50	7.500000000000000e+02 2.381569860407000e+02 7.500000000000000e+02	0.000000000000000e+00 0.000000000000000e+00 0.000000000000000e+00	1.000000000000000e+00	1074	1	50
52	 2.614097628111000e+02 -7.500000000000000e+02  1.518683640526000e+02	3.390000000000000e-07 1.719000000000000e-07 0.000000000000000e+00	1.000000000000000e+00	8048	1	52
53	 7.500000000000000e+02 -7.500000000000000e+02  1.518683640526000e+02	0.000000000000000e+00 0.000000000000000e+00 0.000000000000000e+00	1.000000000000000e+00	8048	1	53
54	7.500000000000000e+02 7.500000000000000e+02 1.518683640526000e+02	0.000000000000000e+00 0.000000000000000e+00 0.000000000000000e+00	1.000000000000000e+00	8048	1	54
55	-3.653777313764000e+02  7.500000000000000e+02  1.518683640526000e+02	-2.302187695312500e-06 -5.387765625000000e-07  0.000000000000000e+00	1.779785156250000e-01	8048	1	55
56	-7.500000000000000e+02  3.403479836873000e+02 -6.861881859579000e+02	-6.820000000000000e-08  0.000000000000000e+00 -2.155100000000000e-06	1.000000000000000e+00	8048	1	56
57	-7.500000000000000e+02  3.403479836873000e+02 -7.500000000000000e+02	0.000000000000000e+00 0.000000000000000e+00 0.000000000000000e+00	1.000000000000000e+00	8048	1	57
59	 3.129872981078000e+02 -7.500000000000000e+02 -1.298347271000000e+00	-1.100000000000000e-09 -1.900000000000000e-09  1.480000000000000e-07	1.000000000000000e+00	8048	1	59
60	 3.129872981078000e+02 -7.500000000000000e+02 -7.500000000000000e+02	0.000000000000000e+00 0.000000000000000e+00 0.000000000000000e+00	1.000000000000000e+00	8048	1	60
61	 7.500000000000000e+02  6.928203230300000e+00 -7.500000000000000e+02	0.000000000000000e+00 0.000000000000000e+00 0.000000000000000e+00	1.000000000000000e+00	8048	1	61
62	 7.500000000000000e+02  6.928203230300000e+00 -2.842936466006000e+02	2.208000000000000e-07 3.824000000000000e-07 2.521810000000000e-05	1.000000000000000e+00	8048	1	62
63	 5.470127018922000e+02 -7.500000000000000e+02  2.286190426598000e+02	-0.000000000000000e+00 -0.000000000000000e+00  0.000000000000000e+00	1.000000000000000e+00	8048	1	63
65	 5.470127018922000e+02 -7.500000000000000e+02 -7.500000000000000e+02	0.000000000000000e+00 0.000000000000000e+00 0.000000000000000e+00	1.000000000000000e+00	8048	1	65
66	-8.250000000000000e+01  3.403479836873000e+02 -7.500000000000000e+02	0.000000000000000e+00 0.000000000000000e+00 0.000000000000000e+00	7.500000000000000e-01	8048	1	66
67	-7.500000000000000e+02  7.500000000000000e+02 -6.793251553319001e+02	0.000000000000000e+00 1.468979763000000e-01 0.000000000000000e+00	1.000000000000000e+00	8048	1	67
68	-7.500000000000000e+02 -7.500000000000000e+02 -6.793251553319001e+02	0.000000000000000e+00 0.000000000000000e+00 0.000000000000000e+00	1.000000000000000e+00	8048	1	68
71	 4.492366882819000e+02 -7.500000000000000e+02  1.469693845670000e+01	-1.092220000000000e-05  2.672500000000000e-06  0.000000000000000e+00	1.000000000000000e+00	5009	1	71
72	 7.500000000000000e+02 -7.500000000000000e+02  1.469693845670000e+01	0.000000000000000e+00 0.000000000000000e+00 0.000000000000000e+00	1.000000000000000e+00	5009	1	72
73	7.500000000000000e+02 7.500000000000000e+02 1.469693845670000e+01	0.000000000000000e+00 0.000000000000000e+00 0.000000000000000e+00	1.000000000000000e+00	5009	1	73
74	5.913792420677000e+02 7.500000000000000e+02 1.469693845670000e+01	 7.159860000000000e-05 -2.331280000000000e-05  0.000000000000000e+00	1.000000000000000e+00	5009	1	74
75	 3.130688954796000e+02  6.910882722200000e+02 -7.500000000000000e+02	2.134000000000000e-07 0.000000000000000e+00 6.022000000000000e-07	1.000000000000000e+00	8048	1	75
76	 7.500000000000000e+02  6.910882722200000e+02 -7.500000000000000e+02	0.000000000000000e+00 0.000000000000000e+00 0.000000000000000e+00	1.000000000000000e+00	8048	1	76
77	7.500000000000000e+02 6.910882722200000e+02 7.500000000000000e+02	0.000000000000000e+00 0.000000000000000e+00 0.000000000000000e+00	1.000000000000000e+00	8048	1	77
78	-7.500000000000000e+02  6.910882722200000e+02  7.500000000000000e+02	-6.816608420000000e-02  0.000000000000000e+00  0.000000000000000e+00	1.000000000000000e+00	8048	1	78
79	-5.492650731780000e+01 -7.500000000000000e+02  9.471360338760000e+01	 7.558100000000001e-06 -7.468500000000001e-06  0.000000000000000e+00	1.000000000000000e+00	8048	1	79
80	 7.500000000000000e+02 -7.500000000000000e+02  9.471360338760000e+01	0.000000000000000e+00 0.000000000000000e+00 0.000000000000000e+00	1.000000000000000e+00	8048	1	80
83	 3.219695274378000e+02 -7.500000000000000e+02  3.592584956082000e+02	-4.329100000000000e-06  6.600000000000000e-07  0.000000000000000e+00	1.000000000000000e+00	8048	1	83
84	 7.500000000000000e+02 -7.500000000000000e+02  3.592584956082000e+02	0.000000000000000e+00 0.000000000000000e+00 0.000000000000000e+00	1.000000000000000e+00	8048	1	84
85	7.500000000000000e+02 7.500000000000000e+02 3.592584956082000e+02	0.000000000000000e+00 0.000000000000000e+00 0.000000000000000e+00	1.000000000000000e+00	8048	1	85
87	-2.960127018922000e+02 -7.500000000000000e+02 -4.867206710899000e+02	-3.140000000000000e-08 -5.430000000000000e-08  6.206000000000000e-07	1.000000000000000e+00	8048	1	87
88	-2.960127018922000e+02 -7.500000000000000e+02 -7.500000000000000e+02	0.000000000000000e+00 0.000000000000000e+00 0.000000000000000e+00	1.000000000000000e+00	8048	1	88
89	 5.700127018922000e+02  7.500000000000000e+02 -7.500000000000000e+02	0.000000000000000e+00 0.000000000000000e+00 0.000000000000000e+00	1.000000000000000e+00	8048	1	89
90	5.700127018922000e+02 7.500000000000000e+02 5.911664611713001e+02	 3.408600000000000e-06  5.903900000000000e-06 -5.270030000000000e-05	1.000000000000000e+00	8048	1	90
92	-7.500000000000000e+02  7.500000000000000e+02  3.804874067123000e+02	0.000000000000000e+00 0.000000000000000e+00 0.000000000000000e+00	1.000000000000000e+00	8006	1	92
93	-7.500000000000000e+02 -7.500000000000000e+02  3.804874067123000e+02	0.000000000000000e+00 0.000000000000000e+00 0.000000000000000e+00	1.000000000000000e+00	8006	1	93
94	 7.500000000000000e+02 -7.500000000000000e+02  3.804874067123000e+02	0.000000000000000e+00 0.000000000000000e+00 0.000000000000000e+00	1.000000000000000e+00	8006	1	94
95	7.500000000000000e+02 2.992143387806000e+02 3.804874067123000e+02	-1.563970000000000e-05 -1.607780000000000e-05  0.000000000000000e+00	1.000000000000000e+00	8006	1	95
97	 5.929872981078000e+02 -7.500000000000000e+02 -1.595442296640000e+01	 4.800000000000000e-09  8.300000000000000e-09 -9.550000000000000e-08	1.000000000000000e+00	97	1	97
98	 5.929872981078000e+02 -7.500000000000000e+02 -7.500000000000000e+02	0.000000000000000e+00 0.000000000000000e+00 0.000000000000000e+00	1.000000000000000e+00	97	1	98
99	 7.500000000000000e+02 -4.780460228890000e+02 -7.500000000000000e+02	0.000000000000000e+00 0.000000000000000e+00 0.000000000000000e+00	1.000000000000000e+00	97	1	99
100	 7.500000000000000e+02 -4.780460228890000e+02  1.938268333960000e+01	 2.960000000000000e-08  5.120000000000000e-08 -6.199000000000000e-07	1.000000000000000e+00	97	1	100
101	-7.500000000000000e+02 -5.525242076145000e+02 -1.159425144917000e+02	-0.000000000000000e+00 -0.000000000000000e+00  0.000000000000000e+00	1.779785156250000e-01	661	1	101
102	-7.500000000000000e+02 -5.525242076145000e+02  7.500000000000000e+02	0.000000000000000e+00 0.000000000000000e+00 0.000000000000000e+00	1.000000000000000e+00	661	1	102
103	-6.359872981078000e+02 -7.500000000000000e+02  7.500000000000000e+02	0.000000000000000e+00 0.000000000000000e+00 0.000000000000000e+00	1.000000000000000e+00	661	1	103
104	-6.359872981078000e+02 -7.500000000000000e+02 -1.159425144917000e+02	0.000000000000000e+00 0.000000000000000e+00 0.000000000000000e+00	7.500000000000000e-01	661	1	104
105	-5.866035002709000e+02 -7.500000000000000e+02  5.829785587824000e+02	-6.895650000000000e-05  2.026904000000000e-04  0.000000000000000e+00	1.000000000000000e+00	105	1	105
106	 7.500000000000000e+02 -7.500000000000000e+02  5.829785587824000e+02	0.000000000000000e+00 0.000000000000000e+00 0.000000000000000e+00	1.000000000000000e+00	105	1	106
107	7.500000000000000e+02 2.489437555490000e+01 5.829785587824000e+02	 1.027600000000000e-06 -3.038600000000000e-06  0.000000000000000e+00	1.000000000000000e+00	105	1	107
108	-2.075303296353000e+02  6.910882722200000e+02 -4.164132562731000e+02	-2.398546153564453e-04  0.000000000000000e+00  0.000000000000000e+00	1.779785156250000e-01	8048	0	108
112	 6.715591703438000e+02  1.375955531600000e+02 -5.929386704444000e+02	 1.250000000000000e-07 -2.165000000000000e-07 -2.751300000000000e-06	1.000000000000000e+00	0	0	112
113	 5.150377245643000e+02 -6.356990484000001e+00  2.286190426598000e+02	-2.122620000000000e-05  2.122300000000000e-06  0.000000000000000e+00	1.000000000000000e+00	8048	0	113
114	 2.990315210044000e+02  6.853898552428001e+02 -4.262112152443000e+02	-5.900000000000000e-09 -3.990000000000000e-08  0.000000000000000e+00	1.000000000000000e+00	646	0	114
116	-5.777892952621000e+02  1.418875752216000e+02 -1.159425144917000e+02	-8.577200000000000e-06  3.395000000000000e-06  0.000000000000000e+00	1.000000000000000e+00	661	0	116
117	-4.257586720554000e+02  2.979563768080000e+02 -4.164132562731000e+02	 5.605000000000000e-07 -4.608000000000000e-07  0.000000000000000e+00	1.000000000000000e+00	8048	0	117
118	-6.361093513980001e+02 -1.585802431155000e+02  1.077775486825000e+02	-1.167101000000000e-04 -3.247300000000000e-06  0.000000000000000e+00	1.000000000000000e+00	23	0	118
119	-1.571920809652000e+02  6.747199950000000e-02 -1.894272067752000e+02	-2.795000000000000e-07  2.161000000000000e-07  0.000000000000000e+00	1.000000000000000e+00	27	0	119
122	-5.465934348926000e+02 -6.661353694914001e+02  3.810547919722000e+02	-3.428800000000000e-06 -5.938900000000000e-06 -2.434800000000000e-05	1.000000000000000e+00	491	0	122
123	 1.455995626004000e+02 -5.778113918066000e+02  7.443308315157001e+02	 4.200000000000000e-09 -7.300000000000000e-09  1.587000000000000e-07	1.000000000000000e+00	729	0	123
126	-7.300873543910001e+01 -9.304250000000000e-03  1.518683640526000e+02	-8.780000000000001e-08 -3.820000000000000e-08  0.000000000000000e+00	1.000000000000000e+00	8048	0	126
127	-2.080698101648000e+02  3.403479836873000e+02 -7.337574722465000e+02	 1.290000000000000e-06  0.000000000000000e+00 -2.311700000000000e-06	1.000000000000000e+00	8048	0	127
128	 5.325342186079000e+02 -3.697335790485000e+02 -2.720989434102000e+02	1.172000000000000e-07 2.029000000000000e-07 5.747700000000000e-06	1.000000000000000e+00	8048	0	128
130	-3.327240731576000e+02  5.839718326286001e+02 -6.793251553319001e+02	-1.022630000000000e-05 -2.047480000000000e-05  0.000000000000000e+00	1.000000000000000e+00	8048	0	130
131	5.235222898826000e+02 1.493962291017000e+02 1.469693845670000e+01	1.233159000000000e-04 2.514100000000000e-06 0.000000000000000e+00	1.000000000000000e+00	5009	0	131
132	-4.744792579610000e+01  6.910882722200000e+02 -5.569432503186000e+02	-2.782000000000000e-05  0.000000000000000e+00 -4.057920000000000e-05	1.000000000000000e+00	8048	0	132
133	-3.446543263716000e+02  6.910882722200000e+02  1.559537538192000e+02	-8.405943750000000e-06  0.000000000000000e+00  4.331981250000000e-06	4.218750000000000e-01	8048	0	133
134	 3.680014422680000e+02 -1.679899370597000e+02  9.471360338760000e+01	 8.707000000000000e-06 -6.529800000000001e-06  0.000000000000000e+00	1.000000000000000e+00	8048	0	134
136	3.581200126827000e+02 2.306762199149000e+02 3.592584956082000e+02	1.626840000000000e-05 1.460850000000000e-06 0.000000000000000e+00	7.500000000000000e-01	8048	0	136
137	 1.593781121715000e+02  3.876002725850000e+01 -7.344895863350000e+01	-2.384550000000000e-05 -4.130160000000000e-05  4.555740000000000e-05	1.000000000000000e+00	8048	0	137
139	 6.776962392992000e+02 -6.032798100011000e+02  3.406295399900000e+00	 1.688000000000000e-07  2.923000000000000e-07 -2.701400000000000e-06	1.000000000000000e+00	97	0	139
141	 2.387900739911000e+02 -2.592542257393000e+02  5.829785587824000e+02	 1.646660000000000e-05 -2.809890000000000e-05  0.000000000000000e+00	1.000000000000000e+00	105	0	141
143	 5.701430393163000e+02  3.132534448067000e+02 -6.181584938961000e+02	 1.408000000000000e-07 -2.439000000000000e-07 -1.859900000000000e-06	1.000000000000000e+00	0	0	143
144	 4.865488513588000e+02 -3.769775096420000e+02  2.286190426598000e+02	-4.493990000000000e-05  4.203100000000000e-06  0.000000000000000e+00	1.000000000000000e+00	8048	0	144
146	 5.245204725254000e+02  6.530710221260000e+02 -4.262112152443000e+02	1.350000000000000e-08 9.420000000000001e-08 0.000000000000000e+00	1.000000000000000e+00	646	0	146
147	 7.249632697980000e+01  7.226188654056000e+02 -4.262112152443000e+02	2.194000000000000e-07 8.605000000000001e-07 0.000000000000000e+00	1.000000000000000e+00	646	0	147
150	-7.500000000000000e+02 -2.077974214175000e+02 -1.159425144917000e+02	 1.449680000000000e-05 -1.389000000000000e-06  0.000000000000000e+00	1.000000000000000e+00	661	1	150
151	-2.362678992005000e+02  4.501815558729000e+02 -1.159425144917000e+02	-6.846500000000000e-06  9.321100000000000e-06  0.000000000000000e+00	1.000000000000000e+00	661	0	151
152	-5.877988851820000e+02  1.014958188429000e+02 -4.164132562731000e+02	 5.321000000000001e-07 -4.390000000000000e-07  0.000000000000000e+00	1.000000000000000e+00	8048	0	152
153	-6.245645124707000e+02 -6.148070553219001e+02  1.077775486825000e+02	-1.687516000000000e-04 -1.842100000000000e-06  0.000000000000000e+00	1.000000000000000e+00	23	0	153
154	-6.369620247130000e+02  3.321244226209000e+02  1.077775486825000e+02	-4.878390000000000e-05  1.175900000000000e-06  0.000000000000000e+00	1.000000000000000e+00	23	0	154
155	-4.469604133794000e+02 -3.749290135002000e+02 -1.894272067752000e+02	-2.589000000000000e-07  2.000000000000000e-07  0.000000000000000e+00	1.000000000000000e+00	27	0	155
156	 1.326227756439000e+02  3.750279492228000e+02 -1.894272067752000e+02	-1.403000000000000e-07  1.084000000000000e-07  0.000000000000000e+00	1.000000000000000e+00	27	0	156
159	-5.950127018922000e+02 -7.500000000000000e+02  2.317005310992000e+02	-1.425190000000000e-05 -2.468500000000000e-05  4.132300000000000e-06	1.000000000000000e+00	491	1	159
160	-4.487500120092000e+02 -4.966655898710000e+02  5.410499169731000e+02	 6.524200000000000e-06  1.130020000000000e-05 -1.765140000000000e-05	1.000000000000000e+00	491	0	160
161	 9.393032377750001e+01 -4.883176449770000e+02  7.500000000000000e+02	 4.300000000000000e-09 -7.400000000000000e-09  1.552000000000000e-07	1.000000000000000e+00	729	1	161
162	 1.965552245363000e+02 -6.660691872130001e+02  7.391828044742000e+02	 3.000000000000000e-09 -5.300000000000000e-09  1.347000000000000e-07	1.000000000000000e+00	729	0	162
164	5.230809136279000e+02 5.440062808490000e+01 2.286190426598000e+02	-1.181600000000000e-05  1.524500000000000e-06  0.000000000000000e+00	1.000000000000000e+00	8048	0	164
167	 9.025026336910000e+01 -3.750496925565000e+02  1.518683640526000e+02	-3.401000000000000e-07 -1.482000000000000e-07  0.000000000000000e+00	1.000000000000000e+00	8048	0	167
168	-2.362345570569000e+02  3.750048523975000e+02  1.518683640526000e+02	6.010000000000000e-08 2.620000000000000e-08 0.000000000000000e+00	1.000000000000000e+00	8048	0	168
169	-4.953275021036000e+02  3.403479836873000e+02 -7.005137930521000e+02	-1.802000000000000e-07  0.000000000000000e+00 -2.122200000000000e-06	1.000000000000000e+00	8048	0	169
172	 6.452907433530000e+02 -1.744335493051000e+02 -2.799382681597000e+02	2.498000000000000e-07 4.326000000000000e-07 1.855290000000000e-05	1.000000000000000e+00	8048	0	172
174	 4.553139568702000e+02 -5.911731146316000e+02 -3.127983821642000e+02	-2.157940000000000e-05  3.737670000000000e-05  5.293570000000000e-05	1.000000000000000e+00	8048	0	174
177	 5.096302489849000e+02 -3.050476414695000e+02  1.469693845670000e+01	 4.312990000000000e-05 -3.605900000000000e-06  0.000000000000000e+00	1.000000000000000e+00	5009	0	177
179	 7.346243759000000e+00  6.910882722200000e+02 -6.019175776041001e+02	-6.889200000000000e-06  0.000000000000000e+00 -4.797200000000000e-06	1.000000000000000e+00	8048	0	179
181	 2.145722198818000e+02 -4.509962860001000e+02  9.471360338760000e+01	 1.484000000000000e-07 -7.350000000000000e-08  0.000000000000000e+00	1.000000000000000e+00	8048	0	181
183	 3.532962966965000e+02 -2.769201041188000e+02  3.592584956082000e+02	 7.071180000000000e-05 -1.275200000000000e-06  0.000000000000000e+00	1.000000000000000e+00	8048	0	183
185	-8.258552371380000e+01 -3.803332836789000e+02 -3.813462484589000e+02	 2.323700000000000e-06  4.024800000000000e-06 -1.152510000000000e-05	1.000000000000000e+00	8048	0	185
187	4.254260150570000e+02 7.500000000000000e+02 3.804874067123000e+02	-3.889000000000000e-07 -1.181000000000000e-07  0.000000000000000e+00	1.000000000000000e+00	8006	1	187
189	 6.312328099403001e+02 -6.837568303446001e+02 -8.255056003300000e+00	 1.886000000000000e-07  3.267000000000000e-07 -3.027400000000000e-06	1.000000000000000e+00	97	0	189
190	 7.226650980575000e+02 -5.253914618733000e+02  1.416599505920000e+01	 9.120000000000001e-08  1.579000000000000e-07 -1.539300000000000e-06	1.000000000000000e+00	97	0	190
191	-8.548409943360001e+01 -4.555795125688000e+02  5.829785587824000e+02	-7.595100000000000e-06  1.198300000000000e-05  0.000000000000000e+00	1.000000000000000e+00	105	0	191
192	 5.669479402080000e+02 -7.387423271000000e+01  5.829785587824000e+02	 3.794210000000000e-05 -6.058100000000000e-05  0.000000000000000e+00	1.000000000000000e+00	105	0	192
193	-2.657084111403000e+02  4.953194107600000e+02 -4.164132562731000e+02	-1.470487500000000e-06  7.935750000000001e-07  0.000000000000000e+00	5.625000000000000e-01	8048	0	193
194	-1.998980486193000e+02  6.910882722200000e+02 -4.176556744842000e+02	-9.108753802528381e-05  0.000000000000000e+00 -1.308043167855263e-04	5.631351470947266e-02	8048	0	194
195	-3.720586628914000e+02  6.910882722200000e+02 -1.955024890408000e+02	-4.088378000000000e-04  0.000000000000000e+00  4.166520000000000e-05	1.000000000000000e+00	8048	0	195
198	5.994592401465001e+02 5.714545169640000e+01 9.471360338760000e+01	 5.781100000000000e-06 -6.908300000000000e-06  0.000000000000000e+00	1.000000000000000e+00	8048	0	198
201	 5.169293945722001e+02  4.054221811593000e+02 -6.362542671091001e+02	 1.095000000000000e-07 -1.896000000000000e-07 -1.268400000000000e-06	1.000000000000000e+00	0	0	201
202	 4.619773500757000e+02 -5.766945478852000e+02  2.286190426598000e+02	-1.235946093750000e-05 -5.824089843750000e-07  0.000000000000000e+00	3.164062500000000e-01	8048	0	202
204	 6.372657154695000e+02  6.369170819550001e+02 -4.262112152443000e+02	2.360000000000000e-08 1.649000000000000e-07 0.000000000000000e+00	1.000000000000000e+00	646	0	204
205	-2.397420433090000e+01  7.500000000000000e+02 -4.262112152443000e+02	-8.890000000000001e-08 -3.132000000000000e-07  0.000000000000000e+00	1.000000000000000e+00	646	1	205
209	-7.750493965140001e+01  5.620426808554000e+02 -1.159425144917000e+02	-6.376500000000000e-06  9.441700000000000e-06  0.000000000000000e+00	1.000000000000000e+00	661	0	209
210	-6.688301912226000e+02  3.274946445600000e+00 -4.164132562731000e+02	 4.813000000000001e-07 -3.969000000000000e-07  0.000000000000000e+00	1.000000000000000e+00	8048	0	210
212	-6.284008947329000e+02  5.592802493266000e+02  1.077775486825000e+02	-1.571800000000000e-05  7.166000000000001e-07  0.000000000000000e+00	1.000000000000000e+00	23	0	212
213	-5.917731003423000e+02 -5.624824685750000e+02 -1.894272067752000e+02	-5.320000000000000e-08  4.110000000000000e-08  0.000000000000000e+00	1.000000000000000e+00	27	0	213
214	 2.775288179866000e+02  5.625092700267001e+02 -1.894272067752000e+02	-4.840000000000000e-08  3.740000000000000e-08  0.000000000000000e+00	1.000000000000000e+00	27	0	214
216	-4.000581368641000e+02 -4.123287882038000e+02  6.061846073448000e+02	 5.827700000000000e-06  1.009380000000000e-05 -1.831760000000000e-05	1.000000000000000e+00	491	0	216
221	 1.722547810819000e+02 -5.624925022985000e+02  1.518683640526000e+02	5.600000000000001e-08 2.510000000000000e-08 0.000000000000000e+00	1.000000000000000e+00	8048	0	221
222	-3.121305068042000e+02  5.641011353593000e+02  1.518683640526000e+02	-4.919000000000000e-07 -1.773000000000000e-07  0.000000000000000e+00	1.000000000000000e+00	8048	0	222
223	-6.345330372377000e+02  3.403479836873000e+02 -6.908496475394001e+02	-1.184000000000000e-07  0.000000000000000e+00 -2.190500000000000e-06	1.000000000000000e+00	8048	0	223
226	 7.014085228800001e+02 -7.723470395640000e+01 -2.825921564474000e+02	2.287000000000000e-07 3.962000000000000e-07 2.266180000000000e-05	1.000000000000000e+00	8048	0	226
228	 5.235307908118000e+02 -7.093281369498001e+02 -5.499937448061000e+02	 6.798300000000001e-06 -1.177500000000000e-05 -1.931420000000000e-05	1.000000000000000e+00	8048	0	228
229	-5.022371519639000e+02  6.660031698987000e+02 -6.793251553319001e+02	-7.163400000000000e-06 -1.609980000000000e-05  0.000000000000000e+00	1.000000000000000e+00	8048	0	229
231	 4.866426858582000e+02 -5.371435728739000e+02  1.469693845670000e+01	 2.463400000000000e-06 -2.588000000000000e-07  0.000000000000000e+00	1.000000000000000e+00	5009	0	231
233	-4.688065183264000e+02  6.910882722200000e+02  4.368594553128000e+02	-9.041600000000000e-06  0.000000000000000e+00 -7.606600000000000e-06	1.000000000000000e+00	8048	0	233
234	 1.232272857506000e+02 -5.778721338097000e+02  9.471360338760000e+01	-1.042000000000000e-06  9.821000000000001e-07  0.000000000000000e+00	1.000000000000000e+00	8048	0	234
235	 3.437919479978000e+02 -5.358197458479000e+02  3.592584956082000e+02	 2.916710000000000e-05 -1.726700000000000e-06  0.000000000000000e+00	1.000000000000000e+00	8048	0	235
237	-2.086915690224000e+02 -5.987553612950001e+02 -4.619736684901000e+02	-2.130000000000000e-08 -3.680000000000000e-08  2.079000000000000e-07	1.000000000000000e+00	8048	0	237
238	4.282184017089000e+02 5.044050678589000e+02 5.110865397874000e+02	 4.050410000000000e-05  7.015510000000000e-05 -1.705167000000000e-04	1.000000000000000e+00	8048	0	238
241	-2.453875869848000e+02 -5.604488025814001e+02  5.829785587824000e+02	-1.954210000000000e-05  2.896060000000000e-05  0.000000000000000e+00	1.000000000000000e+00	105	0	241
242	7.103900127600000e+02 1.149918684020000e+01 5.829785587824000e+02	 1.472880000000000e-05 -2.738240000000000e-05  0.000000000000000e+00	1.000000000000000e+00	105	0	242
243	-2.206551146172000e+02  6.048272437060000e+02 -4.164132562731000e+02	-1.042303234130859e-04  1.587075358886719e-05  0.000000000000000e+00	1.779785156250000e-01	8048	0	243
244	-2.156124276940000e+02  6.910882722200000e+02 -4.149324279485000e+02	-2.124556885496154e-06  0.000000000000000e+00 -1.174546660489216e-05	1.781794801354408e-02	8048	0	244
246	 7.169447206220000e+02  5.898547414870000e+01 -5.853375669913000e+02	 1.257000000000000e-07 -2.177000000000000e-07 -3.054600000000000e-06	1.000000000000000e+00	0	0	246
247	 6.219809855667000e+02  2.234674881409000e+02 -6.037778107186000e+02	 1.406000000000000e-07 -2.436000000000000e-07 -2.351500000000000e-06	1.000000000000000e+00	0	0	247
248	 4.997662100884000e+02 -1.956260001255000e+02  2.286190426598000e+02	-5.728800000000000e-05  3.787600000000000e-06  0.000000000000000e+00	1.000000000000000e+00	8048	0	248
249	5.482909529219000e+02 1.793372420549000e+02 2.286190426598000e+02	 2.301000000000000e-07 -7.780000000000001e-08  0.000000000000000e+00	1.000000000000000e+00	8048	0	249
250	 4.117754829484000e+02  6.692267835394000e+02 -4.262112152443000e+02	2.500000000000000e-09 1.730000000000000e-08 0.000000000000000e+00	1.000000000000000e+00	646	0	250
251	 1.864152909547000e+02  7.024287826639001e+02 -4.262112152443000e+02	1.190000000000000e-08 6.720000000000001e-08 0.000000000000000e+00	1.000000000000000e+00	646	0	251
254	-7.035112237893001e+02 -6.909250067640001e+01 -1.159425144917000e+02	-8.237800000000001e-06  7.667000000000000e-06  0.000000000000000e+00	1.000000000000000e+00	661	0	254
255	-4.007431576205000e+02  3.203786410437000e+02 -1.159425144917000e+02	-5.383900000000000e-06  3.179000000000000e-07  0.000000000000000e+00	1.000000000000000e+00	661	0	255
256	-5.067736388853000e+02  1.997216930397000e+02 -4.164132562731000e+02	 5.621000000000000e-07 -4.636000000000000e-07  0.000000000000000e+00	1.000000000000000e+00	8048	0	256
257	-3.450498301176000e+02  3.962570003677000e+02 -4.164132562731000e+02	 2.937375000000000e-07 -2.413687500000000e-07  0.000000000000000e+00	5.625000000000000e-01	8048	0	257
258	-6.286637313840000e+02 -4.257830491023000e+02  1.077775486825000e+02	-1.503940000000000e-04 -3.363100000000000e-06  0.000000000000000e+00	1.000000000000000e+00	23	0	258
259	-6.399467139101000e+02  8.889351095900000e+01  1.077775486825000e+02	-8.410810000000001e-05 -6.670000000000001e-08  0.000000000000000e+00	1.000000000000000e+00	23	0	259
260	-3.021005711840000e+02 -1.874119709061000e+02 -1.894272067752000e+02	-3.419000000000000e-07  2.642000000000000e-07  0.000000000000000e+00	1.000000000000000e+00	27	0	260
261	-1.227706836910000e+01  1.875418455410000e+02 -1.894272067752000e+02	-1.802000000000000e-07  1.393000000000000e-07  0.000000000000000e+00	1.000000000000000e+00	27	0	261
262	-5.856398002612000e+02 -7.337656581606001e+02  2.795153304109000e+02	 6.470000000000000e-08  1.121000000000000e-07 -1.105570000000000e-05	1.000000000000000e+00	491	0	262
263	-4.961803683670000e+02 -5.788173769038000e+02  4.707534901824000e+02	 4.931400000000000e-06  8.541400000000001e-06 -1.382960000000000e-05	1.000000000000000e+00	491	0	263
268	 8.632841950800000e+00 -1.875242094364000e+02  1.518683640526000e+02	-1.685000000000000e-07 -7.340000000000001e-08  0.000000000000000e+00	1.000000000000000e+00	8048	0	268
269	-1.545894326983000e+02  1.875117941005000e+02  1.518683640526000e+02	7.910000000000000e-08 3.440000000000000e-08 0.000000000000000e+00	1.000000000000000e+00	8048	0	269
270	-3.566578635240000e+02  3.403479836873000e+02 -7.143872248964000e+02	-2.550000000000000e-07  0.000000000000000e+00 -2.222900000000000e-06	1.000000000000000e+00	8048	0	270
273	 5.891698127948000e+02 -2.716378524000000e+02 -2.765078462217000e+02	2.240000000000000e-07 3.880000000000000e-07 1.304940000000000e-05	1.000000000000000e+00	8048	0	273
274	 4.503753037263000e+02 -5.826191164654000e+02  1.473163823843000e+02	-5.181200000000000e-06  8.974100000000001e-06  1.093150000000000e-05	1.000000000000000e+00	8048	0	274
277	 5.470127018922000e+02 -7.500000000000000e+02 -6.793251553319001e+02	0.000000000000000e+00 0.000000000000000e+00 0.000000000000000e+00	1.000000000000000e+00	8048	1	277
278	 5.269888396618001e+02 -5.725320774930000e+01  1.469693845670000e+01	 8.689100000000001e-05 -2.333900000000000e-06  0.000000000000000e+00	1.000000000000000e+00	5009	0	278
279	5.212965356292000e+02 4.071379238218000e+02 1.469693845670000e+01	 1.199674000000000e-04 -5.033700000000000e-06  0.000000000000000e+00	1.000000000000000e+00	5009	0	279
281	-4.040286919334000e+02  6.910882722200000e+02  1.126176511560000e+02	-9.523450000000000e-05  0.000000000000000e+00  1.131466000000000e-04	1.000000000000000e+00	8048	0	281
282	 2.824406700248000e+02 -3.036898535426000e+02  9.471360338760000e+01	 6.228200000000000e-06 -3.361100000000000e-06  0.000000000000000e+00	1.000000000000000e+00	8048	0	282
283	 4.712161021061000e+02 -5.258031235470000e+01  9.471360338760000e+01	 5.177600000000000e-06 -5.709100000000000e-06  0.000000000000000e+00	1.000000000000000e+00	8048	0	283
284	 3.578969285738000e+02 -8.692468851800001e+00  3.592584956082000e+02	 1.150767000000000e-04 -1.647100000000000e-06  0.000000000000000e+00	1.000000000000000e+00	8048	0	284
286	 4.512426584920000e+01 -1.591334395319000e+02 -2.580160879131000e+02	 1.038170000000000e-05  1.798170000000000e-05 -3.368530000000000e-05	1.000000000000000e+00	8048	0	286
287	2.524036865569000e+02 1.998850484973000e+02 1.010348184204000e+02	-2.529720000000000e-05 -4.381590000000000e-05  5.672060000000000e-05	1.000000000000000e+00	8048	0	287
290	 7.664515743880000e+01 -3.565702384306000e+02  5.829785587824000e+02	 5.213900000000000e-06 -8.631000000000001e-06  0.000000000000000e+00	1.000000000000000e+00	105	0	290
291	 4.044039058057000e+02 -1.665982492497000e+02  5.829785587824000e+02	 2.029750000000000e-05 -3.799400000000000e-05  0.000000000000000e+00	1.000000000000000e+00	105	0	291
292	 4.652597447288000e+02 -6.083997245240000e+02  2.286190426598000e+02	-1.365547169036865e-05  2.365196900825501e-05  0.000000000000000e+00	7.508468627929688e-02	8048	0	292
297	-3.012981198800000e+00  6.101778218995000e+02 -1.159425144917000e+02	-2.791100000000000e-06  4.298200000000000e-06  0.000000000000000e+00	1.000000000000000e+00	661	0	297
298	-7.093331008007000e+02 -4.584610986740000e+01 -4.164132562731000e+02	 4.926000000000001e-07 -4.068000000000000e-07  0.000000000000000e+00	1.000000000000000e+00	8048	0	298
300	-6.220575265268001e+02  6.680678888733000e+02  1.077775486825000e+02	-9.390000000000000e-08 -6.910000000000000e-08  0.000000000000000e+00	1.000000000000000e+00	23	0	300
301	-6.642499971784000e+02 -6.562047044486001e+02 -1.894272067752000e+02	-1.579000000000000e-07  1.220000000000000e-07  0.000000000000000e+00	1.000000000000000e+00	27	0	301
302	 3.499738314041000e+02  6.562561242468000e+02 -1.894272067752000e+02	-4.090000000000000e-08  3.160000000000000e-08  0.000000000000000e+00	1.000000000000000e+00	27	0	302
305	 2.138200627231000e+02 -6.561431574950000e+02  1.518683640526000e+02	3.853000000000000e-07 1.831000000000000e-07 0.000000000000000e+00	1.000000000000000e+00	8048	0	305
306	-3.515907602597000e+02  6.910882722200000e+02  1.518683640526000e+02	-8.152312500000000e-07 -1.406812500000000e-07  3.636000000000001e-07	5.625000000000000e-01	8048	0	306
307	-7.048154220770000e+02  3.403479836873000e+02 -6.876175585827000e+02	-8.020000000000000e-08  0.000000000000000e+00 -2.169400000000000e-06	1.000000000000000e+00	8048	0	307
313	 4.751947403030000e+02 -6.439121237616000e+02  1.469693845670000e+01	-6.073100000000000e-06  1.023800000000000e-06  0.000000000000000e+00	1.000000000000000e+00	5009	0	313
314	5.571376157480000e+02 6.448365054538000e+02 1.469693845670000e+01	 7.228760000000001e-05 -2.343340000000000e-05  0.000000000000000e+00	1.000000000000000e+00	5009	0	314
315	-5.041342723101000e+02  6.910882722200000e+02  4.794440584858000e+02	-2.201400000000000e-06  0.000000000000000e+00 -1.320450000000000e-05	1.000000000000000e+00	8048	0	315
316	 5.863978507300000e+01 -6.431742126810000e+02  9.471360338760000e+01	-9.193000000000000e-07  9.827000000000001e-07  0.000000000000000e+00	1.000000000000000e+00	8048	0	316
317	 3.348357975321000e+02 -6.549768191731000e+02  3.592584956082000e+02	 1.068060000000000e-05 -9.989000000000001e-07  0.000000000000000e+00	1.000000000000000e+00	8048	0	317
319	-2.677095348489000e+02 -7.009774766658001e+02 -4.810010837119000e+02	-7.200000000000000e-09 -1.250000000000000e-08  1.236000000000000e-07	1.000000000000000e+00	8048	0	319
320	4.834876874799000e+02 6.001342789123000e+02 5.574364701696001e+02	 1.694940000000000e-05  2.935720000000000e-05 -1.167874000000000e-04	1.000000000000000e+00	8048	0	320
322	4.852152620007000e+02 5.734767195448001e+02 3.804874067123000e+02	4.962000000000000e-06 1.884700000000000e-06 0.000000000000000e+00	1.000000000000000e+00	8006	0	322
323	-3.237303696391000e+02 -6.137748696891000e+02  5.829785587824000e+02	-2.464270000000000e-05  3.671000000000000e-05  0.000000000000000e+00	1.000000000000000e+00	105	0	323
328	 5.062897977623000e+02 -1.023556124233000e+02  2.286190426598000e+02	-4.010740000000000e-05  3.137600000000000e-06  0.000000000000000e+00	1.000000000000000e+00	8048	0	328
332	-6.574613525973000e+02  2.175559464580000e+01 -1.159425144917000e+02	-2.351410000000000e-05 -1.311450000000000e-05  0.000000000000000e+00	1.000000000000000e+00	661	0	332
333	-4.842231040127000e+02  2.449325699792000e+02 -1.159425144917000e+02	4.635400000000001e-06 9.401800000000000e-06 0.000000000000000e+00	1.000000000000000e+00	661	0	333
334	-4.662638518419000e+02  2.488369759472000e+02 -4.164132562731000e+02	 5.689000000000001e-07 -4.692000000000000e-07  0.000000000000000e+00	1.000000000000000e+00	8048	0	334
335	-3.854406793473000e+02  3.471367491454000e+02 -4.164132562731000e+02	 3.207937500000001e-07 -2.634187500000000e-07  0.000000000000000e+00	5.625000000000000e-01	8048	0	335
336	-6.320043725654000e+02 -2.978956931801000e+02  1.077775486825000e+02	-1.336602000000000e-04 -3.789900000000000e-06  0.000000000000000e+00	1.000000000000000e+00	23	0	336
337	-6.389396102884000e+02 -3.312937271870000e+01  1.077775486825000e+02	-1.010372000000000e-04 -1.601100000000000e-06  0.000000000000000e+00	1.000000000000000e+00	23	0	337
338	-2.296528984493000e+02 -9.366716667150000e+01 -1.894272067752000e+02	-3.345000000000000e-07  2.586000000000000e-07  0.000000000000000e+00	1.000000000000000e+00	27	0	338
339	-8.472951530750001e+01  9.380074885860000e+01 -1.894272067752000e+02	-2.099000000000000e-07  1.622000000000000e-07  0.000000000000000e+00	1.000000000000000e+00	27	0	339
342	-3.219610537150000e+01 -9.377031063180000e+01  1.518683640526000e+02	-1.517000000000000e-07 -6.610000000000000e-08  0.000000000000000e+00	1.000000000000000e+00	8048	0	342
343	-1.137944371151000e+02  9.375326895340001e+01  1.518683640526000e+02	3.600000000000000e-09 1.600000000000000e-09 0.000000000000000e+00	1.000000000000000e+00	8048	0	343
344	-2.840870747594000e+02  3.403479836873000e+02 -7.234444975756001e+02	-5.374000000000000e-07  0.000000000000000e+00 -3.976900000000000e-06	1.000000000000000e+00	8048	0	344
346	 4.300000000000000e+02 -5.473280551918000e+02 -1.496480299100000e+00	0.000000000000000e+00 0.000000000000000e+00 0.000000000000000e+00	1.000000000000000e+00	8048	0	346
349	-1.639110086147000e+02  4.813559869035000e+02 -6.793251553319001e+02	-8.088300000000000e-05  1.400934937500000e-04  0.000000000000000e+00	5.625000000000000e-01	8048	0	349
350	5.272775656203000e+02 2.561592654690000e+01 1.469693845670000e+01	1.042230000000000e-04 1.147800000000000e-06 0.000000000000000e+00	1.000000000000000e+00	5009	0	350
351	5.207732688359000e+02 3.005882461998000e+02 1.469693845670000e+01	1.435632000000000e-04 1.968800000000000e-06 0.000000000000000e+00	1.000000000000000e+00	5009	0	351
352	-4.102113443075000e+02  6.910882722200000e+02  3.592584956082000e+02	-1.605500000000000e-05  0.000000000000000e+00  0.000000000000000e+00	1.000000000000000e+00	8048	0	352
354	 3.228663642050000e+02 -2.338078522074000e+02  9.471360338760000e+01	 8.620600000000000e-06 -5.463700000000000e-06  0.000000000000000e+00	1.000000000000000e+00	8048	0	354
355	 4.172791386839000e+02 -1.074827704216000e+02  9.471360338760000e+01	 7.200500000000000e-06 -6.392200000000000e-06  0.000000000000000e+00	1.000000000000000e+00	8048	0	355
356	3.590006052729000e+02 9.938882312290001e+01 3.592584956082000e+02	 1.326004000000000e-04 -1.516900000000000e-06  0.000000000000000e+00	1.000000000000000e+00	8048	0	356
358	 1.048237172088000e+02 -5.573095659300000e+01 -1.735590063615000e+02	-1.219730000000000e-05 -2.112640000000000e-05  2.481280000000000e-05	1.000000000000000e+00	8048	0	358
359	2.074419819192000e+02 1.220090916700000e+02 1.957748364410000e+01	-2.653240000000000e-05 -4.595540000000000e-05  5.800070000000000e-05	1.000000000000000e+00	8048	0	359
362	 1.576513619990000e+02 -3.076711424552000e+02  5.829785587824000e+02	 1.139420000000000e-05 -1.899460000000000e-05  0.000000000000000e+00	1.000000000000000e+00	105	0	362
363	 3.206075436586000e+02 -2.121578760641000e+02  5.829785587824000e+02	 2.056780000000000e-05 -3.672670000000000e-05  0.000000000000000e+00	1.000000000000000e+00	105	0	363
364	 4.771690890470000e+02 -4.635673272400000e+02  2.286190426598000e+02	-3.124740000000000e-05  3.707800000000000e-06  0.000000000000000e+00	1.000000000000000e+00	8048	0	364
365	 4.940019159728000e+02 -2.873725479067000e+02  2.286190426598000e+02	-5.718080000000000e-05  4.074600000000000e-06  0.000000000000000e+00	1.000000000000000e+00	8048	0	365
367	5.884809841689000e+02 2.680359057509000e+02 2.286190426598000e+02	-1.357000000000000e-07  7.010000000000000e-08  0.000000000000000e+00	1.000000000000000e+00	8048	0	367
373	-7.488639381435000e+02 -1.959407319049000e+02 -1.159425144917000e+02	-2.194500000000000e-07  4.434750000000000e-07  0.000000000000000e+00	7.500000000000000e-01	661	0	373
374	-1.576301864407000e+02  5.073293990932000e+02 -1.159425144917000e+02	-7.940300000000001e-06  1.123910000000000e-05  0.000000000000000e+00	1.000000000000000e+00	661	0	374
375	-3.154741131356000e+02  3.895510859017000e+02 -1.159425144917000e+02	-4.971800000000000e-06  5.777400000000000e-06  0.000000000000000e+00	1.000000000000000e+00	661	0	375
376	-6.283141215970001e+02  5.238502895010000e+01 -4.164132562731000e+02	 5.086000000000000e-07 -4.196000000000000e-07  0.000000000000000e+00	1.000000000000000e+00	8048	0	376
377	-5.472854267659001e+02  1.506080665268000e+02 -4.164132562731000e+02	 5.496000000000000e-07 -4.534000000000000e-07  0.000000000000000e+00	1.000000000000000e+00	8048	0	377
378	-6.280040211148000e+02 -6.696062453581001e+02  1.077775486825000e+02	-1.373473000000000e-04  2.170890000000000e-05  0.000000000000000e+00	1.000000000000000e+00	23	0	378
379	-6.264340842122000e+02 -5.332894875065000e+02  1.077775486825000e+02	-1.690669000000000e-04 -3.683800000000000e-06  0.000000000000000e+00	1.000000000000000e+00	23	0	379
380	-6.329370282138000e+02  4.465202098052000e+02  1.077775486825000e+02	-3.233490000000000e-05  1.206400000000000e-06  0.000000000000000e+00	1.000000000000000e+00	23	0	380
381	-6.390360921688000e+02  2.125369551757000e+02  1.077775486825000e+02	-6.618550000000000e-05  1.010500000000000e-06  0.000000000000000e+00	1.000000000000000e+00	23	0	381
382	-5.193655540322001e+02 -4.687066768462000e+02 -1.894272067752000e+02	-1.521000000000000e-07  1.174000000000000e-07  0.000000000000000e+00	1.000000000000000e+00	27	0	382
383	-3.745364248981000e+02 -2.811659087011000e+02 -1.894272067752000e+02	-3.148000000000000e-07  2.432000000000000e-07  0.000000000000000e+00	1.000000000000000e+00	27	0	383
384	 2.050739923546000e+02  4.687700044373000e+02 -1.894272067752000e+02	-1.002000000000000e-07  7.750000000000000e-08  0.000000000000000e+00	1.000000000000000e+00	27	0	384
385	 6.017245765680000e+01  2.812852029389000e+02 -1.894272067752000e+02	-1.668000000000000e-07  1.289000000000000e-07  0.000000000000000e+00	1.000000000000000e+00	27	0	385
388	5.485446318098000e+02 1.588346550410000e+01 9.471360338760000e+01	 6.055200000000000e-06 -7.172300000000000e-06  0.000000000000000e+00	1.000000000000000e+00	8048	0	388
390	 1.311721986301000e+02 -4.688063388943000e+02  1.518683640526000e+02	-3.876000000000000e-07 -1.695000000000000e-07  0.000000000000000e+00	1.000000000000000e+00	8048	0	390
391	 4.945647752840000e+01 -2.812804110166000e+02  1.518683640526000e+02	-2.083000000000000e-07 -9.070000000000000e-08  0.000000000000000e+00	1.000000000000000e+00	8048	0	391
392	-2.772662667217000e+02  4.686550686627000e+02  1.518683640526000e+02	3.850000000000000e-08 1.830000000000000e-08 0.000000000000000e+00	1.000000000000000e+00	8048	0	392
393	-1.953975751227000e+02  2.812646030368000e+02  1.518683640526000e+02	1.141000000000000e-07 4.970000000000000e-08 0.000000000000000e+00	1.000000000000000e+00	8048	0	393
394	-5.642546802670000e+02  3.403479836873000e+02 -6.951919330747000e+02	-1.525000000000000e-07  0.000000000000000e+00 -2.182600000000000e-06	1.000000000000000e+00	8048	0	394
395	-4.271142942253000e+02  3.403479836873000e+02 -7.068075013119001e+02	-2.029000000000000e-07  0.000000000000000e+00 -2.043400000000000e-06	1.000000000000000e+00	8048	0	395
400	 5.072342623153000e+02 -6.811017216069000e+02 -4.819909533011000e+02	-3.708800000000000e-06  6.423800000000000e-06  2.341960000000000e-05	1.000000000000000e+00	8048	0	400
401	 4.332770624102000e+02 -5.530040937859001e+02 -2.636153951557000e+02	-3.326681250000000e-06  5.762025000000000e-06  3.151350000000000e-06	5.625000000000000e-01	8048	0	401
402	-4.624307952495000e+02  6.479191089353001e+02 -6.793251553319001e+02	-8.368000000000000e-06 -1.811440000000000e-05  0.000000000000000e+00	1.000000000000000e+00	8048	0	402
403	-3.936029777502000e+02  6.150146070955000e+02 -6.793251553319001e+02	-1.004600000000000e-05 -2.050140000000000e-05  0.000000000000000e+00	1.000000000000000e+00	8048	0	403
406	 4.980840320835000e+02 -4.290673885525000e+02  1.469693845670000e+01	 2.173620000000000e-05 -2.306800000000000e-06  0.000000000000000e+00	1.000000000000000e+00	5009	0	406
407	 5.196474477205001e+02 -1.660138855130000e+02  1.469693845670000e+01	 6.846740000000001e-05 -4.402600000000000e-06  0.000000000000000e+00	1.000000000000000e+00	5009	0	407
408	5.465997234192000e+02 6.018772040842000e+02 1.469693845670000e+01	 8.060650000000000e-05 -1.366730000000000e-05  0.000000000000000e+00	1.000000000000000e+00	5009	0	408
409	5.297023501144000e+02 5.014533802092000e+02 1.469693845670000e+01	 9.944190000000001e-05 -1.063420000000000e-05  0.000000000000000e+00	1.000000000000000e+00	5009	0	409
412	 1.664878397858000e+02 -5.267063803251000e+02  9.471360338760000e+01	-5.215000000000000e-07  3.940000000000000e-07  0.000000000000000e+00	1.000000000000000e+00	8048	0	412
413	 2.472326004686000e+02 -3.771704453361000e+02  9.471360338760000e+01	 8.395000000000001e-07 -3.900000000000000e-07  0.000000000000000e+00	1.000000000000000e+00	8048	0	413
414	 3.499980810124000e+02 -4.059073692680000e+02  3.592584956082000e+02	 4.952500000000000e-05 -1.767100000000000e-06  0.000000000000000e+00	1.000000000000000e+00	8048	0	414
415	 3.554066684909000e+02 -1.415356718932000e+02  3.592584956082000e+02	 9.312800000000001e-05 -1.357300000000000e-06  0.000000000000000e+00	1.000000000000000e+00	8048	0	415
416	-8.132625707990000e+01  6.910882722200000e+02  3.592584956082000e+02	0.000000000000000e+00 0.000000000000000e+00 0.000000000000000e+00	1.000000000000000e+00	8048	0	416
418	-1.457265067722000e+02 -4.896966743758000e+02 -4.279716557673000e+02	 9.890000000000001e-08  1.714000000000000e-07 -5.747000000000000e-07	1.000000000000000e+00	8048	0	418
419	-1.866697604610000e+01 -2.696231115725000e+02 -3.260952982957000e+02	 5.650100000000000e-06  9.786300000000000e-06 -2.319560000000000e-05	1.000000000000000e+00	8048	0	419
420	3.726358646872000e+02 4.081332897236000e+02 4.393186063081000e+02	 1.425239000000000e-04  2.468586000000000e-04 -1.016596200000000e-03	1.000000000000000e+00	8048	0	420
424	4.522900456909000e+02 6.615240950698001e+02 3.804874067123000e+02	1.022400000000000e-06 3.493000000000000e-07 0.000000000000000e+00	1.000000000000000e+00	8006	0	424
426	-1.661112101259000e+02 -5.072129884362000e+02  5.829785587824000e+02	-1.383710000000000e-05  2.098750000000000e-05  0.000000000000000e+00	1.000000000000000e+00	105	0	426
427	-4.455064164800000e+00 -4.056565109295000e+02  5.829785587824000e+02	-1.210100000000000e-06  1.938100000000000e-06  0.000000000000000e+00	1.000000000000000e+00	105	0	427
428	 6.401009313840000e+02 -2.707522616450000e+01  5.829785587824000e+02	 3.041420000000000e-05 -4.899380000000001e-05  0.000000000000000e+00	1.000000000000000e+00	105	0	428
429	 4.889282857057000e+02 -1.223625493565000e+02  5.829785587824000e+02	 3.009490000000000e-05 -5.031020000000000e-05  0.000000000000000e+00	1.000000000000000e+00	105	0	429
430	-2.379419464104000e+02  5.497908776859000e+02 -4.164132562731000e+02	-1.117500000000000e-06  4.384000000000000e-07  0.000000000000000e+00	1.000000000000000e+00	8048	0	430
431	-3.046951867164000e+02  4.454072515229000e+02 -4.164132562731000e+02	 1.325812500000000e-07 -1.078875000000000e-07  0.000000000000000e+00	5.625000000000000e-01	8048	0	431
432	-2.441277668580000e+02  6.910882722200000e+02 -3.911407706466000e+02	 1.487527500000000e-05  0.000000000000000e+00 -1.541542500000000e-04	7.500000000000000e-01	8048	0	432
433	-4.404372552994000e+02  6.910882722200000e+02 -1.142546711440000e+01	-4.510278700000000e-03  0.000000000000000e+00 -1.026744700000000e-03	1.000000000000000e+00	8048	0	433
434	6.623519731431001e+02 1.118072996684000e+02 9.471360338760000e+01	 3.572900000000000e-06 -4.197200000000000e-06  0.000000000000000e+00	1.000000000000000e+00	8048	0	434
436	 4.902461256814000e+02  4.516389585903000e+02 -6.469458010171001e+02	 1.015000000000000e-07 -1.759000000000000e-07 -8.951000000000000e-07	1.000000000000000e+00	0	0	436
438	5.122379913529001e+02 6.499312659534000e+02 5.730261348375000e+02	 1.017570000000000e-05  1.762480000000000e-05 -9.032320000000001e-05	1.000000000000000e+00	8048	0	438
439	 1.321924815362000e+02 -8.326866237600001e+00 -1.251628276661000e+02	-2.004380000000000e-05 -3.471680000000000e-05  3.440190000000000e-05	1.000000000000000e+00	8048	0	439
440	 1.840833973858000e+02  8.155083646510001e+01 -2.535316424440000e+01	-2.552560000000000e-05 -4.421160000000000e-05  5.388550000000000e-05	1.000000000000000e+00	8048	0	440
441	-1.141809835806000e+02 -4.350582254567000e+02 -4.056448586756000e+02	 5.867000000000000e-07  1.016100000000000e-06 -3.114600000000000e-06	1.000000000000000e+00	8048	0	441
442	-5.070449014230000e+01 -3.251137137352000e+02 -3.552570949107000e+02	 3.950500000000001e-06  6.842400000000000e-06 -1.813760000000000e-05	1.000000000000000e+00	8048	0	442
444	5.700127018922000e+02 7.500000000000000e+02 3.592584956082000e+02	 0.000000000000000e+00 -0.000000000000000e+00  0.000000000000000e+00	1.000000000000000e+00	8048	1	444
445	-2.391563253317000e+02 -6.515218670629000e+02 -4.732166527605000e+02	-1.880000000000000e-08 -3.260000000000000e-08  2.463000000000000e-07	1.000000000000000e+00	8048	0	445
446	-1.773162536050000e+02 -5.444117208885000e+02 -4.468603757314000e+02	-2.500000000000000e-09 -4.300000000000000e-09  2.420000000000000e-08	1.000000000000000e+00	8048	0	446
447	4.552081158545000e+02 5.511526240407001e+02 5.368300680597000e+02	 2.890250000000000e-05  5.006070000000000e-05 -1.437024000000000e-04	1.000000000000000e+00	8048	0	447
448	4.008527945710000e+02 4.570064459160000e+02 4.776296487889000e+02	 9.325050000000000e-05  1.615146000000000e-04 -2.729055000000000e-04	1.000000000000000e+00	8048	0	448
449	 7.623175450640001e+01 -1.052536886817000e+02 -2.179625326817000e+02	-3.084300000000000e-06 -5.342200000000000e-06  6.449500000000000e-06	1.000000000000000e+00	8048	0	449
450	 1.324159975170000e+01 -2.143558370935000e+02 -2.935003756939000e+02	 7.771900000000001e-06  1.346140000000000e-05 -2.905200000000000e-05	1.000000000000000e+00	8048	0	450
451	2.305053614213000e+02 1.619560367618000e+02 6.240014798040000e+01	-2.659440000000000e-05 -4.606290000000000e-05  5.912120000000000e-05	1.000000000000000e+00	8048	0	451
452	2.747450568246000e+02 2.385814369117000e+02 1.385465838698000e+02	-2.315670000000000e-05 -4.010850000000000e-05  8.682540000000000e-05	1.000000000000000e+00	8048	0	452
453	 3.292620486650000e+02 -7.021664496141000e+02  3.592584956082000e+02	 3.190000000000000e-06 -3.908000000000000e-07  0.000000000000000e+00	1.000000000000000e+00	8048	0	453
455	-3.763860583735000e+02 -3.713275455373000e+02  6.343064447552000e+02	 5.273800000000000e-06  9.134400000000000e-06 -1.839780000000000e-05	1.000000000000000e+00	491	0	455
459	 3.398570912227000e+02 -5.956768007175000e+02  3.592584956082000e+02	 1.994560000000000e-05 -1.461700000000000e-06  0.000000000000000e+00	1.000000000000000e+00	8048	0	459
460	3.597221509623000e+02 1.493653756110000e+02 3.592584956082000e+02	1.435876000000000e-04 1.453100000000000e-06 0.000000000000000e+00	1.000000000000000e+00	8048	0	460
465	 4.262205025060000e+01  6.384320619587000e+02 -1.159425144917000e+02	-1.199000000000000e-07  1.910000000000000e-07  0.000000000000000e+00	1.000000000000000e+00	661	0	465
468	-6.455000600612000e+02  9.042085324870000e+01  6.580962442277000e+02	-5.709030000000000e-05 -7.884500000000000e-06  0.000000000000000e+00	1.000000000000000e+00	1105	0	468
471	 3.471783160136000e+02 -4.735225762114000e+02  3.592584956082000e+02	 3.885870000000000e-05 -1.823400000000000e-06  0.000000000000000e+00	1.000000000000000e+00	8048	0	471
479	7.497943925516000e+02 5.715767664980000e+01 6.580962442277000e+02	-2.863792968750000e-07  3.293789062500000e-07  0.000000000000000e+00	3.164062500000000e-01	1105	0	479
483	 5.044471671908000e+02 -3.693088305360000e+02  1.469693845670000e+01	 3.332340000000000e-05 -3.001600000000000e-06  0.000000000000000e+00	1.000000000000000e+00	5009	0	483
484	-5.655094962389001e+02  1.013948260155000e+02  6.580962442277000e+02	-5.646550000000000e-05  3.822700000000000e-06  0.000000000000000e+00	1.000000000000000e+00	1105	0	484
486	-3.707406987989000e+02 -6.444649472009000e+02  5.829785587824000e+02	-2.675710000000000e-05  4.213200000000000e-05  0.000000000000000e+00	1.000000000000000e+00	105	0	486
487	5.182643703201001e+02 6.603692605102000e+02 2.286190426598000e+02	-3.038855955276489e-04 -5.263452951725006e-04  0.000000000000000e+00	7.508468627929688e-02	8048	0	487
488	 4.621115775929000e+02  5.003694253276000e+02 -6.602390482726000e+02	 5.610000000000000e-08 -9.710000000000000e-08 -4.507000000000000e-07	1.000000000000000e+00	0	0	488
490	5.043061656972000e+02 5.336431333766001e+02 3.804874067123000e+02	5.785700000000000e-06 3.720700000000000e-06 0.000000000000000e+00	1.000000000000000e+00	8006	0	490
491	-5.207681960026000e+02 -6.214047436163000e+02  4.303116357335000e+02	 1.494100000000000e-06  2.587800000000000e-06 -1.598790000000000e-05	1.000000000000000e+00	491	0	491
494	 8.018828586000000e+00 -6.862989209125001e+02  9.471360338760000e+01	 1.574000000000000e-06 -1.702200000000000e-06  0.000000000000000e+00	1.000000000000000e+00	8048	0	494
495	 5.149673517924000e+02 -2.436447946945000e+02  1.469693845670000e+01	 5.468050000000000e-05 -3.761300000000000e-06  0.000000000000000e+00	1.000000000000000e+00	5009	0	495
496	 3.415759656501000e+02 -7.004829752961000e+02 -4.320600619000000e-01	 6.563250000000000e-07  1.136775000000000e-06 -2.917890000000000e-05	7.500000000000000e-01	8048	0	496
497	-4.721725594718000e+02 -5.372346321189000e+02  5.071627905226000e+02	 5.855000000000000e-06  1.014120000000000e-05 -1.606230000000000e-05	1.000000000000000e+00	491	0	497
499	 5.031841674545000e+02 -4.205693588509000e+02 -2.691835375361000e+02	1.280000000000000e-08 2.220000000000000e-08 5.219000000000000e-07	1.000000000000000e+00	8048	0	499
501	-4.924348207684000e+02  1.057784318086000e+02  6.580962442277000e+02	-2.205130000000000e-05  1.344870000000000e-05  0.000000000000000e+00	1.000000000000000e+00	1105	0	501
503	-4.245028242050000e+02  1.064500141009000e+02  6.580962442277000e+02	5.836000000000000e-07 2.009650000000000e-05 0.000000000000000e+00	1.000000000000000e+00	1105	0	503
505	5.312939862252000e+02 1.199567046151000e+02 2.286190426598000e+02	-7.009000000000000e-07  5.860000000000000e-08  0.000000000000000e+00	1.000000000000000e+00	8048	0	505
507	-5.691528557487001e+02 -7.052094326036000e+02  3.286744215512000e+02	-1.902400000000000e-06 -3.295100000000000e-06 -2.015680000000000e-05	1.000000000000000e+00	491	0	507
512	 9.227989671990001e+01  6.681183061010000e+02 -1.159425144917000e+02	 2.702500000000000e-06 -4.653600000000000e-06  0.000000000000000e+00	1.000000000000000e+00	661	0	512
519	-3.545448304907000e+02  1.043164077209000e+02  6.580962442277000e+02	-7.004800000000000e-06  2.521440000000000e-05  0.000000000000000e+00	1.000000000000000e+00	1105	0	519
521	-5.942622398346000e+02 -7.487001615871001e+02  2.420534931287000e+02	 3.311437500000000e-07  5.735812500000000e-07 -1.327950000000000e-06	5.625000000000000e-01	491	0	521
523	 4.969369624760000e+01  6.910882722200000e+02 -6.307489167425000e+02	-1.063000000000000e-06  0.000000000000000e+00 -1.939200000000000e-06	1.000000000000000e+00	8048	0	523
527	5.229368422531001e+02 2.216864522956000e+02 1.469693845670000e+01	1.273770000000000e-04 2.624200000000000e-06 0.000000000000000e+00	1.000000000000000e+00	5009	0	527
529	-3.513920938255000e+02 -3.280367290576000e+02  6.605643723034000e+02	 3.965000000000000e-06  6.867700000000000e-06 -1.596650000000000e-05	1.000000000000000e+00	491	0	529
530	-5.359149172647000e+02  6.910882722200000e+02  5.159557956982001e+02	-5.851300000000000e-06  0.000000000000000e+00 -6.525400000000000e-06	1.000000000000000e+00	8048	0	530
531	5.370880048269000e+02 6.929727518591001e+02 5.826483006944001e+02	 5.012300000000000e-06  8.681500000000000e-06 -7.204870000000001e-05	1.000000000000000e+00	8048	0	531
535	 4.337853197599000e+02  5.494319430825000e+02 -6.749627787323001e+02	-8.723250000000002e-07  1.510950000000000e-06  5.749800000000000e-06	7.500000000000000e-01	0	0	535
537	-2.886220312896000e+02  9.997085912400000e+01  6.580962442277000e+02	-1.048500000000000e-06  2.783230000000000e-05  0.000000000000000e+00	1.000000000000000e+00	1105	0	537
538	-6.397413718822000e+02  1.517312852514000e+02  1.077775486825000e+02	-7.503500000000000e-05  5.306000000000001e-07  0.000000000000000e+00	1.000000000000000e+00	23	0	538
540	-7.102951721490000e+02 -6.581381910024000e+02 -1.159425144917000e+02	4.161900000000000e-06 4.675900000000000e-06 0.000000000000000e+00	1.000000000000000e+00	661	0	540
545	-2.250896746538000e+02  9.391985335120000e+01  6.580962442277000e+02	-1.317500000000000e-06  3.184730000000000e-05  0.000000000000000e+00	1.000000000000000e+00	1105	0	545
547	-6.340948485670000e+02 -2.264996825868000e+02  1.077775486825000e+02	-1.250332000000000e-04 -3.683800000000000e-06  0.000000000000000e+00	1.000000000000000e+00	23	0	547
553	5.254165209591000e+02 8.783097624070000e+01 1.469693845670000e+01	1.135103000000000e-04 3.445600000000000e-06 0.000000000000000e+00	1.000000000000000e+00	5009	0	553
560	-7.315628246805001e+02 -6.165974576575001e+02 -1.159425144917000e+02	4.245100000000000e-06 1.614600000000000e-06 0.000000000000000e+00	1.000000000000000e+00	661	0	560
566	-6.377445353908000e+02 -9.503330278050001e+01  1.077775486825000e+02	-1.090529000000000e-04 -2.475700000000000e-06  0.000000000000000e+00	1.000000000000000e+00	23	0	566
567	-6.396716715256000e+02  2.806707963910000e+01  1.077775486825000e+02	-9.272070000000000e-05 -7.841000000000000e-07  0.000000000000000e+00	1.000000000000000e+00	23	0	567
568	-1.611210883971000e+02  8.641973386700001e+01  6.580962442277000e+02	1.988200000000000e-06 3.497660000000000e-05 0.000000000000000e+00	1.000000000000000e+00	1105	0	568
571	-5.348641105550000e+02  1.927650959031000e+02 -1.159425144917000e+02	-1.227500000000000e-06  6.691600000000000e-06  0.000000000000000e+00	1.000000000000000e+00	661	0	571
572	-3.676453610876000e+02  6.910882722200000e+02  1.518683640526000e+02	-1.976560000000000e-05  0.000000000000000e+00  1.832170000000000e-05	1.000000000000000e+00	8048	0	572
582	-4.173409516963000e+02 -6.730065535654001e+02  5.829785587824000e+02	-2.805100000000000e-05  4.717240000000000e-05  0.000000000000000e+00	1.000000000000000e+00	105	0	582
583	-9.800687451430001e+01  7.814246758230000e+01  6.580962442277000e+02	5.103300000000000e-06 3.722610000000000e-05 0.000000000000000e+00	1.000000000000000e+00	1105	0	583
585	 4.050055157351000e+02  5.992800258854001e+02 -6.922440051636000e+02	-2.871200000000000e-06  4.973000000000000e-06  2.505000000000000e-06	1.000000000000000e+00	0	0	585
589	 1.429937690415000e+02  6.969320928396000e+02 -1.159425144917000e+02	 5.136600000000000e-06 -9.375000000000001e-06  0.000000000000000e+00	1.000000000000000e+00	661	0	589
595	5.326088296817001e+02 4.914150070304000e+02 3.804874067123000e+02	5.148400000000001e-06 4.080100000000000e-06 0.000000000000000e+00	1.000000000000000e+00	8006	0	595
598	 9.618064892700001e+01  6.910882722200000e+02 -6.586147265691001e+02	-1.481400000000000e-06  0.000000000000000e+00 -2.551700000000000e-06	1.000000000000000e+00	8048	0	598
600	-3.602942755150000e+01  6.934664800420001e+01  6.580962442277000e+02	7.010100000000000e-06 3.872340000000000e-05 0.000000000000000e+00	1.000000000000000e+00	1105	0	600
602	-4.332652581423000e+02  6.910882722200000e+02  5.017719578300000e+01	-6.556100000000000e-04  0.000000000000000e+00  3.295329000000000e-04	1.000000000000000e+00	8048	0	602
610	-5.689975998778000e+02  6.910882722200000e+02  5.527003472959000e+02	-4.999000000000000e-06  0.000000000000000e+00 -5.135600000000000e-06	1.000000000000000e+00	8048	0	610
611	-6.303100824264001e+02 -3.599018499789000e+02  1.077775486825000e+02	-1.428928000000000e-04 -3.730500000000000e-06  0.000000000000000e+00	1.000000000000000e+00	23	0	611
615	 4.300000000000000e+02 -5.473280551918000e+02 -2.606506917860000e+02	0.000000000000000e+00 0.000000000000000e+00 0.000000000000000e+00	1.000000000000000e+00	8048	0	615
616	-3.253010591900000e+02 -2.828457314469000e+02  6.842711238421000e+02	 2.773600000000000e-06  4.804000000000000e-06 -1.302360000000000e-05	1.000000000000000e+00	491	0	616
618	2.436188756320000e+01 5.998190713840000e+01 6.580962442277000e+02	8.583700000000001e-06 3.952390000000000e-05 0.000000000000000e+00	1.000000000000000e+00	1105	0	618
620	 3.757925034944000e+02  6.498784473285000e+02 -7.065842887900001e+02	-4.684901491928101e-06  8.114484639358522e-06  3.339691761016846e-07	7.508468627929688e-02	0	0	620
625	-6.171711984695000e+02  8.750807354450001e+01 -1.159425144917000e+02	-2.026650000000000e-05 -7.936900000000000e-06  0.000000000000000e+00	1.000000000000000e+00	661	0	625
627	 5.231693603628000e+02 -6.917994466375001e+02  2.286190426598000e+02	-1.941100000000000e-06  4.973000000000000e-06  0.000000000000000e+00	1.000000000000000e+00	8048	0	627
630	-3.331288449215000e+02  6.910882722200000e+02  1.807632328879000e+02	-2.246650000000000e-05  0.000000000000000e+00  2.349600000000000e-06	1.000000000000000e+00	8048	0	630
631	8.329096761230001e+01 4.978909894790000e+01 6.580962442277000e+02	1.027430000000000e-05 3.981520000000000e-05 0.000000000000000e+00	1.000000000000000e+00	1105	0	631
639	 1.465286973581000e+02  6.910882722200000e+02 -6.847323902813000e+02	-7.066000000000000e-07  0.000000000000000e+00 -1.421500000000000e-06	1.000000000000000e+00	8048	0	639
646	 3.519709448812000e+02 -3.413384155776000e+02  3.592584956082000e+02	 5.992460000000000e-05 -1.505600000000000e-06  0.000000000000000e+00	1.000000000000000e+00	8048	0	646
647	 3.543212065182000e+02 -2.120375124477000e+02  3.592584956082000e+02	 8.123890000000001e-05 -1.265700000000000e-06  0.000000000000000e+00	1.000000000000000e+00	8048	0	647
655	 1.954676265624000e+02  7.244834649840001e+02 -1.159425144917000e+02	 6.039000000000000e-06 -1.219010000000000e-05  0.000000000000000e+00	1.000000000000000e+00	661	0	655
660	-4.648845303796000e+02 -7.004883685844001e+02  5.829785587824000e+02	-2.886610000000000e-05  5.237990000000000e-05  0.000000000000000e+00	1.000000000000000e+00	105	0	660
664	1.420906335660000e+02 3.826190044280000e+01 6.580962442277000e+02	1.047680000000000e-05 4.013310000000000e-05 0.000000000000000e+00	1.000000000000000e+00	1105	0	664
681	 3.359350027226000e+02  7.189136637278000e+02 -7.312943563761000e+02	-1.436676018619537e-06  2.488398482036591e-06 -5.879074622154235e-07	5.631351470947266e-02	0	0	681
683	-7.340542937502000e+02 -1.445092604745000e+02 -1.159425144917000e+02	-2.792200000000000e-06  5.801400000000000e-06  0.000000000000000e+00	1.000000000000000e+00	661	0	683
688	-6.046027473820001e+02  6.910882722200000e+02  5.911693868753000e+02	-3.119900000000000e-06  0.000000000000000e+00 -4.620200000000000e-06	1.000000000000000e+00	8048	0	688
689	2.015122288275000e+02 2.499533303250000e+01 6.580962442277000e+02	8.426100000000001e-06 4.076910000000000e-05 0.000000000000000e+00	1.000000000000000e+00	1105	0	689
696	 4.690738638154000e+02 -4.796501378155000e+02 -2.658680666067000e+02	3.445664062500000e-08 5.967421875000001e-08 1.226485546875000e-06	3.164062500000000e-01	8048	0	696
703	2.614298367398000e+02 9.966505345000000e+00 6.580962442277000e+02	7.729500000000001e-06 4.058570000000000e-05 0.000000000000000e+00	1.000000000000000e+00	1105	0	703
707	 3.562822964263000e+02 -7.794192570510000e+01  3.592584956082000e+02	 1.001367000000000e-04 -1.848800000000000e-06  0.000000000000000e+00	1.000000000000000e+00	8048	0	707
708	 4.240094388734000e+02 -5.473280551918000e+02 -2.581779071021000e+02	-1.192930664062500e-06  0.000000000000000e+00 -8.690809570312500e-07	2.373046875000000e-01	8048	0	708
710	 3.259536033359000e+02 -7.561632777600000e+00  6.580962442277000e+02	9.652800000000000e-06 3.880380000000000e-05 0.000000000000000e+00	1.000000000000000e+00	1105	0	710
712	-3.342921226047000e+02  6.910882722200000e+02  2.131610545088000e+02	-1.690350000000000e-05  0.000000000000000e+00 -7.887400000000000e-06	1.000000000000000e+00	8048	0	712
714	 4.422160596320000e+02 -3.852172433980000e+01  6.580962442277000e+02	1.458383000000000e-04 7.895300000000000e-06 0.000000000000000e+00	1.000000000000000e+00	1105	0	714
715	 5.069744975399000e+02 -5.002891396780000e+01  6.580962442277000e+02	1.729950000000000e-04 1.649480000000000e-05 0.000000000000000e+00	1.000000000000000e+00	1105	0	715
717	 5.571335697255000e+02 -5.030267490300000e+01  6.580962442277000e+02	1.761473000000000e-04 3.305580000000000e-05 0.000000000000000e+00	1.000000000000000e+00	1105	0	717
718	-5.444047572795000e+02  6.843943432507000e+02 -6.793251553319001e+02	-6.154500000000000e-06 -1.356200000000000e-05  0.000000000000000e+00	1.000000000000000e+00	8048	0	718
720	 6.108822199437001e+02 -3.747057559080000e+01  6.580962442277000e+02	1.335370000000000e-04 4.123030000000000e-05 0.000000000000000e+00	1.000000000000000e+00	1105	0	720
722	 1.998216130781000e+02  6.910882722200000e+02 -7.087221200330000e+02	-1.491000000000000e-07  0.000000000000000e+00 -3.697000000000000e-07	1.000000000000000e+00	8048	0	722
724	-6.220443041126000e+02  7.157951367203000e+02 -6.793251553319001e+02	-1.645780000000000e-05 -4.689300000000000e-06  0.000000000000000e+00	1.000000000000000e+00	8048	0	724
728	 4.847388030273000e+02 -6.421384431805001e+02 -4.003474852998000e+02	-3.451940000000000e-05  5.978940000000000e-05  1.197527000000000e-04	1.000000000000000e+00	8048	0	728
729	6.870218323310000e+02 2.577660792000000e+00 6.580962442277000e+02	2.653660000000000e-05 4.570600000000000e-06 0.000000000000000e+00	1.000000000000000e+00	1105	0	729
733	5.855778926380000e+02 4.337539337926000e+02 3.804874067123000e+02	1.970200000000000e-06 2.139100000000000e-06 0.000000000000000e+00	1.000000000000000e+00	8006	0	733
737	-6.436225695758001e+02  6.910882722200000e+02  6.325114493038001e+02	-5.767300000000000e-06  0.000000000000000e+00  1.058300000000000e-06	1.000000000000000e+00	8048	0	737
740	-2.981799666212000e+02 -2.358706211609000e+02  7.052011918164001e+02	 1.725300000000000e-06  2.988300000000000e-06 -9.568400000000000e-06	1.000000000000000e+00	491	0	740
745	-7.342034685957000e+02  7.493006986979000e+02 -6.793251553319001e+02	-2.401000000000000e-06 -1.244100000000000e-06  0.000000000000000e+00	1.000000000000000e+00	8048	0	745
746	-9.005220663280001e+01  6.910882722200000e+02 -5.157326534948000e+02	-1.045973000000000e-04  0.000000000000000e+00 -1.148438000000000e-04	1.000000000000000e+00	8048	0	746
747	6.157109949118001e+02 4.080218323631000e+02 3.804874067123000e+02	4.405100000000000e-06 5.912100000000001e-06 0.000000000000000e+00	1.000000000000000e+00	8006	0	747
753	5.741751492233000e+02 4.083510491470000e+02 2.286190426598000e+02	-1.112883046875000e-05 -1.892609296875000e-05  0.000000000000000e+00	2.373046875000000e-01	8048	0	753
755	-2.749783601196000e+02  5.549964185617000e+02 -6.793251553319001e+02	 1.596990000000000e-05 -2.999640000000000e-05  0.000000000000000e+00	1.000000000000000e+00	8048	0	755
771	6.571042807696000e+02 3.789707026428000e+02 3.804874067123000e+02	-4.280500000000000e-06 -5.830000000000000e-06  0.000000000000000e+00	1.000000000000000e+00	8006	0	771
776	 2.560480468544000e+02  6.910882722200000e+02 -7.297897820678000e+02	-4.667000000000000e-07  0.000000000000000e+00 -1.271800000000000e-06	1.000000000000000e+00	8048	0	776
805	-1.106729934421000e+02  3.891450397303000e+02 -7.293850125398001e+02	 4.630542187500001e-05 -8.020337343750000e-05  1.433514375000000e-05	4.218750000000000e-01	8048	0	805
828	-1.431617145125000e+02  3.403479836873000e+02 -7.444505990884001e+02	 2.796203847656250e-05  0.000000000000000e+00 -5.908957910156250e-06	2.373046875000000e-01	8048	0	828
864	-2.700133490180000e+02 -1.870846083948000e+02  7.230982562408001e+02	 8.234000000000000e-07  1.426200000000000e-06 -5.494400000000000e-06	1.000000000000000e+00	491	0	864
865	 4.022422392298000e+02 -5.473280551918000e+02 -2.229651852635000e+02	-1.015440000000000e-05  0.000000000000000e+00  1.913000000000000e-05	1.000000000000000e+00	8048	0	865
909	-1.272672889664000e+02  6.910882722200000e+02  3.592584956082000e+02	0.000000000000000e+00 0.000000000000000e+00 0.000000000000000e+00	4.218750000000000e-01	8048	0	909
1000	-3.548943360476000e+02  6.910882722200000e+02  2.677126603682000e+02	-1.085010000000000e-05  0.000000000000000e+00 -1.266020000000000e-05	1.000000000000000e+00	8048	0	1000
1002	7.043749986570000e+02 3.435959955341000e+02 3.804874067123000e+02	-7.334700000000000e-06 -9.111500000000001e-06  0.000000000000000e+00	1.000000000000000e+00	8006	0	1002
1003	-4.391501408442000e+02  6.910882722200000e+02  3.987868274914000e+02	-1.817100000000000e-05  0.000000000000000e+00  2.679700000000000e-06	1.000000000000000e+00	8048	0	1003
1011	6.939815605165001e+02 2.754280165258000e+02 1.577803595080000e+02	 3.875517773437501e-06 -6.712613964843751e-06  1.568954179687500e-05	2.373046875000000e-01	8048	0	1011
1012	 3.879762948480000e+02 -5.473280551918000e+02 -1.683568111425000e+02	-5.494100000000000e-06  0.000000000000000e+00  4.397710000000000e-05	1.000000000000000e+00	8048	0	1012
1014	-3.323412693864000e+02  6.208128777971000e+02  1.518683640526000e+02	-1.165300000000000e-06 -4.364000000000000e-07  0.000000000000000e+00	1.000000000000000e+00	8048	0	1014
1015	-3.577266837321000e+02  6.863363318965000e+02  1.518683640526000e+02	-7.087000000000000e-07 -1.417000000000000e-07  0.000000000000000e+00	1.000000000000000e+00	8048	0	1015
1020	-3.622003890194000e+02  6.863890436538001e+02  1.518683640526000e+02	1.110000000000000e-08 9.441000000000000e-07 0.000000000000000e+00	1.000000000000000e+00	8048	0	1020
1081	-5.168960604755000e+02 -7.262850890783001e+02  5.829785587824000e+02	-1.715940000000000e-05  3.881910000000000e-05  0.000000000000000e+00	1.000000000000000e+00	105	0	1081
1396	-4.214103959794000e+02  6.910882722200000e+02 -9.426215856650001e+01	-2.998285400000000e-03  0.000000000000000e+00 -4.857652000000000e-04	1.000000000000000e+00	8048	0	1396
1705	 3.910808706245000e+02 -5.473280551918000e+02 -1.098039397686000e+02	1.496090000000000e-05 0.000000000000000e+00 5.715800000000000e-05	1.000000000000000e+00	8048	0	1705
1759	5.312266780922000e+02 6.828206361549001e+02 2.439540203357000e+02	1.887954000000000e-04 3.270033000000000e-04 1.706383000000000e-04	1.000000000000000e+00	8048	0	1759
1801	-2.409262210729000e+02 -1.367042249476000e+02  7.374122906072000e+02	 5.530000000000000e-08  9.580000000000000e-08 -5.186000000000000e-07	1.000000000000000e+00	491	0	1801
1886	3.286601746054000e+02 3.319651602040000e+02 3.592584956082000e+02	3.302432437500000e-04 5.719980937500001e-04 0.000000000000000e+00	5.625000000000000e-01	8048	0	1886
2264	6.396702290423000e+02 3.694980020658000e+02 2.286190426598000e+02	-8.305355566406250e-06 -1.821152109375000e-05 -2.250834960937500e-07	2.373046875000000e-01	8048	0	2264
2820	-7.155738562880000e+02  7.237131344090000e+01  6.580962442277000e+02	-1.554670000000000e-05 -6.305300000000000e-06  0.000000000000000e+00	1.000000000000000e+00	1105	0	2820
2827	6.394174947230000e+02 3.699357507477000e+02 2.231787659603000e+02	 6.104235937500000e-06 -1.057284140625000e-05  7.578942187500000e-06	3.164062500000000e-01	8048	0	2827
2939	6.207379231909000e+02 3.226750147332000e+02 2.286190426598000e+02	-7.983000000000000e-07  4.335000000000000e-07  0.000000000000000e+00	1.000000000000000e+00	8048	0	2939
3478	3.304697614075000e+02 3.350994564861000e+02 2.286190426598000e+02	-3.842490000000000e-05 -6.655390000000001e-05  0.000000000000000e+00	1.000000000000000e+00	8048	0	3478
4128	-6.652703254353000e+02 -7.121886374247000e+02 -1.159425144917000e+02	 2.364680000000000e-05 -2.254010000000000e-05  0.000000000000000e+00	1.000000000000000e+00	661	0	4128
4210	 4.277852846947000e+02 -5.434920557586000e+02  5.949590575900000e+00	 1.362675000000000e-06 -2.360250000000000e-06 -2.209350000000000e-06	7.500000000000000e-01	8048	0	4210
4212	 3.897551167707000e+02 -6.170342376896000e+02  3.880738749100000e+00	 5.362742000000001e-04  9.288541000000000e-04 -2.123130000000000e-05	1.000000000000000e+00	8048	0	4212
4213	-3.289968706844000e+02  6.910882722200000e+02 -2.675811778308000e+02	-9.024020000000000e-05  0.000000000000000e+00 -5.007890000000000e-05	1.000000000000000e+00	8048	0	4213
4214	4.310369939986000e+02 7.326126054245000e+02 2.286190426598000e+02	-4.354306312500000e-04  1.508145187500000e-04  0.000000000000000e+00	5.625000000000000e-01	8048	0	4214
4220	 4.378021541179000e+02 -5.608417825325000e+02  7.924844645610000e+01	-2.351270000000000e-05  4.072520000000000e-05 -1.243434000000000e-04	1.000000000000000e+00	8048	0	4220
4223	-2.130728987084000e+02  5.060323243704000e+02 -6.793251553319001e+02	1.711206327606551e-05 7.707677260930091e-06 0.000000000000000e+00	1.781794801354408e-02	8048	0	4223
4224	-6.943306787164000e+02  6.910882722200000e+02  6.849593285580000e+02	-1.569620000000000e-04  0.000000000000000e+00  1.623052000000000e-04	1.000000000000000e+00	8048	0	4224
4225	-2.910398237959000e+02  6.910882722200000e+02 -3.279648710428000e+02	 8.802260000000001e-05  0.000000000000000e+00 -2.569552000000000e-04	1.000000000000000e+00	8048	0	4225
4233	 5.413356749140000e+02 -7.401671008378000e+02 -6.367187918482000e+02	 7.591080000000000e-05 -1.314814000000000e-04 -4.483558000000000e-04	1.000000000000000e+00	8048	0	4233
4234	5.607824773007001e+02 7.340127820422000e+02 3.131104107076000e+02	-2.408330000000000e-05 -4.171340000000000e-05  4.973100000000000e-05	1.000000000000000e+00	8048	0	4234
4235	4.944587265283000e+02 6.740666496494000e+02 2.286190426598000e+02	-4.780751625000000e-04 -1.474336350000000e-03  0.000000000000000e+00	5.625000000000000e-01	8048	0	4235
4236	5.182547020154000e+02 4.341218076659000e+02 2.286190426598000e+02	 2.313390000000000e-05 -2.497800000000000e-05  0.000000000000000e+00	1.000000000000000e+00	8048	0	4236
4237	5.059126257337000e+02 5.993513277318000e+02 2.286190426598000e+02	1.666610000000000e-05 2.185460000000000e-05 0.000000000000000e+00	1.000000000000000e+00	8048	0	4237
4238	-1.681266356017000e+02  6.910882722200000e+02 -4.397503863756000e+02	7.603468312500000e-04 0.000000000000000e+00 1.786227918750000e-03	5.625000000000000e-01	8048	0	4238
4240	5.069980049896000e+02 5.394219439168000e+02 2.286190426598000e+02	3.536330000000000e-05 1.128600000000000e-06 0.000000000000000e+00	1.000000000000000e+00	8048	0	4240
4244	4.624357550714000e+02 4.000220925538000e+02 2.286190426598000e+02	 2.800280000000000e-05 -4.682150000000000e-05  0.000000000000000e+00	1.000000000000000e+00	8048	0	4244
4245	4.030548755320000e+02 3.582151492192000e+02 2.286190426598000e+02	-5.848900000000000e-05 -7.813120000000000e-05  0.000000000000000e+00	1.000000000000000e+00	8048	0	4245
4246	3.290087235390000e+02 3.325688646660000e+02 3.638230889776000e+02	-1.169741250000000e-04 -2.026051875000000e-04  3.680475187500000e-04	5.625000000000000e-01	8048	0	4246
4247	7.236404965535000e+02 2.240572324113000e+02 1.210052991596000e+02	 6.368795661621094e-05 -1.103107636230469e-04 -5.892962980957031e-05	1.779785156250000e-01	8048	0	4247
4248	6.634591867904001e+02 3.282943185869000e+02 1.912049930844000e+02	-6.213526611328126e-05  1.076214251953125e-04  8.211812431640625e-05	2.373046875000000e-01	8048	0	4248
4249	3.045825416423000e+02 2.902614765861000e+02 1.833226001159000e+02	-4.703041406250000e-05 -8.145908437500001e-05  3.456569953125000e-04	4.218750000000000e-01	8048	0	4249
4250	 3.838097850540000e+02 -2.350515930740000e+01  6.580962442277000e+02	1.414250000000000e-05 3.710750000000000e-05 0.000000000000000e+00	1.000000000000000e+00	1105	0	4250
0	 5.000000000000000e-01 -8.660254037844386e-01  0.000000000000000e+00	8.660254037844385e-01 5.000000000000000e-01 0.000000000000000e+00	5.632499999999998e+02 3.251925391210567e+02 0.000000000000000e+00	1	0	0.000000000000000e+00	0.000000000000000e+00	0.000000000000000e+00	9.360732421764560e+04
1	5.000000000000000e-01 8.660254037844386e-01 0.000000000000000e+00	0.000000000000000e+00 0.000000000000000e+00 1.000000000000000e+00	0.000000000000000e+00 0.000000000000000e+00 2.286190426597633e+02	1	0	0.000000000000000e+00	0.000000000000000e+00	0.000000000000000e+00	3.456174769675243e+05
3	-5.000000000000000e-01 -8.660254037844386e-01  0.000000000000000e+00	0.000000000000000e+00 0.000000000000000e+00 1.000000000000000e+00	0.000000000000000e+00 0.000000000000000e+00 6.580962442277471e+02	1	0	0.000000000000000e+00	0.000000000000000e+00	0.000000000000000e+00	1.210736514974700e+06
4	-1.000000000000000e+00  0.000000000000000e+00  0.000000000000000e+00	0.000000000000000e+00 0.000000000000000e+00 1.000000000000000e+00	-0.000000000000000e+00 -0.000000000000000e+00 -1.159425144917371e+02	1	0	0.000000000000000e+00	0.000000000000000e+00	0.000000000000000e+00	1.890913160937606e+06
7	-5.000000000000000e-01 -8.660254037844386e-01  0.000000000000000e+00	0.000000000000000e+00 0.000000000000000e+00 1.000000000000000e+00	-0.000000000000000e+00 -0.000000000000000e+00 -1.894272067752324e+02	1	0	0.000000000000000e+00	0.000000000000000e+00	0.000000000000000e+00	1.360789065201713e+06
9	-5.000000000000000e-01 -8.660254037844386e-01  0.000000000000000e+00	 8.660254037844385e-01 -5.000000000000000e-01  0.000000000000000e+00	-1.215000000000000e+02  7.014805770653952e+01 -0.000000000000000e+00	1	0	0.000000000000000e+00	0.000000000000000e+00	0.000000000000000e+00	2.461679725131178e+06
10	-5.000000000000000e-01  8.660254037844386e-01  0.000000000000000e+00	8.660254037844385e-01 5.000000000000000e-01 0.000000000000000e+00	-1.409999999999999e+02 -8.140638795573722e+01 -0.000000000000000e+00	1	0	0.000000000000000e+00	0.000000000000000e+00	0.000000000000000e+00	2.364141054970337e+03
12	1.000000000000000e+00 0.000000000000000e+00 0.000000000000000e+00	 0.000000000000000e+00 -1.000000000000000e+00  0.000000000000000e+00	0.000000000000000e+00 2.381569860407206e+02 0.000000000000000e+00	1	0	0.000000000000000e+00	0.000000000000000e+00	0.000000000000000e+00	2.250000000000000e+06
13	 5.000000000000000e-01 -8.660254037844386e-01  0.000000000000000e+00	0.000000000000000e+00 0.000000000000000e+00 1.000000000000000e+00	0.000000000000000e+00 0.000000000000000e+00 1.518683640525570e+02	1	0	0.000000000000000e+00	0.000000000000000e+00	0.000000000000000e+00	1.230663471528190e+06
15	5.000000000000000e-01 8.660254037844386e-01 0.000000000000000e+00	 8.660254037844385e-01 -5.000000000000000e-01  0.000000000000000e+00	 5.594999999999998e+02 -3.230274756115955e+02  0.000000000000000e+00	1	0	0.000000000000000e+00	0.000000000000000e+00	0.000000000000000e+00	4.796084058429751e+05
18	-5.000000000000000e-01 -8.660254037844386e-01  0.000000000000000e+00	0.000000000000000e+00 0.000000000000000e+00 1.000000000000000e+00	0.000000000000000e+00 0.000000000000000e+00 1.469693845669907e+01	1	0	0.000000000000000e+00	0.000000000000000e+00	0.000000000000000e+00	3.493953905060771e+05
21	-5.000000000000000e-01 -8.660254037844386e-01  0.000000000000000e+00	0.000000000000000e+00 0.000000000000000e+00 1.000000000000000e+00	0.000000000000000e+00 0.000000000000000e+00 3.592584956081994e+02	1	0	0.000000000000000e+00	0.000000000000000e+00	0.000000000000000e+00	1.353232782214891e+03
22	-5.000000000000000e-01 -8.660254037844386e-01  0.000000000000000e+00	 8.660254037844385e-01 -5.000000000000000e-01  0.000000000000000e+00	 1.027500000000000e+02 -5.932274015923404e+01  0.000000000000000e+00	1	0	0.000000000000000e+00	0.000000000000000e+00	0.000000000000000e+00	1.203434611983346e+06
24	5.000000000000000e-01 8.660254037844386e-01 0.000000000000000e+00	 8.660254037844385e-01 -5.000000000000000e-01  0.000000000000000e+00	 7.694999999999998e+02 -4.442710321414170e+02  0.000000000000000e+00	1	0	0.000000000000000e+00	0.000000000000000e+00	0.000000000000000e+00	2.360751145602060e+05
25	-5.000000000000000e-01  8.660254037844386e-01  0.000000000000000e+00	8.660254037844385e-01 5.000000000000000e-01 0.000000000000000e+00	-8.017499999999998e+02 -4.628905783227824e+02 -0.000000000000000e+00	1	0	0.000000000000000e+00	0.000000000000000e+00	0.000000000000000e+00	1.974568915210525e+05
26	1.000000000000000e+00 0.000000000000000e+00 0.000000000000000e+00	0.000000000000000e+00 0.000000000000000e+00 1.000000000000000e+00	0.000000000000000e+00 0.000000000000000e+00 5.829785587823964e+02	1	0	0.000000000000000e+00	0.000000000000000e+00	0.000000000000000e+00	5.195967661037379e+05
27	 5.000000000000000e-01 -8.660254037844386e-01  0.000000000000000e+00	 0.000000000000000e+00  0.000000000000000e+00 -1.000000000000000e+00	0.000000000000000e+00 0.000000000000000e+00 6.580962442277471e+02	1	0	0.000000000000000e+00	0.000000000000000e+00	0.000000000000000e+00	1.671808130328484e+04
28	1.000000000000000e+00 0.000000000000000e+00 0.000000000000000e+00	0.000000000000000e+00 0.000000000000000e+00 1.000000000000000e+00	0.000000000000000e+00 0.000000000000000e+00 2.286190426597633e+02	1	0	0.000000000000000e+00	0.000000000000000e+00	0.000000000000000e+00	2.650489341241231e+04
29	1.000000000000000e+00 0.000000000000000e+00 0.000000000000000e+00	 0.000000000000000e+00 -1.000000000000000e+00  0.000000000000000e+00	0.000000000000000e+00 5.715767664977295e+01 0.000000000000000e+00	1	0	0.000000000000000e+00	0.000000000000000e+00	0.000000000000000e+00	2.112144366341550e+06
43	5.000000000000000e-01 8.660254037844386e-01 0.000000000000000e+00	 0.000000000000000e+00  0.000000000000000e+00 -1.000000000000000e+00	-0.000000000000000e+00 -0.000000000000000e+00 -1.159425144917371e+02	1	0	0.000000000000000e+00	0.000000000000000e+00	0.000000000000000e+00	2.338848496401505e+03
55	-1.000000000000000e+00  0.000000000000000e+00  0.000000000000000e+00	0.000000000000000e+00 0.000000000000000e+00 1.000000000000000e+00	-0.000000000000000e+00 -0.000000000000000e+00 -4.262112152442729e+02	1	0	0.000000000000000e+00	0.000000000000000e+00	0.000000000000000e+00	5.561479603813415e+04
66	-5.000000000000000e-01 -8.660254037844386e-01  0.000000000000000e+00	0.000000000000000e+00 0.000000000000000e+00 1.000000000000000e+00	0.000000000000000e+00 0.000000000000000e+00 1.077775486824598e+02	1	0	0.000000000000000e+00	0.000000000000000e+00	0.000000000000000e+00	2.073559407748938e+06
76	-1.000000000000000e+00  0.000000000000000e+00  0.000000000000000e+00	0.000000000000000e+00 0.000000000000000e+00 1.000000000000000e+00	0.000000000000000e+00 0.000000000000000e+00 2.286190426597633e+02	1	0	0.000000000000000e+00	0.000000000000000e+00	0.000000000000000e+00	6.909218085496245e+02
106	-1.000000000000000e+00  0.000000000000000e+00  0.000000000000000e+00	 0.000000000000000e+00 -1.000000000000000e+00  0.000000000000000e+00	-0.000000000000000e+00 -5.473280551917652e+02 -0.000000000000000e+00	1	0	0.000000000000000e+00	0.000000000000000e+00	0.000000000000000e+00	6.984251721608727e+03
107	 5.000000000000000e-01 -8.660254037844386e-01  0.000000000000000e+00	0.000000000000000e+00 0.000000000000000e+00 1.000000000000000e+00	0.000000000000000e+00 0.000000000000000e+00 3.804874067123203e+02	1	0	0.000000000000000e+00	0.000000000000000e+00	0.000000000000000e+00	2.156150017845039e+06
108	5.000000000000000e-01 8.660254037844386e-01 0.000000000000000e+00	0.000000000000000e+00 0.000000000000000e+00 1.000000000000000e+00	-0.000000000000000e+00 -0.000000000000000e+00 -4.164132562731402e+02	1	0	0.000000000000000e+00	0.000000000000000e+00	0.000000000000000e+00	1.972331127490403e+06
113	 5.000000000000000e-01 -8.660254037844386e-01  0.000000000000000e+00	0.000000000000000e+00 0.000000000000000e+00 1.000000000000000e+00	-0.000000000000000e+00 -0.000000000000000e+00 -6.793251553318680e+02	1	0	0.000000000000000e+00	0.000000000000000e+00	0.000000000000000e+00	1.250205365156378e+06
208	1.000000000000000e+00 0.000000000000000e+00 0.000000000000000e+00	 0.000000000000000e+00 -1.000000000000000e+00  0.000000000000000e+00	0.000000000000000e+00 3.403479836872843e+02 0.000000000000000e+00	1	0	0.000000000000000e+00	0.000000000000000e+00	0.000000000000000e+00	2.541575912153281e+04
243	 5.000000000000000e-01 -8.660254037844386e-01  0.000000000000000e+00	0.000000000000000e+00 0.000000000000000e+00 1.000000000000000e+00	0.000000000000000e+00 0.000000000000000e+00 3.592584956081994e+02	1	0	0.000000000000000e+00	0.000000000000000e+00	0.000000000000000e+00	0.000000000000000e+00
246	1.000000000000000e+00 0.000000000000000e+00 0.000000000000000e+00	0.000000000000000e+00 0.000000000000000e+00 1.000000000000000e+00	0.000000000000000e+00 0.000000000000000e+00 3.592584956081994e+02	1	0	0.000000000000000e+00	0.000000000000000e+00	0.000000000000000e+00	0.000000000000000e+00
248	1.000000000000000e+00 0.000000000000000e+00 0.000000000000000e+00	0.000000000000000e+00 0.000000000000000e+00 1.000000000000000e+00	0.000000000000000e+00 0.000000000000000e+00 3.592584956081994e+02	1	0	0.000000000000000e+00	0.000000000000000e+00	0.000000000000000e+00	0.000000000000000e+00
297	-1.000000000000000e+00  0.000000000000000e+00  0.000000000000000e+00	0.000000000000000e+00 1.000000000000000e+00 0.000000000000000e+00	0.000000000000000e+00 6.910882722199819e+02 0.000000000000000e+00	1	0	0.000000000000000e+00	0.000000000000000e+00	0.000000000000000e+00	0.000000000000000e+00
319	5.000000000000000e-01 8.660254037844386e-01 0.000000000000000e+00	0.000000000000000e+00 0.000000000000000e+00 1.000000000000000e+00	0.000000000000000e+00 0.000000000000000e+00 3.592584956081994e+02	1	0	0.000000000000000e+00	0.000000000000000e+00	0.000000000000000e+00	1.353232782214895e+03
320	-1.000000000000000e+00  0.000000000000000e+00  0.000000000000000e+00	 0.000000000000000e+00 -1.000000000000000e+00  0.000000000000000e+00	0.000000000000000e+00 6.910882722199819e+02 0.000000000000000e+00	1	0	0.000000000000000e+00	0.000000000000000e+00	0.000000000000000e+00	1.631828227414966e+06
321	-5.000000000000000e-01 -8.660254037844386e-01  0.000000000000000e+00	0.000000000000000e+00 0.000000000000000e+00 1.000000000000000e+00	0.000000000000000e+00 0.000000000000000e+00 3.592584956081994e+02	1	0	0.000000000000000e+00	0.000000000000000e+00	0.000000000000000e+00	5.589810767936241e+05
323	-5.000000000000000e-01 -8.660254037844386e-01  0.000000000000000e+00	 0.000000000000000e+00  0.000000000000000e+00 -1.000000000000000e+00	0.000000000000000e+00 0.000000000000000e+00 1.518683640525570e+02	1	0	0.000000000000000e+00	0.000000000000000e+00	0.000000000000000e+00	3.814525252589709e+01
324	1.000000000000000e+00 0.000000000000000e+00 0.000000000000000e+00	 0.000000000000000e+00  0.000000000000000e+00 -1.000000000000000e+00	0.000000000000000e+00 0.000000000000000e+00 1.518683640525570e+02	1	0	0.000000000000000e+00	0.000000000000000e+00	0.000000000000000e+00	3.814525252589709e+01
325	-1.000000000000000e+00  0.000000000000000e+00  0.000000000000000e+00	 0.000000000000000e+00  0.000000000000000e+00 -1.000000000000000e+00	0.000000000000000e+00 0.000000000000000e+00 1.518683640525570e+02	1	0	0.000000000000000e+00	0.000000000000000e+00	0.000000000000000e+00	3.814525252589709e+01
327	1.000000000000000e+00 0.000000000000000e+00 0.000000000000000e+00	0.000000000000000e+00 0.000000000000000e+00 1.000000000000000e+00	0.000000000000000e+00 0.000000000000000e+00 1.518683640525570e+02	1	0	0.000000000000000e+00	0.000000000000000e+00	0.000000000000000e+00	1.036797481833780e+01
337	 5.000000000000000e-01 -8.660254037844386e-01  0.000000000000000e+00	8.660254037844385e-01 5.000000000000000e-01 0.000000000000000e+00	8.549999999999997e+01 4.936344801571300e+01 0.000000000000000e+00	1	0	0.000000000000000e+00	0.000000000000000e+00	0.000000000000000e+00	2.423878155695398e+05
340	-5.000000000000000e-01 -8.660254037844386e-01  0.000000000000000e+00	0.000000000000000e+00 0.000000000000000e+00 1.000000000000000e+00	0.000000000000000e+00 0.000000000000000e+00 9.471360338761622e+01	1	0	0.000000000000000e+00	0.000000000000000e+00	0.000000000000000e+00	3.999358742795596e+05
2428	-5.000000000000000e-01  8.660254037844386e-01  0.000000000000000e+00	8.660254037844385e-01 5.000000000000000e-01 0.000000000000000e+00	6.397499999999998e+02 3.693598347140630e+02 0.000000000000000e+00	1	0	0.000000000000000e+00	0.000000000000000e+00	0.000000000000000e+00	3.601167576689826e+05
2429	 5.000000000000000e-01 -8.660254037844386e-01  0.000000000000000e+00	 0.000000000000000e+00  0.000000000000000e+00 -1.000000000000000e+00	0.000000000000000e+00 0.000000000000000e+00 2.286190426597633e+02	1	0	0.000000000000000e+00	0.000000000000000e+00	0.000000000000000e+00	1.956531498644196e+04
2432	5.000000000000000e-01 8.660254037844386e-01 0.000000000000000e+00	0.000000000000000e+00 0.000000000000000e+00 1.000000000000000e+00	0.000000000000000e+00 0.000000000000000e+00 2.286190426597633e+02	1	0	0.000000000000000e+00	0.000000000000000e+00	0.000000000000000e+00	1.269010598890537e+03
0	0	1	1
0	246	0	0
0	1	2	1
0	2	681	0
0	112	246	0
0	247	112	0
0	201	143	0
0	143	247	0
0	436	201	0
0	488	436	0
0	535	488	0
0	585	535	0
0	620	585	0
0	681	620	0
1	4	5	1
1	63	4	1
1	5	6	1
1	6	2264	0
1	292	63	0
1	164	113	0
1	113	328	0
1	144	364	0
1	365	144	0
1	505	164	0
1	202	292	0
1	364	202	0
1	328	248	0
1	248	365	0
1	367	249	0
1	249	505	0
1	2939	367	0
1	2264	2939	0
3	10	11	1
3	479	10	0
3	11	12	1
3	12	13	1
3	13	479	0
4	15	16	1
4	104	15	1
4	16	17	1
4	17	655	0
4	101	104	0
4	150	101	1
4	571	116	0
4	116	625	0
4	373	150	0
4	374	151	0
4	151	375	0
4	297	209	0
4	209	374	0
4	332	254	0
4	254	683	0
4	255	333	0
4	375	255	0
4	465	297	0
4	625	332	0
4	333	571	0
4	683	373	0
4	512	465	0
4	589	512	0
4	655	589	0
7	27	28	1
7	301	27	0
7	28	29	1
7	29	30	1
7	30	302	0
7	119	338	0
7	339	119	0
7	155	382	0
7	383	155	0
7	384	156	0
7	156	385	0
7	213	301	0
7	382	213	0
7	302	214	0
7	214	384	0
7	338	260	0
7	260	383	0
7	261	339	0
7	385	261	0
9	36	37	1
9	159	36	1
9	37	38	1
9	38	39	1
9	39	1801	0
9	491	122	0
9	122	507	0
9	521	159	0
9	216	160	0
9	160	497	0
9	455	216	0
9	507	262	0
9	262	521	0
9	263	491	0
9	497	263	0
9	529	455	0
9	616	529	0
9	740	616	0
9	864	740	0
9	1801	864	0
10	41	42	1
10	161	41	1
10	42	162	0
10	123	161	0
10	162	123	0
12	47	48	1
12	50	47	1
12	48	49	1
12	49	50	1
13	52	53	1
13	305	52	0
13	53	54	1
13	54	55	1
13	55	306	0
13	126	342	0
13	343	126	0
13	167	390	0
13	391	167	0
13	392	168	0
13	168	393	0
13	221	305	0
13	390	221	0
13	222	392	0
13	1014	222	0
13	342	268	0
13	268	391	0
13	269	343	0
13	393	269	0
13	306	572	0
13	572	1015	0
13	1015	1014	0
15	59	60	1
15	496	59	0
15	60	61	1
15	61	62	1
15	62	226	0
15	273	128	0
15	128	499	0
15	226	172	0
15	172	273	0
15	615	346	0
15	346	4212	0
15	4212	496	0
15	499	696	0
15	696	615	0
18	71	72	1
18	313	71	0
18	72	73	1
18	73	74	1
18	74	314	0
18	527	131	0
18	131	553	0
18	177	483	0
18	495	177	0
18	231	313	0
18	406	231	0
18	350	278	0
18	278	407	0
18	279	351	0
18	409	279	0
18	314	408	0
18	553	350	0
18	351	527	0
18	483	406	0
18	407	495	0
18	408	409	0
21	352	416	0
21	909	352	0
21	416	444	0
21	444	909	0
22	87	88	1
22	319	87	0
22	88	89	1
22	89	90	1
22	90	531	0
22	137	439	0
22	440	137	0
22	185	441	0
22	442	185	0
22	237	445	0
22	446	237	0
22	447	238	0
22	238	448	0
22	449	286	0
22	286	450	0
22	287	451	0
22	452	287	0
22	445	319	0
22	438	320	0
22	320	447	0
22	439	358	0
22	358	449	0
22	359	440	0
22	451	359	0
22	441	418	0
22	418	446	0
22	419	442	0
22	450	419	0
22	448	420	0
22	420	4246	0
22	531	438	0
22	1886	444	0
22	444	4234	0
22	4249	452	0
22	1759	487	0
22	487	3478	0
22	4234	1759	0
22	4246	1886	0
22	3478	4249	0
24	97	98	1
24	189	97	0
24	98	99	1
24	99	100	1
24	100	190	0
24	139	189	0
24	190	139	0
25	101	102	1
25	104	101	0
25	102	103	1
25	103	104	1
26	105	106	1
26	1081	105	0
26	106	107	1
26	107	242	0
26	141	362	0
26	363	141	0
26	191	426	0
26	427	191	0
26	428	192	0
26	192	429	0
26	241	323	0
26	426	241	0
26	242	428	0
26	362	290	0
26	290	427	0
26	291	363	0
26	429	291	0
26	323	486	0
26	486	582	0
26	582	660	0
26	660	1081	0
27	10	479	0
27	2820	10	0
27	484	468	0
27	468	2820	0
27	479	729	0
27	501	484	0
27	503	501	0
27	519	503	0
27	537	519	0
27	545	537	0
27	568	545	0
27	583	568	0
27	600	583	0
27	618	600	0
27	631	618	0
27	664	631	0
27	689	664	0
27	703	689	0
27	710	703	0
27	4250	710	0
27	715	714	0
27	714	4250	0
27	717	715	0
27	720	717	0
27	729	720	0
28	2264	6	0
28	6	4214	0
28	487	3478	0
28	4235	487	0
28	753	2264	0
28	4236	753	0
28	3478	4236	0
28	4214	4235	0
29	10	44	1
29	479	10	0
29	45	13	1
29	13	479	0
29	44	45	1
43	101	104	0
43	560	101	0
43	104	4128	0
43	540	560	0
43	4128	540	0
55	7	8	1
55	204	7	0
55	8	205	1
55	114	250	0
55	251	114	0
55	146	204	0
55	250	146	0
55	205	147	0
55	147	251	0
66	23	24	1
66	378	23	0
66	24	25	1
66	25	26	1
66	26	300	0
66	118	547	0
66	566	118	0
66	153	378	0
66	379	153	0
66	380	154	0
66	154	381	0
66	300	212	0
66	212	380	0
66	258	379	0
66	611	258	0
66	538	259	0
66	259	567	0
66	547	336	0
66	336	611	0
66	337	566	0
66	567	337	0
66	381	538	0
76	292	63	0
76	63	627	0
76	627	292	0
106	615	346	0
106	346	1705	0
106	708	615	0
106	865	708	0
106	1012	865	0
106	1705	1012	0
107	92	93	1
107	187	92	1
107	93	94	1
107	94	95	1
107	95	1002	0
107	424	187	0
107	322	424	0
107	490	322	0
107	595	490	0
107	733	595	0
107	747	733	0
107	771	747	0
107	1002	771	0
108	18	19	1
108	298	18	0
108	19	20	1
108	20	21	1
108	21	22	1
108	22	108	0
108	108	243	0
108	117	334	0
108	335	117	0
108	152	376	0
108	377	152	0
108	430	193	0
108	193	431	0
108	210	298	0
108	376	210	0
108	243	430	0
108	334	256	0
108	256	377	0
108	257	335	0
108	431	257	0
113	67	68	1
113	745	67	0
113	68	277	1
113	130	403	0
113	755	130	0
113	402	229	0
113	229	718	0
113	277	349	0
113	349	4223	0
113	403	402	0
113	718	724	0
113	724	745	0
113	4223	755	0
208	56	57	1
208	307	56	0
208	57	66	1
208	66	828	0
208	127	344	0
208	828	127	0
208	169	394	0
208	395	169	0
208	223	307	0
208	394	223	0
208	344	270	0
208	270	395	0
243	416	352	0
243	352	909	0
243	909	416	0
246	352	416	0
246	909	352	0
246	416	909	0
248	416	352	0
248	352	909	0
248	909	416	0
297	416	352	0
297	352	909	0
297	909	416	0
319	416	444	0
319	909	416	0
319	444	909	0
320	75	76	1
320	776	75	0
320	76	77	1
320	77	78	1
320	78	4224	0
320	108	194	0
320	244	108	0
320	132	179	0
320	746	132	0
320	133	306	0
320	630	133	0
320	179	523	0
320	194	4238	0
320	1396	195	0
320	195	4213	0
320	315	233	0
320	233	1003	0
320	432	244	0
320	572	281	0
320	281	602	0
320	306	572	0
320	530	315	0
320	352	1000	0
320	1003	352	0
320	4225	432	0
320	602	433	0
320	433	1396	0
320	523	598	0
320	610	530	0
320	598	639	0
320	688	610	0
320	712	630	0
320	639	722	0
320	737	688	0
320	1000	712	0
320	722	776	0
320	4224	737	0
320	4238	746	0
320	4213	4225	0
321	83	84	1
321	453	83	0
321	84	85	1
321	85	444	1
321	136	460	0
321	1886	136	0
321	183	646	0
321	647	183	0
321	235	459	0
321	471	235	0
321	356	284	0
321	284	707	0
321	317	453	0
321	459	317	0
321	460	356	0
321	414	471	0
321	646	414	0
321	415	647	0
321	707	415	0
321	444	1886	0
323	572	306	0
323	306	1015	0
323	1015	572	0
324	572	306	0
324	306	1015	0
324	1015	572	0
325	572	306	0
325	306	1015	0
325	1015	572	0
327	1015	572	0
327	572	1020	0
327	1020	1015	0
337	63	65	1
337	292	63	0
337	65	66	1
337	66	805	0
337	174	401	0
337	728	174	0
337	228	400	0
337	4233	228	0
337	274	292	0
337	4220	274	0
337	349	277	0
337	277	4233	0
337	615	346	0
337	346	4210	0
337	805	349	0
337	400	728	0
337	401	615	0
337	4210	4220	0
340	80	34	1
340	34	434	0
340	79	80	1
340	494	79	0
340	134	354	0
340	355	134	0
340	181	412	0
340	413	181	0
340	198	388	0
340	434	198	0
340	234	316	0
340	412	234	0
340	354	282	0
340	282	413	0
340	283	355	0
340	388	283	0
340	316	494	0
2428	6	32	1
2428	2264	6	0
2428	32	33	1
2428	33	34	1
2428	34	4247	0
2428	4247	1011	0
2428	1011	4248	0
2428	2827	2264	0
2428	4248	2827	0
2429	3478	487	0
2429	487	4237	0
2429	4236	3478	0
2429	4240	4236	0
2429	4237	4240	0
2432	4236	3478	0
2432	3478	4245	0
2432	4244	4236	0
2432	4245	4244	0
