460
44
525
0	 7.500000000000000e+02  1.732050807600000e+00 -5.819224577645000e+02	 7.880000000000000e-08 -1.364000000000000e-07 -2.593100000000000e-06	1.000000000000000e+00	0	1	0
1	 7.500000000000000e+02  1.732050807600000e+00 -7.500000000000000e+02	0.000000000000000e+00 0.000000000000000e+00 0.000000000000000e+00	1.000000000000000e+00	0	1	1
2	 3.179872981078000e+02  7.500000000000000e+02 -7.500000000000000e+02	-2.620833670000000e-02  4.539417070000000e-02  0.000000000000000e+00	1.000000000000000e+00	0	1	2
4	 7.500000000000000e+02 -7.500000000000000e+02  2.286190426598000e+02	0.000000000000000e+00 0.000000000000000e+00 0.000000000000000e+00	1.000000000000000e+00	8114	1	4
5	7.500000000000000e+02 7.500000000000000e+02 2.286190426598000e+02	0.000000000000000e+00 0.000000000000000e+00 0.000000000000000e+00	1.000000000000000e+00	8114	1	5
6	4.199872981078000e+02 7.500000000000000e+02 2.286190426598000e+02	0.000000000000000e+00 0.000000000000000e+00 0.000000000000000e+00	7.500000000000000e-01	8114	1	6
7	 7.500000000000000e+02  6.208966199729000e+02 -4.262112152443000e+02	5.440000000000000e-08 3.822000000000000e-07 0.000000000000000e+00	1.000000000000000e+00	646	1	7
8	 7.500000000000000e+02  7.500000000000000e+02 -4.262112152443000e+02	0.000000000000000e+00 0.000000000000000e+00 0.000000000000000e+00	1.000000000000000e+00	646	1	8
10	-7.500000000000000e+02  5.715767664980000e+01  6.580962442277000e+02	0.000000000000000e+00 0.000000000000000e+00 0.000000000000000e+00	1.000000000000000e+00	1105	1	10
11	-7.500000000000000e+02 -7.500000000000000e+02  6.580962442277000e+02	0.000000000000000e+00 0.000000000000000e+00 0.000000000000000e+00	1.000000000000000e+00	1105	1	11
12	 7.500000000000000e+02 -7.500000000000000e+02  6.580962442277000e+02	0.000000000000000e+00 0.000000000000000e+00 0.000000000000000e+00	1.000000000000000e+00	1105	1	12
13	7.500000000000000e+02 5.715767664980000e+01 6.580962442277000e+02	0.000000000000000e+00 0.000000000000000e+00 0.000000000000000e+00	4.218750000000000e-01	1105	1	13
15	 7.500000000000000e+02 -7.500000000000000e+02 -1.159425144917000e+02	0.000000000000000e+00 0.000000000000000e+00 0.000000000000000e+00	1.000000000000000e+00	661	1	15
16	 7.500000000000000e+02  7.500000000000000e+02 -1.159425144917000e+02	0.000000000000000e+00 0.000000000000000e+00 0.000000000000000e+00	1.000000000000000e+00	661	1	16
17	 2.545593439611000e+02  7.500000000000000e+02 -1.159425144917000e+02	 1.339430000000000e-05 -2.819960000000000e-05  0.000000000000000e+00	1.000000000000000e+00	661	1	17
18	-7.500000000000000e+02 -9.516659910180000e+01 -4.164132562731000e+02	 7.533000000000001e-07 -6.239000000000001e-07  0.000000000000000e+00	1.000000000000000e+00	8114	1	18
19	-7.500000000000000e+02 -7.500000000000000e+02 -4.164132562731000e+02	0.000000000000000e+00 0.000000000000000e+00 0.000000000000000e+00	1.000000000000000e+00	8114	1	19
20	 7.500000000000000e+02 -7.500000000000000e+02 -4.164132562731000e+02	0.000000000000000e+00 0.000000000000000e+00 0.000000000000000e+00	1.000000000000000e+00	8114	1	20
21	 7.500000000000000e+02  7.500000000000000e+02 -4.164132562731000e+02	0.000000000000000e+00 0.000000000000000e+00 0.000000000000000e+00	1.000000000000000e+00	8114	1	21
22	-2.078510741579000e+02  7.500000000000000e+02 -4.164132562731000e+02	-7.380542685937501e-03  0.000000000000000e+00  0.000000000000000e+00	4.218750000000000e-01	8114	1	22
23	-6.702902910798000e+02 -7.500000000000000e+02  1.077775486825000e+02	-1.006854000000000e-04  1.664270000000000e-05  0.000000000000000e+00	1.000000000000000e+00	23	1	23
24	 7.500000000000000e+02 -7.500000000000000e+02  1.077775486825000e+02	0.000000000000000e+00 0.000000000000000e+00 0.000000000000000e+00	1.000000000000000e+00	23	1	24
25	7.500000000000000e+02 7.500000000000000e+02 1.077775486825000e+02	0.000000000000000e+00 0.000000000000000e+00 0.000000000000000e+00	1.000000000000000e+00	23	1	25
26	-6.106322632899000e+02  7.500000000000000e+02  1.077775486825000e+02	 6.112100000000000e-06 -8.566000000000000e-07  0.000000000000000e+00	1.000000000000000e+00	23	1	26
27	-7.364791301387000e+02 -7.500000000000000e+02 -1.894272067752000e+02	 3.079000000000000e-07 -2.369000000000000e-07  0.000000000000000e+00	1.000000000000000e+00	27	1	27
28	 7.500000000000000e+02 -7.500000000000000e+02 -1.894272067752000e+02	0.000000000000000e+00 0.000000000000000e+00 0.000000000000000e+00	1.000000000000000e+00	27	1	28
29	 7.500000000000000e+02  7.500000000000000e+02 -1.894272067752000e+02	0.000000000000000e+00 0.000000000000000e+00 0.000000000000000e+00	1.000000000000000e+00	27	1	29
30	 4.223404383026000e+02  7.500000000000000e+02 -1.894272067752000e+02	-1.742000000000000e-07  1.345000000000000e-07  0.000000000000000e+00	1.000000000000000e+00	27	1	30
32	4.199872981078000e+02 7.500000000000000e+02 7.500000000000000e+02	0.000000000000000e+00 0.000000000000000e+00 0.000000000000000e+00	1.000000000000000e+00	8114	1	32
33	7.500000000000000e+02 1.784012331796000e+02 7.500000000000000e+02	0.000000000000000e+00 0.000000000000000e+00 0.000000000000000e+00	1.000000000000000e+00	8114	1	33
34	7.500000000000000e+02 1.784012331796000e+02 9.471360338760000e+01	 0.000000000000000e+00 -0.000000000000000e+00  0.000000000000000e+00	7.500000000000000e-01	8114	1	34
36	-5.950127018922000e+02 -7.500000000000000e+02 -7.500000000000000e+02	0.000000000000000e+00 0.000000000000000e+00 0.000000000000000e+00	1.000000000000000e+00	491	1	36
37	 2.710127018922000e+02  7.500000000000000e+02 -7.500000000000000e+02	0.000000000000000e+00 0.000000000000000e+00 0.000000000000000e+00	1.000000000000000e+00	491	1	37
38	2.710127018922000e+02 7.500000000000000e+02 7.500000000000000e+02	0.000000000000000e+00 0.000000000000000e+00 0.000000000000000e+00	1.000000000000000e+00	491	1	38
39	-2.110075673706000e+02 -8.488359664130000e+01  7.500000000000000e+02	 2.940400000000000e-06  5.092800000000001e-06 -2.753960000000000e-05	1.000000000000000e+00	491	1	39
41	 2.450127018922000e+02 -7.500000000000000e+02  7.500000000000000e+02	0.000000000000000e+00 0.000000000000000e+00 0.000000000000000e+00	1.000000000000000e+00	729	1	41
42	 2.450127018922000e+02 -7.500000000000000e+02  7.354386907015000e+02	 2.400000000000000e-09 -4.100000000000000e-09  1.229000000000000e-07	1.000000000000000e+00	729	1	42
44	-7.500000000000000e+02  5.715767664980000e+01 -7.500000000000000e+02	0.000000000000000e+00 0.000000000000000e+00 0.000000000000000e+00	1.000000000000000e+00	1105	1	44
45	 7.500000000000000e+02  5.715767664980000e+01 -7.500000000000000e+02	0.000000000000000e+00 0.000000000000000e+00 0.000000000000000e+00	1.000000000000000e+00	1105	1	45
47	-7.500000000000000e+02  2.381569860407000e+02  7.500000000000000e+02	0.000000000000000e+00 0.000000000000000e+00 0.000000000000000e+00	1.000000000000000e+00	1074	1	47
48	-7.500000000000000e+02  2.381569860407000e+02 -7.500000000000000e+02	0.000000000000000e+00 0.000000000000000e+00 0.000000000000000e+00	1.000000000000000e+00	1074	1	48
49	 7.500000000000000e+02  2.381569860407000e+02 -7.500000000000000e+02	0.000000000000000e+00 0.000000000000000e+00 0.000000000000000e+00	1.000000000000000e+00	1074	1	49
50	7.500000000000000e+02 2.381569860407000e+02 7.500000000000000e+02	0.000000000000000e+00 0.000000000000000e+00 0.000000000000000e+00	1.000000000000000e+00	1074	1	50
52	 2.614848401416000e+02 -7.500000000000000e+02  1.518683640526000e+02	3.457000000000000e-07 1.752000000000000e-07 0.000000000000000e+00	1.000000000000000e+00	8114	1	52
53	 7.500000000000000e+02 -7.500000000000000e+02  1.518683640526000e+02	0.000000000000000e+00 0.000000000000000e+00 0.000000000000000e+00	1.000000000000000e+00	8114	1	53
54	7.500000000000000e+02 7.500000000000000e+02 1.518683640526000e+02	0.000000000000000e+00 0.000000000000000e+00 0.000000000000000e+00	1.000000000000000e+00	8114	1	54
55	-3.658502376888000e+02  7.500000000000000e+02  1.518683640526000e+02	-1.757199682617188e-06 -4.217556884765625e-07  0.000000000000000e+00	1.779785156250000e-01	8114	1	55
56	-7.500000000000000e+02  3.403479836873000e+02 -6.866613910894000e+02	-6.810000000000001e-08  0.000000000000000e+00 -2.155900000000000e-06	1.000000000000000e+00	8114	1	56
57	-7.500000000000000e+02  3.403479836873000e+02 -7.500000000000000e+02	0.000000000000000e+00 0.000000000000000e+00 0.000000000000000e+00	1.000000000000000e+00	8114	1	57
59	 3.129872981078000e+02 -7.500000000000000e+02  1.010737253360000e+01	1.815000000000000e-07 3.144000000000000e-07 2.424000000000000e-05	1.000000000000000e+00	8114	1	59
60	 3.129872981078000e+02 -7.500000000000000e+02 -7.500000000000000e+02	0.000000000000000e+00 0.000000000000000e+00 0.000000000000000e+00	1.000000000000000e+00	8114	1	60
61	 7.500000000000000e+02  6.928203230300000e+00 -7.500000000000000e+02	0.000000000000000e+00 0.000000000000000e+00 0.000000000000000e+00	1.000000000000000e+00	8114	1	61
62	 7.500000000000000e+02  6.928203230300000e+00 -2.804417159859000e+02	9.500000000000000e-08 1.646000000000000e-07 1.387290000000000e-05	1.000000000000000e+00	8114	1	62
63	 5.470127018922000e+02 -7.500000000000000e+02  2.286190426598000e+02	-0.000000000000000e+00  0.000000000000000e+00  0.000000000000000e+00	1.000000000000000e+00	8114	1	63
65	 5.470127018922000e+02 -7.500000000000000e+02 -7.500000000000000e+02	0.000000000000000e+00 0.000000000000000e+00 0.000000000000000e+00	1.000000000000000e+00	8114	1	65
66	-8.250000000000000e+01  3.403479836873000e+02 -7.500000000000000e+02	0.000000000000000e+00 0.000000000000000e+00 0.000000000000000e+00	7.500000000000000e-01	8114	1	66
67	-7.500000000000000e+02  7.500000000000000e+02 -6.793251553319001e+02	0.000000000000000e+00 1.488294437000000e-01 0.000000000000000e+00	1.000000000000000e+00	8114	1	67
68	-7.500000000000000e+02 -7.500000000000000e+02 -6.793251553319001e+02	0.000000000000000e+00 0.000000000000000e+00 0.000000000000000e+00	1.000000000000000e+00	8114	1	68
71	 4.474136448763000e+02 -7.500000000000000e+02  1.469693845670000e+01	-6.697700000000000e-06  1.685800000000000e-06  0.000000000000000e+00	1.000000000000000e+00	5009	1	71
72	 7.500000000000000e+02 -7.500000000000000e+02  1.469693845670000e+01	0.000000000000000e+00 0.000000000000000e+00 0.000000000000000e+00	1.000000000000000e+00	5009	1	72
73	7.500000000000000e+02 7.500000000000000e+02 1.469693845670000e+01	0.000000000000000e+00 0.000000000000000e+00 0.000000000000000e+00	1.000000000000000e+00	5009	1	73
74	6.129712964409000e+02 7.500000000000000e+02 1.469693845670000e+01	 6.918380000000001e-05 -2.207290000000000e-05  0.000000000000000e+00	1.000000000000000e+00	5009	1	74
75	 3.130997017619000e+02  6.910882722200000e+02 -7.500000000000000e+02	1.018000000000000e-07 0.000000000000000e+00 2.914000000000000e-07	1.000000000000000e+00	8114	1	75
76	 7.500000000000000e+02  6.910882722200000e+02 -7.500000000000000e+02	0.000000000000000e+00 0.000000000000000e+00 0.000000000000000e+00	1.000000000000000e+00	8114	1	76
77	7.500000000000000e+02 6.910882722200000e+02 7.500000000000000e+02	0.000000000000000e+00 0.000000000000000e+00 0.000000000000000e+00	1.000000000000000e+00	8114	1	77
78	-7.500000000000000e+02  6.910882722200000e+02  7.500000000000000e+02	-8.012949310000000e-02  0.000000000000000e+00  0.000000000000000e+00	1.000000000000000e+00	8114	1	78
79	-5.374705430770000e+01 -7.500000000000000e+02  9.471360338760000e+01	 4.278800000000000e-06 -4.192600000000000e-06  0.000000000000000e+00	1.000000000000000e+00	8114	1	79
80	 7.500000000000000e+02 -7.500000000000000e+02  9.471360338760000e+01	0.000000000000000e+00 0.000000000000000e+00 0.000000000000000e+00	1.000000000000000e+00	8114	1	80
83	 3.212413312232000e+02 -7.500000000000000e+02  3.592584956082000e+02	-2.593700000000000e-06  4.663000000000000e-07  0.000000000000000e+00	1.000000000000000e+00	8114	1	83
84	 7.500000000000000e+02 -7.500000000000000e+02  3.592584956082000e+02	0.000000000000000e+00 0.000000000000000e+00 0.000000000000000e+00	1.000000000000000e+00	8114	1	84
85	7.500000000000000e+02 7.500000000000000e+02 3.592584956082000e+02	0.000000000000000e+00 0.000000000000000e+00 0.000000000000000e+00	1.000000000000000e+00	8114	1	85
87	-2.960127018922000e+02 -7.500000000000000e+02 -4.866068386890000e+02	-2.210000000000000e-08 -3.820000000000000e-08  4.435000000000000e-07	1.000000000000000e+00	8114	1	87
88	-2.960127018922000e+02 -7.500000000000000e+02 -7.500000000000000e+02	0.000000000000000e+00 0.000000000000000e+00 0.000000000000000e+00	1.000000000000000e+00	8114	1	88
89	 5.700127018922000e+02  7.500000000000000e+02 -7.500000000000000e+02	0.000000000000000e+00 0.000000000000000e+00 0.000000000000000e+00	1.000000000000000e+00	8114	1	89
90	5.700127018922000e+02 7.500000000000000e+02 5.615204328031000e+02	 4.569400000000000e-06  7.914500000000000e-06 -6.674410000000000e-05	1.000000000000000e+00	8114	1	90
92	-7.500000000000000e+02  7.500000000000000e+02  3.804874067123000e+02	0.000000000000000e+00 0.000000000000000e+00 0.000000000000000e+00	1.000000000000000e+00	8006	1	92
93	-7.500000000000000e+02 -7.500000000000000e+02  3.804874067123000e+02	0.000000000000000e+00 0.000000000000000e+00 0.000000000000000e+00	1.000000000000000e+00	8006	1	93
94	 7.500000000000000e+02 -7.500000000000000e+02  3.804874067123000e+02	0.000000000000000e+00 0.000000000000000e+00 0.000000000000000e+00	1.000000000000000e+00	8006	1	94
95	7.500000000000000e+02 2.941870848265000e+02 3.804874067123000e+02	-2.072570000000000e-05 -2.057220000000000e-05  0.000000000000000e+00	1.000000000000000e+00	8006	1	95
97	 5.929872981078000e+02 -7.500000000000000e+02 -1.597455947750000e+01	 4.000000000000000e-09  6.900000000000001e-09 -8.490000000000000e-08	1.000000000000000e+00	97	1	97
98	 5.929872981078000e+02 -7.500000000000000e+02 -7.500000000000000e+02	0.000000000000000e+00 0.000000000000000e+00 0.000000000000000e+00	1.000000000000000e+00	97	1	98
99	 7.500000000000000e+02 -4.780460228890000e+02 -7.500000000000000e+02	0.000000000000000e+00 0.000000000000000e+00 0.000000000000000e+00	1.000000000000000e+00	97	1	99
100	 7.500000000000000e+02 -4.780460228890000e+02  1.919315195620000e+01	 6.000000000000001e-08  1.039000000000000e-07 -1.226300000000000e-06	1.000000000000000e+00	97	1	100
101	-7.500000000000000e+02 -5.525242076145000e+02 -1.159425144917000e+02	-0.000000000000000e+00 -0.000000000000000e+00  0.000000000000000e+00	1.779785156250000e-01	661	1	101
102	-7.500000000000000e+02 -5.525242076145000e+02  7.500000000000000e+02	0.000000000000000e+00 0.000000000000000e+00 0.000000000000000e+00	1.000000000000000e+00	661	1	102
103	-6.359872981078000e+02 -7.500000000000000e+02  7.500000000000000e+02	0.000000000000000e+00 0.000000000000000e+00 0.000000000000000e+00	1.000000000000000e+00	661	1	103
104	-6.359872981078000e+02 -7.500000000000000e+02 -1.159425144917000e+02	0.000000000000000e+00 0.000000000000000e+00 0.000000000000000e+00	7.500000000000000e-01	661	1	104
105	-6.360106490125000e+02 -7.500000000000000e+02  5.829785587824000e+02	-1.397800000000000e-06  4.434200000000000e-06  0.000000000000000e+00	1.000000000000000e+00	105	1	105
106	 7.500000000000000e+02 -7.500000000000000e+02  5.829785587824000e+02	0.000000000000000e+00 0.000000000000000e+00 0.000000000000000e+00	1.000000000000000e+00	105	1	106
107	7.500000000000000e+02 2.299977153450000e+01 5.829785587824000e+02	 7.175000000000000e-06 -1.560330000000000e-05  0.000000000000000e+00	1.000000000000000e+00	105	1	107
108	-2.091197860706000e+02  6.910882722200000e+02 -4.164132562731000e+02	3.470963062500000e-04 0.000000000000000e+00 0.000000000000000e+00	5.625000000000000e-01	8114	0	108
112	 6.715835567763000e+02  1.375533146199000e+02 -5.934774604213001e+02	 9.960000000000001e-08 -1.725000000000000e-07 -2.207600000000000e-06	1.000000000000000e+00	0	0	112
113	 5.114530873802000e+02 -5.943157271900001e+00  2.286190426598000e+02	-1.304040000000000e-05  1.692900000000000e-06  0.000000000000000e+00	1.000000000000000e+00	8114	0	113
114	 2.990302853897000e+02  6.853815431405001e+02 -4.262112152443000e+02	-5.300000000000000e-09 -3.530000000000000e-08  0.000000000000000e+00	1.000000000000000e+00	646	0	114
116	-5.795940148286001e+02  1.408697229485000e+02 -1.159425144917000e+02	-9.404700000000000e-06 -7.581700000000001e-06  0.000000000000000e+00	1.000000000000000e+00	661	0	116
117	-4.256369722859000e+02  2.978563671920000e+02 -4.164132562731000e+02	 5.493000000000000e-07 -4.511000000000000e-07  0.000000000000000e+00	1.000000000000000e+00	8114	0	117
118	-6.559221775402000e+02 -1.589285052324000e+02  1.077775486825000e+02	-7.142820000000001e-05 -5.367000000000000e-07  0.000000000000000e+00	1.000000000000000e+00	23	0	118
119	-1.572532458616000e+02  1.147632185000000e-01 -1.894272067752000e+02	-2.769000000000000e-07  2.142000000000000e-07  0.000000000000000e+00	1.000000000000000e+00	27	0	119
122	-5.466050120336000e+02 -6.661554216878001e+02  3.765795565094000e+02	 2.198000000000000e-07  3.807000000000000e-07 -1.384020000000000e-05	1.000000000000000e+00	491	0	122
123	 1.456004531283000e+02 -5.778129342463001e+02  7.443645145271000e+02	 3.900000000000000e-09 -6.800000000000001e-09  1.490000000000000e-07	1.000000000000000e+00	729	0	123
126	-7.302834412920001e+01 -1.783597300000000e-02  1.518683640526000e+02	-9.010000000000001e-08 -3.920000000000000e-08  0.000000000000000e+00	1.000000000000000e+00	8114	0	126
127	-2.079513703215000e+02  3.403479836873000e+02 -7.342356483948000e+02	 1.482000000000000e-07  0.000000000000000e+00 -1.884000000000000e-07	1.000000000000000e+00	8114	0	127
128	 5.325517746378000e+02 -3.697031711128000e+02 -2.711144899857000e+02	8.140000000000000e-08 1.409000000000000e-07 5.146600000000000e-06	1.000000000000000e+00	8114	0	128
130	-3.340898194267000e+02  5.812442848444000e+02 -6.793251553319001e+02	-2.596600000000000e-06 -5.452800000000001e-06  0.000000000000000e+00	1.000000000000000e+00	8114	0	130
131	5.435641636125000e+02 1.496170800013000e+02 1.469693845670000e+01	6.988710000000000e-05 1.492000000000000e-07 0.000000000000000e+00	1.000000000000000e+00	5009	0	131
132	-4.622235145820000e+01  6.910882722200000e+02 -5.584462894799000e+02	6.380690000000000e-05 0.000000000000000e+00 5.603530000000000e-05	1.000000000000000e+00	8114	0	132
133	-3.448861368593000e+02  6.910882722200000e+02  1.560145423391000e+02	 1.833300000000000e-06  0.000000000000000e+00 -1.173529687500000e-06	4.218750000000000e-01	8114	0	133
134	 3.692211744143000e+02 -1.689053099419000e+02  9.471360338760000e+01	 4.226400000000000e-06 -3.174500000000000e-06  0.000000000000000e+00	1.000000000000000e+00	8114	0	134
136	3.847291699653000e+02 2.347909744144000e+02 3.592584956082000e+02	9.279480000000001e-05 2.494900000000000e-06 0.000000000000000e+00	1.000000000000000e+00	8114	0	136
137	 1.584201554654000e+02  3.710079757210000e+01 -7.239833093640000e+01	-1.641480000000000e-05 -2.843120000000000e-05  2.829630000000000e-05	1.000000000000000e+00	8114	0	137
139	 6.777267459891000e+02 -6.032269708643000e+02  2.919447751700000e+00	 1.148000000000000e-07  1.988000000000000e-07 -1.828600000000000e-06	1.000000000000000e+00	97	0	139
141	 2.417044373027000e+02 -2.643333206394000e+02  5.829785587824000e+02	 1.080390000000000e-05 -1.922530000000000e-05  0.000000000000000e+00	1.000000000000000e+00	105	0	141
143	 5.701704058155000e+02  3.132060446397000e+02 -6.185211652412000e+02	 1.153000000000000e-07 -1.997000000000000e-07 -1.532200000000000e-06	1.000000000000000e+00	0	0	143
144	 4.758036137587000e+02 -3.761098102013000e+02  2.286190426598000e+02	-5.085360000000000e-05  3.802400000000000e-06  0.000000000000000e+00	1.000000000000000e+00	8114	0	144
146	 5.245234900319000e+02  6.530920901969000e+02 -4.262112152443000e+02	1.400000000000000e-08 9.760000000000000e-08 0.000000000000000e+00	1.000000000000000e+00	646	0	146
147	 7.254326509500001e+01  7.228037344524000e+02 -4.262112152443000e+02	2.086000000000000e-07 8.247000000000000e-07 0.000000000000000e+00	1.000000000000000e+00	646	0	147
150	-7.500000000000000e+02 -2.082001308095000e+02 -1.159425144917000e+02	 2.081800000000000e-05 -1.864600000000000e-06  0.000000000000000e+00	1.000000000000000e+00	661	1	150
151	-2.364739148276000e+02  4.504981242112000e+02 -1.159425144917000e+02	 1.362300000000000e-06 -1.609900000000000e-06  0.000000000000000e+00	1.000000000000000e+00	661	0	151
152	-5.876823836339000e+02  1.013997029366000e+02 -4.164132562731000e+02	 5.292000000000001e-07 -4.366000000000000e-07  0.000000000000000e+00	1.000000000000000e+00	8114	0	152
153	-6.548385348793000e+02 -6.148018244044000e+02  1.077775486825000e+02	-1.088621000000000e-04  1.253400000000000e-06  0.000000000000000e+00	1.000000000000000e+00	23	0	153
154	-6.453008452069000e+02  3.324285550652000e+02  1.077775486825000e+02	-3.031680000000000e-05  1.478300000000000e-06  0.000000000000000e+00	1.000000000000000e+00	23	0	154
155	-4.470155038845000e+02 -3.748864767328000e+02 -1.894272067752000e+02	-2.439000000000000e-07  1.883000000000000e-07  0.000000000000000e+00	1.000000000000000e+00	27	0	155
156	 1.325928032156000e+02  3.750511156678000e+02 -1.894272067752000e+02	-1.317000000000000e-07  1.018000000000000e-07  0.000000000000000e+00	1.000000000000000e+00	27	0	156
159	-5.950127018922000e+02 -7.500000000000000e+02  2.324761385544000e+02	-1.045880000000000e-05 -1.811520000000000e-05  3.611300000000000e-06	1.000000000000000e+00	491	1	159
160	-4.475219960088000e+02 -4.945386037657000e+02  5.377359229418000e+02	 4.754400000000001e-06  8.234799999999999e-06 -1.277030000000000e-05	1.000000000000000e+00	491	0	160
161	 9.393123282060000e+01 -4.883192194859000e+02  7.500000000000000e+02	 4.000000000000000e-09 -7.000000000000001e-09  1.483000000000000e-07	1.000000000000000e+00	729	1	161
162	 1.965558655672000e+02 -6.660702975110000e+02  7.392111707650000e+02	 2.800000000000000e-09 -4.900000000000000e-09  1.247000000000000e-07	1.000000000000000e+00	729	0	162
164	5.209933045485000e+02 5.469877661010000e+01 2.286190426598000e+02	-7.854400000000001e-06  1.225700000000000e-06  0.000000000000000e+00	1.000000000000000e+00	8114	0	164
167	 9.017716665840000e+01 -3.750815465373000e+02  1.518683640526000e+02	-3.255000000000000e-07 -1.418000000000000e-07  0.000000000000000e+00	1.000000000000000e+00	8114	0	167
168	-2.362211737984000e+02  3.750106923654000e+02  1.518683640526000e+02	6.300000000000001e-08 2.750000000000000e-08 0.000000000000000e+00	1.000000000000000e+00	8114	0	168
169	-4.953670308297000e+02  3.403479836873000e+02 -7.009788774113000e+02	-1.732000000000000e-07  0.000000000000000e+00 -2.038300000000000e-06	1.000000000000000e+00	8114	0	169
172	 6.453247466213001e+02 -1.743746539168000e+02 -2.770635829962000e+02	1.106000000000000e-07 1.916000000000000e-07 1.074470000000000e-05	1.000000000000000e+00	8114	0	172
174	 4.502072015899000e+02 -5.823279550243000e+02 -3.000295182076000e+02	-1.772900000000000e-05  3.070760000000000e-05  3.955760000000000e-05	1.000000000000000e+00	8114	0	174
177	 5.169569508661000e+02 -3.057625141650000e+02  1.469693845670000e+01	 2.634070000000000e-05 -2.934700000000000e-06  0.000000000000000e+00	1.000000000000000e+00	5009	0	177
179	 6.799422358900000e+00  6.910882722200000e+02 -6.018461847901000e+02	-9.542000000000001e-07  0.000000000000000e+00  1.927800000000000e-06	1.000000000000000e+00	8114	0	179
181	 2.146056591271000e+02 -4.510129189167000e+02  9.471360338760000e+01	 1.553000000000000e-07 -7.750000000000000e-08  0.000000000000000e+00	1.000000000000000e+00	8114	0	181
183	 3.650997431343000e+02 -2.772942800266000e+02  3.592584956082000e+02	 4.220980000000000e-05 -1.918400000000000e-06  0.000000000000000e+00	1.000000000000000e+00	8114	0	183
185	-8.220566530740000e+01 -3.796753496193000e+02 -3.832846995632000e+02	 1.346000000000000e-06  2.331300000000000e-06 -7.056700000000001e-06	1.000000000000000e+00	8114	0	185
187	4.253690565262000e+02 7.500000000000000e+02 3.804874067123000e+02	-1.107000000000000e-07 -3.400000000000000e-08  0.000000000000000e+00	1.000000000000000e+00	8006	1	187
189	 6.312659709190000e+02 -6.836993938447000e+02 -8.787117700200000e+00	 1.146000000000000e-07  1.985000000000000e-07 -1.840700000000000e-06	1.000000000000000e+00	97	0	189
190	 7.226841934999001e+02 -5.253583875969000e+02  1.384601450960000e+01	 9.200000000000000e-08  1.593000000000000e-07 -1.534100000000000e-06	1.000000000000000e+00	97	0	190
191	-8.667146693310001e+01 -4.536658012261000e+02  5.829785587824000e+02	-4.061100000000000e-06  6.700700000000000e-06  0.000000000000000e+00	1.000000000000000e+00	105	0	191
192	 5.731236677176000e+02 -8.381822784680000e+01  5.829785587824000e+02	 2.388450000000000e-05 -3.836650000000000e-05  0.000000000000000e+00	1.000000000000000e+00	105	0	192
193	-2.661464809969000e+02  4.955508162184000e+02 -4.164132562731000e+02	-1.117293750000000e-06  6.004124999999999e-07  0.000000000000000e+00	5.625000000000000e-01	8114	0	193
194	-2.002665568118000e+02  6.910882722200000e+02 -4.177740546294000e+02	-1.091928300000000e-03  0.000000000000000e+00 -1.476098100000000e-03	7.500000000000000e-01	8114	0	194
195	-4.028378452053000e+02  6.910882722200000e+02 -1.409294254166000e+02	-4.664950000000000e-05  0.000000000000000e+00  2.578386000000000e-04	1.000000000000000e+00	8114	0	195
198	6.006155955840001e+02 5.576979108280000e+01 9.471360338760000e+01	 4.811600000000000e-06 -5.697900000000000e-06  0.000000000000000e+00	1.000000000000000e+00	8114	0	198
201	 5.169514853530001e+02  4.053839188046000e+02 -6.365107697205000e+02	 1.016000000000000e-07 -1.759000000000000e-07 -1.182500000000000e-06	1.000000000000000e+00	0	0	201
202	 4.590047042068000e+02 -5.767907984610000e+02  2.286190426598000e+02	-2.077384218750000e-05 -6.295851562500000e-07  0.000000000000000e+00	3.164062500000000e-01	8114	0	202
204	 6.372709085458000e+02  6.369534217104000e+02 -4.262112152443000e+02	2.370000000000000e-08 1.660000000000000e-07 0.000000000000000e+00	1.000000000000000e+00	646	0	204
205	-2.399324427800000e+01  7.500000000000000e+02 -4.262112152443000e+02	-8.470000000000000e-08 -3.006000000000000e-07  0.000000000000000e+00	1.000000000000000e+00	646	1	205
209	-7.778941856010000e+01  5.624485182696001e+02 -1.159425144917000e+02	 8.899000000000000e-07 -1.433400000000000e-06  0.000000000000000e+00	1.000000000000000e+00	661	0	209
210	-6.687245649469000e+02  3.187824196700000e+00 -4.164132562731000e+02	 4.807000000000000e-07 -3.965000000000000e-07  0.000000000000000e+00	1.000000000000000e+00	8114	0	210
212	-6.311198911589000e+02  5.594386399299000e+02  1.077775486825000e+02	-1.006410000000000e-05  7.119000000000000e-07  0.000000000000000e+00	1.000000000000000e+00	23	0	212
213	-5.917843261517000e+02 -5.624737924921001e+02 -1.894272067752000e+02	-4.900000000000000e-08  3.780000000000000e-08  0.000000000000000e+00	1.000000000000000e+00	27	0	213
214	 2.775191234541000e+02  5.625167633327001e+02 -1.894272067752000e+02	-3.790000000000000e-08  2.930000000000000e-08  0.000000000000000e+00	1.000000000000000e+00	27	0	214
216	-3.989950137609000e+02 -4.104874049744000e+02  6.028354818625000e+02	 4.180600000000000e-06  7.241000000000001e-06 -1.319450000000000e-05	1.000000000000000e+00	491	0	216
221	 1.722692615704000e+02 -5.624860172227001e+02  1.518683640526000e+02	7.260000000000000e-08 3.250000000000000e-08 0.000000000000000e+00	1.000000000000000e+00	8114	0	221
222	-3.122387240620000e+02  5.640620121420001e+02  1.518683640526000e+02	-4.870000000000001e-07 -1.766000000000000e-07  0.000000000000000e+00	1.000000000000000e+00	8114	0	222
223	-6.345583361433000e+02  3.403479836873000e+02 -6.913180965210000e+02	-1.144000000000000e-07  0.000000000000000e+00 -2.118800000000000e-06	1.000000000000000e+00	8114	0	223
226	 7.014398389702001e+02 -7.718046289710000e+01 -2.791110812874000e+02	1.006000000000000e-07 1.743000000000000e-07 1.267850000000000e-05	1.000000000000000e+00	8114	0	226
228	 5.236586353402000e+02 -7.095495701686000e+02 -5.509287403966000e+02	 5.241100000000001e-06 -9.077800000000000e-06 -2.320500000000000e-05	1.000000000000000e+00	8114	0	228
229	-5.032637022321000e+02  6.637171356829000e+02 -6.793251553319001e+02	-2.254700000000000e-06 -4.977600000000000e-06  0.000000000000000e+00	1.000000000000000e+00	8114	0	229
231	 4.870952891573000e+02 -5.371997722274000e+02  1.469693845670000e+01	 1.471500000000000e-06 -2.114000000000000e-07  0.000000000000000e+00	1.000000000000000e+00	5009	0	231
233	-4.703300346588000e+02  6.910882722200000e+02  4.364643321235000e+02	1.609100000000000e-06 0.000000000000000e+00 4.932800000000000e-06	1.000000000000000e+00	8114	0	233
234	 1.230059651965000e+02 -5.776637514301000e+02  9.471360338760000e+01	-9.780000000000000e-07  9.200000000000001e-07  0.000000000000000e+00	1.000000000000000e+00	8114	0	234
235	 3.486916301034000e+02 -5.361731606531000e+02  3.592584956082000e+02	 1.743520000000000e-05 -1.481700000000000e-06  0.000000000000000e+00	1.000000000000000e+00	8114	0	235
237	-2.086957010025000e+02 -5.987625180945000e+02 -4.619333164372000e+02	-1.670000000000000e-08 -2.900000000000000e-08  1.633000000000000e-07	1.000000000000000e+00	8114	0	237
238	4.355460791355000e+02 5.170969774632000e+02 4.813736133474000e+02	-6.352800000000000e-06 -1.100340000000000e-05  2.006460000000000e-05	1.000000000000000e+00	8114	0	238
241	-2.487441241293000e+02 -5.553710383702000e+02  5.829785587824000e+02	-1.231560000000000e-05  1.905110000000000e-05  0.000000000000000e+00	1.000000000000000e+00	105	0	241
242	7.133960395085001e+02 6.167800410300000e+00 5.829785587824000e+02	 1.159890000000000e-05 -1.981910000000000e-05  0.000000000000000e+00	1.000000000000000e+00	105	0	242
243	-2.218650723329000e+02  6.049870475105000e+02 -4.164132562731000e+02	 1.764267454687500e-03 -2.611370074218750e-04  0.000000000000000e+00	3.164062500000000e-01	8114	0	243
246	 7.169692216725000e+02  5.894303708440000e+01 -5.859358258536000e+02	 9.970000000000000e-08 -1.727000000000000e-07 -2.446000000000000e-06	1.000000000000000e+00	0	0	246
247	 6.220083460604001e+02  2.234200983758000e+02 -6.042368527673000e+02	 1.125000000000000e-07 -1.949000000000000e-07 -1.893900000000000e-06	1.000000000000000e+00	0	0	247
248	 4.901317261740000e+02 -1.948811062087000e+02  2.286190426598000e+02	-3.294980000000000e-05  3.055700000000000e-06  0.000000000000000e+00	1.000000000000000e+00	8114	0	248
249	5.483194100504001e+02 1.793289196864000e+02 2.286190426598000e+02	 4.520000000000000e-08 -6.200000000000000e-09  0.000000000000000e+00	1.000000000000000e+00	8114	0	249
250	 4.117760718742000e+02  6.692308993593000e+02 -4.262112152443000e+02	2.900000000000000e-09 2.060000000000000e-08 0.000000000000000e+00	1.000000000000000e+00	646	0	250
251	 1.864180670307000e+02  7.024445148177000e+02 -4.262112152443000e+02	1.340000000000000e-08 7.610000000000000e-08 0.000000000000000e+00	1.000000000000000e+00	646	0	251
254	-7.047154045050000e+02 -6.788281457740000e+01 -1.159425144917000e+02	-6.485900000000000e-06  4.761900000000000e-06  0.000000000000000e+00	1.000000000000000e+00	661	0	254
255	-4.010641136359000e+02  3.196359125663000e+02 -1.159425144917000e+02	 1.093500000000000e-06 -5.598500000000000e-06  0.000000000000000e+00	1.000000000000000e+00	661	0	255
256	-5.066508830914000e+02  1.996204370016000e+02 -4.164132562731000e+02	 5.566000000000000e-07 -4.592000000000000e-07  0.000000000000000e+00	1.000000000000000e+00	8114	0	256
257	-3.449864232568000e+02  3.962049207063000e+02 -4.164132562731000e+02	 2.856375000000000e-07 -2.345062500000000e-07  0.000000000000000e+00	5.625000000000000e-01	8114	0	257
258	-6.543418735182000e+02 -4.260450629164000e+02  1.077775486825000e+02	-9.271360000000001e-05  1.335000000000000e-07  0.000000000000000e+00	1.000000000000000e+00	23	0	258
259	-6.542727720272001e+02  8.905555911140000e+01  1.077775486825000e+02	-5.187040000000000e-05  1.211000000000000e-06  0.000000000000000e+00	1.000000000000000e+00	23	0	259
260	-3.021749002397000e+02 -1.873545370889000e+02 -1.894272067752000e+02	-3.353000000000000e-07  2.591000000000000e-07  0.000000000000000e+00	1.000000000000000e+00	27	0	260
261	-1.231635620200000e+01  1.875722117618000e+02 -1.894272067752000e+02	-1.784000000000000e-07  1.379000000000000e-07  0.000000000000000e+00	1.000000000000000e+00	27	0	261
262	-5.854818561171001e+02 -7.334920908785000e+02  2.774743457288000e+02	 7.730000000000001e-07  1.338800000000000e-06 -5.966700000000000e-06	1.000000000000000e+00	491	0	262
263	-4.950952606002000e+02 -5.769379151199000e+02  4.676880195385000e+02	 4.655600000000000e-06  8.063700000000000e-06 -1.309170000000000e-05	1.000000000000000e+00	491	0	263
268	 8.595974172500000e+00 -1.875402628530000e+02  1.518683640526000e+02	-1.672000000000000e-07 -7.280000000000000e-08  0.000000000000000e+00	1.000000000000000e+00	8114	0	268
269	-1.545720504912000e+02  1.875193579880000e+02  1.518683640526000e+02	8.040000000000001e-08 3.500000000000000e-08 0.000000000000000e+00	1.000000000000000e+00	8114	0	269
270	-3.567159891589000e+02  3.403479836873000e+02 -7.148914839870000e+02	-1.823000000000000e-07  0.000000000000000e+00 -1.585200000000000e-06	1.000000000000000e+00	8114	0	270
273	 5.892006012313000e+02 -2.715845252637000e+02 -2.744540181499000e+02	1.070000000000000e-07 1.853000000000000e-07 8.218100000000000e-06	1.000000000000000e+00	8114	0	273
274	 4.478619055072000e+02 -5.782657830502001e+02  1.490627391126000e+02	-1.019900000000000e-05  1.766510000000000e-05  2.760230000000000e-05	1.000000000000000e+00	8114	0	274
277	 5.470127018922000e+02 -7.500000000000000e+02 -6.793251553319001e+02	0.000000000000000e+00 0.000000000000000e+00 0.000000000000000e+00	1.000000000000000e+00	8114	1	277
278	 5.413243756015000e+02 -5.787656921700000e+01  1.469693845670000e+01	 5.044220000000000e-05 -3.025200000000000e-06  0.000000000000000e+00	1.000000000000000e+00	5009	0	278
279	5.443438774458000e+02 4.064371684198000e+02 1.469693845670000e+01	 8.145120000000000e-05 -1.661600000000000e-06  0.000000000000000e+00	1.000000000000000e+00	5009	0	279
281	-4.025333884913000e+02  6.910882722200000e+02  1.154116582066000e+02	3.020150000000000e-05 0.000000000000000e+00 2.232660000000000e-05	1.000000000000000e+00	8114	0	281
282	 2.832666702131000e+02 -3.041378071053000e+02  9.471360338760000e+01	 2.872600000000000e-06 -1.566700000000000e-06  0.000000000000000e+00	1.000000000000000e+00	8114	0	282
283	 4.720988172093000e+02 -5.355295614360000e+01  9.471360338760000e+01	 3.520500000000000e-06 -3.887800000000000e-06  0.000000000000000e+00	1.000000000000000e+00	8114	0	283
284	 3.768110778504000e+02 -9.242754285400000e+00  3.592584956082000e+02	 6.768980000000000e-05 -2.898300000000000e-06  0.000000000000000e+00	1.000000000000000e+00	8114	0	284
286	 4.655499216730000e+01 -1.566553488572000e+02 -2.625344846152000e+02	 2.592600000000000e-06  4.490500000000000e-06 -8.066400000000000e-06	1.000000000000000e+00	8114	0	286
287	2.500599256617000e+02 1.958255355461000e+02 1.059460646370000e+02	-2.474070000000000e-05 -4.285220000000000e-05  5.308380000000000e-05	1.000000000000000e+00	8114	0	287
290	 7.762609980440000e+01 -3.582366583691000e+02  5.829785587824000e+02	 3.802500000000000e-06 -6.622000000000000e-06  0.000000000000000e+00	1.000000000000000e+00	105	0	290
291	 4.082181469177000e+02 -1.738308984543000e+02  5.829785587824000e+02	 1.467480000000000e-05 -2.816120000000000e-05  0.000000000000000e+00	1.000000000000000e+00	105	0	291
292	 4.614147392955000e+02 -6.017399797580000e+02  2.286190426598000e+02	-2.275840000000000e-05  3.941870000000000e-05  0.000000000000000e+00	1.000000000000000e+00	8114	0	292
297	-3.027452089800000e+00  6.101824547818001e+02 -1.159425144917000e+02	 1.385300000000000e-06 -2.282000000000000e-06  0.000000000000000e+00	1.000000000000000e+00	661	0	297
298	-7.092252204571000e+02 -4.593523220050000e+01 -4.164132562731000e+02	 4.899000000000001e-07 -4.049000000000000e-07  0.000000000000000e+00	1.000000000000000e+00	8114	0	298
300	-6.221159478009000e+02  6.680600715717001e+02  1.077775486825000e+02	-3.618000000000000e-07 -1.230000000000000e-08  0.000000000000000e+00	1.000000000000000e+00	23	0	300
301	-6.642834992425001e+02 -6.561788117022001e+02 -1.894272067752000e+02	-1.480000000000000e-07  1.144000000000000e-07  0.000000000000000e+00	1.000000000000000e+00	27	0	301
302	 3.499650465783000e+02  6.562629105989000e+02 -1.894272067752000e+02	-3.820000000000000e-08  2.950000000000000e-08  0.000000000000000e+00	1.000000000000000e+00	27	0	302
305	 2.139059795237000e+02 -6.561023331171000e+02  1.518683640526000e+02	3.947000000000000e-07 1.876000000000000e-07 0.000000000000000e+00	1.000000000000000e+00	8114	0	305
306	-3.517104510819000e+02  6.910882722200000e+02  1.518683640526000e+02	-4.475812500000000e-07 -1.497937500000000e-07 -2.905312500000000e-07	5.625000000000000e-01	8114	0	306
307	-7.048328498110001e+02  3.403479836873000e+02 -6.880891722471000e+02	-7.910000000000000e-08  0.000000000000000e+00 -2.142500000000000e-06	1.000000000000000e+00	8114	0	307
313	 4.741597673543000e+02 -6.437399203704000e+02  1.469693845670000e+01	-4.164800000000000e-06  6.982000000000000e-07  0.000000000000000e+00	1.000000000000000e+00	5009	0	313
314	5.773524406589000e+02 6.383588437948000e+02 1.469693845670000e+01	 6.593750000000000e-05 -2.091920000000000e-05  0.000000000000000e+00	1.000000000000000e+00	5009	0	314
315	-5.038759649997000e+02  6.910882722200000e+02  4.772215393906000e+02	 7.947100000000001e-06  0.000000000000000e+00 -2.181800000000000e-06	1.000000000000000e+00	8114	0	315
316	 5.845757023580000e+01 -6.429813996171000e+02  9.471360338760000e+01	-7.465000000000001e-07  7.819000000000000e-07  0.000000000000000e+00	1.000000000000000e+00	8114	0	316
317	 3.366592077622000e+02 -6.551717995085000e+02  3.592584956082000e+02	 6.597800000000001e-06 -7.930000000000001e-07  0.000000000000000e+00	1.000000000000000e+00	8114	0	317
319	-2.677110886318000e+02 -7.009801678968000e+02 -4.809744286813000e+02	-7.000000000000001e-09 -1.220000000000000e-08  1.206000000000000e-07	1.000000000000000e+00	8114	0	319
320	4.880386164366000e+02 6.080167190869000e+02 5.276231816626000e+02	 4.860300000000000e-06  8.418200000000000e-06 -3.160070000000000e-05	1.000000000000000e+00	8114	0	320
322	4.857540823577000e+02 5.736850577145000e+02 3.804874067123000e+02	1.871000000000000e-06 7.315000000000000e-07 0.000000000000000e+00	1.000000000000000e+00	8006	0	322
323	-3.281045023501000e+02 -6.071183843473000e+02  5.829785587824000e+02	-1.634280000000000e-05  2.545640000000000e-05  0.000000000000000e+00	1.000000000000000e+00	105	0	323
328	 4.998451771338000e+02 -1.017450603858000e+02  2.286190426598000e+02	-2.233950000000000e-05  2.486500000000000e-06  0.000000000000000e+00	1.000000000000000e+00	8114	0	328
332	-6.611205807279000e+02  1.912030567670000e+01 -1.159425144917000e+02	-1.484570000000000e-05 -9.811100000000000e-06  0.000000000000000e+00	1.000000000000000e+00	661	0	332
333	-4.828793867778000e+02  2.458786462112000e+02 -1.159425144917000e+02	6.568800000000001e-06 9.586000000000000e-07 0.000000000000000e+00	1.000000000000000e+00	661	0	333
334	-4.661397757736000e+02  2.487346505712000e+02 -4.164132562731000e+02	 5.621000000000000e-07 -4.635000000000000e-07  0.000000000000000e+00	1.000000000000000e+00	8114	0	334
335	-3.853706512355000e+02  3.470792877612000e+02 -4.164132562731000e+02	 3.179812500000000e-07 -2.607750000000000e-07  0.000000000000000e+00	5.625000000000000e-01	8114	0	335
336	-6.546971181695001e+02 -2.982859655125000e+02  1.077775486825000e+02	-8.169440000000001e-05 -5.120000000000000e-07  0.000000000000000e+00	1.000000000000000e+00	23	0	336
337	-6.561221932718000e+02 -3.320943262530000e+01  1.077775486825000e+02	-6.211110000000000e-05  3.967000000000000e-07  0.000000000000000e+00	1.000000000000000e+00	23	0	337
338	-2.297260460464000e+02 -9.361062404560001e+01 -1.894272067752000e+02	-3.313000000000000e-07  2.561000000000000e-07  0.000000000000000e+00	1.000000000000000e+00	27	0	338
339	-8.477528535810001e+01  9.383613279170001e+01 -1.894272067752000e+02	-2.071000000000000e-07  1.601000000000000e-07  0.000000000000000e+00	1.000000000000000e+00	27	0	339
342	-3.222966596330000e+01 -9.378492070080000e+01  1.518683640526000e+02	-1.539000000000000e-07 -6.700000000000000e-08  0.000000000000000e+00	1.000000000000000e+00	8114	0	342
343	-1.137938060512000e+02  9.375354445470001e+01  1.518683640526000e+02	3.300000000000000e-09 1.400000000000000e-09 0.000000000000000e+00	1.000000000000000e+00	8114	0	343
344	-2.841566457730000e+02  3.403479836873000e+02 -7.239626086192001e+02	-1.000000000000000e-07  0.000000000000000e+00 -7.543000000000000e-07	1.000000000000000e+00	8114	0	344
349	-1.631722665709000e+02  4.800764481498000e+02 -6.793251553319001e+02	-2.547090000000000e-05  4.411687500000000e-05  0.000000000000000e+00	7.500000000000000e-01	8114	0	349
350	5.444610292446000e+02 2.556436191770000e+01 1.469693845670000e+01	 6.052010000000000e-05 -1.015900000000000e-06  0.000000000000000e+00	1.000000000000000e+00	5009	0	350
351	5.441013682114000e+02 3.006999843618000e+02 1.469693845670000e+01	 8.068000000000001e-05 -2.514000000000000e-07  0.000000000000000e+00	1.000000000000000e+00	5009	0	351
352	-4.121992094617000e+02  6.910882722200000e+02  3.592584956082000e+02	4.164300000000000e-06 0.000000000000000e+00 0.000000000000000e+00	1.000000000000000e+00	8114	0	352
354	 3.240190758300000e+02 -2.345412564680000e+02  9.471360338760000e+01	 3.955400000000000e-06 -2.526100000000000e-06  0.000000000000000e+00	1.000000000000000e+00	8114	0	354
355	 4.183653361684000e+02 -1.084474304549000e+02  9.471360338760000e+01	 3.933900000000000e-06 -3.496400000000000e-06  0.000000000000000e+00	1.000000000000000e+00	8114	0	355
356	3.811375695545000e+02 9.883606036640001e+01 3.592584956082000e+02	 7.669130000000001e-05 -3.126000000000000e-06  0.000000000000000e+00	1.000000000000000e+00	8114	0	356
358	 1.049694712595000e+02 -5.547850317190000e+01 -1.749367511782000e+02	-7.819100000000001e-06 -1.354300000000000e-05  1.124400000000000e-05	1.000000000000000e+00	8114	0	358
359	2.059682041439000e+02 1.194564336841000e+02 2.302698852360000e+01	-2.196110000000000e-05 -3.803770000000000e-05  4.671500000000000e-05	1.000000000000000e+00	8114	0	359
362	 1.596853433279000e+02 -3.111435572771000e+02  5.829785587824000e+02	 7.591600000000000e-06 -1.326890000000000e-05  0.000000000000000e+00	1.000000000000000e+00	105	0	362
363	 3.242151475943000e+02 -2.186976081631000e+02  5.829785587824000e+02	 1.320290000000000e-05 -2.431650000000000e-05  0.000000000000000e+00	1.000000000000000e+00	105	0	363
364	 4.692037299430000e+02 -4.627753770524000e+02  2.286190426598000e+02	-4.520020000000000e-05  3.746100000000000e-06  0.000000000000000e+00	1.000000000000000e+00	8114	0	364
365	 4.823837940586000e+02 -2.865350860925000e+02  2.286190426598000e+02	-4.468130000000000e-05  3.506300000000000e-06  0.000000000000000e+00	1.000000000000000e+00	8114	0	365
367	5.884541940070001e+02 2.680491287194000e+02 2.286190426598000e+02	-1.388000000000000e-07  6.730000000000000e-08  0.000000000000000e+00	1.000000000000000e+00	8114	0	367
373	-7.488911339065000e+02 -1.958198618042000e+02 -1.159425144917000e+02	-1.580325000000000e-06  9.748500000000001e-07  0.000000000000000e+00	7.500000000000000e-01	661	0	373
374	-1.579595790308000e+02  5.078035557629000e+02 -1.159425144917000e+02	 8.759000000000001e-07 -1.187000000000000e-06  0.000000000000000e+00	1.000000000000000e+00	661	0	374
375	-3.155516583323000e+02  3.895346000869000e+02 -1.159425144917000e+02	 1.800700000000000e-06 -2.794500000000000e-06  0.000000000000000e+00	1.000000000000000e+00	661	0	375
376	-6.282025930409001e+02  5.229300856650000e+01 -4.164132562731000e+02	 5.072000000000000e-07 -4.185000000000000e-07  0.000000000000000e+00	1.000000000000000e+00	8114	0	376
377	-5.471652608257000e+02  1.505089368711000e+02 -4.164132562731000e+02	 5.453000000000000e-07 -4.499000000000000e-07  0.000000000000000e+00	1.000000000000000e+00	8114	0	377
378	-6.564900786256001e+02 -6.665111170954000e+02  1.077775486825000e+02	-1.046613000000000e-04  6.924100000000000e-06  0.000000000000000e+00	1.000000000000000e+00	23	0	378
379	-6.547008677230000e+02 -5.335716783136000e+02  1.077775486825000e+02	-1.007524000000000e-04  2.602000000000000e-07  0.000000000000000e+00	1.000000000000000e+00	23	0	379
380	-6.384807905883000e+02  4.467958711727000e+02  1.077775486825000e+02	-2.025730000000000e-05  1.256600000000000e-06  0.000000000000000e+00	1.000000000000000e+00	23	0	380
381	-6.503240863568001e+02  2.128487933532000e+02  1.077775486825000e+02	-4.092540000000000e-05  1.634000000000000e-06  0.000000000000000e+00	1.000000000000000e+00	23	0	381
382	-5.193974916474000e+02 -4.686820236416000e+02 -1.894272067752000e+02	-1.393000000000000e-07  1.075000000000000e-07  0.000000000000000e+00	1.000000000000000e+00	27	0	382
383	-3.746041865413000e+02 -2.811135668628000e+02 -1.894272067752000e+02	-3.032000000000000e-07  2.342000000000000e-07  0.000000000000000e+00	1.000000000000000e+00	27	0	383
384	 2.050530622420000e+02  4.687861831932000e+02 -1.894272067752000e+02	-8.830000000000000e-08  6.820000000000000e-08  0.000000000000000e+00	1.000000000000000e+00	27	0	384
385	 6.013629305040000e+01  2.813131550386000e+02 -1.894272067752000e+02	-1.629000000000000e-07  1.259000000000000e-07  0.000000000000000e+00	1.000000000000000e+00	27	0	385
388	5.497487349958000e+02 1.445380165490000e+01 9.471360338760000e+01	 5.085500000000000e-06 -6.048200000000000e-06  0.000000000000000e+00	1.000000000000000e+00	8114	0	388
390	 1.310897455540000e+02 -4.688424121116000e+02  1.518683640526000e+02	-3.644000000000000e-07 -1.595000000000000e-07  0.000000000000000e+00	1.000000000000000e+00	8114	0	390
391	 4.941145923430000e+01 -2.812999972870000e+02  1.518683640526000e+02	-2.014000000000000e-07 -8.760000000000000e-08  0.000000000000000e+00	1.000000000000000e+00	8114	0	391
392	-2.772583056508000e+02  4.686588970499000e+02  1.518683640526000e+02	3.700000000000000e-08 1.770000000000000e-08 0.000000000000000e+00	1.000000000000000e+00	8114	0	392
393	-1.953723931529000e+02  2.812755696817000e+02  1.518683640526000e+02	1.163000000000000e-07 5.070000000000000e-08 0.000000000000000e+00	1.000000000000000e+00	8114	0	393
394	-5.642871686446000e+02  3.403479836873000e+02 -6.956569814225001e+02	-1.459000000000000e-07  0.000000000000000e+00 -2.089600000000000e-06	1.000000000000000e+00	8114	0	394
395	-4.271616385185000e+02  3.403479836873000e+02 -7.072830043262001e+02	-1.901000000000000e-07  0.000000000000000e+00 -1.912200000000000e-06	1.000000000000000e+00	8114	0	395
400	 5.053315931246000e+02 -6.778062018986001e+02 -4.749015498964000e+02	-1.120790000000000e-05  1.941270000000000e-05  3.828170000000000e-05	1.000000000000000e+00	8114	0	400
401	 4.328955985316000e+02 -5.523433789669000e+02 -2.631639573044000e+02	-8.217968856811523e-07  1.423395414733887e-06 -1.497208666992188e-06	1.001129150390625e-01	8114	0	401
402	-4.635866388934000e+02  6.454211654899000e+02 -6.793251553319001e+02	-2.452100000000000e-06 -5.362100000000000e-06  0.000000000000000e+00	1.000000000000000e+00	8114	0	402
403	-3.949573731604000e+02  6.122648388088001e+02 -6.793251553319001e+02	-2.663200000000000e-06 -5.409200000000000e-06  0.000000000000000e+00	1.000000000000000e+00	8114	0	403
406	 5.017067521012000e+02 -4.295079002197000e+02  1.469693845670000e+01	 1.263100000000000e-05 -1.732800000000000e-06  0.000000000000000e+00	1.000000000000000e+00	5009	0	406
407	 5.310249071965001e+02 -1.669084251183000e+02  1.469693845670000e+01	 4.025900000000000e-05 -3.737900000000000e-06  0.000000000000000e+00	1.000000000000000e+00	5009	0	407
408	5.679261523006001e+02 5.983714890467000e+02 1.469693845670000e+01	 7.021770000000000e-05 -1.137970000000000e-05  0.000000000000000e+00	1.000000000000000e+00	5009	0	408
409	5.520074438754000e+02 4.991599294847000e+02 1.469693845670000e+01	 7.592840000000000e-05 -7.661500000000001e-06  0.000000000000000e+00	1.000000000000000e+00	5009	0	409
412	 1.663709656376000e+02 -5.266180972897000e+02  9.471360338760000e+01	-5.358000000000000e-07  4.054000000000000e-07  0.000000000000000e+00	1.000000000000000e+00	8114	0	412
413	 2.474053787439000e+02 -3.772512091337000e+02  9.471360338760000e+01	 7.714000000000000e-07 -3.626000000000000e-07  0.000000000000000e+00	1.000000000000000e+00	8114	0	413
414	 3.582856741903000e+02 -4.063127507917000e+02  3.592584956082000e+02	 2.952110000000000e-05 -1.835800000000000e-06  0.000000000000000e+00	1.000000000000000e+00	8114	0	414
415	 3.709775869347000e+02 -1.419653960089000e+02  3.592584956082000e+02	 5.527990000000000e-05 -2.292400000000000e-06  0.000000000000000e+00	1.000000000000000e+00	8114	0	415
416	-8.132625707990000e+01  6.910882722200000e+02  3.592584956082000e+02	0.000000000000000e+00 0.000000000000000e+00 0.000000000000000e+00	1.000000000000000e+00	8114	0	416
418	-1.457020988749000e+02 -4.896543986577000e+02 -4.281158897794000e+02	 1.205000000000000e-07  2.087000000000000e-07 -7.230000000000000e-07	1.000000000000000e+00	8114	0	418
419	-1.778691236340000e+01 -2.680987965601000e+02 -3.297834652345000e+02	 2.921400000000000e-06  5.060000000000000e-06 -1.250610000000000e-05	1.000000000000000e+00	8114	0	419
424	4.525143017556000e+02 6.616004072650001e+02 3.804874067123000e+02	1.132200000000000e-06 3.852000000000000e-07 0.000000000000000e+00	1.000000000000000e+00	8006	0	424
426	-1.683963688165000e+02 -5.036742869731000e+02  5.829785587824000e+02	-8.187700000000000e-06  1.296940000000000e-05  0.000000000000000e+00	1.000000000000000e+00	105	0	426
427	-4.558920536900001e+00 -4.054915064803000e+02  5.829785587824000e+02	-1.014000000000000e-07  1.424000000000000e-07  0.000000000000000e+00	1.000000000000000e+00	105	0	427
428	 6.455284649779001e+02 -3.552643715830000e+01  5.829785587824000e+02	 2.206500000000000e-05 -3.294270000000000e-05  0.000000000000000e+00	1.000000000000000e+00	105	0	428
429	 4.938101312220000e+02 -1.307111504481000e+02  5.829785587824000e+02	 1.665320000000000e-05 -2.926710000000000e-05  0.000000000000000e+00	1.000000000000000e+00	105	0	429
430	-2.387649841765000e+02  5.500654849228000e+02 -4.164132562731000e+02	-1.115500000000000e-06  4.204000000000000e-07  0.000000000000000e+00	1.000000000000000e+00	8114	0	430
431	-3.046693071470000e+02  4.453861915408000e+02 -4.164132562731000e+02	 1.125562500000000e-07 -9.140625000000000e-08  0.000000000000000e+00	5.625000000000000e-01	8114	0	431
432	-2.170667581971000e+02  6.910882722200000e+02 -4.152483272575000e+02	1.744021251191712e-03 0.000000000000000e+00 3.169485108874512e-03	1.001129150390625e-01	8114	0	432
433	-4.422399128420000e+02  6.910882722200000e+02  1.007776150000000e+00	2.895860000000000e-05 0.000000000000000e+00 1.120576000000000e-04	1.000000000000000e+00	8114	0	433
434	6.630576384850000e+02 1.109897250633000e+02 9.471360338760000e+01	 2.560700000000000e-06 -2.878000000000000e-06  0.000000000000000e+00	1.000000000000000e+00	8114	0	434
436	 4.902697176556000e+02  4.515980960923000e+02 -6.471536716973001e+02	 1.218000000000000e-07 -2.109000000000000e-07 -1.070100000000000e-06	1.000000000000000e+00	0	0	436
438	5.156698817048000e+02 6.558754744088001e+02 5.433540034210000e+02	 5.476900000000000e-06  9.486300000000001e-06 -4.711210000000000e-05	1.000000000000000e+00	8114	0	438
439	 1.314735449267000e+02 -9.572100972699999e+00 -1.258731253621000e+02	-1.382150000000000e-05 -2.393950000000000e-05  1.623460000000000e-05	1.000000000000000e+00	8114	0	439
440	 1.829573546706000e+02  7.960047327100000e+01 -2.277774168390000e+01	-1.879970000000000e-05 -3.256210000000000e-05  3.918920000000000e-05	1.000000000000000e+00	8114	0	440
441	-1.140519154612000e+02 -4.348346729163000e+02 -4.063507138281000e+02	 5.771000000000001e-07  9.995000000000001e-07 -3.231900000000000e-06	1.000000000000000e+00	8114	0	441
442	-5.008477679810000e+01 -3.240403387370000e+02 -3.581578639828000e+02	 2.101900000000000e-06  3.640600000000000e-06 -1.002490000000000e-05	1.000000000000000e+00	8114	0	442
444	5.700127018922000e+02 7.500000000000000e+02 3.592584956082000e+02	0.000000000000000e+00 0.000000000000000e+00 0.000000000000000e+00	1.000000000000000e+00	8114	1	444
445	-2.391600536555000e+02 -6.515283247092000e+02 -4.731681183767000e+02	-1.550000000000000e-08 -2.690000000000000e-08  2.013000000000000e-07	1.000000000000000e+00	8114	0	445
446	-1.773159047482000e+02 -5.444111166509000e+02 -4.468613355975000e+02	 5.200000000000000e-09  9.000000000000000e-09 -3.010000000000000e-08	1.000000000000000e+00	8114	0	446
447	4.612947681043000e+02 5.616950149853001e+02 5.071827313562000e+02	 2.190800000000000e-06  3.794500000000000e-06 -1.125700000000000e-05	1.000000000000000e+00	8114	0	447
448	4.108000392176000e+02 4.742355790393000e+02 4.497874280496000e+02	-2.538337500000000e-05 -4.396528125000000e-05  7.526418750000000e-05	5.625000000000000e-01	8114	0	448
449	 7.709606260900000e+01 -1.037566631347000e+02 -2.205451417828000e+02	-2.051000000000000e-06 -3.552400000000000e-06  3.462300000000000e-06	1.000000000000000e+00	8114	0	449
450	 1.446976105900000e+01 -2.122285993093000e+02 -2.981348066609000e+02	 4.158100000000000e-06  7.202100000000000e-06 -1.567410000000000e-05	1.000000000000000e+00	8114	0	450
451	2.286109053536000e+02 1.586747425998000e+02 6.653993302080001e+01	-2.469990000000000e-05 -4.278150000000000e-05  5.241530000000000e-05	1.000000000000000e+00	8114	0	451
452	2.733858564742000e+02 2.362272328471000e+02 1.471323277665000e+02	-2.572160000000000e-05 -4.455110000000000e-05  8.714830000000001e-05	1.000000000000000e+00	8114	0	452
453	 3.298263885668000e+02 -7.022435955280000e+02  3.592584956082000e+02	 2.106100000000000e-06 -3.169000000000000e-07  0.000000000000000e+00	1.000000000000000e+00	8114	0	453
455	-3.754285538922000e+02 -3.696690991273000e+02  6.309756462768000e+02	 3.836200000000000e-06  6.644600000000000e-06 -1.329090000000000e-05	1.000000000000000e+00	491	0	455
459	 3.432266770383000e+02 -5.959676910398000e+02  3.592584956082000e+02	 1.206400000000000e-05 -1.197600000000000e-06  0.000000000000000e+00	1.000000000000000e+00	8114	0	459
460	3.832701703575000e+02 1.491056284631000e+02 3.592584956082000e+02	 8.478070000000001e-05 -2.071200000000000e-06  0.000000000000000e+00	1.000000000000000e+00	8114	0	460
465	 4.285548158860000e+01  6.380427760894000e+02 -1.159425144917000e+02	 1.887900000000000e-06 -3.160500000000000e-06  0.000000000000000e+00	1.000000000000000e+00	661	0	465
468	-7.049197106179000e+02  7.561767263270001e+01  6.580962442277000e+02	-5.751490000000000e-05 -2.118290000000000e-05  0.000000000000000e+00	1.000000000000000e+00	1105	0	468
471	 3.536837834152000e+02 -4.739129161597000e+02  3.592584956082000e+02	 2.310650000000000e-05 -1.689000000000000e-06  0.000000000000000e+00	1.000000000000000e+00	8114	0	471
479	7.497579084769001e+02 5.715767664980000e+01 6.580962442277000e+02	 2.484928125000000e-06 -2.762131640625000e-06  0.000000000000000e+00	3.164062500000000e-01	1105	0	479
483	 5.100064674666000e+02 -3.698888793181000e+02  1.469693845670000e+01	 1.954380000000000e-05 -2.330700000000000e-06  0.000000000000000e+00	1.000000000000000e+00	5009	0	483
484	-6.003349576378000e+02  9.687395570490000e+01  6.580962442277000e+02	-1.522601000000000e-04 -1.886690000000000e-05  0.000000000000000e+00	1.000000000000000e+00	1105	0	484
486	-3.755658943896000e+02 -6.366903871136000e+02  5.829785587824000e+02	-1.817410000000000e-05  3.003360000000000e-05  0.000000000000000e+00	1.000000000000000e+00	105	0	486
487	5.259326772901001e+02 6.736511577903000e+02 2.286190426598000e+02	6.070633927459717e-05 1.051464622604370e-04 0.000000000000000e+00	1.001129150390625e-01	8114	0	487
488	 4.621392395725000e+02  5.003215133735000e+02 -6.604592868551000e+02	 1.442000000000000e-07 -2.497000000000000e-07 -1.148500000000000e-06	1.000000000000000e+00	0	0	488
490	5.049598457113000e+02 5.340593559010000e+02 3.804874067123000e+02	2.291400000000000e-06 1.458700000000000e-06 0.000000000000000e+00	1.000000000000000e+00	8006	0	490
491	-5.202881919259000e+02 -6.205733521676000e+02  4.265442671341000e+02	 8.607000000000001e-07  1.490800000000000e-06 -1.566680000000000e-05	1.000000000000000e+00	491	0	491
494	 8.336703402500000e+00 -6.866400044934001e+02  9.471360338760000e+01	 1.350200000000000e-06 -1.436600000000000e-06  0.000000000000000e+00	1.000000000000000e+00	8114	0	494
495	 5.239997167108000e+02 -2.444018624298000e+02  1.469693845670000e+01	 3.192230000000000e-05 -3.152800000000000e-06  0.000000000000000e+00	1.000000000000000e+00	5009	0	495
496	 3.425130696335000e+02 -6.988598635849000e+02  9.223027293099999e+00	2.886700000000000e-06 5.000000000000000e-06 1.735650000000000e-05	1.000000000000000e+00	8114	0	496
497	-4.710022529669000e+02 -5.352076017919001e+02  5.039388187521000e+02	 4.795500000000000e-06  8.306100000000000e-06 -1.328200000000000e-05	1.000000000000000e+00	491	0	497
499	 5.031904422554000e+02 -4.205584905769000e+02 -2.689013399578000e+02	7.310000000000000e-08 1.266000000000000e-07 3.440000000000000e-06	1.000000000000000e+00	8114	0	499
501	-4.987444201969000e+02  1.056960801821000e+02  6.580962442277000e+02	-5.432330000000000e-05  3.950600000000000e-06  0.000000000000000e+00	1.000000000000000e+00	1105	0	501
503	-4.253603452011000e+02  1.073743423367000e+02  6.580962442277000e+02	-7.713600000000000e-06  8.622800000000000e-06  0.000000000000000e+00	1.000000000000000e+00	1105	0	503
505	5.310875861181000e+02 1.199825834139000e+02 2.286190426598000e+02	-1.110500000000000e-06  1.672000000000000e-07  0.000000000000000e+00	1.000000000000000e+00	8114	0	505
507	-5.690700330970000e+02 -7.050659795627000e+02  3.250418161667000e+02	 3.296000000000000e-07  5.709000000000000e-07 -1.069010000000000e-05	1.000000000000000e+00	491	0	507
512	 9.282192985290000e+01  6.671726669524000e+02 -1.159425144917000e+02	 2.519300000000000e-06 -4.432000000000000e-06  0.000000000000000e+00	1.000000000000000e+00	661	0	512
519	-3.559562454836000e+02  1.060707132868000e+02  6.580962442277000e+02	-5.413300000000000e-06  1.154090000000000e-05  0.000000000000000e+00	1.000000000000000e+00	1105	0	519
521	-5.942054648020001e+02 -7.486018243461000e+02  2.418275252557000e+02	-5.794312500000001e-07 -1.003556250000000e-06 -1.521000000000000e-07	5.625000000000000e-01	491	0	521
523	 4.952459673320000e+01  6.910882722200000e+02 -6.310688244838000e+02	 4.640000000000000e-08  0.000000000000000e+00 -1.796000000000000e-07	1.000000000000000e+00	8114	0	523
527	5.437557428390000e+02 2.218472776021000e+02 1.469693845670000e+01	 7.307980000000000e-05 -2.612000000000000e-07  0.000000000000000e+00	1.000000000000000e+00	5009	0	527
529	-3.506609162601000e+02 -3.267702923650000e+02  6.576687984248000e+02	 2.984900000000000e-06  5.170100000000000e-06 -1.163300000000000e-05	1.000000000000000e+00	491	0	529
530	-5.365112551820000e+02  6.910882722200000e+02  5.150336563130001e+02	4.927600000000000e-06 0.000000000000000e+00 1.946100000000000e-06	1.000000000000000e+00	8114	0	530
531	5.396938554095000e+02 6.974862174651000e+02 5.532176814534000e+02	 5.039400000000000e-06  8.728500000000000e-06 -5.708990000000000e-05	1.000000000000000e+00	8114	0	531
535	 4.337467508729000e+02  5.494987463545000e+02 -6.748859583115001e+02	-3.900000000000000e-09  6.825000000000000e-09 -9.872250000000001e-07	7.500000000000000e-01	0	0	535
537	-2.893128498579000e+02  1.024915795583000e+02  6.580962442277000e+02	-3.352200000000000e-06  1.504220000000000e-05  0.000000000000000e+00	1.000000000000000e+00	1105	0	537
538	-6.525303302494000e+02  1.519789120473000e+02  1.077775486825000e+02	-4.633410000000000e-05  1.464100000000000e-06  0.000000000000000e+00	1.000000000000000e+00	23	0	538
540	-7.097974635309000e+02 -6.571779490466000e+02 -1.159425144917000e+02	-3.954000000000000e-07  2.222000000000000e-06  0.000000000000000e+00	1.000000000000000e+00	661	0	540
545	-2.257563109754000e+02  9.724266682720000e+01  6.580962442277000e+02	-2.492000000000000e-06  1.937830000000000e-05  0.000000000000000e+00	1.000000000000000e+00	1105	0	545
547	-6.552864519020001e+02 -2.269047488897000e+02  1.077775486825000e+02	-7.622000000000000e-05 -6.695000000000000e-07  0.000000000000000e+00	1.000000000000000e+00	23	0	547
553	5.440296199766000e+02 8.817493768190000e+01 1.469693845670000e+01	6.562250000000000e-05 4.735000000000000e-07 0.000000000000000e+00	1.000000000000000e+00	5009	0	553
560	-7.309470729044000e+02 -6.162333356322000e+02 -1.159425144917000e+02	3.471000000000000e-07 6.547000000000001e-07 0.000000000000000e+00	1.000000000000000e+00	661	0	560
566	-6.562690626938000e+02 -9.525871078570000e+01  1.077775486825000e+02	-6.686290000000001e-05 -1.188000000000000e-07  0.000000000000000e+00	1.000000000000000e+00	23	0	566
567	-6.554525484304000e+02  2.811855340200000e+01  1.077775486825000e+02	-5.709500000000000e-05  8.499000000000000e-07  0.000000000000000e+00	1.000000000000000e+00	23	0	567
568	-1.611632357443000e+02  9.055476856360001e+01  6.580962442277000e+02	4.674000000000000e-07 2.505540000000000e-05 0.000000000000000e+00	1.000000000000000e+00	1105	0	568
571	-5.348431859973000e+02  1.930175329468000e+02 -1.159425144917000e+02	-6.798000000000000e-07 -1.937300000000000e-06  0.000000000000000e+00	1.000000000000000e+00	661	0	571
572	-3.676642196900000e+02  6.910882722200000e+02  1.518683640526000e+02	 4.992918750000000e-06 -1.380937500000000e-07 -4.894256250000000e-06	5.625000000000000e-01	8114	0	572
582	-4.225446696965000e+02 -6.640511356943000e+02  5.829785587824000e+02	-1.941870000000000e-05  3.428260000000000e-05  0.000000000000000e+00	1.000000000000000e+00	105	0	582
583	-9.738448009320000e+01  8.315756648990001e+01  6.580962442277000e+02	3.820300000000001e-06 3.282300000000000e-05 0.000000000000000e+00	1.000000000000000e+00	1105	0	583
585	 4.044149962664000e+02  6.003028356081001e+02 -6.925626589406000e+02	-2.621200000000000e-06  4.540100000000000e-06 -1.868700000000000e-06	1.000000000000000e+00	0	0	585
589	 1.438328908164000e+02  6.953816307806001e+02 -1.159425144917000e+02	 3.183900000000000e-06 -5.939000000000000e-06  0.000000000000000e+00	1.000000000000000e+00	661	0	589
595	5.333410656553000e+02 4.920015688889000e+02 3.804874067123000e+02	2.523500000000000e-06 2.030100000000000e-06 0.000000000000000e+00	1.000000000000000e+00	8006	0	595
598	 9.598350284920001e+01  6.910882722200000e+02 -6.589538202845000e+02	-4.404000000000000e-07  0.000000000000000e+00 -7.531000000000000e-07	1.000000000000000e+00	8114	0	598
600	-3.497140226290000e+01  7.538154810270001e+01  6.580962442277000e+02	6.505900000000000e-06 4.367940000000000e-05 0.000000000000000e+00	1.000000000000000e+00	1105	0	600
602	-4.312724914799000e+02  6.910882722200000e+02  5.970673981780000e+01	4.402110000000000e-05 0.000000000000000e+00 6.963480000000001e-05	1.000000000000000e+00	8114	0	602
610	-5.695682169681000e+02  6.910882722200000e+02  5.520514925679000e+02	4.229200000000000e-06 0.000000000000000e+00 3.193500000000000e-06	1.000000000000000e+00	8114	0	610
611	-6.544498370606000e+02 -3.602557264788000e+02  1.077775486825000e+02	-8.649310000000001e-05 -2.384000000000000e-07  0.000000000000000e+00	1.000000000000000e+00	23	0	611
615	 4.300000000000000e+02 -5.473280551918000e+02 -2.606506917860000e+02	0.000000000000000e+00 0.000000000000000e+00 0.000000000000000e+00	1.000000000000000e+00	8114	0	615
616	-3.247890377668000e+02 -2.819588843273000e+02  6.819092751163000e+02	 2.109000000000000e-06  3.652900000000000e-06 -9.563800000000000e-06	1.000000000000000e+00	491	0	616
618	2.585767884970000e+01 6.717925136960000e+01 6.580962442277000e+02	9.907100000000000e-06 5.836730000000000e-05 0.000000000000000e+00	1.000000000000000e+00	1105	0	618
620	 3.746402357981000e+02  6.518742335223001e+02 -7.071926760289000e+02	-5.305483932495118e-06  9.189366974258423e-06 -3.283348212432861e-06	7.508468627929688e-02	0	0	620
625	-6.206698732322001e+02  8.493275242690001e+01 -1.159425144917000e+02	-1.516790000000000e-05 -1.199990000000000e-05  0.000000000000000e+00	1.000000000000000e+00	661	0	625
627	 5.225766492671000e+02 -6.899559795363000e+02  2.286190426598000e+02	-8.268000000000001e-06  2.124190000000000e-05  0.000000000000000e+00	1.000000000000000e+00	8114	0	627
630	-3.337983198841000e+02  6.910882722200000e+02  1.805696818545000e+02	 5.449900000000000e-06  0.000000000000000e+00 -1.109100000000000e-06	1.000000000000000e+00	8114	0	630
631	8.532476904810001e+01 5.830413030090000e+01 6.580962442277000e+02	1.478630000000000e-05 7.758980000000001e-05 0.000000000000000e+00	1.000000000000000e+00	1105	0	631
639	 1.463954299786000e+02  6.910882722200000e+02 -6.850026962210001e+02	-4.702000000000000e-07  0.000000000000000e+00 -9.608000000000000e-07	1.000000000000000e+00	8114	0	639
646	 3.619782321775000e+02 -3.417265123536000e+02  3.592584956082000e+02	 3.575170000000000e-05 -1.875800000000000e-06  0.000000000000000e+00	1.000000000000000e+00	8114	0	646
647	 3.678795887931000e+02 -2.124396477917000e+02  3.592584956082000e+02	 4.868790000000000e-05 -2.115300000000000e-06  0.000000000000000e+00	1.000000000000000e+00	8114	0	647
655	 1.964846330526000e+02  7.224154979103000e+02 -1.159425144917000e+02	 3.671800000000000e-06 -7.498900000000000e-06  0.000000000000000e+00	1.000000000000000e+00	661	0	655
660	-4.703053633853000e+02 -6.904660066334001e+02  5.829785587824000e+02	-2.056680000000000e-05  3.899810000000000e-05  0.000000000000000e+00	1.000000000000000e+00	105	0	660
664	1.445088999726000e+02 4.833393530170000e+01 6.580962442277000e+02	2.065900000000000e-05 1.023641000000000e-04 0.000000000000000e+00	1.000000000000000e+00	1105	0	664
681	 3.356507909340000e+02  7.194059329858001e+02 -7.315728515934001e+02	-1.148981534671784e-06  1.990097084426880e-06 -1.079929902935028e-06	5.631351470947266e-02	0	0	681
683	-7.343030837128000e+02 -1.429875409302000e+02 -1.159425144917000e+02	-2.517800000000000e-06  7.479100000000000e-06  0.000000000000000e+00	1.000000000000000e+00	661	0	683
688	-6.048989280757000e+02  6.910882722200000e+02  5.905626531961000e+02	4.794600000000000e-06 0.000000000000000e+00 3.180000000000000e-06	1.000000000000000e+00	8114	0	688
689	2.039936488638000e+02 3.692020610880000e+01 6.580962442277000e+02	2.719040000000000e-05 1.334981000000000e-04 0.000000000000000e+00	1.000000000000000e+00	1105	0	689
696	 4.690804639482000e+02 -4.796387060502000e+02 -2.656307495535000e+02	4.375898437500000e-08 7.581093750000000e-08 1.614241406250000e-06	3.164062500000000e-01	8114	0	696
703	2.641925144245000e+02 2.387333083870000e+01 6.580962442277000e+02	3.610720000000000e-05 1.709135000000000e-04 0.000000000000000e+00	1.000000000000000e+00	1105	0	703
707	 3.734626182614000e+02 -7.847508427720000e+01  3.592584956082000e+02	 6.168070000000000e-05 -2.696300000000000e-06  0.000000000000000e+00	1.000000000000000e+00	8114	0	707
708	 4.238137748781000e+02 -5.473280551918000e+02 -2.583069710671000e+02	-4.056035449218750e-06  0.000000000000000e+00 -2.505534082031250e-06	2.373046875000000e-01	8114	0	708
710	3.296699488206000e+02 8.333915917800001e+00 6.580962442277000e+02	5.006670000000000e-05 2.163484000000000e-04 0.000000000000000e+00	1.000000000000000e+00	1105	0	710
712	-3.352553524640000e+02  6.910882722200000e+02  2.125720007796000e+02	4.096900000000001e-06 0.000000000000000e+00 1.099600000000000e-06	1.000000000000000e+00	8114	0	712
714	 4.731045672591000e+02 -2.512041102030000e+01  6.580962442277000e+02	1.837506000000000e-04 2.811665000000000e-04 0.000000000000000e+00	1.000000000000000e+00	1105	0	714
715	 5.412942078954001e+02 -3.548361127140000e+01  6.580962442277000e+02	1.382931000000000e-04 2.979868000000000e-04 0.000000000000000e+00	1.000000000000000e+00	1105	0	715
717	 5.915495875084000e+02 -3.493767093670000e+01  6.580962442277000e+02	1.096278000000000e-04 2.589434000000000e-04 0.000000000000000e+00	1.000000000000000e+00	1105	0	717
718	-5.453499099416000e+02  6.823733015165001e+02 -6.793251553319001e+02	-2.191400000000000e-06 -4.257800000000000e-06  0.000000000000000e+00	1.000000000000000e+00	8114	0	718
720	 6.396935692800000e+02 -2.297322594280000e+01  6.580962442277000e+02	6.071810000000000e-05 1.755472000000000e-04 0.000000000000000e+00	1.000000000000000e+00	1105	0	720
722	 1.997749828529000e+02  6.910882722200000e+02 -7.088355739784000e+02	-2.460000000000000e-07  0.000000000000000e+00 -5.952000000000000e-07	1.000000000000000e+00	8114	0	722
724	-6.254116791082000e+02  7.153922036040000e+02 -6.793251553319001e+02	-1.399910000000000e-05  2.426600000000000e-06  0.000000000000000e+00	1.000000000000000e+00	8114	0	724
728	 4.787371274670000e+02 -6.317432361796000e+02 -3.812347731586000e+02	-2.208210000000000e-05  3.824730000000000e-05  6.480290000000000e-05	1.000000000000000e+00	8114	0	728
729	6.922351334305000e+02 5.407826687300000e+00 6.580962442277000e+02	1.313950000000000e-05 7.374660000000000e-05 0.000000000000000e+00	1.000000000000000e+00	1105	0	729
733	5.860231459580000e+02 4.342438917109000e+02 3.804874067123000e+02	1.988100000000000e-06 2.195500000000000e-06 0.000000000000000e+00	1.000000000000000e+00	8006	0	733
737	-6.444838714785001e+02  6.910882722200000e+02  6.328598919913001e+02	3.178800000000000e-06 0.000000000000000e+00 5.321800000000000e-06	1.000000000000000e+00	8114	0	737
740	-2.978597153542000e+02 -2.353159296954000e+02  7.034604870549000e+02	 1.344400000000000e-06  2.328600000000000e-06 -7.171100000000001e-06	1.000000000000000e+00	491	0	740
745	-7.346427050798001e+02  7.491423747129001e+02 -6.793251553319001e+02	-1.672100000000000e-06  4.868000000000000e-07  0.000000000000000e+00	1.000000000000000e+00	8114	0	745
746	-8.752582305880000e+01  6.910882722200000e+02 -5.189961878130000e+02	1.671508000000000e-04 0.000000000000000e+00 1.385967000000000e-04	1.000000000000000e+00	8114	0	746
747	6.162991801536000e+02 4.087777776338000e+02 3.804874067123000e+02	1.618500000000000e-06 1.993300000000000e-06 0.000000000000000e+00	1.000000000000000e+00	8006	0	747
753	5.722988756503000e+02 4.052290546488000e+02 2.286190426598000e+02	-2.863057324218750e-06 -2.129406152343750e-06  0.000000000000000e+00	2.373046875000000e-01	8114	0	753
755	-2.719107554741000e+02  5.502253157642000e+02 -6.793251553319001e+02	-2.139952500000000e-05 -6.670755000000001e-05  0.000000000000000e+00	7.500000000000000e-01	8114	0	755
771	6.564243291845000e+02 3.780687715130000e+02 3.804874067123000e+02	-2.509600000000000e-06 -3.221800000000000e-06  0.000000000000000e+00	1.000000000000000e+00	8006	0	771
776	 2.559539591614000e+02  6.910882722200000e+02 -7.300459140478000e+02	-3.895000000000000e-07  0.000000000000000e+00 -1.059400000000000e-06	1.000000000000000e+00	8114	0	776
805	-1.069983051316000e+02  3.827802928746000e+02 -7.332394242512000e+02	 6.981509165364504e-06 -1.209232701505423e-05 -1.746540922132731e-05	3.167635202407837e-02	8114	0	805
828	-1.388975519644000e+02  3.403479836873000e+02 -7.452837376951001e+02	 5.346717187500000e-06  0.000000000000000e+00 -2.209865625000000e-06	4.218750000000000e-01	8114	0	828
864	-2.698562999980000e+02 -1.868125915130000e+02  7.220735528729000e+02	 6.936000000000000e-07  1.201400000000000e-06 -4.436500000000000e-06	1.000000000000000e+00	491	0	864
865	 4.001986495912000e+02 -5.473280551918000e+02 -2.206259307658000e+02	-2.694410000000000e-05  0.000000000000000e+00  6.864120000000000e-05	1.000000000000000e+00	8114	0	865
909	-1.272672889664000e+02  6.910882722200000e+02  3.592584956082000e+02	0.000000000000000e+00 0.000000000000000e+00 0.000000000000000e+00	4.218750000000000e-01	8114	0	909
1000	-3.560624291949000e+02  6.910882722200000e+02  2.667582662737000e+02	4.353700000000000e-06 0.000000000000000e+00 7.366000000000001e-07	1.000000000000000e+00	8114	0	1000
1002	7.028050217378001e+02 3.417342701932000e+02 3.804874067123000e+02	-7.243000000000000e-06 -8.152500000000000e-06  0.000000000000000e+00	1.000000000000000e+00	8006	0	1002
1003	-4.416884006948000e+02  6.910882722200000e+02  3.995533076601000e+02	-1.003100000000000e-06  0.000000000000000e+00  8.554600000000001e-06	1.000000000000000e+00	8114	0	1003
1011	6.939247669081000e+02 2.755263859410000e+02 1.595794353998000e+02	-5.662950000000000e-06  9.808575000000001e-06  1.722450000000000e-05	7.500000000000000e-01	8114	0	1011
1012	 3.853214868049000e+02 -5.473280551918000e+02 -1.622292860704000e+02	3.501270000000000e-05 0.000000000000000e+00 6.733150000000000e-05	1.000000000000000e+00	8114	0	1012
1014	-3.325972874474000e+02  6.207169358130001e+02  1.518683640526000e+02	-1.152900000000000e-06 -4.322000000000000e-07  0.000000000000000e+00	1.000000000000000e+00	8114	0	1014
1015	-3.578876439797000e+02  6.863393801634001e+02  1.518683640526000e+02	-7.289000000000000e-07 -5.210000000000000e-08  0.000000000000000e+00	1.000000000000000e+00	8114	0	1015
1020	-3.625031980250000e+02  6.864487092145000e+02  1.518683640526000e+02	-7.924499999999999e-07  3.255000000000000e-07  0.000000000000000e+00	7.500000000000000e-01	8114	0	1020
1081	-5.216150300304000e+02 -7.137535208073000e+02  5.829785587824000e+02	-5.974700000000001e-06  1.382040000000000e-05  0.000000000000000e+00	1.000000000000000e+00	105	0	1081
1396	-4.345211941602000e+02  6.910882722200000e+02 -5.874532764850000e+01	-5.105400000000000e-06  0.000000000000000e+00  1.691267000000000e-04	1.000000000000000e+00	8114	0	1396
1705	 3.903477635079000e+02 -5.473280551918000e+02 -1.010899832669000e+02	-8.711400000000001e-05  0.000000000000000e+00 -4.330662000000000e-04	1.000000000000000e+00	8114	0	1705
1759	5.423527003556001e+02 7.020914720011000e+02 2.545150557743000e+02	5.380814999999999e-05 9.319837500000000e-05 1.214365500000000e-04	7.500000000000000e-01	8114	0	1759
1801	-2.409067499906000e+02 -1.366705000438000e+02  7.372308881130000e+02	 1.345000000000000e-07  2.330000000000000e-07 -1.246500000000000e-06	1.000000000000000e+00	491	0	1801
2264	6.428063596768001e+02 3.640660644676000e+02 2.286190426598000e+02	-1.850025000000000e-06 -4.054087500000000e-05 -6.721425000000000e-06	7.500000000000000e-01	8114	0	2264
2827	6.420136718837000e+02 3.654390399999000e+02 2.230821898478000e+02	 1.418053710937500e-05 -2.456141484375000e-05  4.727773828125000e-06	3.164062500000000e-01	8114	0	2827
2939	6.202544879943000e+02 3.229336118565000e+02 2.286190426598000e+02	-4.545000000000000e-07  2.542000000000000e-07  0.000000000000000e+00	1.000000000000000e+00	8114	0	2939
3478	3.189910102048000e+02 3.152176761956000e+02 2.286190426598000e+02	1.809364000000000e-04 3.133910000000000e-04 0.000000000000000e+00	1.000000000000000e+00	8114	0	3478
4128	-6.639526873347000e+02 -7.128870681783001e+02 -1.159425144917000e+02	-1.685000000000000e-06  1.753800000000000e-06  0.000000000000000e+00	1.000000000000000e+00	661	0	4128
4213	-3.301281483496000e+02  6.910882722200000e+02 -2.682866452095000e+02	2.666698000000000e-04 0.000000000000000e+00 1.380140000000000e-04	1.000000000000000e+00	8114	0	4213
4214	4.320327192687000e+02 7.354290882027000e+02 2.286190426598000e+02	-1.110105000000000e-05  1.586775000000000e-06  0.000000000000000e+00	7.500000000000000e-01	8114	0	4214
4220	 4.300000000000000e+02 -5.473280551918000e+02  8.956488194300000e+00	0.000000000000000e+00 0.000000000000000e+00 0.000000000000000e+00	5.625000000000000e-01	8114	0	4220
4225	-2.412396742817000e+02  6.910882722200000e+02 -3.959847648645000e+02	-4.550018378906250e-05  0.000000000000000e+00 -2.352435776367188e-04	2.373046875000000e-01	8114	0	4225
4234	5.640437541834000e+02 7.396614793007001e+02 3.173781094733000e+02	4.535010000000000e-05 7.854860000000001e-05 2.241115000000000e-04	1.000000000000000e+00	8114	0	4234
4235	5.201011681971000e+02 6.739234225507000e+02 2.286190426598000e+02	 3.067475985145569e-06 -1.876379825363159e-05  0.000000000000000e+00	5.631351470947266e-02	8114	0	4235
4236	5.335372269140000e+02 4.230960819917000e+02 2.286190426598000e+02	 2.836039000000000e-04 -9.251160000000000e-05  0.000000000000000e+00	1.000000000000000e+00	8114	0	4236
4237	5.211302143033000e+02 6.521370578692000e+02 2.286190426598000e+02	2.834762864062500e-03 1.394907328125000e-03 0.000000000000000e+00	4.218750000000000e-01	8114	0	4237
4240	5.236083058085001e+02 5.398447190876000e+02 2.286190426598000e+02	3.774569000000000e-04 8.535900000000001e-06 0.000000000000000e+00	1.000000000000000e+00	8114	0	4240
4244	4.708645573801000e+02 3.854861219941000e+02 2.286190426598000e+02	 9.516480000000000e-05 -1.703057000000000e-04  0.000000000000000e+00	1.000000000000000e+00	8114	0	4244
4245	3.625724883464000e+02 3.264517558278000e+02 2.286190426598000e+02	-6.182240000000001e-05  2.065881000000000e-04  0.000000000000000e+00	1.000000000000000e+00	8114	0	4245
4250	 3.900748443515000e+02 -6.448303117300000e+00  6.580962442277000e+02	7.224530000000000e-05 2.546501000000000e-04 0.000000000000000e+00	1.000000000000000e+00	1105	0	4250
4258	-2.783467630470000e+02  6.910882722200000e+02 -3.486815937645000e+02	4.492432000000000e-04 0.000000000000000e+00 4.663640000000000e-05	1.000000000000000e+00	8114	0	4258
4264	3.807796203849000e+02 3.028001230816000e+02 3.592584956082000e+02	-1.188775000000000e-04 -2.374690000000000e-05  0.000000000000000e+00	1.000000000000000e+00	8114	0	4264
4266	3.572356751809000e+02 3.814593790526000e+02 3.592584956082000e+02	-1.585111000000000e-04 -2.745493000000000e-04  0.000000000000000e+00	1.000000000000000e+00	8114	0	4266
4268	-7.064153391168001e+02  6.910882722200000e+02  6.978030888614001e+02	-2.826773000000000e-04  0.000000000000000e+00  3.126723000000000e-04	1.000000000000000e+00	8114	0	4268
4270	 4.279461617964000e+02 -5.437707030727000e+02  1.564573447770000e+01	 1.702476562500000e-06 -2.948737500000000e-06 -1.118061562500000e-05	4.218750000000000e-01	8114	0	4270
4273	-3.630551114269000e+02  6.910882722200000e+02 -2.137406737060000e+02	1.105618000000000e-04 0.000000000000000e+00 1.363775000000000e-04	1.000000000000000e+00	8114	0	4273
4274	 5.423049476965000e+02 -7.418459305435000e+02 -6.428304532573001e+02	 5.318160000000000e-05 -9.211320000000000e-05 -3.263656000000000e-04	1.000000000000000e+00	8114	0	4274
4275	4.174679790507000e+02 3.577103019338000e+02 2.286190426598000e+02	 7.976500000000001e-05 -1.503118000000000e-04  0.000000000000000e+00	1.000000000000000e+00	8114	0	4275
4276	 3.730050478082000e+02 -6.460462081629000e+02  1.126422316090000e+01	2.258040000000000e-05 3.911032500000000e-05 1.308420000000000e-05	7.500000000000000e-01	8114	0	4276
4278	3.619432817795000e+02 3.896131928634000e+02 3.729594516991000e+02	-2.269438066406250e-04 -3.930781921875000e-04 -5.155118121093750e-04	3.164062500000000e-01	8114	0	4278
4280	-1.423445675566000e+02  4.440018152523000e+02 -7.023465088947000e+02	-2.056420687500000e-04  3.561825375000000e-04  3.180250687500000e-04	5.625000000000000e-01	8114	0	4280
4281	7.243142416242000e+02 2.228902717174000e+02 1.209615869284000e+02	 2.443078491668701e-05 -4.231535651092530e-05 -2.773918638610840e-05	1.001129150390625e-01	8114	0	4281
4282	-1.566452421196000e+02  6.910882722200000e+02 -4.500429979249000e+02	-6.690454000000000e-04  0.000000000000000e+00  8.513196000000000e-04	1.000000000000000e+00	8114	0	4282
4284	6.657604895127000e+02 3.243083453483000e+02 1.909795371523000e+02	-2.725925174560547e-05  4.721441204223633e-05  4.692969091186523e-05	1.334838867187500e-01	8114	0	4284
4285	 4.369497417262000e+02 -5.593653609610000e+02  8.660734747370000e+01	-3.461070000000000e-05  5.994740000000000e-05 -1.657945000000000e-04	1.000000000000000e+00	8114	0	4285
4286	-2.143016117743000e+02  5.050996208141000e+02 -6.793251553319001e+02	 5.627300976562500e-05 -4.366222734375000e-05  0.000000000000000e+00	3.164062500000000e-01	8114	0	4286
4287	-5.787624223907001e+02 -7.319527997877000e+02  5.829785587824000e+02	-7.645000000000000e-07  2.412400000000000e-06  0.000000000000000e+00	1.000000000000000e+00	105	0	4287
4288	3.859990934476000e+02 4.312790808898000e+02 4.154226576152000e+02	-6.906590000000000e-05 -1.196256000000000e-04  1.591643000000000e-04	1.000000000000000e+00	8114	0	4288
4289	2.974717185010000e+02 2.779451696216000e+02 1.864419337808000e+02	1.256058000000000e-04 2.175555750000000e-04 4.482474750000000e-04	7.500000000000000e-01	8114	0	4289
0	 5.000000000000000e-01 -8.660254037844386e-01  0.000000000000000e+00	8.660254037844385e-01 5.000000000000000e-01 0.000000000000000e+00	5.632499999999998e+02 3.251925391210567e+02 0.000000000000000e+00	1	0	0.000000000000000e+00	0.000000000000000e+00	0.000000000000000e+00	9.336023069837701e+04
1	5.000000000000000e-01 8.660254037844386e-01 0.000000000000000e+00	0.000000000000000e+00 0.000000000000000e+00 1.000000000000000e+00	0.000000000000000e+00 0.000000000000000e+00 2.286190426597633e+02	1	0	0.000000000000000e+00	0.000000000000000e+00	0.000000000000000e+00	3.505393524745932e+05
3	-5.000000000000000e-01 -8.660254037844386e-01  0.000000000000000e+00	0.000000000000000e+00 0.000000000000000e+00 1.000000000000000e+00	0.000000000000000e+00 0.000000000000000e+00 6.580962442277471e+02	1	0	0.000000000000000e+00	0.000000000000000e+00	0.000000000000000e+00	1.210736514974700e+06
4	-1.000000000000000e+00  0.000000000000000e+00  0.000000000000000e+00	0.000000000000000e+00 0.000000000000000e+00 1.000000000000000e+00	-0.000000000000000e+00 -0.000000000000000e+00 -1.159425144917371e+02	1	0	0.000000000000000e+00	0.000000000000000e+00	0.000000000000000e+00	1.891163336057700e+06
7	-5.000000000000000e-01 -8.660254037844386e-01  0.000000000000000e+00	0.000000000000000e+00 0.000000000000000e+00 1.000000000000000e+00	-0.000000000000000e+00 -0.000000000000000e+00 -1.894272067752324e+02	1	0	0.000000000000000e+00	0.000000000000000e+00	0.000000000000000e+00	1.360877346860923e+06
9	-5.000000000000000e-01 -8.660254037844386e-01  0.000000000000000e+00	 8.660254037844385e-01 -5.000000000000000e-01  0.000000000000000e+00	-1.215000000000000e+02  7.014805770653952e+01 -0.000000000000000e+00	1	0	0.000000000000000e+00	0.000000000000000e+00	0.000000000000000e+00	2.459103314302390e+06
10	-5.000000000000000e-01  8.660254037844386e-01  0.000000000000000e+00	8.660254037844385e-01 5.000000000000000e-01 0.000000000000000e+00	-1.409999999999999e+02 -8.140638795573722e+01 -0.000000000000000e+00	1	0	0.000000000000000e+00	0.000000000000000e+00	0.000000000000000e+00	2.356476384141145e+03
12	1.000000000000000e+00 0.000000000000000e+00 0.000000000000000e+00	 0.000000000000000e+00 -1.000000000000000e+00  0.000000000000000e+00	0.000000000000000e+00 2.381569860407206e+02 0.000000000000000e+00	1	0	0.000000000000000e+00	0.000000000000000e+00	0.000000000000000e+00	2.250000000000000e+06
13	 5.000000000000000e-01 -8.660254037844386e-01  0.000000000000000e+00	0.000000000000000e+00 0.000000000000000e+00 1.000000000000000e+00	0.000000000000000e+00 0.000000000000000e+00 1.518683640525570e+02	1	0	0.000000000000000e+00	0.000000000000000e+00	0.000000000000000e+00	1.230723906437358e+06
15	5.000000000000000e-01 8.660254037844386e-01 0.000000000000000e+00	 8.660254037844385e-01 -5.000000000000000e-01  0.000000000000000e+00	 5.594999999999998e+02 -3.230274756115955e+02  0.000000000000000e+00	1	0	0.000000000000000e+00	0.000000000000000e+00	0.000000000000000e+00	4.829701514976721e+05
18	-5.000000000000000e-01 -8.660254037844386e-01  0.000000000000000e+00	0.000000000000000e+00 0.000000000000000e+00 1.000000000000000e+00	0.000000000000000e+00 0.000000000000000e+00 1.469693845669907e+01	1	0	0.000000000000000e+00	0.000000000000000e+00	0.000000000000000e+00	3.290085946628629e+05
21	-5.000000000000000e-01 -8.660254037844386e-01  0.000000000000000e+00	0.000000000000000e+00 0.000000000000000e+00 1.000000000000000e+00	0.000000000000000e+00 0.000000000000000e+00 3.592584956081994e+02	1	0	0.000000000000000e+00	0.000000000000000e+00	0.000000000000000e+00	1.353232782214895e+03
22	-5.000000000000000e-01 -8.660254037844386e-01  0.000000000000000e+00	 8.660254037844385e-01 -5.000000000000000e-01  0.000000000000000e+00	 1.027500000000000e+02 -5.932274015923404e+01  0.000000000000000e+00	1	0	0.000000000000000e+00	0.000000000000000e+00	0.000000000000000e+00	1.186974318999232e+06
24	5.000000000000000e-01 8.660254037844386e-01 0.000000000000000e+00	 8.660254037844385e-01 -5.000000000000000e-01  0.000000000000000e+00	 7.694999999999998e+02 -4.442710321414170e+02  0.000000000000000e+00	1	0	0.000000000000000e+00	0.000000000000000e+00	0.000000000000000e+00	2.359548160734356e+05
25	-5.000000000000000e-01  8.660254037844386e-01  0.000000000000000e+00	8.660254037844385e-01 5.000000000000000e-01 0.000000000000000e+00	-8.017499999999998e+02 -4.628905783227824e+02 -0.000000000000000e+00	1	0	0.000000000000000e+00	0.000000000000000e+00	0.000000000000000e+00	1.974568915210525e+05
26	1.000000000000000e+00 0.000000000000000e+00 0.000000000000000e+00	0.000000000000000e+00 0.000000000000000e+00 1.000000000000000e+00	0.000000000000000e+00 0.000000000000000e+00 5.829785587823964e+02	1	0	0.000000000000000e+00	0.000000000000000e+00	0.000000000000000e+00	5.190849064297620e+05
27	 5.000000000000000e-01 -8.660254037844386e-01  0.000000000000000e+00	 0.000000000000000e+00  0.000000000000000e+00 -1.000000000000000e+00	0.000000000000000e+00 0.000000000000000e+00 6.580962442277471e+02	1	0	0.000000000000000e+00	0.000000000000000e+00	0.000000000000000e+00	6.849117447487135e+03
28	1.000000000000000e+00 0.000000000000000e+00 0.000000000000000e+00	0.000000000000000e+00 0.000000000000000e+00 1.000000000000000e+00	0.000000000000000e+00 0.000000000000000e+00 2.286190426597633e+02	1	0	0.000000000000000e+00	0.000000000000000e+00	0.000000000000000e+00	2.912604158298298e+04
29	1.000000000000000e+00 0.000000000000000e+00 0.000000000000000e+00	 0.000000000000000e+00 -1.000000000000000e+00  0.000000000000000e+00	0.000000000000000e+00 5.715767664977295e+01 0.000000000000000e+00	1	0	0.000000000000000e+00	0.000000000000000e+00	0.000000000000000e+00	2.112144366341550e+06
43	5.000000000000000e-01 8.660254037844386e-01 0.000000000000000e+00	 0.000000000000000e+00  0.000000000000000e+00 -1.000000000000000e+00	-0.000000000000000e+00 -0.000000000000000e+00 -1.159425144917371e+02	1	0	0.000000000000000e+00	0.000000000000000e+00	0.000000000000000e+00	2.208314831036278e+03
55	-1.000000000000000e+00  0.000000000000000e+00  0.000000000000000e+00	0.000000000000000e+00 0.000000000000000e+00 1.000000000000000e+00	-0.000000000000000e+00 -0.000000000000000e+00 -4.262112152442729e+02	1	0	0.000000000000000e+00	0.000000000000000e+00	0.000000000000000e+00	5.558177992578629e+04
66	-5.000000000000000e-01 -8.660254037844386e-01  0.000000000000000e+00	0.000000000000000e+00 0.000000000000000e+00 1.000000000000000e+00	0.000000000000000e+00 0.000000000000000e+00 1.077775486824598e+02	1	0	0.000000000000000e+00	0.000000000000000e+00	0.000000000000000e+00	2.097122793285621e+06
76	-1.000000000000000e+00  0.000000000000000e+00  0.000000000000000e+00	0.000000000000000e+00 0.000000000000000e+00 1.000000000000000e+00	0.000000000000000e+00 0.000000000000000e+00 2.286190426597633e+02	1	0	0.000000000000000e+00	0.000000000000000e+00	0.000000000000000e+00	7.583780804876938e+02
106	-1.000000000000000e+00  0.000000000000000e+00  0.000000000000000e+00	 0.000000000000000e+00 -1.000000000000000e+00  0.000000000000000e+00	-0.000000000000000e+00 -5.473280551917652e+02 -0.000000000000000e+00	1	0	0.000000000000000e+00	0.000000000000000e+00	0.000000000000000e+00	7.619717076009837e+03
107	 5.000000000000000e-01 -8.660254037844386e-01  0.000000000000000e+00	0.000000000000000e+00 0.000000000000000e+00 1.000000000000000e+00	0.000000000000000e+00 0.000000000000000e+00 3.804874067123203e+02	1	0	0.000000000000000e+00	0.000000000000000e+00	0.000000000000000e+00	2.156058931734912e+06
108	5.000000000000000e-01 8.660254037844386e-01 0.000000000000000e+00	0.000000000000000e+00 0.000000000000000e+00 1.000000000000000e+00	-0.000000000000000e+00 -0.000000000000000e+00 -4.164132562731402e+02	1	0	0.000000000000000e+00	0.000000000000000e+00	0.000000000000000e+00	1.972561857015079e+06
113	 5.000000000000000e-01 -8.660254037844386e-01  0.000000000000000e+00	0.000000000000000e+00 0.000000000000000e+00 1.000000000000000e+00	-0.000000000000000e+00 -0.000000000000000e+00 -6.793251553318680e+02	1	0	0.000000000000000e+00	0.000000000000000e+00	0.000000000000000e+00	1.248901257837183e+06
208	1.000000000000000e+00 0.000000000000000e+00 0.000000000000000e+00	 0.000000000000000e+00 -1.000000000000000e+00  0.000000000000000e+00	0.000000000000000e+00 3.403479836872843e+02 0.000000000000000e+00	1	0	0.000000000000000e+00	0.000000000000000e+00	0.000000000000000e+00	2.511999663212283e+04
243	 5.000000000000000e-01 -8.660254037844386e-01  0.000000000000000e+00	0.000000000000000e+00 0.000000000000000e+00 1.000000000000000e+00	0.000000000000000e+00 0.000000000000000e+00 3.592584956081994e+02	1	0	0.000000000000000e+00	0.000000000000000e+00	0.000000000000000e+00	0.000000000000000e+00
246	1.000000000000000e+00 0.000000000000000e+00 0.000000000000000e+00	0.000000000000000e+00 0.000000000000000e+00 1.000000000000000e+00	0.000000000000000e+00 0.000000000000000e+00 3.592584956081994e+02	1	0	0.000000000000000e+00	0.000000000000000e+00	0.000000000000000e+00	0.000000000000000e+00
248	1.000000000000000e+00 0.000000000000000e+00 0.000000000000000e+00	0.000000000000000e+00 0.000000000000000e+00 1.000000000000000e+00	0.000000000000000e+00 0.000000000000000e+00 3.592584956081994e+02	1	0	0.000000000000000e+00	0.000000000000000e+00	0.000000000000000e+00	0.000000000000000e+00
297	-1.000000000000000e+00  0.000000000000000e+00  0.000000000000000e+00	0.000000000000000e+00 1.000000000000000e+00 0.000000000000000e+00	0.000000000000000e+00 6.910882722199819e+02 0.000000000000000e+00	1	0	0.000000000000000e+00	0.000000000000000e+00	0.000000000000000e+00	0.000000000000000e+00
319	5.000000000000000e-01 8.660254037844386e-01 0.000000000000000e+00	0.000000000000000e+00 0.000000000000000e+00 1.000000000000000e+00	0.000000000000000e+00 0.000000000000000e+00 3.592584956081994e+02	1	0	0.000000000000000e+00	0.000000000000000e+00	0.000000000000000e+00	1.353232782214895e+03
320	-1.000000000000000e+00  0.000000000000000e+00  0.000000000000000e+00	 0.000000000000000e+00 -1.000000000000000e+00  0.000000000000000e+00	0.000000000000000e+00 6.910882722199819e+02 0.000000000000000e+00	1	0	0.000000000000000e+00	0.000000000000000e+00	0.000000000000000e+00	1.633695594185975e+06
321	-5.000000000000000e-01 -8.660254037844386e-01  0.000000000000000e+00	0.000000000000000e+00 0.000000000000000e+00 1.000000000000000e+00	0.000000000000000e+00 0.000000000000000e+00 3.592584956081994e+02	1	0	0.000000000000000e+00	0.000000000000000e+00	0.000000000000000e+00	5.419377947297735e+05
323	-5.000000000000000e-01 -8.660254037844386e-01  0.000000000000000e+00	 0.000000000000000e+00  0.000000000000000e+00 -1.000000000000000e+00	0.000000000000000e+00 0.000000000000000e+00 1.518683640525570e+02	1	0	0.000000000000000e+00	0.000000000000000e+00	0.000000000000000e+00	3.788136250792004e+01
324	1.000000000000000e+00 0.000000000000000e+00 0.000000000000000e+00	 0.000000000000000e+00  0.000000000000000e+00 -1.000000000000000e+00	0.000000000000000e+00 0.000000000000000e+00 1.518683640525570e+02	1	0	0.000000000000000e+00	0.000000000000000e+00	0.000000000000000e+00	3.788136250792004e+01
325	-1.000000000000000e+00  0.000000000000000e+00  0.000000000000000e+00	 0.000000000000000e+00  0.000000000000000e+00 -1.000000000000000e+00	0.000000000000000e+00 0.000000000000000e+00 1.518683640525570e+02	1	0	0.000000000000000e+00	0.000000000000000e+00	0.000000000000000e+00	3.788136250792004e+01
327	1.000000000000000e+00 0.000000000000000e+00 0.000000000000000e+00	0.000000000000000e+00 0.000000000000000e+00 1.000000000000000e+00	0.000000000000000e+00 0.000000000000000e+00 1.518683640525570e+02	1	0	0.000000000000000e+00	0.000000000000000e+00	0.000000000000000e+00	1.042495209855956e+01
337	 5.000000000000000e-01 -8.660254037844386e-01  0.000000000000000e+00	8.660254037844385e-01 5.000000000000000e-01 0.000000000000000e+00	8.549999999999997e+01 4.936344801571300e+01 0.000000000000000e+00	1	0	0.000000000000000e+00	0.000000000000000e+00	0.000000000000000e+00	2.436870798762693e+05
340	-5.000000000000000e-01 -8.660254037844386e-01  0.000000000000000e+00	0.000000000000000e+00 0.000000000000000e+00 1.000000000000000e+00	0.000000000000000e+00 0.000000000000000e+00 9.471360338761622e+01	1	0	0.000000000000000e+00	0.000000000000000e+00	0.000000000000000e+00	3.989679031203131e+05
2428	-5.000000000000000e-01  8.660254037844386e-01  0.000000000000000e+00	8.660254037844385e-01 5.000000000000000e-01 0.000000000000000e+00	6.397499999999998e+02 3.693598347140630e+02 0.000000000000000e+00	1	0	0.000000000000000e+00	0.000000000000000e+00	0.000000000000000e+00	3.597245862113211e+05
2429	 5.000000000000000e-01 -8.660254037844386e-01  0.000000000000000e+00	 0.000000000000000e+00  0.000000000000000e+00 -1.000000000000000e+00	0.000000000000000e+00 0.000000000000000e+00 2.286190426597633e+02	1	0	0.000000000000000e+00	0.000000000000000e+00	0.000000000000000e+00	2.619174789763768e+04
2432	5.000000000000000e-01 8.660254037844386e-01 0.000000000000000e+00	0.000000000000000e+00 0.000000000000000e+00 1.000000000000000e+00	0.000000000000000e+00 0.000000000000000e+00 2.286190426597633e+02	1	0	0.000000000000000e+00	0.000000000000000e+00	0.000000000000000e+00	1.259979014849170e+03
0	0	1	1
0	246	0	0
0	1	2	1
0	2	681	0
0	112	246	0
0	247	112	0
0	201	143	0
0	143	247	0
0	436	201	0
0	488	436	0
0	535	488	0
0	585	535	0
0	620	585	0
0	681	620	0
1	4	5	1
1	63	4	1
1	5	6	1
1	6	2264	0
1	292	63	0
1	164	113	0
1	113	328	0
1	144	364	0
1	365	144	0
1	505	164	0
1	202	292	0
1	364	202	0
1	328	248	0
1	248	365	0
1	367	249	0
1	249	505	0
1	2939	367	0
1	2264	2939	0
3	10	11	1
3	479	10	0
3	11	12	1
3	12	13	1
3	13	479	0
4	15	16	1
4	104	15	1
4	16	17	1
4	17	655	0
4	101	104	0
4	150	101	1
4	571	116	0
4	116	625	0
4	373	150	0
4	374	151	0
4	151	375	0
4	297	209	0
4	209	374	0
4	332	254	0
4	254	683	0
4	255	333	0
4	375	255	0
4	465	297	0
4	625	332	0
4	333	571	0
4	683	373	0
4	512	465	0
4	589	512	0
4	655	589	0
7	27	28	1
7	301	27	0
7	28	29	1
7	29	30	1
7	30	302	0
7	119	338	0
7	339	119	0
7	155	382	0
7	383	155	0
7	384	156	0
7	156	385	0
7	213	301	0
7	382	213	0
7	302	214	0
7	214	384	0
7	338	260	0
7	260	383	0
7	261	339	0
7	385	261	0
9	36	37	1
9	159	36	1
9	37	38	1
9	38	39	1
9	39	1801	0
9	491	122	0
9	122	507	0
9	521	159	0
9	216	160	0
9	160	497	0
9	455	216	0
9	507	262	0
9	262	521	0
9	263	491	0
9	497	263	0
9	529	455	0
9	616	529	0
9	740	616	0
9	864	740	0
9	1801	864	0
10	41	42	1
10	161	41	1
10	42	162	0
10	123	161	0
10	162	123	0
12	47	48	1
12	50	47	1
12	48	49	1
12	49	50	1
13	52	53	1
13	305	52	0
13	53	54	1
13	54	55	1
13	55	306	0
13	126	342	0
13	343	126	0
13	167	390	0
13	391	167	0
13	392	168	0
13	168	393	0
13	221	305	0
13	390	221	0
13	222	392	0
13	1014	222	0
13	342	268	0
13	268	391	0
13	269	343	0
13	393	269	0
13	306	572	0
13	572	1015	0
13	1015	1014	0
15	59	60	1
15	496	59	0
15	60	61	1
15	61	62	1
15	62	226	0
15	273	128	0
15	128	499	0
15	226	172	0
15	172	273	0
15	4276	496	0
15	499	696	0
15	696	615	0
15	615	4220	0
15	4220	4276	0
18	71	72	1
18	313	71	0
18	72	73	1
18	73	74	1
18	74	314	0
18	527	131	0
18	131	553	0
18	177	483	0
18	495	177	0
18	231	313	0
18	406	231	0
18	350	278	0
18	278	407	0
18	279	351	0
18	409	279	0
18	314	408	0
18	553	350	0
18	351	527	0
18	483	406	0
18	407	495	0
18	408	409	0
21	352	416	0
21	909	352	0
21	416	444	0
21	444	909	0
22	87	88	1
22	319	87	0
22	88	89	1
22	89	90	1
22	90	531	0
22	137	439	0
22	440	137	0
22	185	441	0
22	442	185	0
22	237	445	0
22	446	237	0
22	447	238	0
22	238	448	0
22	449	286	0
22	286	450	0
22	287	451	0
22	452	287	0
22	445	319	0
22	438	320	0
22	320	447	0
22	439	358	0
22	358	449	0
22	359	440	0
22	451	359	0
22	441	418	0
22	418	446	0
22	419	442	0
22	450	419	0
22	531	438	0
22	444	4234	0
22	4266	444	0
22	448	4288	0
22	4289	452	0
22	1759	487	0
22	487	3478	0
22	4234	1759	0
22	3478	4289	0
22	4278	4266	0
22	4288	4278	0
24	97	98	1
24	189	97	0
24	98	99	1
24	99	100	1
24	100	190	0
24	139	189	0
24	190	139	0
25	101	102	1
25	104	101	0
25	102	103	1
25	103	104	1
26	105	106	1
26	4287	105	0
26	106	107	1
26	107	242	0
26	141	362	0
26	363	141	0
26	191	426	0
26	427	191	0
26	428	192	0
26	192	429	0
26	241	323	0
26	426	241	0
26	242	428	0
26	362	290	0
26	290	427	0
26	291	363	0
26	429	291	0
26	323	486	0
26	486	582	0
26	582	660	0
26	660	1081	0
26	1081	4287	0
27	468	10	0
27	10	479	0
27	484	468	0
27	479	729	0
27	501	484	0
27	503	501	0
27	519	503	0
27	537	519	0
27	545	537	0
27	568	545	0
27	583	568	0
27	600	583	0
27	618	600	0
27	631	618	0
27	664	631	0
27	689	664	0
27	703	689	0
27	710	703	0
27	4250	710	0
27	715	714	0
27	714	4250	0
27	717	715	0
27	720	717	0
27	729	720	0
28	2264	6	0
28	6	4214	0
28	487	3478	0
28	4235	487	0
28	753	2264	0
28	4236	753	0
28	3478	4236	0
28	4214	4235	0
29	10	44	1
29	479	10	0
29	45	13	1
29	13	479	0
29	44	45	1
43	101	104	0
43	560	101	0
43	104	4128	0
43	540	560	0
43	4128	540	0
55	7	8	1
55	204	7	0
55	8	205	1
55	114	250	0
55	251	114	0
55	146	204	0
55	250	146	0
55	205	147	0
55	147	251	0
66	23	24	1
66	378	23	0
66	24	25	1
66	25	26	1
66	26	300	0
66	118	547	0
66	566	118	0
66	153	378	0
66	379	153	0
66	380	154	0
66	154	381	0
66	300	212	0
66	212	380	0
66	258	379	0
66	611	258	0
66	538	259	0
66	259	567	0
66	547	336	0
66	336	611	0
66	337	566	0
66	567	337	0
66	381	538	0
76	292	63	0
76	63	627	0
76	627	292	0
106	708	615	0
106	615	4220	0
106	865	708	0
106	1012	865	0
106	1705	1012	0
106	4220	1705	0
107	92	93	1
107	187	92	1
107	93	94	1
107	94	95	1
107	95	1002	0
107	424	187	0
107	322	424	0
107	490	322	0
107	595	490	0
107	733	595	0
107	747	733	0
107	771	747	0
107	1002	771	0
108	18	19	1
108	298	18	0
108	19	20	1
108	20	21	1
108	21	22	1
108	22	108	0
108	108	243	0
108	117	334	0
108	335	117	0
108	152	376	0
108	377	152	0
108	430	193	0
108	193	431	0
108	210	298	0
108	376	210	0
108	243	430	0
108	334	256	0
108	256	377	0
108	257	335	0
108	431	257	0
113	67	68	1
113	745	67	0
113	68	277	1
113	130	403	0
113	755	130	0
113	402	229	0
113	229	718	0
113	277	349	0
113	349	4286	0
113	403	402	0
113	718	724	0
113	724	745	0
113	4286	755	0
208	56	57	1
208	307	56	0
208	57	66	1
208	66	828	0
208	127	344	0
208	828	127	0
208	169	394	0
208	395	169	0
208	223	307	0
208	394	223	0
208	344	270	0
208	270	395	0
243	416	352	0
243	352	909	0
243	909	416	0
246	352	416	0
246	909	352	0
246	416	909	0
248	416	352	0
248	352	909	0
248	909	416	0
297	416	352	0
297	352	909	0
297	909	416	0
319	416	444	0
319	909	416	0
319	444	909	0
320	75	76	1
320	776	75	0
320	76	77	1
320	77	78	1
320	78	4268	0
320	108	194	0
320	432	108	0
320	132	179	0
320	746	132	0
320	133	306	0
320	630	133	0
320	179	523	0
320	194	4282	0
320	1396	195	0
320	195	4273	0
320	315	233	0
320	233	1003	0
320	572	281	0
320	281	602	0
320	306	572	0
320	530	315	0
320	352	1000	0
320	1003	352	0
320	4225	432	0
320	602	433	0
320	433	1396	0
320	523	598	0
320	610	530	0
320	598	639	0
320	688	610	0
320	712	630	0
320	639	722	0
320	737	688	0
320	1000	712	0
320	722	776	0
320	4268	737	0
320	4282	746	0
320	4213	4258	0
320	4273	4213	0
320	4258	4225	0
321	83	84	1
321	453	83	0
321	84	85	1
321	85	444	1
321	136	460	0
321	4264	136	0
321	183	646	0
321	647	183	0
321	235	459	0
321	471	235	0
321	356	284	0
321	284	707	0
321	317	453	0
321	459	317	0
321	460	356	0
321	414	471	0
321	646	414	0
321	415	647	0
321	707	415	0
321	444	4266	0
321	4266	4264	0
323	572	306	0
323	306	1015	0
323	1015	572	0
324	572	306	0
324	306	1015	0
324	1015	572	0
325	572	306	0
325	306	1015	0
325	1015	572	0
327	1015	572	0
327	572	1020	0
327	1020	1015	0
337	63	65	1
337	292	63	0
337	65	66	1
337	66	805	0
337	174	401	0
337	728	174	0
337	228	400	0
337	4274	228	0
337	274	292	0
337	4285	274	0
337	349	277	0
337	277	4274	0
337	4280	349	0
337	400	728	0
337	401	615	0
337	615	4220	0
337	805	4280	0
337	4220	4270	0
337	4270	4285	0
340	80	34	1
340	34	434	0
340	79	80	1
340	494	79	0
340	134	354	0
340	355	134	0
340	181	412	0
340	413	181	0
340	198	388	0
340	434	198	0
340	234	316	0
340	412	234	0
340	354	282	0
340	282	413	0
340	283	355	0
340	388	283	0
340	316	494	0
2428	6	32	1
2428	2264	6	0
2428	32	33	1
2428	33	34	1
2428	34	4281	0
2428	4281	1011	0
2428	1011	4284	0
2428	2827	2264	0
2428	4284	2827	0
2429	3478	487	0
2429	487	4237	0
2429	4236	3478	0
2429	4240	4236	0
2429	4237	4240	0
2432	4236	3478	0
2432	3478	4245	0
2432	4244	4236	0
2432	4275	4244	0
2432	4245	4275	0
