459
44
524
0	 7.500000000000000e+02  1.732050807600000e+00 -5.819415326997000e+02	 7.800000000000000e-08 -1.351000000000000e-07 -2.569100000000000e-06	1.000000000000000e+00	0	1	0
1	 7.500000000000000e+02  1.732050807600000e+00 -7.500000000000000e+02	0.000000000000000e+00 0.000000000000000e+00 0.000000000000000e+00	1.000000000000000e+00	0	1	1
2	 3.179872981078000e+02  7.500000000000000e+02 -7.500000000000000e+02	-2.621360810000000e-02  4.540330110000000e-02  0.000000000000000e+00	1.000000000000000e+00	0	1	2
4	 7.500000000000000e+02 -7.500000000000000e+02  2.286190426598000e+02	0.000000000000000e+00 0.000000000000000e+00 0.000000000000000e+00	1.000000000000000e+00	8129	1	4
5	7.500000000000000e+02 7.500000000000000e+02 2.286190426598000e+02	0.000000000000000e+00 0.000000000000000e+00 0.000000000000000e+00	1.000000000000000e+00	8129	1	5
6	4.199872981078000e+02 7.500000000000000e+02 2.286190426598000e+02	0.000000000000000e+00 0.000000000000000e+00 0.000000000000000e+00	7.500000000000000e-01	8129	1	6
7	 7.500000000000000e+02  6.208994433226001e+02 -4.262112152443000e+02	5.440000000000000e-08 3.819000000000000e-07 0.000000000000000e+00	1.000000000000000e+00	646	1	7
8	 7.500000000000000e+02  7.500000000000000e+02 -4.262112152443000e+02	0.000000000000000e+00 0.000000000000000e+00 0.000000000000000e+00	1.000000000000000e+00	646	1	8
10	-7.500000000000000e+02  5.715767664980000e+01  6.580962442277000e+02	0.000000000000000e+00 0.000000000000000e+00 0.000000000000000e+00	1.000000000000000e+00	1105	1	10
11	-7.500000000000000e+02 -7.500000000000000e+02  6.580962442277000e+02	0.000000000000000e+00 0.000000000000000e+00 0.000000000000000e+00	1.000000000000000e+00	1105	1	11
12	 7.500000000000000e+02 -7.500000000000000e+02  6.580962442277000e+02	0.000000000000000e+00 0.000000000000000e+00 0.000000000000000e+00	1.000000000000000e+00	1105	1	12
13	7.500000000000000e+02 5.715767664980000e+01 6.580962442277000e+02	0.000000000000000e+00 0.000000000000000e+00 0.000000000000000e+00	4.218750000000000e-01	1105	1	13
15	 7.500000000000000e+02 -7.500000000000000e+02 -1.159425144917000e+02	0.000000000000000e+00 0.000000000000000e+00 0.000000000000000e+00	1.000000000000000e+00	661	1	15
16	 7.500000000000000e+02  7.500000000000000e+02 -1.159425144917000e+02	0.000000000000000e+00 0.000000000000000e+00 0.000000000000000e+00	1.000000000000000e+00	661	1	16
17	 2.546584316882000e+02  7.500000000000000e+02 -1.159425144917000e+02	 1.342490000000000e-05 -2.824250000000000e-05  0.000000000000000e+00	1.000000000000000e+00	661	1	17
18	-7.500000000000000e+02 -9.517121030390000e+01 -4.164132562731000e+02	 7.534000000000001e-07 -6.240000000000000e-07  0.000000000000000e+00	1.000000000000000e+00	8129	1	18
19	-7.500000000000000e+02 -7.500000000000000e+02 -4.164132562731000e+02	0.000000000000000e+00 0.000000000000000e+00 0.000000000000000e+00	1.000000000000000e+00	8129	1	19
20	 7.500000000000000e+02 -7.500000000000000e+02 -4.164132562731000e+02	0.000000000000000e+00 0.000000000000000e+00 0.000000000000000e+00	1.000000000000000e+00	8129	1	20
21	 7.500000000000000e+02  7.500000000000000e+02 -4.164132562731000e+02	0.000000000000000e+00 0.000000000000000e+00 0.000000000000000e+00	1.000000000000000e+00	8129	1	21
22	-2.083026616482000e+02  7.500000000000000e+02 -4.164132562731000e+02	 5.511069140625001e-06 -9.359296875000002e-08  0.000000000000000e+00	2.373046875000000e-01	8129	1	22
23	-6.710298391345000e+02 -7.500000000000000e+02  1.077775486825000e+02	-9.944380000000000e-05  1.639300000000000e-05  0.000000000000000e+00	1.000000000000000e+00	23	1	23
24	 7.500000000000000e+02 -7.500000000000000e+02  1.077775486825000e+02	0.000000000000000e+00 0.000000000000000e+00 0.000000000000000e+00	1.000000000000000e+00	23	1	24
25	7.500000000000000e+02 7.500000000000000e+02 1.077775486825000e+02	0.000000000000000e+00 0.000000000000000e+00 0.000000000000000e+00	1.000000000000000e+00	23	1	25
26	-6.105873223525000e+02  7.500000000000000e+02  1.077775486825000e+02	 6.048800000000000e-06 -8.512000000000000e-07  0.000000000000000e+00	1.000000000000000e+00	23	1	26
27	-7.364768542760000e+02 -7.500000000000000e+02 -1.894272067752000e+02	 3.080000000000000e-07 -2.370000000000000e-07  0.000000000000000e+00	1.000000000000000e+00	27	1	27
28	 7.500000000000000e+02 -7.500000000000000e+02 -1.894272067752000e+02	0.000000000000000e+00 0.000000000000000e+00 0.000000000000000e+00	1.000000000000000e+00	27	1	28
29	 7.500000000000000e+02  7.500000000000000e+02 -1.894272067752000e+02	0.000000000000000e+00 0.000000000000000e+00 0.000000000000000e+00	1.000000000000000e+00	27	1	29
30	 4.223391503252000e+02  7.500000000000000e+02 -1.894272067752000e+02	-1.744000000000000e-07  1.347000000000000e-07  0.000000000000000e+00	1.000000000000000e+00	27	1	30
32	4.199872981078000e+02 7.500000000000000e+02 7.500000000000000e+02	0.000000000000000e+00 0.000000000000000e+00 0.000000000000000e+00	1.000000000000000e+00	8129	1	32
33	7.500000000000000e+02 1.784012331796000e+02 7.500000000000000e+02	0.000000000000000e+00 0.000000000000000e+00 0.000000000000000e+00	1.000000000000000e+00	8129	1	33
34	7.500000000000000e+02 1.784012331796000e+02 9.471360338760000e+01	 0.000000000000000e+00 -0.000000000000000e+00  0.000000000000000e+00	7.500000000000000e-01	8129	1	34
36	-5.950127018922000e+02 -7.500000000000000e+02 -7.500000000000000e+02	0.000000000000000e+00 0.000000000000000e+00 0.000000000000000e+00	1.000000000000000e+00	491	1	36
37	 2.710127018922000e+02  7.500000000000000e+02 -7.500000000000000e+02	0.000000000000000e+00 0.000000000000000e+00 0.000000000000000e+00	1.000000000000000e+00	491	1	37
38	2.710127018922000e+02 7.500000000000000e+02 7.500000000000000e+02	0.000000000000000e+00 0.000000000000000e+00 0.000000000000000e+00	1.000000000000000e+00	491	1	38
39	-2.109855047846000e+02 -8.484538312130000e+01  7.500000000000000e+02	 3.049800000000000e-06  5.282400000000000e-06 -2.856390000000000e-05	1.000000000000000e+00	491	1	39
41	 2.450127018922000e+02 -7.500000000000000e+02  7.500000000000000e+02	0.000000000000000e+00 0.000000000000000e+00 0.000000000000000e+00	1.000000000000000e+00	729	1	41
42	 2.450127018922000e+02 -7.500000000000000e+02  7.354395981684000e+02	 2.400000000000000e-09 -4.100000000000000e-09  1.226000000000000e-07	1.000000000000000e+00	729	1	42
44	-7.500000000000000e+02  5.715767664980000e+01 -7.500000000000000e+02	0.000000000000000e+00 0.000000000000000e+00 0.000000000000000e+00	1.000000000000000e+00	1105	1	44
45	 7.500000000000000e+02  5.715767664980000e+01 -7.500000000000000e+02	0.000000000000000e+00 0.000000000000000e+00 0.000000000000000e+00	1.000000000000000e+00	1105	1	45
47	-7.500000000000000e+02  2.381569860407000e+02  7.500000000000000e+02	0.000000000000000e+00 0.000000000000000e+00 0.000000000000000e+00	1.000000000000000e+00	1074	1	47
48	-7.500000000000000e+02  2.381569860407000e+02 -7.500000000000000e+02	0.000000000000000e+00 0.000000000000000e+00 0.000000000000000e+00	1.000000000000000e+00	1074	1	48
49	 7.500000000000000e+02  2.381569860407000e+02 -7.500000000000000e+02	0.000000000000000e+00 0.000000000000000e+00 0.000000000000000e+00	1.000000000000000e+00	1074	1	49
50	7.500000000000000e+02 2.381569860407000e+02 7.500000000000000e+02	0.000000000000000e+00 0.000000000000000e+00 0.000000000000000e+00	1.000000000000000e+00	1074	1	50
52	 2.614873955992000e+02 -7.500000000000000e+02  1.518683640526000e+02	3.459000000000000e-07 1.753000000000000e-07 0.000000000000000e+00	1.000000000000000e+00	8129	1	52
53	 7.500000000000000e+02 -7.500000000000000e+02  1.518683640526000e+02	0.000000000000000e+00 0.000000000000000e+00 0.000000000000000e+00	1.000000000000000e+00	8129	1	53
54	7.500000000000000e+02 7.500000000000000e+02 1.518683640526000e+02	0.000000000000000e+00 0.000000000000000e+00 0.000000000000000e+00	1.000000000000000e+00	8129	1	54
55	-3.658629967288000e+02  7.500000000000000e+02  1.518683640526000e+02	-1.706262231445313e-06 -4.098133300781250e-07  0.000000000000000e+00	1.779785156250000e-01	8129	1	55
56	-7.500000000000000e+02  3.403479836873000e+02 -6.866772985939000e+02	-6.790000000000001e-08  0.000000000000000e+00 -2.149000000000000e-06	1.000000000000000e+00	8129	1	56
57	-7.500000000000000e+02  3.403479836873000e+02 -7.500000000000000e+02	0.000000000000000e+00 0.000000000000000e+00 0.000000000000000e+00	1.000000000000000e+00	8129	1	57
59	 3.129872981078000e+02 -7.500000000000000e+02  1.028618607800000e+01	1.923000000000000e-07 3.330000000000000e-07 2.429050000000000e-05	1.000000000000000e+00	8129	1	59
60	 3.129872981078000e+02 -7.500000000000000e+02 -7.500000000000000e+02	0.000000000000000e+00 0.000000000000000e+00 0.000000000000000e+00	1.000000000000000e+00	8129	1	60
61	 7.500000000000000e+02  6.928203230300000e+00 -7.500000000000000e+02	0.000000000000000e+00 0.000000000000000e+00 0.000000000000000e+00	1.000000000000000e+00	8129	1	61
62	 7.500000000000000e+02  6.928203230300000e+00 -2.803394649939000e+02	9.390000000000000e-08 1.627000000000000e-07 1.380040000000000e-05	1.000000000000000e+00	8129	1	62
63	 5.470127018922000e+02 -7.500000000000000e+02  2.286190426598000e+02	-0.000000000000000e+00 -0.000000000000000e+00  0.000000000000000e+00	1.000000000000000e+00	8129	1	63
65	 5.470127018922000e+02 -7.500000000000000e+02 -7.500000000000000e+02	0.000000000000000e+00 0.000000000000000e+00 0.000000000000000e+00	1.000000000000000e+00	8129	1	65
66	-8.250000000000000e+01  3.403479836873000e+02 -7.500000000000000e+02	0.000000000000000e+00 0.000000000000000e+00 0.000000000000000e+00	7.500000000000000e-01	8129	1	66
67	-7.500000000000000e+02  7.500000000000000e+02 -6.793251553319001e+02	0.000000000000000e+00 1.488712613000000e-01 0.000000000000000e+00	1.000000000000000e+00	8129	1	67
68	-7.500000000000000e+02 -7.500000000000000e+02 -6.793251553319001e+02	0.000000000000000e+00 0.000000000000000e+00 0.000000000000000e+00	1.000000000000000e+00	8129	1	68
71	 4.473646933232000e+02 -7.500000000000000e+02  1.469693845670000e+01	-6.548600000000000e-06  1.649400000000000e-06  0.000000000000000e+00	1.000000000000000e+00	5009	1	71
72	 7.500000000000000e+02 -7.500000000000000e+02  1.469693845670000e+01	0.000000000000000e+00 0.000000000000000e+00 0.000000000000000e+00	1.000000000000000e+00	5009	1	72
73	7.500000000000000e+02 7.500000000000000e+02 1.469693845670000e+01	0.000000000000000e+00 0.000000000000000e+00 0.000000000000000e+00	1.000000000000000e+00	5009	1	73
74	6.134721413727000e+02 7.500000000000000e+02 1.469693845670000e+01	 6.620290000000000e-05 -2.110620000000000e-05  0.000000000000000e+00	1.000000000000000e+00	5009	1	74
75	 3.131004495823000e+02  6.910882722200000e+02 -7.500000000000000e+02	1.001000000000000e-07 0.000000000000000e+00 2.867000000000000e-07	1.000000000000000e+00	8129	1	75
76	 7.500000000000000e+02  6.910882722200000e+02 -7.500000000000000e+02	0.000000000000000e+00 0.000000000000000e+00 0.000000000000000e+00	1.000000000000000e+00	8129	1	76
77	7.500000000000000e+02 6.910882722200000e+02 7.500000000000000e+02	0.000000000000000e+00 0.000000000000000e+00 0.000000000000000e+00	1.000000000000000e+00	8129	1	77
78	-7.500000000000000e+02  6.910882722200000e+02  7.500000000000000e+02	-8.161082070000000e-02  0.000000000000000e+00  0.000000000000000e+00	1.000000000000000e+00	8129	1	78
79	-5.371558619350000e+01 -7.500000000000000e+02  9.471360338760000e+01	 4.238400000000000e-06 -4.152300000000000e-06  0.000000000000000e+00	1.000000000000000e+00	8129	1	79
80	 7.500000000000000e+02 -7.500000000000000e+02  9.471360338760000e+01	0.000000000000000e+00 0.000000000000000e+00 0.000000000000000e+00	1.000000000000000e+00	8129	1	80
83	 3.212222894352000e+02 -7.500000000000000e+02  3.592584956082000e+02	-2.559500000000000e-06  4.620000000000000e-07  0.000000000000000e+00	1.000000000000000e+00	8129	1	83
84	 7.500000000000000e+02 -7.500000000000000e+02  3.592584956082000e+02	0.000000000000000e+00 0.000000000000000e+00 0.000000000000000e+00	1.000000000000000e+00	8129	1	84
85	7.500000000000000e+02 7.500000000000000e+02 3.592584956082000e+02	0.000000000000000e+00 0.000000000000000e+00 0.000000000000000e+00	1.000000000000000e+00	8129	1	85
87	-2.960127018922000e+02 -7.500000000000000e+02 -4.866035755457000e+02	-2.190000000000000e-08 -3.790000000000000e-08  4.397000000000000e-07	1.000000000000000e+00	8129	1	87
88	-2.960127018922000e+02 -7.500000000000000e+02 -7.500000000000000e+02	0.000000000000000e+00 0.000000000000000e+00 0.000000000000000e+00	1.000000000000000e+00	8129	1	88
89	 5.700127018922000e+02  7.500000000000000e+02 -7.500000000000000e+02	0.000000000000000e+00 0.000000000000000e+00 0.000000000000000e+00	1.000000000000000e+00	8129	1	89
90	5.700127018922000e+02 7.500000000000000e+02 5.610767556988001e+02	 4.136400000000000e-06  7.164500000000001e-06 -6.079040000000000e-05	1.000000000000000e+00	8129	1	90
92	-7.500000000000000e+02  7.500000000000000e+02  3.804874067123000e+02	0.000000000000000e+00 0.000000000000000e+00 0.000000000000000e+00	1.000000000000000e+00	8006	1	92
93	-7.500000000000000e+02 -7.500000000000000e+02  3.804874067123000e+02	0.000000000000000e+00 0.000000000000000e+00 0.000000000000000e+00	1.000000000000000e+00	8006	1	93
94	 7.500000000000000e+02 -7.500000000000000e+02  3.804874067123000e+02	0.000000000000000e+00 0.000000000000000e+00 0.000000000000000e+00	1.000000000000000e+00	8006	1	94
95	7.500000000000000e+02 2.940433532327000e+02 3.804874067123000e+02	-1.853640000000000e-05 -1.838590000000000e-05  0.000000000000000e+00	1.000000000000000e+00	8006	1	95
97	 5.929872981078000e+02 -7.500000000000000e+02 -1.597518598530000e+01	 4.000000000000000e-09  6.900000000000001e-09 -8.460000000000000e-08	1.000000000000000e+00	97	1	97
98	 5.929872981078000e+02 -7.500000000000000e+02 -7.500000000000000e+02	0.000000000000000e+00 0.000000000000000e+00 0.000000000000000e+00	1.000000000000000e+00	97	1	98
99	 7.500000000000000e+02 -4.780460228890000e+02 -7.500000000000000e+02	0.000000000000000e+00 0.000000000000000e+00 0.000000000000000e+00	1.000000000000000e+00	97	1	99
100	 7.500000000000000e+02 -4.780460228890000e+02  1.918405145760000e+01	 6.060000000000000e-08  1.049000000000000e-07 -1.237300000000000e-06	1.000000000000000e+00	97	1	100
101	-7.500000000000000e+02 -5.525242076145000e+02 -1.159425144917000e+02	-0.000000000000000e+00 -0.000000000000000e+00  0.000000000000000e+00	1.779785156250000e-01	661	1	101
102	-7.500000000000000e+02 -5.525242076145000e+02  7.500000000000000e+02	0.000000000000000e+00 0.000000000000000e+00 0.000000000000000e+00	1.000000000000000e+00	661	1	102
103	-6.359872981078000e+02 -7.500000000000000e+02  7.500000000000000e+02	0.000000000000000e+00 0.000000000000000e+00 0.000000000000000e+00	1.000000000000000e+00	661	1	103
104	-6.359872981078000e+02 -7.500000000000000e+02 -1.159425144917000e+02	0.000000000000000e+00 0.000000000000000e+00 0.000000000000000e+00	7.500000000000000e-01	661	1	104
105	-6.360210401683000e+02 -7.500000000000000e+02  5.829785587824000e+02	-1.414700000000000e-06  4.483400000000000e-06  0.000000000000000e+00	1.000000000000000e+00	105	1	105
106	 7.500000000000000e+02 -7.500000000000000e+02  5.829785587824000e+02	0.000000000000000e+00 0.000000000000000e+00 0.000000000000000e+00	1.000000000000000e+00	105	1	106
107	7.500000000000000e+02 2.288262401070000e+01 5.829785587824000e+02	 7.435100000000000e-06 -1.610270000000000e-05  0.000000000000000e+00	1.000000000000000e+00	105	1	107
108	-2.093030727856000e+02  6.910882722200000e+02 -4.164132562731000e+02	7.902923203125000e-05 0.000000000000000e+00 0.000000000000000e+00	3.164062500000000e-01	8129	0	108
112	 6.715842899555000e+02  1.375520447163000e+02 -5.934937186430000e+02	 9.880000000000000e-08 -1.711000000000000e-07 -2.190700000000000e-06	1.000000000000000e+00	0	0	112
113	 5.113572901281000e+02 -5.930687148700001e+00  2.286190426598000e+02	-1.288990000000000e-05  1.682600000000000e-06  0.000000000000000e+00	1.000000000000000e+00	8129	0	113
114	 2.990302468067000e+02  6.853812830148000e+02 -4.262112152443000e+02	-5.200000000000000e-09 -3.500000000000000e-08  0.000000000000000e+00	1.000000000000000e+00	646	0	114
116	-5.796621543815000e+02  1.408123868619000e+02 -1.159425144917000e+02	-1.113920000000000e-05 -6.270300000000000e-06  0.000000000000000e+00	1.000000000000000e+00	661	0	116
117	-4.256329147250000e+02  2.978530347971000e+02 -4.164132562731000e+02	 5.489000000000001e-07 -4.508000000000000e-07  0.000000000000000e+00	1.000000000000000e+00	8129	0	117
118	-6.564467926232001e+02 -1.589323114227000e+02  1.077775486825000e+02	-7.054530000000000e-05 -4.932000000000000e-07  0.000000000000000e+00	1.000000000000000e+00	23	0	118
119	-1.572552920121000e+02  1.163454505000000e-01 -1.894272067752000e+02	-2.769000000000000e-07  2.141000000000000e-07  0.000000000000000e+00	1.000000000000000e+00	27	0	119
122	-5.466074697739000e+02 -6.661596786189000e+02  3.764857321737000e+02	-5.152000000000001e-07 -8.924000000000000e-07 -1.223940000000000e-05	1.000000000000000e+00	491	0	122
123	 1.456004820936000e+02 -5.778129844155001e+02  7.443656148091001e+02	 3.900000000000000e-09 -6.800000000000001e-09  1.487000000000000e-07	1.000000000000000e+00	729	0	123
126	-7.302900999270000e+01 -1.812566580000000e-02  1.518683640526000e+02	-9.020000000000000e-08 -3.920000000000000e-08  0.000000000000000e+00	1.000000000000000e+00	8129	0	126
127	-2.079503425879000e+02  3.403479836873000e+02 -7.342375040990000e+02	2.272000000000000e-07 0.000000000000000e+00 3.250000000000000e-07	1.000000000000000e+00	8129	0	127
128	 5.325523827572000e+02 -3.697021178191000e+02 -2.710759022677000e+02	8.300000000000000e-08 1.438000000000000e-07 5.285400000000000e-06	1.000000000000000e+00	8129	0	128
130	-3.341177593219000e+02  5.811878207183000e+02 -6.793251553319001e+02	-5.420400000000000e-06 -1.074430000000000e-05  0.000000000000000e+00	1.000000000000000e+00	8129	0	130
131	5.440766323875000e+02 1.496180673747000e+02 1.469693845670000e+01	6.883750000000000e-05 1.181000000000000e-07 0.000000000000000e+00	1.000000000000000e+00	5009	0	131
132	-4.617687862130000e+01  6.910882722200000e+02 -5.584830418035000e+02	-8.188800000000000e-06  0.000000000000000e+00 -1.971570000000000e-05	1.000000000000000e+00	8129	0	132
133	-3.448903362039000e+02  6.910882722200000e+02  1.560139695677000e+02	-5.163750000000000e-07  0.000000000000000e+00 -9.791718750000001e-08	4.218750000000000e-01	8129	0	133
134	 3.692522176791000e+02 -1.689286272730000e+02  9.471360338760000e+01	 4.178500000000000e-06 -3.138600000000000e-06  0.000000000000000e+00	1.000000000000000e+00	8129	0	134
136	3.854104011209000e+02 2.348092064320000e+02 3.592584956082000e+02	8.034660000000001e-05 4.130000000000000e-07 0.000000000000000e+00	1.000000000000000e+00	8129	0	136
137	 1.583187141790000e+02  3.692509611010000e+01 -7.222899279410001e+01	-1.177620000000000e-05 -2.039690000000000e-05  1.901010000000000e-05	1.000000000000000e+00	8129	0	137
139	 6.777275944840001e+02 -6.032255012280000e+02  2.905928347000000e+00	 1.149000000000000e-07  1.990000000000000e-07 -1.830200000000000e-06	1.000000000000000e+00	97	0	139
141	 2.417837802871000e+02 -2.644745876742000e+02  5.829785587824000e+02	 1.066980000000000e-05 -1.900780000000000e-05  0.000000000000000e+00	1.000000000000000e+00	105	0	141
143	 5.701712570810000e+02  3.132045702045000e+02 -6.185324792259000e+02	 1.149000000000000e-07 -1.990000000000000e-07 -1.526800000000000e-06	1.000000000000000e+00	0	0	143
144	 4.754286254109000e+02 -3.760817623753000e+02  2.286190426598000e+02	-5.062800000000000e-05  3.788400000000000e-06  0.000000000000000e+00	1.000000000000000e+00	8129	0	144
146	 5.245235934938000e+02  6.530928118356001e+02 -4.262112152443000e+02	1.400000000000000e-08 9.770000000000001e-08 0.000000000000000e+00	1.000000000000000e+00	646	0	146
147	 7.254480506240000e+01  7.228098241362001e+02 -4.262112152443000e+02	2.080000000000000e-07 8.227000000000001e-07 0.000000000000000e+00	1.000000000000000e+00	646	0	147
150	-7.500000000000000e+02 -2.082168946969000e+02 -1.159425144917000e+02	 2.694290000000000e-05 -2.406500000000000e-06  0.000000000000000e+00	1.000000000000000e+00	661	1	150
151	-2.364634430594000e+02  4.504856987939000e+02 -1.159425144917000e+02	 1.295700000000000e-06 -1.522500000000000e-06  0.000000000000000e+00	1.000000000000000e+00	661	0	151
152	-5.876784735126000e+02  1.013964767312000e+02 -4.164132562731000e+02	 5.291000000000000e-07 -4.365000000000000e-07  0.000000000000000e+00	1.000000000000000e+00	8129	0	152
153	-6.556378673121001e+02 -6.147924450331000e+02  1.077775486825000e+02	-1.074561000000000e-04  1.284800000000000e-06  0.000000000000000e+00	1.000000000000000e+00	23	0	153
154	-6.455235822133001e+02  3.324394882891000e+02  1.077775486825000e+02	-2.995690000000000e-05  1.480300000000000e-06  0.000000000000000e+00	1.000000000000000e+00	23	0	154
155	-4.470173045688000e+02 -3.748850866441000e+02 -1.894272067752000e+02	-2.435000000000000e-07  1.880000000000000e-07  0.000000000000000e+00	1.000000000000000e+00	27	0	155
156	 1.325918324287000e+02  3.750518660744000e+02 -1.894272067752000e+02	-1.310000000000000e-07  1.013000000000000e-07  0.000000000000000e+00	1.000000000000000e+00	27	0	156
159	-5.950127018922000e+02 -7.500000000000000e+02  2.324893130571000e+02	-1.004180000000000e-05 -1.739300000000000e-05  3.477200000000000e-06	1.000000000000000e+00	491	1	159
160	-4.474868637038000e+02 -4.944777528285000e+02  5.376415520192000e+02	 4.732400000000000e-06  8.196800000000001e-06 -1.271070000000000e-05	1.000000000000000e+00	491	0	160
161	 9.393126261050000e+01 -4.883192710834000e+02  7.500000000000000e+02	 4.000000000000000e-09 -7.000000000000001e-09  1.481000000000000e-07	1.000000000000000e+00	729	1	161
162	 1.965558864211000e+02 -6.660703336310000e+02  7.392120911040000e+02	 2.800000000000000e-09 -4.900000000000000e-09  1.244000000000000e-07	1.000000000000000e+00	729	0	162
164	5.209355578666000e+02 5.470780858550000e+01 2.286190426598000e+02	-7.778500000000000e-06  1.219400000000000e-06  0.000000000000000e+00	1.000000000000000e+00	8129	0	164
167	 9.017476303420000e+01 -3.750825937179000e+02  1.518683640526000e+02	-3.250000000000000e-07 -1.416000000000000e-07  0.000000000000000e+00	1.000000000000000e+00	8129	0	167
168	-2.362207068367000e+02  3.750108961378000e+02  1.518683640526000e+02	6.340000000000000e-08 2.770000000000000e-08 0.000000000000000e+00	1.000000000000000e+00	8129	0	168
169	-4.953683020725000e+02  3.403479836873000e+02 -7.009938396547001e+02	-1.710000000000000e-07  0.000000000000000e+00 -2.012700000000000e-06	1.000000000000000e+00	8129	0	169
172	 6.453255612850000e+02 -1.743732428779000e+02 -2.769841738412000e+02	1.098000000000000e-07 1.902000000000000e-07 1.074190000000000e-05	1.000000000000000e+00	8129	0	172
174	 4.500994288925000e+02 -5.821412872366000e+02 -2.997171329210000e+02	-1.654110000000000e-05  2.865000000000000e-05  3.723580000000000e-05	1.000000000000000e+00	8129	0	174
177	 5.171503647249000e+02 -3.057841333502000e+02  1.469693845670000e+01	 2.600170000000000e-05 -2.916000000000000e-06  0.000000000000000e+00	1.000000000000000e+00	5009	0	177
179	 6.799089935200000e+00  6.910882722200000e+02 -6.018230877898001e+02	-5.348100000000001e-06  0.000000000000000e+00 -3.551900000000000e-06	1.000000000000000e+00	8129	0	179
181	 2.146068088958000e+02 -4.510134928470000e+02  9.471360338760000e+01	 1.559000000000000e-07 -7.780000000000001e-08  0.000000000000000e+00	1.000000000000000e+00	8129	0	181
183	 3.654098187499000e+02 -2.773084857711000e+02  3.592584956082000e+02	 4.170700000000000e-05 -1.926200000000000e-06  0.000000000000000e+00	1.000000000000000e+00	8129	0	183
185	-8.219581081540001e+01 -3.796582811386000e+02 -3.833363990625000e+02	 1.321300000000000e-06  2.288600000000000e-06 -6.936600000000001e-06	1.000000000000000e+00	8129	0	185
187	4.253682831946000e+02 7.500000000000000e+02 3.804874067123000e+02	-9.550000000000000e-08 -2.930000000000000e-08  0.000000000000000e+00	1.000000000000000e+00	8006	1	187
189	 6.312668169862001e+02 -6.836979284133000e+02 -8.800707103900001e+00	 1.143000000000000e-07  1.981000000000000e-07 -1.836700000000000e-06	1.000000000000000e+00	97	0	189
190	 7.226848716588000e+02 -5.253572129912001e+02  1.383470601390000e+01	 9.160000000000000e-08  1.587000000000000e-07 -1.527800000000000e-06	1.000000000000000e+00	97	0	190
191	-8.670120164660000e+01 -4.536167087486000e+02  5.829785587824000e+02	-3.985900000000000e-06  6.584900000000000e-06  0.000000000000000e+00	1.000000000000000e+00	105	0	191
192	 5.733029792658000e+02 -8.410578764480000e+01  5.829785587824000e+02	 2.446900000000000e-05 -3.919130000000000e-05  0.000000000000000e+00	1.000000000000000e+00	105	0	192
193	-2.661545517274000e+02  4.955551576723000e+02 -4.164132562731000e+02	-1.114931250000000e-06  5.991750000000000e-07  0.000000000000000e+00	5.625000000000000e-01	8129	0	193
194	-2.006274858443000e+02  6.910882722200000e+02 -4.179724153273000e+02	-5.168488766475320e-05  0.000000000000000e+00  1.017518803087950e-04	3.167635202407837e-02	8129	0	194
195	-4.034501133195000e+02  6.910882722200000e+02 -1.392123596085000e+02	-1.207333000000000e-04  0.000000000000000e+00  2.073087000000000e-04	1.000000000000000e+00	8129	0	195
198	6.006510474362000e+02 5.572781570530000e+01 9.471360338760000e+01	 4.783800000000000e-06 -5.663200000000000e-06  0.000000000000000e+00	1.000000000000000e+00	8129	0	198
201	 5.169522374209000e+02  4.053826161849000e+02 -6.365195260565000e+02	 1.017000000000000e-07 -1.762000000000000e-07 -1.184700000000000e-06	1.000000000000000e+00	0	0	201
202	 4.587651552895000e+02 -5.768038296168000e+02  2.286190426598000e+02	-3.494646914062500e-05 -2.022183984375000e-06  0.000000000000000e+00	3.164062500000000e-01	8129	0	202
204	 6.372710836915001e+02  6.369546480212000e+02 -4.262112152443000e+02	2.370000000000000e-08 1.659000000000000e-07 0.000000000000000e+00	1.000000000000000e+00	646	0	204
205	-2.399387188710000e+01  7.500000000000000e+02 -4.262112152443000e+02	-8.570000000000001e-08 -3.044000000000000e-07  0.000000000000000e+00	1.000000000000000e+00	646	1	205
209	-7.778257542770000e+01  5.624375191506000e+02 -1.159425144917000e+02	 9.989000000000001e-07 -1.598200000000000e-06  0.000000000000000e+00	1.000000000000000e+00	661	0	209
210	-6.687210128369001e+02  3.184894013100000e+00 -4.164132562731000e+02	 4.806000000000000e-07 -3.965000000000000e-07  0.000000000000000e+00	1.000000000000000e+00	8129	0	210
212	-6.311939058049001e+02  5.594438998104000e+02  1.077775486825000e+02	-9.960500000000001e-06  7.112000000000001e-07  0.000000000000000e+00	1.000000000000000e+00	23	0	212
213	-5.917846873744001e+02 -5.624735132396000e+02 -1.894272067752000e+02	-4.880000000000000e-08  3.770000000000000e-08  0.000000000000000e+00	1.000000000000000e+00	27	0	213
214	 2.775188464315000e+02  5.625169774648000e+02 -1.894272067752000e+02	-3.700000000000000e-08  2.860000000000000e-08  0.000000000000000e+00	1.000000000000000e+00	27	0	214
216	-3.989642150737000e+02 -4.104340600834000e+02  6.027382719884000e+02	 4.155600000000000e-06  7.197700000000001e-06 -1.311700000000000e-05	1.000000000000000e+00	491	0	216
221	 1.722698003640000e+02 -5.624857760831001e+02  1.518683640526000e+02	7.320000000000001e-08 3.280000000000000e-08 0.000000000000000e+00	1.000000000000000e+00	8129	0	221
222	-3.122423184843000e+02  5.640607084434000e+02  1.518683640526000e+02	-4.858000000000000e-07 -1.762000000000000e-07  0.000000000000000e+00	1.000000000000000e+00	8129	0	222
223	-6.345591791011000e+02  3.403479836873000e+02 -6.913337147638000e+02	-1.138000000000000e-07  0.000000000000000e+00 -2.107800000000000e-06	1.000000000000000e+00	8129	0	223
226	 7.014405790960001e+02 -7.717918096160000e+01 -2.790175455534000e+02	9.960000000000001e-08 1.726000000000000e-07 1.263320000000000e-05	1.000000000000000e+00	8129	0	226
228	 5.237868687995000e+02 -7.097716770353001e+02 -5.506022069459000e+02	-4.572000000000000e-06  7.918900000000000e-06  2.477610000000000e-05	1.000000000000000e+00	8129	0	228
229	-5.032807301916000e+02  6.636795481404000e+02 -6.793251553319001e+02	-2.482700000000000e-06 -5.481000000000001e-06  0.000000000000000e+00	1.000000000000000e+00	8129	0	229
231	 4.871061875063000e+02 -5.372013417682000e+02  1.469693845670000e+01	 1.477900000000000e-06 -2.134000000000000e-07  0.000000000000000e+00	1.000000000000000e+00	5009	0	231
233	-4.703570953235000e+02  6.910882722200000e+02  4.364693967472000e+02	-1.338070000000000e-05  0.000000000000000e+00 -7.139100000000000e-06	1.000000000000000e+00	8129	0	233
234	 1.229987443806000e+02 -5.776569590123000e+02  9.471360338760000e+01	-9.762000000000001e-07  9.182000000000001e-07  0.000000000000000e+00	1.000000000000000e+00	8129	0	234
235	 3.488196341732000e+02 -5.361840814086000e+02  3.592584956082000e+02	 1.720610000000000e-05 -1.473700000000000e-06  0.000000000000000e+00	1.000000000000000e+00	8129	0	235
237	-2.086958241916000e+02 -5.987627314642000e+02 -4.619321138087000e+02	-1.660000000000000e-08 -2.880000000000000e-08  1.622000000000000e-07	1.000000000000000e+00	8129	0	237
238	4.357391383596000e+02 5.174313658482000e+02 4.805806687435000e+02	 1.489273000000000e-04  2.579497000000000e-04 -5.871170000000001e-04	1.000000000000000e+00	8129	0	238
241	-2.488342865342000e+02 -5.552314764238000e+02  5.829785587824000e+02	-1.208600000000000e-05  1.872000000000000e-05  0.000000000000000e+00	1.000000000000000e+00	105	0	241
242	7.134820107245000e+02 6.021087524300000e+00 5.829785587824000e+02	 1.166460000000000e-05 -1.988010000000000e-05  0.000000000000000e+00	1.000000000000000e+00	105	0	242
243	-2.218827331061000e+02  6.049895377050000e+02 -4.164132562731000e+02	-3.327007120971680e-05  4.870533361816406e-06  0.000000000000000e+00	1.334838867187500e-01	8129	0	243
246	 7.169699553796000e+02  5.894176626630000e+01 -5.859538268816000e+02	 9.880000000000000e-08 -1.712000000000000e-07 -2.424900000000000e-06	1.000000000000000e+00	0	0	246
247	 6.220091753390000e+02  2.234186620230000e+02 -6.042508146879001e+02	 1.118000000000000e-07 -1.936000000000000e-07 -1.882100000000000e-06	1.000000000000000e+00	0	0	247
248	 4.898901305125000e+02 -1.948585922879000e+02  2.286190426598000e+02	-3.243610000000000e-05  3.037600000000000e-06  0.000000000000000e+00	1.000000000000000e+00	8129	0	248
249	5.483197225126000e+02 1.793288816873000e+02 2.286190426598000e+02	 3.820000000000000e-08 -3.700000000000000e-09  0.000000000000000e+00	1.000000000000000e+00	8129	0	249
250	 4.117760937744000e+02  6.692310518641000e+02 -4.262112152443000e+02	3.000000000000000e-09 2.070000000000000e-08 0.000000000000000e+00	1.000000000000000e+00	646	0	250
251	 1.864181664883000e+02  7.024450781733000e+02 -4.262112152443000e+02	1.350000000000000e-08 7.640000000000001e-08 0.000000000000000e+00	1.000000000000000e+00	646	0	251
254	-7.047549005146001e+02 -6.785170948490000e+01 -1.159425144917000e+02	-6.390900000000000e-06  4.655300000000000e-06  0.000000000000000e+00	1.000000000000000e+00	661	0	254
255	-4.010614460327000e+02  3.196008383735000e+02 -1.159425144917000e+02	-7.344000000000000e-07 -3.474000000000000e-06  0.000000000000000e+00	1.000000000000000e+00	661	0	255
256	-5.066467703536000e+02  1.996170444916000e+02 -4.164132562731000e+02	 5.564000000000000e-07 -4.590000000000000e-07  0.000000000000000e+00	1.000000000000000e+00	8129	0	256
257	-3.449843132333000e+02  3.962031884014000e+02 -4.164132562731000e+02	 2.853000000000000e-07 -2.342250000000000e-07  0.000000000000000e+00	5.625000000000000e-01	8129	0	257
258	-6.550227104112000e+02 -4.260438774566000e+02  1.077775486825000e+02	-9.153630000000001e-05  1.875000000000000e-07  0.000000000000000e+00	1.000000000000000e+00	23	0	258
259	-6.546537827678001e+02  8.906457431360000e+01  1.077775486825000e+02	-5.123900000000000e-05  1.228800000000000e-06  0.000000000000000e+00	1.000000000000000e+00	23	0	259
260	-3.021773774494000e+02 -1.873526230201000e+02 -1.894272067752000e+02	-3.352000000000000e-07  2.590000000000000e-07  0.000000000000000e+00	1.000000000000000e+00	27	0	260
261	-1.231767473400000e+01  1.875732309606000e+02 -1.894272067752000e+02	-1.785000000000000e-07  1.380000000000000e-07  0.000000000000000e+00	1.000000000000000e+00	27	0	261
262	-5.854803969487000e+02 -7.334895635245000e+02  2.774365109568000e+02	 3.267000000000000e-07  5.658000000000001e-07 -5.153700000000000e-06	1.000000000000000e+00	491	0	262
263	-4.950651949440000e+02 -5.768858398759000e+02  4.676021270651000e+02	 3.687800000000000e-06  6.387500000000000e-06 -1.067070000000000e-05	1.000000000000000e+00	491	0	263
268	 8.594738181200000e+00 -1.875408008538000e+02  1.518683640526000e+02	-1.673000000000000e-07 -7.280000000000000e-08  0.000000000000000e+00	1.000000000000000e+00	8129	0	268
269	-1.545714553647000e+02  1.875196168442000e+02  1.518683640526000e+02	8.060000000000001e-08 3.510000000000000e-08 0.000000000000000e+00	1.000000000000000e+00	8129	0	269
270	-3.567173117235000e+02  3.403479836873000e+02 -7.149029863822000e+02	-1.756000000000000e-07  0.000000000000000e+00 -1.527400000000000e-06	1.000000000000000e+00	8129	0	270
273	 5.892013921806000e+02 -2.715831552993000e+02 -2.743930509382000e+02	1.070000000000000e-07 1.853000000000000e-07 8.274500000000000e-06	1.000000000000000e+00	8129	0	273
274	 4.477622017496000e+02 -5.780930910764000e+02  1.492831972607000e+02	-1.416060000000000e-05  2.452680000000000e-05  3.076340000000000e-05	1.000000000000000e+00	8129	0	274
277	 5.470127018922000e+02 -7.500000000000000e+02 -6.793251553319001e+02	0.000000000000000e+00 0.000000000000000e+00 0.000000000000000e+00	1.000000000000000e+00	8129	1	277
278	 5.416945722315000e+02 -5.789892661850000e+01  1.469693845670000e+01	 4.974600000000000e-05 -3.025500000000000e-06  0.000000000000000e+00	1.000000000000000e+00	5009	0	278
279	5.449425180946000e+02 4.064250487768000e+02 1.469693845670000e+01	 8.050320000000000e-05 -1.615900000000000e-06  0.000000000000000e+00	1.000000000000000e+00	5009	0	279
281	-4.023208099799000e+02  6.910882722200000e+02  1.156069566221000e+02	2.407470000000000e-05 0.000000000000000e+00 3.020550000000000e-05	1.000000000000000e+00	8129	0	281
282	 2.832877822560000e+02 -3.041493229027000e+02  9.471360338760000e+01	 2.842200000000000e-06 -1.550600000000000e-06  0.000000000000000e+00	1.000000000000000e+00	8129	0	282
283	 4.721247635532000e+02 -5.358161201670000e+01  9.471360338760000e+01	 3.503300000000000e-06 -3.869600000000000e-06  0.000000000000000e+00	1.000000000000000e+00	8129	0	283
284	 3.773080591033000e+02 -9.264186132800001e+00  3.592584956082000e+02	 6.686380000000000e-05 -2.904300000000000e-06  0.000000000000000e+00	1.000000000000000e+00	8129	0	284
286	 4.657304416400000e+01 -1.566240818818000e+02 -2.625905705507000e+02	 2.319200000000000e-06  4.016900000000000e-06 -7.193700000000000e-06	1.000000000000000e+00	8129	0	286
287	2.499191814204000e+02 1.955817593692000e+02 1.062455951640000e+02	-1.704310000000000e-05 -2.951960000000000e-05  3.631270000000000e-05	1.000000000000000e+00	8129	0	287
290	 7.765406651760000e+01 -3.582853955112000e+02  5.829785587824000e+02	 3.766400000000000e-06 -6.568200000000000e-06  0.000000000000000e+00	1.000000000000000e+00	105	0	290
291	 4.083259181439000e+02 -1.740377782377000e+02  5.829785587824000e+02	 1.449340000000000e-05 -2.783050000000000e-05  0.000000000000000e+00	1.000000000000000e+00	105	0	291
292	 4.611675521447000e+02 -6.013118390540001e+02  2.286190426598000e+02	-3.632890000000000e-05  6.292350000000000e-05  0.000000000000000e+00	1.000000000000000e+00	8129	0	292
297	-3.016881736500000e+00  6.101650590137000e+02 -1.159425144917000e+02	 1.484000000000000e-06 -2.439600000000000e-06  0.000000000000000e+00	1.000000000000000e+00	661	0	297
298	-7.092216007680000e+02 -4.593822372900000e+01 -4.164132562731000e+02	 4.898000000000001e-07 -4.048000000000000e-07  0.000000000000000e+00	1.000000000000000e+00	8129	0	298
300	-6.221186416213001e+02  6.680599850671000e+02  1.077775486825000e+02	-3.664000000000000e-07 -1.110000000000000e-08  0.000000000000000e+00	1.000000000000000e+00	23	0	300
301	-6.642845917854000e+02 -6.561779671720001e+02 -1.894272067752000e+02	-1.477000000000000e-07  1.142000000000000e-07  0.000000000000000e+00	1.000000000000000e+00	27	0	301
302	 3.499647656325000e+02  6.562631276068000e+02 -1.894272067752000e+02	-3.790000000000000e-08  2.930000000000000e-08  0.000000000000000e+00	1.000000000000000e+00	27	0	302
305	 2.139088976953000e+02 -6.561009460783000e+02  1.518683640526000e+02	3.951000000000000e-07 1.878000000000000e-07 0.000000000000000e+00	1.000000000000000e+00	8129	0	305
306	-3.517137554941000e+02  6.910882722200000e+02  1.518683640526000e+02	-4.456125000000000e-07 -1.476000000000000e-07 -2.781562500000000e-07	5.625000000000000e-01	8129	0	306
307	-7.048334334766000e+02  3.403479836873000e+02 -6.881049775456000e+02	-7.880000000000000e-08  0.000000000000000e+00 -2.134600000000000e-06	1.000000000000000e+00	8129	0	307
313	 4.741292775989000e+02 -6.437348126167000e+02  1.469693845670000e+01	-4.088500000000000e-06  6.845000000000001e-07  0.000000000000000e+00	1.000000000000000e+00	5009	0	313
314	5.778312976843000e+02 6.382069955364000e+02 1.469693845670000e+01	 6.330290000000001e-05 -2.006310000000000e-05  0.000000000000000e+00	1.000000000000000e+00	5009	0	314
315	-5.038527080314000e+02  6.910882722200000e+02  4.771761102621000e+02	-8.955900000000000e-06  0.000000000000000e+00 -1.627860000000000e-05	1.000000000000000e+00	8129	0	315
316	 5.845207205680000e+01 -6.429756419370000e+02  9.471360338760000e+01	-7.414000000000000e-07  7.762000000000000e-07  0.000000000000000e+00	1.000000000000000e+00	8129	0	316
317	 3.367076589524000e+02 -6.551776393735000e+02  3.592584956082000e+02	 6.514200000000000e-06 -7.874000000000001e-07  0.000000000000000e+00	1.000000000000000e+00	8129	0	317
319	-2.677111406046000e+02 -7.009802579163000e+02 -4.809735372510000e+02	-7.000000000000001e-09 -1.220000000000000e-08  1.207000000000000e-07	1.000000000000000e+00	8129	0	319
320	4.880899191333000e+02 6.081055779641000e+02 5.272921194723000e+02	 3.878800000000000e-05  6.718280000000000e-05 -2.512928000000000e-04	1.000000000000000e+00	8129	0	320
322	4.857683673506000e+02 5.736906376913000e+02 3.804874067123000e+02	1.871700000000000e-06 7.319000000000000e-07 0.000000000000000e+00	1.000000000000000e+00	8006	0	322
323	-3.282240993508000e+02 -6.069319725614000e+02  5.829785587824000e+02	-1.602470000000000e-05  2.499370000000000e-05  0.000000000000000e+00	1.000000000000000e+00	105	0	323
328	 4.996812070727000e+02 -1.017267448548000e+02  2.286190426598000e+02	-2.204000000000000e-05  2.470700000000000e-06  0.000000000000000e+00	1.000000000000000e+00	8129	0	328
332	-6.612240015696000e+02  1.904473121530000e+01 -1.159425144917000e+02	-1.550560000000000e-05 -9.342500000000001e-06  0.000000000000000e+00	1.000000000000000e+00	661	0	332
333	-4.828386455243000e+02  2.458931947936000e+02 -1.159425144917000e+02	3.864500000000000e-06 3.592500000000000e-06 0.000000000000000e+00	1.000000000000000e+00	661	0	333
334	-4.661356231289000e+02  2.487312259473000e+02 -4.164132562731000e+02	 5.618000000000001e-07 -4.633000000000000e-07  0.000000000000000e+00	1.000000000000000e+00	8129	0	334
335	-3.853683019686000e+02  3.470773612516000e+02 -4.164132562731000e+02	 3.178125000000000e-07 -2.606062500000000e-07  0.000000000000000e+00	5.625000000000000e-01	8129	0	335
336	-6.552970861021000e+02 -2.982895572296000e+02  1.077775486825000e+02	-8.067090000000001e-05 -4.599000000000000e-07  0.000000000000000e+00	1.000000000000000e+00	23	0	336
337	-6.565784062696000e+02 -3.320638806750000e+01  1.077775486825000e+02	-6.135090000000000e-05  4.274000000000000e-07  0.000000000000000e+00	1.000000000000000e+00	23	0	337
338	-2.297284942598000e+02 -9.360873143490001e+01 -1.894272067752000e+02	-3.313000000000000e-07  2.561000000000000e-07  0.000000000000000e+00	1.000000000000000e+00	27	0	338
339	-8.477681523490000e+01  9.383731594390001e+01 -1.894272067752000e+02	-2.071000000000000e-07  1.601000000000000e-07  0.000000000000000e+00	1.000000000000000e+00	27	0	339
342	-3.223080394850000e+01 -9.378541602710000e+01  1.518683640526000e+02	-1.541000000000000e-07 -6.710000000000000e-08  0.000000000000000e+00	1.000000000000000e+00	8129	0	342
343	-1.137937811014000e+02  9.375355542880000e+01  1.518683640526000e+02	3.400000000000000e-09 1.500000000000000e-09 0.000000000000000e+00	1.000000000000000e+00	8129	0	343
344	-2.841573859944000e+02  3.403479836873000e+02 -7.239681899238001e+02	-9.830000000000000e-08  0.000000000000000e+00 -7.418000000000000e-07	1.000000000000000e+00	8129	0	344
349	-1.624706700655000e+02  4.788612473560000e+02 -6.793251553319001e+02	 2.493941000000000e-04 -4.319632000000000e-04  0.000000000000000e+00	1.000000000000000e+00	8129	0	349
350	5.449050748713000e+02 2.555675014270000e+01 1.469693845670000e+01	 5.966430000000000e-05 -1.044100000000000e-06  0.000000000000000e+00	1.000000000000000e+00	5009	0	350
351	5.446928158514000e+02 3.006980512978000e+02 1.469693845670000e+01	 7.938500000000000e-05 -2.720000000000000e-07  0.000000000000000e+00	1.000000000000000e+00	5009	0	351
352	-4.122283876064000e+02  6.910882722200000e+02  3.592584956082000e+02	-1.547520000000000e-05  0.000000000000000e+00  0.000000000000000e+00	1.000000000000000e+00	8129	0	352
354	 3.240481267368000e+02 -2.345598115889000e+02  9.471360338760000e+01	 3.909200000000000e-06 -2.497100000000000e-06  0.000000000000000e+00	1.000000000000000e+00	8129	0	354
355	 4.183942607695000e+02 -1.084731398207000e+02  9.471360338760000e+01	 3.898100000000000e-06 -3.464900000000000e-06  0.000000000000000e+00	1.000000000000000e+00	8129	0	355
356	3.817004497756000e+02 9.881290385380001e+01 3.592584956082000e+02	 7.576420000000000e-05 -3.146300000000000e-06  0.000000000000000e+00	1.000000000000000e+00	8129	0	356
358	 1.049180828066000e+02 -5.556751058320000e+01 -1.748685145656000e+02	-6.117300000000000e-06 -1.059560000000000e-05  7.293800000000000e-06	1.000000000000000e+00	8129	0	358
359	2.058460728675000e+02 1.192448961081000e+02 2.329007128630000e+01	-1.390340000000000e-05 -2.408140000000000e-05  3.023770000000000e-05	1.000000000000000e+00	8129	0	359
362	 1.597411154914000e+02 -3.112411008864000e+02  5.829785587824000e+02	 7.502800000000000e-06 -1.313070000000000e-05  0.000000000000000e+00	1.000000000000000e+00	105	0	362
363	 3.243120464302000e+02 -2.188761512398000e+02  5.829785587824000e+02	 1.302220000000000e-05 -2.400520000000000e-05  0.000000000000000e+00	1.000000000000000e+00	105	0	363
364	 4.688679983041000e+02 -4.627476715003000e+02  2.286190426598000e+02	-4.561830000000000e-05  3.751500000000000e-06  0.000000000000000e+00	1.000000000000000e+00	8129	0	364
365	 4.820559493172000e+02 -2.865092463875000e+02  2.286190426598000e+02	-4.404240000000000e-05  3.486900000000000e-06  0.000000000000000e+00	1.000000000000000e+00	8129	0	365
367	5.884531581741001e+02 2.680496311536000e+02 2.286190426598000e+02	-1.420000000000000e-07  6.890000000000000e-08  0.000000000000000e+00	1.000000000000000e+00	8129	0	367
373	-7.488922362604001e+02 -1.958147098657000e+02 -1.159425144917000e+02	-1.686750000000000e-07  7.434000000000002e-07  0.000000000000000e+00	7.500000000000000e-01	661	0	373
374	-1.579528758100000e+02  5.077944612088000e+02 -1.159425144917000e+02	 9.700000000000000e-07 -1.320200000000000e-06  0.000000000000000e+00	1.000000000000000e+00	661	0	374
375	-3.155389512435000e+02  3.895146822716000e+02 -1.159425144917000e+02	 1.215300000000000e-06 -2.067400000000000e-06  0.000000000000000e+00	1.000000000000000e+00	661	0	375
376	-6.281988452472000e+02  5.228991579950000e+01 -4.164132562731000e+02	 5.071000000000000e-07 -4.185000000000000e-07  0.000000000000000e+00	1.000000000000000e+00	8129	0	376
377	-5.471612319733000e+02  1.505056130423000e+02 -4.164132562731000e+02	 5.451000000000000e-07 -4.497000000000000e-07  0.000000000000000e+00	1.000000000000000e+00	8129	0	377
378	-6.572586723542000e+02 -6.664607955868000e+02  1.077775486825000e+02	-1.033380000000000e-04  6.694600000000000e-06  0.000000000000000e+00	1.000000000000000e+00	23	0	378
379	-6.554407555576000e+02 -5.335695342878000e+02  1.077775486825000e+02	-9.947810000000001e-05  3.201000000000000e-07  0.000000000000000e+00	1.000000000000000e+00	23	0	379
380	-6.386296675654000e+02  4.468051549081000e+02  1.077775486825000e+02	-2.002640000000000e-05  1.255400000000000e-06  0.000000000000000e+00	1.000000000000000e+00	23	0	380
381	-6.506247220280001e+02  2.128608937189000e+02  1.077775486825000e+02	-4.043080000000000e-05  1.640600000000000e-06  0.000000000000000e+00	1.000000000000000e+00	23	0	381
382	-5.193985199495000e+02 -4.686812300564000e+02 -1.894272067752000e+02	-1.390000000000000e-07  1.072000000000000e-07  0.000000000000000e+00	1.000000000000000e+00	27	0	382
383	-3.746064264210000e+02 -2.811118368951000e+02 -1.894272067752000e+02	-3.030000000000000e-07  2.340000000000000e-07  0.000000000000000e+00	1.000000000000000e+00	27	0	383
384	 2.050524131267000e+02  4.687866849962000e+02 -1.894272067752000e+02	-8.730000000000001e-08  6.750000000000000e-08  0.000000000000000e+00	1.000000000000000e+00	27	0	384
385	 6.013508979700000e+01  2.813140850386000e+02 -1.894272067752000e+02	-1.628000000000000e-07  1.258000000000000e-07  0.000000000000000e+00	1.000000000000000e+00	27	0	385
388	5.497862295925000e+02 1.440920799210000e+01 9.471360338760000e+01	 5.062400000000000e-06 -6.021200000000000e-06  0.000000000000000e+00	1.000000000000000e+00	8129	0	388
390	 1.310870551864000e+02 -4.688435897076000e+02  1.518683640526000e+02	-3.636000000000000e-07 -1.592000000000000e-07  0.000000000000000e+00	1.000000000000000e+00	8129	0	390
391	 4.940997201200000e+01 -2.813006441717000e+02  1.518683640526000e+02	-2.011000000000000e-07 -8.750000000000001e-08  0.000000000000000e+00	1.000000000000000e+00	8129	0	391
392	-2.772580308455000e+02  4.686590284461000e+02  1.518683640526000e+02	3.740000000000000e-08 1.790000000000000e-08 0.000000000000000e+00	1.000000000000000e+00	8129	0	392
393	-1.953715323581000e+02  2.812759445693000e+02  1.518683640526000e+02	1.167000000000000e-07 5.080000000000000e-08 0.000000000000000e+00	1.000000000000000e+00	8129	0	393
394	-5.642882427593000e+02  3.403479836873000e+02 -6.956723617243000e+02	-1.448000000000000e-07  0.000000000000000e+00 -2.073100000000000e-06	1.000000000000000e+00	8129	0	394
395	-4.271630277011000e+02  3.403479836873000e+02 -7.072969772436001e+02	-1.861000000000000e-07  0.000000000000000e+00 -1.872400000000000e-06	1.000000000000000e+00	8129	0	395
400	 5.053901637861000e+02 -6.779076492603000e+02 -4.745052344275000e+02	-9.828000000000000e-06  1.702260000000000e-05  3.532720000000000e-05	1.000000000000000e+00	8129	0	400
401	 4.328913117079000e+02 -5.523359539704001e+02 -2.631716465431000e+02	-7.988510055541993e-07  1.383650587463379e-06 -1.445400233459473e-06	1.001129150390625e-01	8129	0	401
402	-4.636054187338000e+02  6.453801648066001e+02 -6.793251553319001e+02	-2.764100000000000e-06 -6.015800000000000e-06  0.000000000000000e+00	1.000000000000000e+00	8129	0	402
403	-3.949798748326000e+02  6.122192524903001e+02 -6.793251553319001e+02	-3.573400000000000e-06 -7.225100000000001e-06  0.000000000000000e+00	1.000000000000000e+00	8129	0	403
406	 5.017995470755000e+02 -4.295206674126000e+02  1.469693845670000e+01	 1.247980000000000e-05 -1.722100000000000e-06  0.000000000000000e+00	1.000000000000000e+00	5009	0	406
407	 5.313204303818001e+02 -1.669359706794000e+02  1.469693845670000e+01	 3.971840000000000e-05 -3.716800000000000e-06  0.000000000000000e+00	1.000000000000000e+00	5009	0	407
408	5.684365094150000e+02 5.982888623781000e+02 1.469693845670000e+01	 6.746020000000001e-05 -1.091080000000000e-05  0.000000000000000e+00	1.000000000000000e+00	5009	0	408
409	5.525615837833000e+02 4.991041262728000e+02 1.469693845670000e+01	 7.347080000000000e-05 -7.383300000000000e-06  0.000000000000000e+00	1.000000000000000e+00	5009	0	409
412	 1.663670155624000e+02 -5.266151073599000e+02  9.471360338760000e+01	-5.332000000000000e-07  4.037000000000000e-07  0.000000000000000e+00	1.000000000000000e+00	8129	0	412
413	 2.474110780202000e+02 -3.772538886649000e+02  9.471360338760000e+01	 7.711000000000000e-07 -3.626000000000000e-07  0.000000000000000e+00	1.000000000000000e+00	8129	0	413
414	 3.585024650717000e+02 -4.063263074770000e+02  3.592584956082000e+02	 2.914830000000000e-05 -1.833100000000000e-06  0.000000000000000e+00	1.000000000000000e+00	8129	0	414
415	 3.713835632017000e+02 -1.419823754076000e+02  3.592584956082000e+02	 5.460340000000000e-05 -2.303400000000000e-06  0.000000000000000e+00	1.000000000000000e+00	8129	0	415
416	-8.132625707990000e+01  6.910882722200000e+02  3.592584956082000e+02	0.000000000000000e+00 0.000000000000000e+00 0.000000000000000e+00	1.000000000000000e+00	8129	0	416
418	-1.457012071908000e+02 -4.896528542155000e+02 -4.281212436617000e+02	 1.208000000000000e-07  2.093000000000000e-07 -7.260000000000000e-07	1.000000000000000e+00	8129	0	418
419	-1.776557151160000e+01 -2.680618331205000e+02 -3.298748686976000e+02	 2.854800000000000e-06  4.944700000000000e-06 -1.223360000000000e-05	1.000000000000000e+00	8129	0	419
424	4.525227491002000e+02 6.616032820620001e+02 3.804874067123000e+02	1.155500000000000e-06 3.932000000000000e-07 0.000000000000000e+00	1.000000000000000e+00	8006	0	424
426	-1.684563390846000e+02 -5.035792346541000e+02  5.829785587824000e+02	-8.042100000000000e-06  1.275480000000000e-05  0.000000000000000e+00	1.000000000000000e+00	105	0	426
427	-4.559604274700000e+00 -4.054905651542000e+02  5.829785587824000e+02	-8.340000000000001e-08  1.120000000000000e-07  0.000000000000000e+00	1.000000000000000e+00	105	0	427
428	 6.456953595307000e+02 -3.577538991150000e+01  5.829785587824000e+02	 2.292490000000000e-05 -3.416320000000000e-05  0.000000000000000e+00	1.000000000000000e+00	105	0	428
429	 4.939318736165000e+02 -1.309253410341000e+02  5.829785587824000e+02	 1.629030000000000e-05 -2.869490000000000e-05  0.000000000000000e+00	1.000000000000000e+00	105	0	429
430	-2.387729234359000e+02  5.500684917500000e+02 -4.164132562731000e+02	-1.140300000000000e-06  4.284000000000000e-07  0.000000000000000e+00	1.000000000000000e+00	8129	0	430
431	-3.046684763324000e+02  4.453855166344000e+02 -4.164132562731000e+02	 1.118812500000000e-07 -9.090000000000001e-08  0.000000000000000e+00	5.625000000000000e-01	8129	0	431
432	-2.167681542889000e+02  6.910882722200000e+02 -4.151772771364000e+02	-2.954605704165451e-05  0.000000000000000e+00 -3.784576457950012e-05	1.002259575761855e-02	8129	0	432
433	-4.419877656673000e+02  6.910882722200000e+02  1.841138378700000e+00	4.675900000000000e-06 0.000000000000000e+00 1.121314000000000e-04	1.000000000000000e+00	8129	0	433
434	6.630790097316000e+02 1.109652996787000e+02 9.471360338760000e+01	 3.049900000000000e-06 -3.508700000000000e-06  0.000000000000000e+00	1.000000000000000e+00	8129	0	434
436	 4.902706204371000e+02  4.515965324288000e+02 -6.471616053636001e+02	 1.223000000000000e-07 -2.119000000000000e-07 -1.075000000000000e-06	1.000000000000000e+00	0	0	436
438	5.157092295901000e+02 6.559436269454001e+02 5.430163701960000e+02	 1.343580000000000e-05  2.327140000000000e-05 -1.129933000000000e-04	1.000000000000000e+00	8129	0	438
439	 1.313832777648000e+02 -9.728448283400001e+00 -1.257784733175000e+02	-1.082870000000000e-05 -1.875580000000000e-05  9.855900000000000e-06	1.000000000000000e+00	8129	0	439
440	 1.828480358214000e+02  7.941112746990001e+01 -2.254718357090000e+01	-1.241700000000000e-05 -2.150690000000000e-05  2.646700000000000e-05	1.000000000000000e+00	8129	0	440
441	-1.140476623779000e+02 -4.348273063599000e+02 -4.063745483830000e+02	 5.740000000000000e-07  9.940999999999999e-07 -3.218700000000000e-06	1.000000000000000e+00	8129	0	441
442	-5.006941482760000e+01 -3.240137310236000e+02 -3.582311651923000e+02	 2.056300000000000e-06  3.561600000000000e-06 -9.816300000000001e-06	1.000000000000000e+00	8129	0	442
444	5.700127018922000e+02 7.500000000000000e+02 3.592584956082000e+02	 0.000000000000000e+00 -0.000000000000000e+00  0.000000000000000e+00	1.000000000000000e+00	8129	1	444
445	-2.391601681198000e+02 -6.515285229672000e+02 -4.731666350446000e+02	-1.540000000000000e-08 -2.680000000000000e-08  2.002000000000000e-07	1.000000000000000e+00	8129	0	445
446	-1.773158655631000e+02 -5.444110487803000e+02 -4.468615636827000e+02	 5.400000000000000e-09  9.400000000000000e-09 -3.160000000000000e-08	1.000000000000000e+00	8129	0	446
447	4.613860320653000e+02 5.618530888027000e+02 5.067403320244000e+02	 8.390050000000000e-05  1.453200000000000e-04 -4.108588000000000e-04	1.000000000000000e+00	8129	0	447
448	4.113977970642000e+02 4.752709260001000e+02 4.480698382528000e+02	 2.603115000000000e-04  4.508727000000000e-04 -7.552894000000001e-04	1.000000000000000e+00	8129	0	448
449	 7.708214171270001e+01 -1.037807748342000e+02 -2.205227461157000e+02	-1.607900000000000e-06 -2.784900000000000e-06  2.328800000000000e-06	1.000000000000000e+00	8129	0	449
450	 1.450017795730000e+01 -2.121759156962000e+02 -2.982493711867000e+02	 4.074600000000000e-06  7.057400000000000e-06 -1.533370000000000e-05	1.000000000000000e+00	8129	0	450
451	2.284770497263000e+02 1.584428978524000e+02 6.682374546270000e+01	-1.553480000000000e-05 -2.690700000000000e-05  3.289150000000000e-05	1.000000000000000e+00	8129	0	451
452	2.733017828147000e+02 2.360816129973000e+02 1.475086530592000e+02	-1.277000000000000e-05 -2.211830000000000e-05  4.965200000000001e-05	1.000000000000000e+00	8129	0	452
453	 3.298418651754000e+02 -7.022459300751000e+02  3.592584956082000e+02	 2.082100000000000e-06 -3.148000000000000e-07  0.000000000000000e+00	1.000000000000000e+00	8129	0	453
455	-3.754003318693000e+02 -3.696202171498000e+02  6.308778783597000e+02	 3.802400000000000e-06  6.585900000000000e-06 -1.317110000000000e-05	1.000000000000000e+00	491	0	455
459	 3.433152531936000e+02 -5.959765136800000e+02  3.592584956082000e+02	 1.190690000000000e-05 -1.190000000000000e-06  0.000000000000000e+00	1.000000000000000e+00	8129	0	459
460	3.838908060284000e+02 1.490901889932000e+02 3.592584956082000e+02	 8.451370000000000e-05 -2.124600000000000e-06  0.000000000000000e+00	1.000000000000000e+00	8129	0	460
465	 4.286968370940000e+01  6.380189962211000e+02 -1.159425144917000e+02	 1.957600000000000e-06 -3.278500000000000e-06  0.000000000000000e+00	1.000000000000000e+00	661	0	465
468	-7.053331667245001e+02  7.548105401450000e+01  6.580962442277000e+02	-5.397230000000001e-05 -1.691610000000000e-05  0.000000000000000e+00	1.000000000000000e+00	1105	0	468
471	 3.538534362263000e+02 -4.739253751435000e+02  3.592584956082000e+02	 2.280600000000000e-05 -1.682700000000000e-06  0.000000000000000e+00	1.000000000000000e+00	8129	0	471
479	7.497677558540000e+02 5.715767664980000e+01 6.580962442277000e+02	 1.142194921875000e-06 -1.277110546875000e-06  0.000000000000000e+00	3.164062500000000e-01	1105	0	479
483	 5.101499128103000e+02 -3.699060438306000e+02  1.469693845670000e+01	 1.927530000000000e-05 -2.314400000000000e-06  0.000000000000000e+00	1.000000000000000e+00	5009	0	483
484	-6.014435666855001e+02  9.678359741950000e+01  6.580962442277000e+02	-1.473016000000000e-04 -9.010800000000000e-06  0.000000000000000e+00	1.000000000000000e+00	1105	0	484
486	-3.756988543950000e+02 -6.364705100763000e+02  5.829785587824000e+02	-1.780860000000000e-05  2.947120000000000e-05  0.000000000000000e+00	1.000000000000000e+00	105	0	486
487	5.261830181511000e+02 6.740847608808000e+02 2.286190426598000e+02	5.980885702514648e-05 1.035919789947510e-04 0.000000000000000e+00	1.001129150390625e-01	8129	0	487
488	 4.621403045040000e+02  5.003196688580000e+02 -6.604677708176000e+02	 1.439000000000000e-07 -2.492000000000000e-07 -1.146400000000000e-06	1.000000000000000e+00	0	0	488
490	5.049768876583000e+02 5.340702074840000e+02 3.804874067123000e+02	2.298600000000000e-06 1.464500000000000e-06 0.000000000000000e+00	1.000000000000000e+00	8006	0	490
491	-5.202859833290000e+02 -6.205695267655000e+02  4.264380439256000e+02	-3.500000000000000e-09 -6.100000000000000e-09 -1.365110000000000e-05	1.000000000000000e+00	491	0	491
494	 8.346661091300000e+00 -6.866505969134000e+02  9.471360338760000e+01	 1.344700000000000e-06 -1.430000000000000e-06  0.000000000000000e+00	1.000000000000000e+00	8129	0	494
495	 5.242340600656000e+02 -2.444250966594000e+02  1.469693845670000e+01	 3.149760000000000e-05 -3.135100000000000e-06  0.000000000000000e+00	1.000000000000000e+00	5009	0	495
496	 3.425344002999000e+02 -6.988229177869000e+02  9.350678361800000e+00	2.900500000000000e-06 5.023900000000000e-06 1.741380000000000e-05	1.000000000000000e+00	8129	0	496
497	-4.709681513935000e+02 -5.351485361342001e+02  5.038442634295000e+02	 4.429800000000000e-06  7.672600000000000e-06 -1.229710000000000e-05	1.000000000000000e+00	491	0	497
499	 5.031909962143000e+02 -4.205575310920000e+02 -2.688752155424000e+02	7.650000000000000e-08 1.325000000000000e-07 3.616800000000000e-06	1.000000000000000e+00	8129	0	499
501	-4.991563143114000e+02  1.058046213697000e+02  6.580962442277000e+02	-5.678070000000000e-05  1.877820000000000e-05  0.000000000000000e+00	1.000000000000000e+00	1105	0	501
503	-4.254191299229000e+02  1.075440086942000e+02  6.580962442277000e+02	-8.203200000000000e-06  2.754740000000000e-05  0.000000000000000e+00	1.000000000000000e+00	1105	0	503
505	5.310793453192000e+02 1.199838302544000e+02 2.286190426598000e+02	-1.123900000000000e-06  1.710000000000000e-07  0.000000000000000e+00	1.000000000000000e+00	8129	0	505
507	-5.690713496388000e+02 -7.050682598801001e+02  3.249704749221000e+02	-2.223000000000000e-07 -3.850000000000000e-07 -9.343700000000000e-06	1.000000000000000e+00	491	0	507
512	 9.284068094210001e+01  6.671396742397001e+02 -1.159425144917000e+02	 2.556900000000000e-06 -4.499600000000000e-06  0.000000000000000e+00	1.000000000000000e+00	661	0	512
519	-3.559912591406000e+02  1.062879819759000e+02  6.580962442277000e+02	-4.561600000000001e-06  3.403450000000000e-05  0.000000000000000e+00	1.000000000000000e+00	1105	0	519
521	-5.942046180458000e+02 -7.486003577212000e+02  2.418240763292000e+02	-7.287750000000001e-07 -1.262306250000000e-06  2.401875000000000e-08	5.625000000000000e-01	491	0	521
523	 4.952753827040000e+01  6.910882722200000e+02 -6.310662588388000e+02	-4.010000000000000e-08  0.000000000000000e+00 -3.021000000000000e-07	1.000000000000000e+00	8129	0	523
527	5.442915688502001e+02 2.218452236235000e+02 1.469693845670000e+01	 7.196450000000000e-05 -2.948000000000000e-07  0.000000000000000e+00	1.000000000000000e+00	5009	0	527
529	-3.506389340247000e+02 -3.267322180164000e+02  6.575831672071000e+02	 2.965800000000000e-06  5.136800000000001e-06 -1.154780000000000e-05	1.000000000000000e+00	491	0	529
530	-5.365062026099000e+02  6.910882722200000e+02  5.150204117010001e+02	-1.561350000000000e-05  0.000000000000000e+00 -1.613090000000000e-05	1.000000000000000e+00	8129	0	530
531	5.397275828393000e+02 6.975446350871000e+02 5.528338426621000e+02	 6.062500000000000e-06  1.050060000000000e-05 -6.823200000000001e-05	1.000000000000000e+00	8129	0	531
535	 4.337467302212000e+02  5.494987821243000e+02 -6.748933042664000e+02	-4.275000000000000e-09  7.425000000000000e-09 -9.824250000000000e-07	7.500000000000000e-01	0	0	535
537	-2.893268769530000e+02  1.027615450771000e+02  6.580962442277000e+02	-1.623700000000000e-06  4.091080000000000e-05  0.000000000000000e+00	1.000000000000000e+00	1105	0	537
538	-6.528706832652000e+02  1.519897763195000e+02  1.077775486825000e+02	-4.577180000000000e-05  1.476000000000000e-06  0.000000000000000e+00	1.000000000000000e+00	23	0	538
540	-7.097869672487001e+02 -6.571526723698000e+02 -1.159425144917000e+02	1.451100000000000e-06 3.428500000000000e-06 0.000000000000000e+00	1.000000000000000e+00	661	0	540
545	-2.257574379624000e+02  9.757118749780000e+01  6.580962442277000e+02	1.981000000000000e-07 4.832920000000000e-05 0.000000000000000e+00	1.000000000000000e+00	1105	0	545
547	-6.558462301795000e+02 -2.269095159720000e+02  1.077775486825000e+02	-7.526930000000001e-05 -6.205000000000000e-07  0.000000000000000e+00	1.000000000000000e+00	23	0	547
553	5.445109538745000e+02 8.817827860980000e+01 1.469693845670000e+01	6.466930000000001e-05 4.308000000000000e-07 0.000000000000000e+00	1.000000000000000e+00	5009	0	553
560	-7.309326080964000e+02 -6.162236162729000e+02 -1.159425144917000e+02	1.977400000000000e-06 1.314800000000000e-06 0.000000000000000e+00	1.000000000000000e+00	661	0	560
566	-6.567601625138000e+02 -9.525945155820000e+01  1.077775486825000e+02	-6.604050000000001e-05 -8.150000000000001e-08  0.000000000000000e+00	1.000000000000000e+00	23	0	566
567	-6.558719265414001e+02  2.812492332820000e+01  1.077775486825000e+02	-5.639810000000000e-05  8.741000000000000e-07  0.000000000000000e+00	1.000000000000000e+00	23	0	567
568	-1.611367227645000e+02  9.095087608750001e+01  6.580962442277000e+02	3.908800000000000e-06 5.673490000000000e-05 0.000000000000000e+00	1.000000000000000e+00	1105	0	568
571	-5.348513596435000e+02  1.930054469959000e+02 -1.159425144917000e+02	-2.999400000000000e-06 -3.100000000000000e-09  0.000000000000000e+00	1.000000000000000e+00	661	0	571
572	-3.676391582256000e+02  6.910882722200000e+02  1.518683640526000e+02	 1.555200000000000e-06  0.000000000000000e+00 -1.487475000000000e-06	5.625000000000000e-01	8129	0	572
582	-4.226865232593000e+02 -6.638005422467000e+02  5.829785587824000e+02	-1.897240000000000e-05  3.353770000000000e-05  0.000000000000000e+00	1.000000000000000e+00	105	0	582
583	-9.732890453890001e+01  8.363032822700001e+01  6.580962442277000e+02	7.745700000000001e-06 6.620750000000001e-05 0.000000000000000e+00	1.000000000000000e+00	1105	0	583
585	 4.043961271850000e+02  6.003355178157000e+02 -6.925800481449000e+02	-2.533600000000000e-06  4.388400000000000e-06 -2.474000000000000e-06	1.000000000000000e+00	0	0	585
589	 1.438564160728000e+02  6.953377410169001e+02 -1.159425144917000e+02	 3.184200000000000e-06 -5.941700000000000e-06  0.000000000000000e+00	1.000000000000000e+00	661	0	589
595	5.333596702206000e+02 4.920165339630000e+02 3.804874067123000e+02	2.677900000000000e-06 2.153500000000000e-06 0.000000000000000e+00	1.000000000000000e+00	8006	0	595
598	 9.598062809170000e+01  6.910882722200000e+02 -6.589587346066000e+02	-3.954000000000000e-07  0.000000000000000e+00 -6.748000000000000e-07	1.000000000000000e+00	8129	0	598
600	-3.489317028860000e+01  7.594127996630000e+01  6.580962442277000e+02	1.069470000000000e-05 7.708900000000001e-05 0.000000000000000e+00	1.000000000000000e+00	1105	0	600
602	-4.309359574964000e+02  6.910882722200000e+02  6.023290594880000e+01	3.012270000000000e-05 0.000000000000000e+00 7.707440000000000e-05	1.000000000000000e+00	8129	0	602
610	-5.695654206912001e+02  6.910882722200000e+02  5.520493044644001e+02	-2.275830000000000e-05  0.000000000000000e+00 -2.125470000000000e-05	1.000000000000000e+00	8129	0	610
611	-6.550850158537000e+02 -3.602572779984000e+02  1.077775486825000e+02	-8.540120000000000e-05 -1.813000000000000e-07  0.000000000000000e+00	1.000000000000000e+00	23	0	611
615	 4.300000000000000e+02 -5.473280551918000e+02 -2.606506917860000e+02	0.000000000000000e+00 0.000000000000000e+00 0.000000000000000e+00	1.000000000000000e+00	8129	0	615
616	-3.247734954700000e+02 -2.819319642797000e+02  6.818388299030000e+02	 2.099800000000000e-06  3.636900000000000e-06 -9.512600000000001e-06	1.000000000000000e+00	491	0	616
618	2.596206851850000e+01 6.783569259150001e+01 6.580962442277000e+02	1.414350000000000e-05 8.954500000000000e-05 0.000000000000000e+00	1.000000000000000e+00	1105	0	618
620	 3.746012577048000e+02  6.519417455604000e+02 -7.072182867122000e+02	-5.247405927658082e-06  9.088768511581421e-06 -3.609501072692871e-06	7.508468627929688e-02	0	0	620
625	-6.207777665400000e+02  8.484151504880001e+01 -1.159425144917000e+02	-1.638790000000000e-05 -1.110740000000000e-05  0.000000000000000e+00	1.000000000000000e+00	661	0	625
627	 5.225187763204000e+02 -6.897959050134000e+02  2.286190426598000e+02	-7.880700000000001e-06  2.253180000000000e-05  0.000000000000000e+00	1.000000000000000e+00	8129	0	627
630	-3.338060820421000e+02  6.910882722200000e+02  1.805676713921000e+02	-3.569800000000000e-06  0.000000000000000e+00 -9.019000000000000e-07	1.000000000000000e+00	8129	0	630
631	8.546305270440000e+01 5.906683563230001e+01 6.580962442277000e+02	1.869680000000000e-05 1.037488000000000e-04 0.000000000000000e+00	1.000000000000000e+00	1105	0	631
639	 1.463920149137000e+02  6.910882722200000e+02 -6.850096763841000e+02	-4.591000000000000e-07  0.000000000000000e+00 -9.385000000000000e-07	1.000000000000000e+00	8129	0	639
646	 3.622408423133000e+02 -3.417403850198000e+02  3.592584956082000e+02	 3.531820000000000e-05 -1.878600000000000e-06  0.000000000000000e+00	1.000000000000000e+00	8129	0	646
647	 3.682372979987000e+02 -2.124553149463000e+02  3.592584956082000e+02	 4.812360000000000e-05 -2.125000000000000e-06  0.000000000000000e+00	1.000000000000000e+00	8129	0	647
655	 1.965116595462000e+02  7.223603010930000e+02 -1.159425144917000e+02	 3.643400000000000e-06 -7.441100000000001e-06  0.000000000000000e+00	1.000000000000000e+00	661	0	655
660	-4.704557363014000e+02 -6.901806161279001e+02  5.829785587824000e+02	-2.013080000000000e-05  3.824030000000000e-05  0.000000000000000e+00	1.000000000000000e+00	105	0	660
664	1.446825814018000e+02 4.921444917170000e+01 6.580962442277000e+02	2.355300000000000e-05 1.200394000000000e-04 0.000000000000000e+00	1.000000000000000e+00	1105	0	664
681	 3.356425987817000e+02  7.194201222099000e+02 -7.315822756238000e+02	-1.079490657520294e-06  1.869738209438324e-06 -1.411312411594391e-06	5.631351470947266e-02	0	0	681
683	-7.343117250693000e+02 -1.429357819680000e+02 -1.159425144917000e+02	-1.678500000000000e-06  7.175500000000000e-06  0.000000000000000e+00	1.000000000000000e+00	661	0	683
688	-6.048911336873000e+02  6.910882722200000e+02  5.905606697636000e+02	-3.179160000000000e-05  0.000000000000000e+00 -3.076310000000000e-05	1.000000000000000e+00	8129	0	688
689	2.041978599007000e+02 3.793066791820000e+01 6.580962442277000e+02	2.783820000000000e-05 1.383272000000000e-04 0.000000000000000e+00	1.000000000000000e+00	1105	0	689
696	 4.690808014185000e+02 -4.796381215345000e+02 -2.656182827673000e+02	4.730273437500000e-08 8.191757812500001e-08 1.749884765625000e-06	3.164062500000000e-01	8129	0	696
703	2.644312245030000e+02 2.502161412360000e+01 6.580962442277000e+02	3.263230000000000e-05 1.576102000000000e-04 0.000000000000000e+00	1.000000000000000e+00	1105	0	703
707	 3.739152733446000e+02 -7.849502682000001e+01  3.592584956082000e+02	 6.084720000000000e-05 -2.702000000000000e-06  0.000000000000000e+00	1.000000000000000e+00	8129	0	707
708	 4.237948373729000e+02 -5.473280551918000e+02 -2.583184938460000e+02	-3.897254882812500e-07  0.000000000000000e+00 -1.960848632812500e-07	2.373046875000000e-01	8129	0	708
710	3.299646613185000e+02 9.628908951100000e+00 6.580962442277000e+02	4.021480000000000e-05 1.775759000000000e-04 0.000000000000000e+00	1.000000000000000e+00	1105	0	710
712	-3.352691049743000e+02  6.910882722200000e+02  2.125651111717000e+02	-6.971600000000000e-06  0.000000000000000e+00 -2.917700000000000e-06	1.000000000000000e+00	8129	0	712
714	 4.743023576128000e+02 -2.370883486840000e+01  6.580962442277000e+02	1.585699000000000e-04 1.941706000000000e-04 0.000000000000000e+00	1.000000000000000e+00	1105	0	714
715	 5.422746128192000e+02 -3.399335989910000e+01  6.580962442277000e+02	1.352199000000000e-04 2.043016000000000e-04 0.000000000000000e+00	1.000000000000000e+00	1105	0	715
717	 5.924460522098000e+02 -3.360308964730000e+01  6.580962442277000e+02	1.224211000000000e-04 1.841274000000000e-04 0.000000000000000e+00	1.000000000000000e+00	1105	0	717
718	-5.453664217667000e+02  6.823411010681000e+02 -6.793251553319001e+02	-2.421600000000000e-06 -4.797900000000000e-06  0.000000000000000e+00	1.000000000000000e+00	8129	0	718
720	 6.403008551828000e+02 -2.198587424160000e+01  6.580962442277000e+02	8.370600000000000e-05 1.382521000000000e-04 0.000000000000000e+00	1.000000000000000e+00	1105	0	720
722	 1.997731649030000e+02  6.910882722200000e+02 -7.088399721769000e+02	-2.469000000000000e-07  0.000000000000000e+00 -5.973000000000000e-07	1.000000000000000e+00	8129	0	722
724	-6.255171078880001e+02  7.154032144967000e+02 -6.793251553319001e+02	-1.450480000000000e-05  6.503000000000000e-07  0.000000000000000e+00	1.000000000000000e+00	8129	0	724
728	 4.786398259375000e+02 -6.315747049869000e+02 -3.806753768033000e+02	-2.140650000000000e-05  3.707720000000000e-05  6.467550000000001e-05	1.000000000000000e+00	8129	0	728
729	6.924032238576000e+02 5.853116983300001e+00 6.580962442277000e+02	2.164770000000000e-05 6.375120000000001e-05 0.000000000000000e+00	1.000000000000000e+00	1105	0	729
733	5.860378368976001e+02 4.342601137838000e+02 3.804874067123000e+02	1.997800000000000e-06 2.204400000000000e-06 0.000000000000000e+00	1.000000000000000e+00	8006	0	733
737	-6.444889880281000e+02  6.910882722200000e+02  6.328706148953000e+02	-4.412190000000000e-05  0.000000000000000e+00 -3.945720000000000e-05	1.000000000000000e+00	8129	0	737
740	-2.978497962475000e+02 -2.352987492985000e+02  7.034076063506001e+02	 1.342600000000000e-06  2.325500000000000e-06 -7.154000000000000e-06	1.000000000000000e+00	491	0	740
745	-7.346567359774000e+02  7.491400140016000e+02 -6.793251553319001e+02	-2.098100000000000e-06 -4.516000000000000e-07  0.000000000000000e+00	1.000000000000000e+00	8129	0	745
746	-8.743233284390000e+01  6.910882722200000e+02 -5.191008761366000e+02	 2.222100000000000e-06  0.000000000000000e+00 -2.071780000000000e-05	1.000000000000000e+00	8129	0	746
747	6.163110774960001e+02 4.087924215228000e+02 3.804874067123000e+02	1.605400000000000e-06 1.974900000000000e-06 0.000000000000000e+00	1.000000000000000e+00	8006	0	747
753	5.722773470187000e+02 4.052118525674000e+02 2.286190426598000e+02	-3.041652832031250e-06 -2.712677343750000e-06  0.000000000000000e+00	2.373046875000000e-01	8129	0	753
755	-2.720772644457000e+02  5.497549372085000e+02 -6.793251553319001e+02	-1.520077500000000e-05 -5.186070000000000e-05  0.000000000000000e+00	7.500000000000000e-01	8129	0	755
771	6.564059881974000e+02 3.780452472772000e+02 3.804874067123000e+02	-2.451600000000000e-06 -3.141600000000000e-06  0.000000000000000e+00	1.000000000000000e+00	8006	0	771
776	 2.559510910605000e+02  6.910882722200000e+02 -7.300537148825000e+02	-3.870000000000000e-07  0.000000000000000e+00 -1.052600000000000e-06	1.000000000000000e+00	8129	0	776
805	-1.069236630896000e+02  3.826510090654000e+02 -7.333493605770000e+02	 5.092668402786255e-05 -8.820759730682373e-05  1.160871795421600e-04	7.508468627929688e-02	8129	0	805
828	-1.388576847034000e+02  3.403479836873000e+02 -7.452949092240000e+02	 5.186278125000000e-06  0.000000000000000e+00 -5.761926562500000e-06	4.218750000000000e-01	8129	0	828
864	-2.698511690662000e+02 -1.868037044784000e+02  7.220407533982001e+02	 6.970000000000001e-07  1.207200000000000e-06 -4.453000000000000e-06	1.000000000000000e+00	491	0	864
865	 4.001121463962000e+02 -5.473280551918000e+02 -2.203305882708000e+02	4.740100000000001e-06 0.000000000000000e+00 5.080700000000000e-06	1.000000000000000e+00	8129	0	865
909	-1.272672889664000e+02  6.910882722200000e+02  3.592584956082000e+02	0.000000000000000e+00 0.000000000000000e+00 0.000000000000000e+00	4.218750000000000e-01	8129	0	909
1000	-3.560780644018000e+02  6.910882722200000e+02  2.667385375634000e+02	-9.112300000000001e-06  0.000000000000000e+00 -6.320000000000000e-06	1.000000000000000e+00	8129	0	1000
1002	7.027537038078000e+02 3.416763258912000e+02 3.804874067123000e+02	-6.659800000000000e-06 -7.543700000000000e-06  0.000000000000000e+00	1.000000000000000e+00	8006	0	1002
1003	-4.417387355156000e+02  6.910882722200000e+02  3.995837812976000e+02	-1.544870000000000e-05  0.000000000000000e+00 -2.418300000000000e-06	1.000000000000000e+00	8129	0	1003
1011	6.938889804721000e+02 2.755883698665000e+02 1.597051401583000e+02	-4.395600000000000e-06  7.613400000000001e-06  1.562475000000000e-05	7.500000000000000e-01	8129	0	1011
1012	 3.855393969991000e+02 -5.473280551918000e+02 -1.624866076916000e+02	 2.355450000000000e-05  0.000000000000000e+00 -8.462690000000001e-05	1.000000000000000e+00	8129	0	1012
1014	-3.326057969129000e+02  6.207137456576000e+02  1.518683640526000e+02	-1.150300000000000e-06 -4.313000000000000e-07  0.000000000000000e+00	1.000000000000000e+00	8129	0	1014
1015	-3.578929990995000e+02  6.863393178486000e+02  1.518683640526000e+02	-7.212000000000001e-07  3.620000000000000e-08  0.000000000000000e+00	1.000000000000000e+00	8129	0	1015
1020	-3.625041184687000e+02  6.864582542128001e+02  1.518683640526000e+02	4.402500000000000e-08 1.707825000000000e-06 0.000000000000000e+00	7.500000000000000e-01	8129	0	1020
1081	-5.216609081678000e+02 -7.136479547888000e+02  5.829785587824000e+02	-6.448700000000001e-06  1.476320000000000e-05  0.000000000000000e+00	1.000000000000000e+00	105	0	1081
1396	-4.345723276783000e+02  6.910882722200000e+02 -5.752810733450000e+01	-4.332410000000000e-05  0.000000000000000e+00  1.522347000000000e-04	1.000000000000000e+00	8129	0	1396
1705	 3.898800645996000e+02 -5.473280551918000e+02 -1.032933751850000e+02	-4.554860000000000e-05  0.000000000000000e+00 -2.019522000000000e-04	1.000000000000000e+00	8129	0	1705
1759	5.428435568379000e+02 7.029416603677000e+02 2.551667813508000e+02	6.667785000000000e-05 1.154894250000000e-04 5.837850000000001e-05	7.500000000000000e-01	8129	0	1759
1801	-2.409057379990000e+02 -1.366687472230000e+02  7.372215127237000e+02	 1.403000000000000e-07  2.430000000000000e-07 -1.299700000000000e-06	1.000000000000000e+00	491	0	1801
2264	6.428894777471000e+02 3.639220997469000e+02 2.286190426598000e+02	-1.705725000000000e-05 -2.135302500000000e-05 -1.824075000000000e-06	7.500000000000000e-01	8129	0	2264
2827	6.420854669608000e+02 3.653146872786000e+02 2.231161117915000e+02	 4.865283984375000e-06 -8.426910937500001e-06  4.348402734375000e-06	3.164062500000000e-01	8129	0	2827
2939	6.202467937382000e+02 3.229378865376000e+02 2.286190426598000e+02	-1.687500000000000e-06  9.365000000000001e-07  0.000000000000000e+00	1.000000000000000e+00	8129	0	2939
3478	3.184637221029000e+02 3.143043864128000e+02 2.286190426598000e+02	-1.014004000000000e-04 -1.756306000000000e-04  0.000000000000000e+00	1.000000000000000e+00	8129	0	3478
4128	-6.639534779975000e+02 -7.128646729864000e+02 -1.159425144917000e+02	-9.130000000000000e-08  3.071100000000000e-06  0.000000000000000e+00	1.000000000000000e+00	661	0	4128
4213	-3.299000979545000e+02  6.910882722200000e+02 -2.683682964587000e+02	-8.279300000000001e-06  0.000000000000000e+00 -3.679670000000000e-05	1.000000000000000e+00	8129	0	4213
4214	4.320230112916000e+02 7.355500117448000e+02 2.286190426598000e+02	2.635860000000000e-05 5.448750000000000e-05 0.000000000000000e+00	7.500000000000000e-01	8129	0	4214
4220	 4.300000000000000e+02 -5.473280551918000e+02  8.956488194300000e+00	0.000000000000000e+00 0.000000000000000e+00 0.000000000000000e+00	5.625000000000000e-01	8129	0	4220
4225	-2.408759934898000e+02  6.910882722200000e+02 -3.963560369712000e+02	 3.098344551086426e-06  0.000000000000000e+00 -9.638889480285646e-05	1.001129150390625e-01	8129	0	4225
4234	5.643133994326000e+02 7.401285185723000e+02 3.183468264899000e+02	2.704070000000000e-05 4.683590000000000e-05 7.465100000000000e-05	1.000000000000000e+00	8129	0	4234
4235	5.204535552276000e+02 6.742011691619000e+02 2.286190426598000e+02	1.143169473132134e-04 1.518747616524696e-04 0.000000000000000e+00	5.631351470947266e-02	8129	0	4235
4236	5.356074779309000e+02 4.223841039562000e+02 2.286190426598000e+02	 2.722478000000000e-04 -1.002938000000000e-04  0.000000000000000e+00	1.000000000000000e+00	8129	0	4236
4237	5.221695248322001e+02 6.570725215040001e+02 2.286190426598000e+02	-1.622807785107422e-03  5.406836022949219e-04  0.000000000000000e+00	1.779785156250000e-01	8129	0	4237
4240	5.254962325519000e+02 5.398941594868000e+02 2.286190426598000e+02	6.637260000000001e-05 2.039900000000000e-06 0.000000000000000e+00	1.000000000000000e+00	8129	0	4240
4244	4.715757875198000e+02 3.842085988176000e+02 2.286190426598000e+02	 9.659810000000001e-05 -1.741230000000000e-04  0.000000000000000e+00	1.000000000000000e+00	8129	0	4244
4245	3.627281103079000e+02 3.255833614562000e+02 2.286190426598000e+02	 3.204710000000000e-05 -1.614085000000000e-04  0.000000000000000e+00	1.000000000000000e+00	8129	0	4245
4250	 3.904971984440000e+02 -5.046038489500000e+00  6.580962442277000e+02	5.767360000000000e-05 1.921121000000000e-04 0.000000000000000e+00	1.000000000000000e+00	1105	0	4250
4258	-2.773915061124000e+02  6.910882722200000e+02 -3.499483062315000e+02	 1.069390000000000e-04  0.000000000000000e+00 -1.840415000000000e-04	1.000000000000000e+00	8129	0	4258
4264	3.832695807859000e+02 3.036398286399000e+02 3.592584956082000e+02	6.302521000000000e-04 2.094286000000000e-04 0.000000000000000e+00	1.000000000000000e+00	8129	0	4264
4268	-7.086046455695000e+02  6.910882722200000e+02  7.000810959092000e+02	-3.518950000000000e-04  0.000000000000000e+00  3.049563000000000e-04	1.000000000000000e+00	8129	0	4268
4270	 4.279604606583000e+02 -5.437954694280000e+02  1.556296987840000e+01	 2.027025000000000e-06 -3.510928125000000e-06 -1.111282031250000e-05	4.218750000000000e-01	8129	0	4270
4273	-3.631450038303000e+02  6.910882722200000e+02 -2.132380710955000e+02	-5.626130000000000e-05  0.000000000000000e+00  4.551380000000000e-05	1.000000000000000e+00	8129	0	4273
4275	4.180702345652000e+02 3.565704001369000e+02 2.286190426598000e+02	 8.296550000000000e-05 -1.575767000000000e-04  0.000000000000000e+00	1.000000000000000e+00	8129	0	4275
4276	 3.731702383333000e+02 -6.457600897805000e+02  1.135647842990000e+01	2.224350000000000e-05 3.852690000000000e-05 1.253115000000000e-05	7.500000000000000e-01	8129	0	4276
4278	3.583143654555000e+02 3.833277254138000e+02 3.592584956082000e+02	9.892574000000000e-04 1.713444000000000e-03 0.000000000000000e+00	1.000000000000000e+00	8129	0	4278
4280	-1.440239114605000e+02  4.469105242173000e+02 -7.006199072260000e+02	-8.308901000000001e-04  1.439143800000000e-03 -4.052174000000000e-04	1.000000000000000e+00	8129	0	4280
4281	7.244950564567000e+02 2.225770912407000e+02 1.207626727639000e+02	 2.431732695007324e-05 -4.211885488128662e-05 -2.663125677795410e-05	1.001129150390625e-01	8129	0	4281
4282	-1.624153645414000e+02  6.910882722200000e+02 -4.455449742549000e+02	-1.099649200000000e-03  0.000000000000000e+00 -1.271782000000000e-04	1.000000000000000e+00	8129	0	4282
4284	6.655714157980000e+02 3.246358306286000e+02 1.913025794367000e+02	-2.411709444580078e-05  4.177204705810547e-05  3.960446896362305e-05	1.334838867187500e-01	8129	0	4284
4285	 4.366881429588000e+02 -5.589122586047000e+02  8.540102318780001e+01	-3.512190000000000e-05  6.083280000000000e-05 -1.612501000000000e-04	1.000000000000000e+00	8129	0	4285
4286	-2.141219419825000e+02  5.042522968093000e+02 -6.793251553319001e+02	-5.265742500000000e-05 -4.592950500000000e-04  0.000000000000000e+00	7.500000000000000e-01	8129	0	4286
4287	-5.787681552277000e+02 -7.319347402382000e+02  5.829785587824000e+02	-7.875000000000000e-07  2.476500000000000e-06  0.000000000000000e+00	1.000000000000000e+00	105	0	4287
4288	3.847651544481000e+02 4.291418358493000e+02 4.114736488728000e+02	-3.897307000000000e-04 -6.750334000000000e-04 -2.039673600000000e-03	1.000000000000000e+00	8129	0	4288
4289	2.979442320944000e+02 2.787635871726000e+02 1.879493439007000e+02	1.625753056640625e-05 2.815885898437500e-05 1.553914757812500e-04	2.373046875000000e-01	8129	0	4289
4290	 5.378440313369000e+02 -7.341193967604000e+02 -6.168858368132001e+02	 8.463220000000000e-05 -1.465873000000000e-04 -4.530383000000000e-04	1.000000000000000e+00	8129	0	4290
0	 5.000000000000000e-01 -8.660254037844386e-01  0.000000000000000e+00	8.660254037844385e-01 5.000000000000000e-01 0.000000000000000e+00	5.632499999999998e+02 3.251925391210567e+02 0.000000000000000e+00	1	0	0.000000000000000e+00	0.000000000000000e+00	0.000000000000000e+00	9.335101824746061e+04
1	5.000000000000000e-01 8.660254037844386e-01 0.000000000000000e+00	0.000000000000000e+00 0.000000000000000e+00 1.000000000000000e+00	0.000000000000000e+00 0.000000000000000e+00 2.286190426597633e+02	1	0	0.000000000000000e+00	0.000000000000000e+00	0.000000000000000e+00	3.507028141270226e+05
3	-5.000000000000000e-01 -8.660254037844386e-01  0.000000000000000e+00	0.000000000000000e+00 0.000000000000000e+00 1.000000000000000e+00	0.000000000000000e+00 0.000000000000000e+00 6.580962442277471e+02	1	0	0.000000000000000e+00	0.000000000000000e+00	0.000000000000000e+00	1.210736514974700e+06
4	-1.000000000000000e+00  0.000000000000000e+00  0.000000000000000e+00	0.000000000000000e+00 0.000000000000000e+00 1.000000000000000e+00	-0.000000000000000e+00 -0.000000000000000e+00 -1.159425144917371e+02	1	0	0.000000000000000e+00	0.000000000000000e+00	0.000000000000000e+00	1.891153691302073e+06
7	-5.000000000000000e-01 -8.660254037844386e-01  0.000000000000000e+00	0.000000000000000e+00 0.000000000000000e+00 1.000000000000000e+00	-0.000000000000000e+00 -0.000000000000000e+00 -1.894272067752324e+02	1	0	0.000000000000000e+00	0.000000000000000e+00	0.000000000000000e+00	1.360880253637950e+06
9	-5.000000000000000e-01 -8.660254037844386e-01  0.000000000000000e+00	 8.660254037844385e-01 -5.000000000000000e-01  0.000000000000000e+00	-1.215000000000000e+02  7.014805770653952e+01 -0.000000000000000e+00	1	0	0.000000000000000e+00	0.000000000000000e+00	0.000000000000000e+00	2.459033572570754e+06
10	-5.000000000000000e-01  8.660254037844386e-01  0.000000000000000e+00	8.660254037844385e-01 5.000000000000000e-01 0.000000000000000e+00	-1.409999999999999e+02 -8.140638795573722e+01 -0.000000000000000e+00	1	0	0.000000000000000e+00	0.000000000000000e+00	0.000000000000000e+00	2.356227335696416e+03
12	1.000000000000000e+00 0.000000000000000e+00 0.000000000000000e+00	 0.000000000000000e+00 -1.000000000000000e+00  0.000000000000000e+00	0.000000000000000e+00 2.381569860407206e+02 0.000000000000000e+00	1	0	0.000000000000000e+00	0.000000000000000e+00	0.000000000000000e+00	2.250000000000000e+06
13	 5.000000000000000e-01 -8.660254037844386e-01  0.000000000000000e+00	0.000000000000000e+00 0.000000000000000e+00 1.000000000000000e+00	0.000000000000000e+00 0.000000000000000e+00 1.518683640525570e+02	1	0	0.000000000000000e+00	0.000000000000000e+00	0.000000000000000e+00	1.230725721391040e+06
15	5.000000000000000e-01 8.660254037844386e-01 0.000000000000000e+00	 8.660254037844385e-01 -5.000000000000000e-01  0.000000000000000e+00	 5.594999999999998e+02 -3.230274756115955e+02  0.000000000000000e+00	1	0	0.000000000000000e+00	0.000000000000000e+00	0.000000000000000e+00	4.830276599445861e+05
18	-5.000000000000000e-01 -8.660254037844386e-01  0.000000000000000e+00	0.000000000000000e+00 0.000000000000000e+00 1.000000000000000e+00	0.000000000000000e+00 0.000000000000000e+00 1.469693845669907e+01	1	0	0.000000000000000e+00	0.000000000000000e+00	0.000000000000000e+00	3.284949900729968e+05
21	-5.000000000000000e-01 -8.660254037844386e-01  0.000000000000000e+00	0.000000000000000e+00 0.000000000000000e+00 1.000000000000000e+00	0.000000000000000e+00 0.000000000000000e+00 3.592584956081994e+02	1	0	0.000000000000000e+00	0.000000000000000e+00	0.000000000000000e+00	1.353232782214893e+03
22	-5.000000000000000e-01 -8.660254037844386e-01  0.000000000000000e+00	 8.660254037844385e-01 -5.000000000000000e-01  0.000000000000000e+00	 1.027500000000000e+02 -5.932274015923404e+01  0.000000000000000e+00	1	0	0.000000000000000e+00	0.000000000000000e+00	0.000000000000000e+00	1.186562046122055e+06
24	5.000000000000000e-01 8.660254037844386e-01 0.000000000000000e+00	 8.660254037844385e-01 -5.000000000000000e-01  0.000000000000000e+00	 7.694999999999998e+02 -4.442710321414170e+02  0.000000000000000e+00	1	0	0.000000000000000e+00	0.000000000000000e+00	0.000000000000000e+00	2.359512925039141e+05
25	-5.000000000000000e-01  8.660254037844386e-01  0.000000000000000e+00	8.660254037844385e-01 5.000000000000000e-01 0.000000000000000e+00	-8.017499999999998e+02 -4.628905783227824e+02 -0.000000000000000e+00	1	0	0.000000000000000e+00	0.000000000000000e+00	0.000000000000000e+00	1.974568915210525e+05
26	1.000000000000000e+00 0.000000000000000e+00 0.000000000000000e+00	0.000000000000000e+00 0.000000000000000e+00 1.000000000000000e+00	0.000000000000000e+00 0.000000000000000e+00 5.829785587823964e+02	1	0	0.000000000000000e+00	0.000000000000000e+00	0.000000000000000e+00	5.190258264830745e+05
27	 5.000000000000000e-01 -8.660254037844386e-01  0.000000000000000e+00	 0.000000000000000e+00  0.000000000000000e+00 -1.000000000000000e+00	0.000000000000000e+00 0.000000000000000e+00 6.580962442277471e+02	1	0	0.000000000000000e+00	0.000000000000000e+00	0.000000000000000e+00	5.869823448801220e+03
28	1.000000000000000e+00 0.000000000000000e+00 0.000000000000000e+00	0.000000000000000e+00 0.000000000000000e+00 1.000000000000000e+00	0.000000000000000e+00 0.000000000000000e+00 2.286190426597633e+02	1	0	0.000000000000000e+00	0.000000000000000e+00	0.000000000000000e+00	2.935408089185314e+04
29	1.000000000000000e+00 0.000000000000000e+00 0.000000000000000e+00	 0.000000000000000e+00 -1.000000000000000e+00  0.000000000000000e+00	0.000000000000000e+00 5.715767664977295e+01 0.000000000000000e+00	1	0	0.000000000000000e+00	0.000000000000000e+00	0.000000000000000e+00	2.112144366341550e+06
43	5.000000000000000e-01 8.660254037844386e-01 0.000000000000000e+00	 0.000000000000000e+00  0.000000000000000e+00 -1.000000000000000e+00	-0.000000000000000e+00 -0.000000000000000e+00 -1.159425144917371e+02	1	0	0.000000000000000e+00	0.000000000000000e+00	0.000000000000000e+00	2.205219069698106e+03
55	-1.000000000000000e+00  0.000000000000000e+00  0.000000000000000e+00	0.000000000000000e+00 0.000000000000000e+00 1.000000000000000e+00	-0.000000000000000e+00 -0.000000000000000e+00 -4.262112152442729e+02	1	0	0.000000000000000e+00	0.000000000000000e+00	0.000000000000000e+00	5.558067467752893e+04
66	-5.000000000000000e-01 -8.660254037844386e-01  0.000000000000000e+00	0.000000000000000e+00 0.000000000000000e+00 1.000000000000000e+00	0.000000000000000e+00 0.000000000000000e+00 1.077775486824598e+02	1	0	0.000000000000000e+00	0.000000000000000e+00	0.000000000000000e+00	2.097748356647257e+06
76	-1.000000000000000e+00  0.000000000000000e+00  0.000000000000000e+00	0.000000000000000e+00 0.000000000000000e+00 1.000000000000000e+00	0.000000000000000e+00 0.000000000000000e+00 2.286190426597633e+02	1	0	0.000000000000000e+00	0.000000000000000e+00	0.000000000000000e+00	7.631364009591239e+02
106	-1.000000000000000e+00  0.000000000000000e+00  0.000000000000000e+00	 0.000000000000000e+00 -1.000000000000000e+00  0.000000000000000e+00	-0.000000000000000e+00 -5.473280551917652e+02 -0.000000000000000e+00	1	0	0.000000000000000e+00	0.000000000000000e+00	0.000000000000000e+00	7.598116591269219e+03
107	 5.000000000000000e-01 -8.660254037844386e-01  0.000000000000000e+00	0.000000000000000e+00 0.000000000000000e+00 1.000000000000000e+00	0.000000000000000e+00 0.000000000000000e+00 3.804874067123203e+02	1	0	0.000000000000000e+00	0.000000000000000e+00	0.000000000000000e+00	2.156055518312337e+06
108	5.000000000000000e-01 8.660254037844386e-01 0.000000000000000e+00	0.000000000000000e+00 0.000000000000000e+00 1.000000000000000e+00	-0.000000000000000e+00 -0.000000000000000e+00 -4.164132562731402e+02	1	0	0.000000000000000e+00	0.000000000000000e+00	0.000000000000000e+00	1.972587694510888e+06
113	 5.000000000000000e-01 -8.660254037844386e-01  0.000000000000000e+00	0.000000000000000e+00 0.000000000000000e+00 1.000000000000000e+00	-0.000000000000000e+00 -0.000000000000000e+00 -6.793251553318680e+02	1	0	0.000000000000000e+00	0.000000000000000e+00	0.000000000000000e+00	1.248786556983022e+06
208	1.000000000000000e+00 0.000000000000000e+00 0.000000000000000e+00	 0.000000000000000e+00 -1.000000000000000e+00  0.000000000000000e+00	0.000000000000000e+00 3.403479836872843e+02 0.000000000000000e+00	1	0	0.000000000000000e+00	0.000000000000000e+00	0.000000000000000e+00	2.511276969089863e+04
243	 5.000000000000000e-01 -8.660254037844386e-01  0.000000000000000e+00	0.000000000000000e+00 0.000000000000000e+00 1.000000000000000e+00	0.000000000000000e+00 0.000000000000000e+00 3.592584956081994e+02	1	0	0.000000000000000e+00	0.000000000000000e+00	0.000000000000000e+00	0.000000000000000e+00
246	1.000000000000000e+00 0.000000000000000e+00 0.000000000000000e+00	0.000000000000000e+00 0.000000000000000e+00 1.000000000000000e+00	0.000000000000000e+00 0.000000000000000e+00 3.592584956081994e+02	1	0	0.000000000000000e+00	0.000000000000000e+00	0.000000000000000e+00	0.000000000000000e+00
248	1.000000000000000e+00 0.000000000000000e+00 0.000000000000000e+00	0.000000000000000e+00 0.000000000000000e+00 1.000000000000000e+00	0.000000000000000e+00 0.000000000000000e+00 3.592584956081994e+02	1	0	0.000000000000000e+00	0.000000000000000e+00	0.000000000000000e+00	0.000000000000000e+00
297	-1.000000000000000e+00  0.000000000000000e+00  0.000000000000000e+00	0.000000000000000e+00 1.000000000000000e+00 0.000000000000000e+00	0.000000000000000e+00 6.910882722199819e+02 0.000000000000000e+00	1	0	0.000000000000000e+00	0.000000000000000e+00	0.000000000000000e+00	0.000000000000000e+00
319	5.000000000000000e-01 8.660254037844386e-01 0.000000000000000e+00	0.000000000000000e+00 0.000000000000000e+00 1.000000000000000e+00	0.000000000000000e+00 0.000000000000000e+00 3.592584956081994e+02	1	0	0.000000000000000e+00	0.000000000000000e+00	0.000000000000000e+00	1.353232782214895e+03
320	-1.000000000000000e+00  0.000000000000000e+00  0.000000000000000e+00	 0.000000000000000e+00 -1.000000000000000e+00  0.000000000000000e+00	0.000000000000000e+00 6.910882722199819e+02 0.000000000000000e+00	1	0	0.000000000000000e+00	0.000000000000000e+00	0.000000000000000e+00	1.633665900248490e+06
321	-5.000000000000000e-01 -8.660254037844386e-01  0.000000000000000e+00	0.000000000000000e+00 0.000000000000000e+00 1.000000000000000e+00	0.000000000000000e+00 0.000000000000000e+00 3.592584956081994e+02	1	0	0.000000000000000e+00	0.000000000000000e+00	0.000000000000000e+00	5.413334836343169e+05
323	-5.000000000000000e-01 -8.660254037844386e-01  0.000000000000000e+00	 0.000000000000000e+00  0.000000000000000e+00 -1.000000000000000e+00	0.000000000000000e+00 0.000000000000000e+00 1.518683640525570e+02	1	0	0.000000000000000e+00	0.000000000000000e+00	0.000000000000000e+00	3.781450545903150e+01
324	1.000000000000000e+00 0.000000000000000e+00 0.000000000000000e+00	 0.000000000000000e+00  0.000000000000000e+00 -1.000000000000000e+00	0.000000000000000e+00 0.000000000000000e+00 1.518683640525570e+02	1	0	0.000000000000000e+00	0.000000000000000e+00	0.000000000000000e+00	3.781450545903150e+01
325	-1.000000000000000e+00  0.000000000000000e+00  0.000000000000000e+00	 0.000000000000000e+00  0.000000000000000e+00 -1.000000000000000e+00	0.000000000000000e+00 0.000000000000000e+00 1.518683640525570e+02	1	0	0.000000000000000e+00	0.000000000000000e+00	0.000000000000000e+00	3.781450545903150e+01
327	1.000000000000000e+00 0.000000000000000e+00 0.000000000000000e+00	0.000000000000000e+00 0.000000000000000e+00 1.000000000000000e+00	0.000000000000000e+00 0.000000000000000e+00 1.518683640525570e+02	1	0	0.000000000000000e+00	0.000000000000000e+00	0.000000000000000e+00	1.036941137701809e+01
337	 5.000000000000000e-01 -8.660254037844386e-01  0.000000000000000e+00	8.660254037844385e-01 5.000000000000000e-01 0.000000000000000e+00	8.549999999999997e+01 4.936344801571300e+01 0.000000000000000e+00	1	0	0.000000000000000e+00	0.000000000000000e+00	0.000000000000000e+00	2.436123998884112e+05
340	-5.000000000000000e-01 -8.660254037844386e-01  0.000000000000000e+00	0.000000000000000e+00 0.000000000000000e+00 1.000000000000000e+00	0.000000000000000e+00 0.000000000000000e+00 9.471360338761622e+01	1	0	0.000000000000000e+00	0.000000000000000e+00	0.000000000000000e+00	3.989405901216505e+05
2428	-5.000000000000000e-01  8.660254037844386e-01  0.000000000000000e+00	8.660254037844385e-01 5.000000000000000e-01 0.000000000000000e+00	6.397499999999998e+02 3.693598347140630e+02 0.000000000000000e+00	1	0	0.000000000000000e+00	0.000000000000000e+00	0.000000000000000e+00	3.597104575114048e+05
2429	 5.000000000000000e-01 -8.660254037844386e-01  0.000000000000000e+00	 0.000000000000000e+00  0.000000000000000e+00 -1.000000000000000e+00	0.000000000000000e+00 0.000000000000000e+00 2.286190426597633e+02	1	0	0.000000000000000e+00	0.000000000000000e+00	0.000000000000000e+00	2.685469565334634e+04
2432	5.000000000000000e-01 8.660254037844386e-01 0.000000000000000e+00	0.000000000000000e+00 0.000000000000000e+00 1.000000000000000e+00	0.000000000000000e+00 0.000000000000000e+00 2.286190426597633e+02	1	0	0.000000000000000e+00	0.000000000000000e+00	0.000000000000000e+00	1.303971784968803e+03
0	0	1	1
0	246	0	0
0	1	2	1
0	2	681	0
0	112	246	0
0	247	112	0
0	201	143	0
0	143	247	0
0	436	201	0
0	488	436	0
0	535	488	0
0	585	535	0
0	620	585	0
0	681	620	0
1	4	5	1
1	63	4	1
1	5	6	1
1	6	2264	0
1	292	63	0
1	164	113	0
1	113	328	0
1	144	364	0
1	365	144	0
1	505	164	0
1	202	292	0
1	364	202	0
1	328	248	0
1	248	365	0
1	367	249	0
1	249	505	0
1	2939	367	0
1	2264	2939	0
3	10	11	1
3	479	10	0
3	11	12	1
3	12	13	1
3	13	479	0
4	15	16	1
4	104	15	1
4	16	17	1
4	17	655	0
4	101	104	0
4	150	101	1
4	571	116	0
4	116	625	0
4	373	150	0
4	374	151	0
4	151	375	0
4	297	209	0
4	209	374	0
4	332	254	0
4	254	683	0
4	255	333	0
4	375	255	0
4	465	297	0
4	625	332	0
4	333	571	0
4	683	373	0
4	512	465	0
4	589	512	0
4	655	589	0
7	27	28	1
7	301	27	0
7	28	29	1
7	29	30	1
7	30	302	0
7	119	338	0
7	339	119	0
7	155	382	0
7	383	155	0
7	384	156	0
7	156	385	0
7	213	301	0
7	382	213	0
7	302	214	0
7	214	384	0
7	338	260	0
7	260	383	0
7	261	339	0
7	385	261	0
9	36	37	1
9	159	36	1
9	37	38	1
9	38	39	1
9	39	1801	0
9	491	122	0
9	122	507	0
9	521	159	0
9	216	160	0
9	160	497	0
9	455	216	0
9	507	262	0
9	262	521	0
9	263	491	0
9	497	263	0
9	529	455	0
9	616	529	0
9	740	616	0
9	864	740	0
9	1801	864	0
10	41	42	1
10	161	41	1
10	42	162	0
10	123	161	0
10	162	123	0
12	47	48	1
12	50	47	1
12	48	49	1
12	49	50	1
13	52	53	1
13	305	52	0
13	53	54	1
13	54	55	1
13	55	306	0
13	126	342	0
13	343	126	0
13	167	390	0
13	391	167	0
13	392	168	0
13	168	393	0
13	221	305	0
13	390	221	0
13	222	392	0
13	1014	222	0
13	342	268	0
13	268	391	0
13	269	343	0
13	393	269	0
13	306	572	0
13	572	1015	0
13	1015	1014	0
15	59	60	1
15	496	59	0
15	60	61	1
15	61	62	1
15	62	226	0
15	273	128	0
15	128	499	0
15	226	172	0
15	172	273	0
15	4276	496	0
15	499	696	0
15	696	615	0
15	615	4220	0
15	4220	4276	0
18	71	72	1
18	313	71	0
18	72	73	1
18	73	74	1
18	74	314	0
18	527	131	0
18	131	553	0
18	177	483	0
18	495	177	0
18	231	313	0
18	406	231	0
18	350	278	0
18	278	407	0
18	279	351	0
18	409	279	0
18	314	408	0
18	553	350	0
18	351	527	0
18	483	406	0
18	407	495	0
18	408	409	0
21	352	416	0
21	909	352	0
21	416	444	0
21	444	909	0
22	87	88	1
22	319	87	0
22	88	89	1
22	89	90	1
22	90	531	0
22	137	439	0
22	440	137	0
22	185	441	0
22	442	185	0
22	237	445	0
22	446	237	0
22	447	238	0
22	238	448	0
22	449	286	0
22	286	450	0
22	287	451	0
22	452	287	0
22	445	319	0
22	438	320	0
22	320	447	0
22	439	358	0
22	358	449	0
22	359	440	0
22	451	359	0
22	441	418	0
22	418	446	0
22	419	442	0
22	450	419	0
22	531	438	0
22	444	4234	0
22	4278	444	0
22	448	4288	0
22	4289	452	0
22	1759	487	0
22	487	3478	0
22	4234	1759	0
22	3478	4289	0
22	4288	4278	0
24	97	98	1
24	189	97	0
24	98	99	1
24	99	100	1
24	100	190	0
24	139	189	0
24	190	139	0
25	101	102	1
25	104	101	0
25	102	103	1
25	103	104	1
26	105	106	1
26	4287	105	0
26	106	107	1
26	107	242	0
26	141	362	0
26	363	141	0
26	191	426	0
26	427	191	0
26	428	192	0
26	192	429	0
26	241	323	0
26	426	241	0
26	242	428	0
26	362	290	0
26	290	427	0
26	291	363	0
26	429	291	0
26	323	486	0
26	486	582	0
26	582	660	0
26	660	1081	0
26	1081	4287	0
27	468	10	0
27	10	479	0
27	484	468	0
27	479	729	0
27	501	484	0
27	503	501	0
27	519	503	0
27	537	519	0
27	545	537	0
27	568	545	0
27	583	568	0
27	600	583	0
27	618	600	0
27	631	618	0
27	664	631	0
27	689	664	0
27	703	689	0
27	710	703	0
27	4250	710	0
27	715	714	0
27	714	4250	0
27	717	715	0
27	720	717	0
27	729	720	0
28	2264	6	0
28	6	4214	0
28	487	3478	0
28	4235	487	0
28	753	2264	0
28	4236	753	0
28	3478	4236	0
28	4214	4235	0
29	10	44	1
29	479	10	0
29	45	13	1
29	13	479	0
29	44	45	1
43	101	104	0
43	560	101	0
43	104	4128	0
43	540	560	0
43	4128	540	0
55	7	8	1
55	204	7	0
55	8	205	1
55	114	250	0
55	251	114	0
55	146	204	0
55	250	146	0
55	205	147	0
55	147	251	0
66	23	24	1
66	378	23	0
66	24	25	1
66	25	26	1
66	26	300	0
66	118	547	0
66	566	118	0
66	153	378	0
66	379	153	0
66	380	154	0
66	154	381	0
66	300	212	0
66	212	380	0
66	258	379	0
66	611	258	0
66	538	259	0
66	259	567	0
66	547	336	0
66	336	611	0
66	337	566	0
66	567	337	0
66	381	538	0
76	292	63	0
76	63	627	0
76	627	292	0
106	708	615	0
106	615	4220	0
106	865	708	0
106	1012	865	0
106	1705	1012	0
106	4220	1705	0
107	92	93	1
107	187	92	1
107	93	94	1
107	94	95	1
107	95	1002	0
107	424	187	0
107	322	424	0
107	490	322	0
107	595	490	0
107	733	595	0
107	747	733	0
107	771	747	0
107	1002	771	0
108	18	19	1
108	298	18	0
108	19	20	1
108	20	21	1
108	21	22	1
108	22	108	0
108	108	243	0
108	117	334	0
108	335	117	0
108	152	376	0
108	377	152	0
108	430	193	0
108	193	431	0
108	210	298	0
108	376	210	0
108	243	430	0
108	334	256	0
108	256	377	0
108	257	335	0
108	431	257	0
113	67	68	1
113	745	67	0
113	68	277	1
113	130	403	0
113	755	130	0
113	402	229	0
113	229	718	0
113	277	349	0
113	349	4286	0
113	403	402	0
113	718	724	0
113	724	745	0
113	4286	755	0
208	56	57	1
208	307	56	0
208	57	66	1
208	66	828	0
208	127	344	0
208	828	127	0
208	169	394	0
208	395	169	0
208	223	307	0
208	394	223	0
208	344	270	0
208	270	395	0
243	416	352	0
243	352	909	0
243	909	416	0
246	352	416	0
246	909	352	0
246	416	909	0
248	416	352	0
248	352	909	0
248	909	416	0
297	416	352	0
297	352	909	0
297	909	416	0
319	416	444	0
319	909	416	0
319	444	909	0
320	75	76	1
320	776	75	0
320	76	77	1
320	77	78	1
320	78	4268	0
320	108	194	0
320	432	108	0
320	132	179	0
320	746	132	0
320	133	306	0
320	630	133	0
320	179	523	0
320	194	4282	0
320	1396	195	0
320	195	4273	0
320	315	233	0
320	233	1003	0
320	572	281	0
320	281	602	0
320	306	572	0
320	530	315	0
320	352	1000	0
320	1003	352	0
320	4225	432	0
320	602	433	0
320	433	1396	0
320	523	598	0
320	610	530	0
320	598	639	0
320	688	610	0
320	712	630	0
320	639	722	0
320	737	688	0
320	1000	712	0
320	722	776	0
320	4268	737	0
320	4282	746	0
320	4213	4258	0
320	4273	4213	0
320	4258	4225	0
321	83	84	1
321	453	83	0
321	84	85	1
321	85	444	1
321	136	460	0
321	4264	136	0
321	183	646	0
321	647	183	0
321	235	459	0
321	471	235	0
321	356	284	0
321	284	707	0
321	317	453	0
321	459	317	0
321	460	356	0
321	414	471	0
321	646	414	0
321	415	647	0
321	707	415	0
321	444	4278	0
321	4278	4264	0
323	572	306	0
323	306	1015	0
323	1015	572	0
324	572	306	0
324	306	1015	0
324	1015	572	0
325	572	306	0
325	306	1015	0
325	1015	572	0
327	1015	572	0
327	572	1020	0
327	1020	1015	0
337	63	65	1
337	292	63	0
337	65	66	1
337	66	805	0
337	174	401	0
337	728	174	0
337	228	400	0
337	4290	228	0
337	274	292	0
337	4285	274	0
337	349	277	0
337	277	4290	0
337	4280	349	0
337	400	728	0
337	401	615	0
337	615	4220	0
337	805	4280	0
337	4220	4270	0
337	4270	4285	0
340	80	34	1
340	34	434	0
340	79	80	1
340	494	79	0
340	134	354	0
340	355	134	0
340	181	412	0
340	413	181	0
340	198	388	0
340	434	198	0
340	234	316	0
340	412	234	0
340	354	282	0
340	282	413	0
340	283	355	0
340	388	283	0
340	316	494	0
2428	6	32	1
2428	2264	6	0
2428	32	33	1
2428	33	34	1
2428	34	4281	0
2428	4281	1011	0
2428	1011	4284	0
2428	2827	2264	0
2428	4284	2827	0
2429	3478	487	0
2429	487	4237	0
2429	4236	3478	0
2429	4240	4236	0
2429	4237	4240	0
2432	4236	3478	0
2432	3478	4245	0
2432	4244	4236	0
2432	4275	4244	0
2432	4245	4275	0
