454
44
520
0	 7.500000000000000e+02  1.732050807600000e+00 -5.821406627301001e+02	 1.121000000000000e-07 -1.941000000000000e-07 -3.698800000000000e-06	1.000000000000000e+00	0	1	0
1	 7.500000000000000e+02  1.732050807600000e+00 -7.500000000000000e+02	0.000000000000000e+00 0.000000000000000e+00 0.000000000000000e+00	1.000000000000000e+00	0	1	1
2	 3.179872981078000e+02  7.500000000000000e+02 -7.500000000000000e+02	-2.622191890000000e-02  4.541769570000000e-02  0.000000000000000e+00	1.000000000000000e+00	0	1	2
4	 7.500000000000000e+02 -7.500000000000000e+02  2.286190426598000e+02	0.000000000000000e+00 0.000000000000000e+00 0.000000000000000e+00	1.000000000000000e+00	8158	1	4
5	7.500000000000000e+02 7.500000000000000e+02 2.286190426598000e+02	0.000000000000000e+00 0.000000000000000e+00 0.000000000000000e+00	1.000000000000000e+00	8158	1	5
6	4.199872981078000e+02 7.500000000000000e+02 2.286190426598000e+02	0.000000000000000e+00 0.000000000000000e+00 0.000000000000000e+00	7.500000000000000e-01	8158	1	6
7	 7.500000000000000e+02  6.209232880918000e+02 -4.262112152443000e+02	5.280000000000000e-08 3.713000000000000e-07 0.000000000000000e+00	1.000000000000000e+00	646	1	7
8	 7.500000000000000e+02  7.500000000000000e+02 -4.262112152443000e+02	0.000000000000000e+00 0.000000000000000e+00 0.000000000000000e+00	1.000000000000000e+00	646	1	8
10	-7.500000000000000e+02  5.715767664980000e+01  6.580962442277000e+02	0.000000000000000e+00 0.000000000000000e+00 0.000000000000000e+00	1.000000000000000e+00	1105	1	10
11	-7.500000000000000e+02 -7.500000000000000e+02  6.580962442277000e+02	0.000000000000000e+00 0.000000000000000e+00 0.000000000000000e+00	1.000000000000000e+00	1105	1	11
12	 7.500000000000000e+02 -7.500000000000000e+02  6.580962442277000e+02	0.000000000000000e+00 0.000000000000000e+00 0.000000000000000e+00	1.000000000000000e+00	1105	1	12
13	7.500000000000000e+02 5.715767664980000e+01 6.580962442277000e+02	0.000000000000000e+00 0.000000000000000e+00 0.000000000000000e+00	4.218750000000000e-01	1105	1	13
15	 7.500000000000000e+02 -7.500000000000000e+02 -1.159425144917000e+02	0.000000000000000e+00 0.000000000000000e+00 0.000000000000000e+00	1.000000000000000e+00	661	1	15
16	 7.500000000000000e+02  7.500000000000000e+02 -1.159425144917000e+02	0.000000000000000e+00 0.000000000000000e+00 0.000000000000000e+00	1.000000000000000e+00	661	1	16
17	 2.570110056452000e+02  7.500000000000000e+02 -1.159425144917000e+02	 7.537550000000000e-05 -1.610742000000000e-04  0.000000000000000e+00	1.000000000000000e+00	661	1	17
18	-7.500000000000000e+02 -9.521164416470000e+01 -4.164132562731000e+02	 7.953000000000000e-07 -6.590000000000001e-07  0.000000000000000e+00	1.000000000000000e+00	8158	1	18
19	-7.500000000000000e+02 -7.500000000000000e+02 -4.164132562731000e+02	0.000000000000000e+00 0.000000000000000e+00 0.000000000000000e+00	1.000000000000000e+00	8158	1	19
20	 7.500000000000000e+02 -7.500000000000000e+02 -4.164132562731000e+02	0.000000000000000e+00 0.000000000000000e+00 0.000000000000000e+00	1.000000000000000e+00	8158	1	20
21	 7.500000000000000e+02  7.500000000000000e+02 -4.164132562731000e+02	0.000000000000000e+00 0.000000000000000e+00 0.000000000000000e+00	1.000000000000000e+00	8158	1	21
22	-2.072445260160000e+02  7.500000000000000e+02 -4.164132562731000e+02	-2.570633357849121e-05  4.020935119628906e-07  0.000000000000000e+00	1.001129150390625e-01	8158	1	22
23	-6.999442993134001e+02 -7.500000000000000e+02  1.077775486825000e+02	-7.244679000000000e-04  0.000000000000000e+00  0.000000000000000e+00	1.000000000000000e+00	23	1	23
24	 7.500000000000000e+02 -7.500000000000000e+02  1.077775486825000e+02	0.000000000000000e+00 0.000000000000000e+00 0.000000000000000e+00	1.000000000000000e+00	23	1	24
25	7.500000000000000e+02 7.500000000000000e+02 1.077775486825000e+02	0.000000000000000e+00 0.000000000000000e+00 0.000000000000000e+00	1.000000000000000e+00	23	1	25
26	-6.102256067799000e+02  7.500000000000000e+02  1.077775486825000e+02	 5.324800000000000e-06 -7.748000000000000e-07  0.000000000000000e+00	1.000000000000000e+00	23	1	26
27	-7.364570284790000e+02 -7.500000000000000e+02 -1.894272067752000e+02	 3.134000000000000e-07 -2.410000000000000e-07  0.000000000000000e+00	1.000000000000000e+00	27	1	27
28	 7.500000000000000e+02 -7.500000000000000e+02 -1.894272067752000e+02	0.000000000000000e+00 0.000000000000000e+00 0.000000000000000e+00	1.000000000000000e+00	27	1	28
29	 7.500000000000000e+02  7.500000000000000e+02 -1.894272067752000e+02	0.000000000000000e+00 0.000000000000000e+00 0.000000000000000e+00	1.000000000000000e+00	27	1	29
30	 4.223277264253000e+02  7.500000000000000e+02 -1.894272067752000e+02	-1.866000000000000e-07  1.441000000000000e-07  0.000000000000000e+00	1.000000000000000e+00	27	1	30
32	4.199872981078000e+02 7.500000000000000e+02 7.500000000000000e+02	0.000000000000000e+00 0.000000000000000e+00 0.000000000000000e+00	1.000000000000000e+00	8158	1	32
33	7.500000000000000e+02 1.784012331796000e+02 7.500000000000000e+02	0.000000000000000e+00 0.000000000000000e+00 0.000000000000000e+00	1.000000000000000e+00	8158	1	33
34	7.500000000000000e+02 1.784012331796000e+02 9.471360338760000e+01	 0.000000000000000e+00 -0.000000000000000e+00  0.000000000000000e+00	7.500000000000000e-01	8158	1	34
36	-5.950127018922000e+02 -7.500000000000000e+02 -7.500000000000000e+02	0.000000000000000e+00 0.000000000000000e+00 0.000000000000000e+00	1.000000000000000e+00	491	1	36
37	 2.710127018922000e+02  7.500000000000000e+02 -7.500000000000000e+02	0.000000000000000e+00 0.000000000000000e+00 0.000000000000000e+00	1.000000000000000e+00	491	1	37
38	2.710127018922000e+02 7.500000000000000e+02 7.500000000000000e+02	0.000000000000000e+00 0.000000000000000e+00 0.000000000000000e+00	1.000000000000000e+00	491	1	38
39	-2.104808183654000e+02 -8.397124060140000e+01  7.500000000000000e+02	 1.110360000000000e-05  1.923200000000000e-05 -1.038297000000000e-04	1.000000000000000e+00	491	1	39
41	 2.450127018922000e+02 -7.500000000000000e+02  7.500000000000000e+02	0.000000000000000e+00 0.000000000000000e+00 0.000000000000000e+00	1.000000000000000e+00	729	1	41
42	 2.450127018922000e+02 -7.500000000000000e+02  7.354477359607000e+02	 2.600000000000000e-09 -4.500000000000000e-09  1.340000000000000e-07	1.000000000000000e+00	729	1	42
44	-7.500000000000000e+02  5.715767664980000e+01 -7.500000000000000e+02	0.000000000000000e+00 0.000000000000000e+00 0.000000000000000e+00	1.000000000000000e+00	1105	1	44
45	 7.500000000000000e+02  5.715767664980000e+01 -7.500000000000000e+02	0.000000000000000e+00 0.000000000000000e+00 0.000000000000000e+00	1.000000000000000e+00	1105	1	45
47	-7.500000000000000e+02  2.381569860407000e+02  7.500000000000000e+02	0.000000000000000e+00 0.000000000000000e+00 0.000000000000000e+00	1.000000000000000e+00	1074	1	47
48	-7.500000000000000e+02  2.381569860407000e+02 -7.500000000000000e+02	0.000000000000000e+00 0.000000000000000e+00 0.000000000000000e+00	1.000000000000000e+00	1074	1	48
49	 7.500000000000000e+02  2.381569860407000e+02 -7.500000000000000e+02	0.000000000000000e+00 0.000000000000000e+00 0.000000000000000e+00	1.000000000000000e+00	1074	1	49
50	7.500000000000000e+02 2.381569860407000e+02 7.500000000000000e+02	0.000000000000000e+00 0.000000000000000e+00 0.000000000000000e+00	1.000000000000000e+00	1074	1	50
52	 2.615096018169000e+02 -7.500000000000000e+02  1.518683640526000e+02	3.540000000000000e-07 1.793000000000000e-07 0.000000000000000e+00	1.000000000000000e+00	8158	1	52
53	 7.500000000000000e+02 -7.500000000000000e+02  1.518683640526000e+02	0.000000000000000e+00 0.000000000000000e+00 0.000000000000000e+00	1.000000000000000e+00	8158	1	53
54	7.500000000000000e+02 7.500000000000000e+02 1.518683640526000e+02	0.000000000000000e+00 0.000000000000000e+00 0.000000000000000e+00	1.000000000000000e+00	8158	1	54
55	-3.659982540535000e+02  7.500000000000000e+02  1.518683640526000e+02	-2.948570068359375e-06 -7.144413574218751e-07  0.000000000000000e+00	1.779785156250000e-01	8158	1	55
56	-7.500000000000000e+02  3.403479836873000e+02 -6.868184838045000e+02	-7.020000000000001e-08  0.000000000000000e+00 -2.240800000000000e-06	1.000000000000000e+00	8158	1	56
57	-7.500000000000000e+02  3.403479836873000e+02 -7.500000000000000e+02	0.000000000000000e+00 0.000000000000000e+00 0.000000000000000e+00	1.000000000000000e+00	8158	1	57
59	 3.129872981078000e+02 -7.500000000000000e+02  1.245082549840000e+01	7.798000000000000e-07 1.350600000000000e-06 6.028780000000000e-05	1.000000000000000e+00	8158	1	59
60	 3.129872981078000e+02 -7.500000000000000e+02 -7.500000000000000e+02	0.000000000000000e+00 0.000000000000000e+00 0.000000000000000e+00	1.000000000000000e+00	8158	1	60
61	 7.500000000000000e+02  6.928203230300000e+00 -7.500000000000000e+02	0.000000000000000e+00 0.000000000000000e+00 0.000000000000000e+00	1.000000000000000e+00	8158	1	61
62	 7.500000000000000e+02  6.928203230300000e+00 -2.795544208414000e+02	7.300000000000001e-08 1.265000000000000e-07 1.122850000000000e-05	1.000000000000000e+00	8158	1	62
63	 5.470127018922000e+02 -7.500000000000000e+02  2.286190426598000e+02	-0.000000000000000e+00 -0.000000000000000e+00  0.000000000000000e+00	1.000000000000000e+00	8158	1	63
65	 5.470127018922000e+02 -7.500000000000000e+02 -7.500000000000000e+02	0.000000000000000e+00 0.000000000000000e+00 0.000000000000000e+00	1.000000000000000e+00	8158	1	65
66	-8.250000000000000e+01  3.403479836873000e+02 -7.500000000000000e+02	0.000000000000000e+00 0.000000000000000e+00 0.000000000000000e+00	7.500000000000000e-01	8158	1	66
67	-7.500000000000000e+02  7.500000000000000e+02 -6.793251553319001e+02	0.000000000000000e+00 0.000000000000000e+00 0.000000000000000e+00	1.000000000000000e+00	8158	1	67
68	-7.500000000000000e+02 -7.500000000000000e+02 -6.793251553319001e+02	0.000000000000000e+00 0.000000000000000e+00 0.000000000000000e+00	1.000000000000000e+00	8158	1	68
71	 4.469540490778000e+02 -7.500000000000000e+02  1.469693845670000e+01	-6.368100000000000e-06  1.612900000000000e-06  0.000000000000000e+00	1.000000000000000e+00	5009	1	71
72	 7.500000000000000e+02 -7.500000000000000e+02  1.469693845670000e+01	0.000000000000000e+00 0.000000000000000e+00 0.000000000000000e+00	1.000000000000000e+00	5009	1	72
73	7.500000000000000e+02 7.500000000000000e+02 1.469693845670000e+01	0.000000000000000e+00 0.000000000000000e+00 0.000000000000000e+00	1.000000000000000e+00	5009	1	73
74	6.171294489532000e+02 7.500000000000000e+02 1.469693845670000e+01	 5.418730000000000e-05 -1.713790000000000e-05  0.000000000000000e+00	1.000000000000000e+00	5009	1	74
75	 3.131099567454000e+02  6.910882722200000e+02 -7.500000000000000e+02	2.074000000000000e-07 0.000000000000000e+00 5.965000000000000e-07	1.000000000000000e+00	8158	1	75
76	 7.500000000000000e+02  6.910882722200000e+02 -7.500000000000000e+02	0.000000000000000e+00 0.000000000000000e+00 0.000000000000000e+00	1.000000000000000e+00	8158	1	76
77	7.500000000000000e+02 6.910882722200000e+02 7.500000000000000e+02	0.000000000000000e+00 0.000000000000000e+00 0.000000000000000e+00	1.000000000000000e+00	8158	1	77
78	-7.500000000000000e+02  6.910882722200000e+02  7.500000000000000e+02	-6.491130740000001e-02  0.000000000000000e+00  0.000000000000000e+00	1.000000000000000e+00	8158	1	78
79	-5.347276298230000e+01 -7.500000000000000e+02  9.471360338760000e+01	 3.360100000000000e-06 -3.288000000000000e-06  0.000000000000000e+00	1.000000000000000e+00	8158	1	79
80	 7.500000000000000e+02 -7.500000000000000e+02  9.471360338760000e+01	0.000000000000000e+00 0.000000000000000e+00 0.000000000000000e+00	1.000000000000000e+00	8158	1	80
83	 3.210672339964000e+02 -7.500000000000000e+02  3.592584956082000e+02	-2.341100000000000e-06  4.364000000000000e-07  0.000000000000000e+00	1.000000000000000e+00	8158	1	83
84	 7.500000000000000e+02 -7.500000000000000e+02  3.592584956082000e+02	0.000000000000000e+00 0.000000000000000e+00 0.000000000000000e+00	1.000000000000000e+00	8158	1	84
85	7.500000000000000e+02 7.500000000000000e+02 3.592584956082000e+02	0.000000000000000e+00 0.000000000000000e+00 0.000000000000000e+00	1.000000000000000e+00	8158	1	85
87	-2.960127018922000e+02 -7.500000000000000e+02 -4.865809213886000e+02	-1.350000000000000e-08 -2.340000000000000e-08  2.723000000000000e-07	1.000000000000000e+00	8158	1	87
88	-2.960127018922000e+02 -7.500000000000000e+02 -7.500000000000000e+02	0.000000000000000e+00 0.000000000000000e+00 0.000000000000000e+00	1.000000000000000e+00	8158	1	88
89	 5.700127018922000e+02  7.500000000000000e+02 -7.500000000000000e+02	0.000000000000000e+00 0.000000000000000e+00 0.000000000000000e+00	1.000000000000000e+00	8158	1	89
90	5.700127018922000e+02 7.500000000000000e+02 5.500430233425000e+02	 0.000000000000000e+00 -0.000000000000000e+00 -2.129536320000000e-02	1.000000000000000e+00	8158	1	90
92	-7.500000000000000e+02  7.500000000000000e+02  3.804874067123000e+02	0.000000000000000e+00 0.000000000000000e+00 0.000000000000000e+00	1.000000000000000e+00	8006	1	92
93	-7.500000000000000e+02 -7.500000000000000e+02  3.804874067123000e+02	0.000000000000000e+00 0.000000000000000e+00 0.000000000000000e+00	1.000000000000000e+00	8006	1	93
94	 7.500000000000000e+02 -7.500000000000000e+02  3.804874067123000e+02	0.000000000000000e+00 0.000000000000000e+00 0.000000000000000e+00	1.000000000000000e+00	8006	1	94
95	7.500000000000000e+02 2.930393881138000e+02 3.804874067123000e+02	-1.500980000000000e-05 -1.482390000000000e-05  0.000000000000000e+00	1.000000000000000e+00	8006	1	95
97	 5.929872981078000e+02 -7.500000000000000e+02 -1.598044254810000e+01	 3.700000000000000e-09  6.500000000000000e-09 -8.100000000000000e-08	1.000000000000000e+00	97	1	97
98	 5.929872981078000e+02 -7.500000000000000e+02 -7.500000000000000e+02	0.000000000000000e+00 0.000000000000000e+00 0.000000000000000e+00	1.000000000000000e+00	97	1	98
99	 7.500000000000000e+02 -4.780460228890000e+02 -7.500000000000000e+02	0.000000000000000e+00 0.000000000000000e+00 0.000000000000000e+00	1.000000000000000e+00	97	1	99
100	 7.500000000000000e+02 -4.780460228890000e+02  1.910661780860000e+01	 5.810000000000000e-08  1.007000000000000e-07 -1.183500000000000e-06	1.000000000000000e+00	97	1	100
101	-7.500000000000000e+02 -5.525242076145000e+02 -1.159425144917000e+02	-0.000000000000000e+00 -0.000000000000000e+00  0.000000000000000e+00	1.779785156250000e-01	661	1	101
102	-7.500000000000000e+02 -5.525242076145000e+02  7.500000000000000e+02	0.000000000000000e+00 0.000000000000000e+00 0.000000000000000e+00	1.000000000000000e+00	661	1	102
103	-6.359872981078000e+02 -7.500000000000000e+02  7.500000000000000e+02	0.000000000000000e+00 0.000000000000000e+00 0.000000000000000e+00	1.000000000000000e+00	661	1	103
104	-6.359872981078000e+02 -7.500000000000000e+02 -1.159425144917000e+02	0.000000000000000e+00 0.000000000000000e+00 0.000000000000000e+00	7.500000000000000e-01	661	1	104
105	-6.361167093776000e+02 -7.500000000000000e+02  5.829785587824000e+02	-1.632300000000000e-06  5.125600000000001e-06  0.000000000000000e+00	1.000000000000000e+00	105	1	105
106	 7.500000000000000e+02 -7.500000000000000e+02  5.829785587824000e+02	0.000000000000000e+00 0.000000000000000e+00 0.000000000000000e+00	1.000000000000000e+00	105	1	106
107	7.500000000000000e+02 2.170090426040000e+01 5.829785587824000e+02	 1.030900000000000e-05 -2.156650000000000e-05  0.000000000000000e+00	1.000000000000000e+00	105	1	107
108	-2.081660209272000e+02  6.910882722200000e+02 -4.164132562731000e+02	-2.575288608398437e-05  0.000000000000000e+00  0.000000000000000e+00	1.001129150390625e-01	8158	0	108
112	 6.715920443902000e+02  1.375386136413000e+02 -5.936658886317000e+02	 1.452000000000000e-07 -2.514000000000000e-07 -3.226000000000000e-06	1.000000000000000e+00	0	0	112
113	 5.105809776621000e+02 -5.827130558100000e+00  2.286190426598000e+02	-1.161960000000000e-05  1.583000000000000e-06  0.000000000000000e+00	1.000000000000000e+00	8158	0	113
114	 2.990298635428000e+02  6.853787028047000e+02 -4.262112152443000e+02	-6.600000000000000e-09 -4.470000000000000e-08  0.000000000000000e+00	1.000000000000000e+00	646	0	114
116	-6.171662456956000e+02  1.890948812970000e+02 -1.159425144917000e+02	-2.664472000000000e-04  3.930720000000000e-04  0.000000000000000e+00	1.000000000000000e+00	661	0	116
117	-4.256006282022000e+02  2.978265233701000e+02 -4.164132562731000e+02	 4.648000000000000e-07 -3.816000000000000e-07  0.000000000000000e+00	1.000000000000000e+00	8158	0	117
118	-6.611964552213000e+02 -1.589465741155000e+02  1.077775486825000e+02	-7.558690000000000e-05  2.519000000000000e-07  0.000000000000000e+00	1.000000000000000e+00	23	0	118
119	-1.572742633791000e+02  1.310163650000000e-01 -1.894272067752000e+02	-3.222000000000000e-07  2.492000000000000e-07  0.000000000000000e+00	1.000000000000000e+00	27	0	119
122	-5.468191464359001e+02 -6.665263133523000e+02  3.760723054259000e+02	-4.529000000000000e-07 -7.845000000000001e-07 -1.146900000000000e-05	1.000000000000000e+00	491	0	122
123	 1.456007402925000e+02 -5.778134316293000e+02  7.443754008083000e+02	 4.200000000000000e-09 -7.300000000000000e-09  1.596000000000000e-07	1.000000000000000e+00	729	0	123
126	-7.303445616390000e+01 -2.049426640000000e-02  1.518683640526000e+02	-8.350000000000000e-08 -3.630000000000000e-08  0.000000000000000e+00	1.000000000000000e+00	8158	0	126
127	-2.079198669420000e+02  3.403479836873000e+02 -7.341016029443000e+02	1.792000000000000e-07 0.000000000000000e+00 1.464000000000000e-07	1.000000000000000e+00	8158	0	127
128	 5.325575626906000e+02 -3.696931459112000e+02 -2.707381775842000e+02	8.230000000000000e-08 1.426000000000000e-07 5.486300000000000e-06	1.000000000000000e+00	8158	0	128
130	-3.342630182397000e+02  5.809018658390000e+02 -6.793251553319001e+02	1.873850000000000e-05 3.591520000000000e-05 0.000000000000000e+00	1.000000000000000e+00	8158	0	130
131	5.481376945518000e+02 1.496180558428000e+02 1.469693845670000e+01	 5.980650000000000e-05 -1.054000000000000e-07  0.000000000000000e+00	1.000000000000000e+00	5009	0	131
132	-4.522103328470000e+01  6.910882722200000e+02 -5.582113655117000e+02	 5.167100000000000e-06  0.000000000000000e+00 -4.419200000000000e-06	1.000000000000000e+00	8158	0	132
133	-3.451391292518000e+02  6.910882722200000e+02  1.560750323121000e+02	-2.306361291503906e-06  0.000000000000000e+00  2.732381790161133e-07	1.001129150390625e-01	8158	0	133
134	 3.694794016039000e+02 -1.690993862289000e+02  9.471360338760000e+01	 3.023400000000000e-06 -2.274800000000000e-06  0.000000000000000e+00	1.000000000000000e+00	8158	0	134
136	3.908671557780000e+02 2.349206601298000e+02 3.592584956082000e+02	7.939800000000000e-05 1.440200000000000e-06 0.000000000000000e+00	1.000000000000000e+00	8158	0	136
137	 1.584015408166000e+02  3.706855605450000e+01 -7.269290230450001e+01	-8.340600000000001e-06 -1.444630000000000e-05  1.159520000000000e-05	1.000000000000000e+00	8158	0	137
139	 6.777344626223000e+02 -6.032136052635000e+02  2.796495009900000e+00	 1.038000000000000e-07  1.798000000000000e-07 -1.654200000000000e-06	1.000000000000000e+00	97	0	139
141	 2.424239246061000e+02 -2.656202625118000e+02  5.829785587824000e+02	 9.577300000000001e-06 -1.722190000000000e-05  0.000000000000000e+00	1.000000000000000e+00	105	0	141
143	 5.701803458133001e+02  3.131888280585000e+02 -6.186534212564001e+02	 1.718000000000000e-07 -2.976000000000000e-07 -2.289100000000000e-06	1.000000000000000e+00	0	0	143
144	 4.723178079736000e+02 -3.758466115769000e+02  2.286190426598000e+02	-4.708090000000000e-05  3.619500000000000e-06  0.000000000000000e+00	1.000000000000000e+00	8158	0	144
146	 5.245244317832000e+02  6.530986697613000e+02 -4.262112152443000e+02	1.260000000000000e-08 8.830000000000000e-08 0.000000000000000e+00	1.000000000000000e+00	646	0	146
147	 7.255772541420001e+01  7.228609558995000e+02 -4.262112152443000e+02	1.994000000000000e-07 7.900000000000001e-07 0.000000000000000e+00	1.000000000000000e+00	646	0	147
150	-7.500000000000000e+02  1.301278165098000e+02 -1.159425144917000e+02	0.000000000000000e+00 5.799847000000000e-04 0.000000000000000e+00	1.000000000000000e+00	661	1	150
151	-2.394380093902000e+02  4.546146026316000e+02 -1.159425144917000e+02	-7.641550000000000e-05  1.093708000000000e-04  0.000000000000000e+00	1.000000000000000e+00	661	0	151
152	-5.876500269032000e+02  1.013730049166000e+02 -4.164132562731000e+02	 3.769000000000000e-07 -3.110000000000000e-07  0.000000000000000e+00	1.000000000000000e+00	8158	0	152
153	-6.714640313412000e+02 -6.140357778751001e+02  1.077775486825000e+02	-2.180690000000000e-05  2.324300000000000e-06  0.000000000000000e+00	1.000000000000000e+00	23	0	153
154	-6.472351621515000e+02  3.325282340148000e+02  1.077775486825000e+02	-2.416590000000000e-05  1.297000000000000e-06  0.000000000000000e+00	1.000000000000000e+00	23	0	154
155	-4.470334724226000e+02 -3.748726063018000e+02 -1.894272067752000e+02	-2.611000000000000e-07  2.015000000000000e-07  0.000000000000000e+00	1.000000000000000e+00	27	0	155
156	 1.325828898654000e+02  3.750587789904000e+02 -1.894272067752000e+02	-1.539000000000000e-07  1.190000000000000e-07  0.000000000000000e+00	1.000000000000000e+00	27	0	156
159	-5.950127018922000e+02 -7.500000000000000e+02  2.324621008864000e+02	 2.995320937500000e-05  5.188045781250000e-05 -1.023291562500000e-05	4.218750000000000e-01	491	1	159
160	-4.472137155300000e+02 -4.940046463134000e+02  5.369051653674001e+02	 4.746300000000000e-06  8.220800000000001e-06 -1.298990000000000e-05	1.000000000000000e+00	491	0	160
161	 9.393153010390000e+01 -4.883197343956000e+02  7.500000000000000e+02	 4.400000000000001e-09 -7.600000000000000e-09  1.610000000000000e-07	1.000000000000000e+00	729	1	161
162	 1.965560726161000e+02 -6.660706561303000e+02  7.392203090057001e+02	 3.000000000000000e-09 -5.300000000000000e-09  1.347000000000000e-07	1.000000000000000e+00	729	0	162
164	5.204644894032000e+02 5.478298677320000e+01 2.286190426598000e+02	-7.076100000000000e-06  1.149300000000000e-06  0.000000000000000e+00	1.000000000000000e+00	8158	0	164
167	 9.015465835020001e+01 -3.750913520797000e+02  1.518683640526000e+02	-3.104000000000000e-07 -1.352000000000000e-07  0.000000000000000e+00	1.000000000000000e+00	8158	0	167
168	-2.362158728827000e+02  3.750130063176000e+02  1.518683640526000e+02	9.110000000000000e-08 3.980000000000000e-08 0.000000000000000e+00	1.000000000000000e+00	8158	0	168
169	-4.953753690037000e+02  3.403479836873000e+02 -7.010771356978000e+02	-5.290000000000000e-08  0.000000000000000e+00 -6.260000000000000e-07	1.000000000000000e+00	8158	0	169
172	 6.453318266886000e+02 -1.743623908805000e+02 -2.763551793639000e+02	9.070000000000000e-08 1.571000000000000e-07 9.328300000000000e-06	1.000000000000000e+00	8158	0	172
174	 4.493784594048000e+02 -5.808925314533000e+02 -2.978064162072000e+02	 4.831875000000000e-08 -8.370000000000000e-08  2.456983125000000e-05	5.625000000000000e-01	8158	0	174
177	 5.187075296344000e+02 -3.059633836263000e+02  1.469693845670000e+01	 2.320880000000000e-05 -2.740900000000000e-06  0.000000000000000e+00	1.000000000000000e+00	5009	0	177
179	 7.136807254500000e+00  6.910882722200000e+02 -6.011973762827000e+02	-1.434700000000000e-06  0.000000000000000e+00  1.328100000000000e-06	1.000000000000000e+00	8158	0	179
181	 2.146162820045000e+02 -4.510181882985000e+02  9.471360338760000e+01	 1.403000000000000e-07 -6.880000000000001e-08  0.000000000000000e+00	1.000000000000000e+00	8158	0	181
183	 3.679108382492000e+02 -2.774314652469000e+02  3.592584956082000e+02	 3.721370000000000e-05 -1.942100000000000e-06  0.000000000000000e+00	1.000000000000000e+00	8158	0	183
185	-8.212521738590000e+01 -3.795360097320000e+02 -3.837089895035000e+02	 9.842000000000000e-07  1.704700000000000e-06 -5.219500000000001e-06	1.000000000000000e+00	8158	0	185
187	4.253643607571000e+02 7.500000000000000e+02 3.804874067123000e+02	-2.430000000000000e-08 -7.500000000000001e-09  0.000000000000000e+00	1.000000000000000e+00	8006	1	187
189	 6.312735547687000e+02 -6.836862582317000e+02 -8.909020871700001e+00	 1.005000000000000e-07  1.741000000000000e-07 -1.616600000000000e-06	1.000000000000000e+00	97	0	189
190	 7.226903993623000e+02 -5.253476387279001e+02  1.374256271320000e+01	 8.300000000000000e-08  1.438000000000000e-07 -1.383800000000000e-06	1.000000000000000e+00	97	0	190
191	-8.696448553580001e+01 -4.531790043601000e+02  5.829785587824000e+02	-4.433300000000000e-06  7.415300000000000e-06  0.000000000000000e+00	1.000000000000000e+00	105	0	191
192	 5.748507344993001e+02 -8.656941000760000e+01  5.829785587824000e+02	 2.305380000000000e-05 -3.658810000000000e-05  0.000000000000000e+00	1.000000000000000e+00	105	0	192
193	-2.662120129246000e+02  4.955863681015000e+02 -4.164132562731000e+02	-8.755312500000000e-07  4.770562500000001e-07  0.000000000000000e+00	5.625000000000000e-01	8158	0	193
194	-1.996378258998000e+02  6.910882722200000e+02 -4.180260256918000e+02	-4.971202506753355e-05  0.000000000000000e+00  1.047114929479167e-04	2.375726401805878e-02	8158	0	194
195	-4.151809590669000e+02  6.910882722200000e+02 -1.236068407576000e+02	-1.170910000000000e-04  0.000000000000000e+00  2.266190000000000e-04	1.000000000000000e+00	8158	0	195
198	6.009441418233000e+02 5.538137954890000e+01 9.471360338760000e+01	 4.482100000000000e-06 -5.290100000000000e-06  0.000000000000000e+00	1.000000000000000e+00	8158	0	198
201	 5.169601665595001e+02  4.053688825140000e+02 -6.366121525070000e+02	 1.485000000000000e-07 -2.573000000000000e-07 -1.739600000000000e-06	1.000000000000000e+00	0	0	201
202	 4.570228065461000e+02 -5.768838192752000e+02  2.286190426598000e+02	-2.204402343750000e-05 -6.100628906250000e-07  0.000000000000000e+00	3.164062500000000e-01	8158	0	202
204	 6.372725360272000e+02  6.369648261640000e+02 -4.262112152443000e+02	2.230000000000000e-08 1.563000000000000e-07 0.000000000000000e+00	1.000000000000000e+00	646	0	204
205	-2.399951876720000e+01  7.500000000000000e+02 -4.262112152443000e+02	-9.440000000000000e-08 -3.359000000000000e-07  0.000000000000000e+00	1.000000000000000e+00	646	1	205
209	-7.832641561410000e+01  5.632588292734000e+02 -1.159425144917000e+02	-2.037310000000000e-05  3.133540000000000e-05  0.000000000000000e+00	1.000000000000000e+00	661	0	209
210	-6.686934260901000e+02  3.162139345800000e+00 -4.164132562731000e+02	 4.023000000000000e-07 -3.318000000000000e-07  0.000000000000000e+00	1.000000000000000e+00	8158	0	210
212	-6.318030635722000e+02  5.594890685140000e+02  1.077775486825000e+02	-9.228200000000001e-06  7.090000000000000e-07  0.000000000000000e+00	1.000000000000000e+00	23	0	212
213	-5.917876437627000e+02 -5.624712287804000e+02 -1.894272067752000e+02	-3.600000000000000e-08  2.790000000000000e-08  0.000000000000000e+00	1.000000000000000e+00	27	0	213
214	 2.775161332071000e+02  5.625190750176000e+02 -1.894272067752000e+02	-5.000000000000000e-08  3.870000000000000e-08  0.000000000000000e+00	1.000000000000000e+00	27	0	214
216	-3.986805686371000e+02 -4.099427700437000e+02  6.018448351472000e+02	 4.725300000000000e-06  8.184400000000001e-06 -1.487780000000000e-05	1.000000000000000e+00	491	0	216
221	 1.722749050562000e+02 -5.624834933005001e+02  1.518683640526000e+02	8.730000000000001e-08 3.900000000000000e-08 0.000000000000000e+00	1.000000000000000e+00	8158	0	221
222	-3.122718307553000e+02  5.640499955979000e+02  1.518683640526000e+02	-4.400000000000000e-07 -1.598000000000000e-07  0.000000000000000e+00	1.000000000000000e+00	8158	0	222
223	-6.345649903735000e+02  3.403479836873000e+02 -6.914417897147000e+02	-7.020000000000001e-08  0.000000000000000e+00 -1.315400000000000e-06	1.000000000000000e+00	8158	0	223
226	 7.014461717878000e+02 -7.716949413520000e+01 -2.782914783514000e+02	7.930000000000000e-08 1.374000000000000e-07 1.052060000000000e-05	1.000000000000000e+00	8158	0	226
228	 5.239751873183001e+02 -7.100978542778000e+02 -5.510780537438001e+02	 1.375570000000000e-05 -2.382550000000000e-05  3.830300000000000e-05	1.000000000000000e+00	8158	0	228
229	-4.996229019324000e+02  6.688762568148001e+02 -6.793251553319001e+02	4.396220000000000e-05 7.396700000000001e-05 0.000000000000000e+00	1.000000000000000e+00	8158	0	229
231	 4.871976156813000e+02 -5.372148555452001e+02  1.469693845670000e+01	 1.391800000000000e-06 -2.106000000000000e-07  0.000000000000000e+00	1.000000000000000e+00	5009	0	231
233	-4.741445044581000e+02  6.910882722200000e+02  4.336227756295000e+02	-2.343886875000000e-05  0.000000000000000e+00 -1.772950781250000e-05	4.218750000000000e-01	8158	0	233
234	 1.229367537788000e+02 -5.775986534278001e+02  9.471360338760000e+01	-9.821000000000001e-07  9.237000000000000e-07  0.000000000000000e+00	1.000000000000000e+00	8158	0	234
235	 3.498466381205000e+02 -5.362747986499000e+02  3.592584956082000e+02	 1.522520000000000e-05 -1.385800000000000e-06  0.000000000000000e+00	1.000000000000000e+00	8158	0	235
237	-2.086967817379000e+02 -5.987643899831000e+02 -4.619227772324000e+02	-1.340000000000000e-08 -2.320000000000000e-08  1.303000000000000e-07	1.000000000000000e+00	8158	0	237
238	4.382387657655000e+02 5.217608475151001e+02 4.704657621673000e+02	 6.083742500000000e-03  1.053735110000000e-02 -2.287431940000000e-02	1.000000000000000e+00	8158	0	238
241	-2.496056301617000e+02 -5.540306783233000e+02  5.829785587824000e+02	-1.288200000000000e-05  2.014680000000000e-05  0.000000000000000e+00	1.000000000000000e+00	105	0	241
242	7.143055127962000e+02 4.638587205300000e+00 5.829785587824000e+02	 1.436820000000000e-05 -2.380710000000000e-05  0.000000000000000e+00	1.000000000000000e+00	105	0	242
243	-2.214512462059000e+02  6.049235636718000e+02 -4.164132562731000e+02	-2.130283384809494e-05  3.288123598480225e-06  0.000000000000000e+00	5.631351470947266e-02	8158	0	243
246	 7.169776481875000e+02  5.892844193220000e+01 -5.861425863021000e+02	 1.434000000000000e-07 -2.484000000000000e-07 -3.520000000000000e-06	1.000000000000000e+00	0	0	246
247	 6.220180119331001e+02  2.234033565930000e+02 -6.043997641461000e+02	 1.664000000000000e-07 -2.883000000000000e-07 -2.808300000000000e-06	1.000000000000000e+00	0	0	247
248	 4.879650730480000e+02 -1.946713308152000e+02  2.286190426598000e+02	-2.843850000000000e-05  2.869400000000000e-06  0.000000000000000e+00	1.000000000000000e+00	8158	0	248
249	5.483209909863000e+02 1.793290673319000e+02 2.286190426598000e+02	1.220000000000000e-08 5.600000000000001e-09 0.000000000000000e+00	1.000000000000000e+00	8158	0	249
250	 4.117762326263000e+02  6.692320205830000e+02 -4.262112152443000e+02	1.600000000000000e-09 1.120000000000000e-08 0.000000000000000e+00	1.000000000000000e+00	646	0	250
251	 1.864189571154000e+02  7.024495317558001e+02 -4.262112152443000e+02	1.180000000000000e-08 6.590000000000000e-08 0.000000000000000e+00	1.000000000000000e+00	646	0	251
255	-4.113462468130000e+02  3.330014050833000e+02 -1.159425144917000e+02	-1.615409000000000e-04  2.286018000000000e-04  0.000000000000000e+00	1.000000000000000e+00	661	0	255
256	-5.066157748759000e+02  1.995914758826000e+02 -4.164132562731000e+02	 4.228000000000000e-07 -3.488000000000000e-07  0.000000000000000e+00	1.000000000000000e+00	8158	0	256
257	-3.449668328830000e+02  3.961888393141000e+02 -4.164132562731000e+02	 2.621812500000000e-07 -2.151562500000000e-07  0.000000000000000e+00	5.625000000000000e-01	8158	0	257
258	-6.610320644178000e+02 -4.260201264805000e+02  1.077775486825000e+02	-9.126400000000000e-05  1.329700000000000e-06  0.000000000000000e+00	1.000000000000000e+00	23	0	258
259	-6.569938301425000e+02  8.912546476600001e+01  1.077775486825000e+02	-2.451370000000000e-05  7.049000000000000e-07  0.000000000000000e+00	1.000000000000000e+00	23	0	259
260	-3.022001447681000e+02 -1.873350316248000e+02 -1.894272067752000e+02	-3.816000000000000e-07  2.948000000000000e-07  0.000000000000000e+00	1.000000000000000e+00	27	0	260
261	-1.233003495730000e+01  1.875827849554000e+02 -1.894272067752000e+02	-2.126000000000000e-07  1.644000000000000e-07  0.000000000000000e+00	1.000000000000000e+00	27	0	261
262	-5.855546904367001e+02 -7.336182436204000e+02  2.774056059620000e+02	 3.855993750000000e-06  6.678731250000000e-06 -5.709937500000000e-06	5.625000000000000e-01	491	0	262
263	-4.949408171177000e+02 -5.766704111613000e+02  4.672000480180000e+02	 3.405400000000000e-06  5.898300000000000e-06 -1.006290000000000e-05	1.000000000000000e+00	491	0	263
268	 8.584528894400000e+00 -1.875452456157000e+02  1.518683640526000e+02	-1.556000000000000e-07 -6.770000000000000e-08  0.000000000000000e+00	1.000000000000000e+00	8158	0	268
269	-1.545661446750000e+02  1.875219271604000e+02  1.518683640526000e+02	8.250000000000000e-08 3.590000000000000e-08 0.000000000000000e+00	1.000000000000000e+00	8158	0	269
270	-3.567241759781000e+02  3.403479836873000e+02 -7.149626814570000e+02	-4.740000000000000e-08  0.000000000000000e+00 -4.104000000000000e-07	1.000000000000000e+00	8158	0	270
273	 5.892076769724000e+02 -2.715722697206000e+02 -2.738940660234000e+02	9.410000000000000e-08 1.629000000000000e-07 7.652700000000000e-06	1.000000000000000e+00	8158	0	273
274	 4.467543891613000e+02 -5.763475084690000e+02  1.509761182640000e+02	-1.124980000000000e-05  1.948530000000000e-05  1.393300000000000e-05	1.000000000000000e+00	8158	0	274
277	 5.470127018922000e+02 -7.500000000000000e+02 -6.793251553319001e+02	0.000000000000000e+00 0.000000000000000e+00 0.000000000000000e+00	1.000000000000000e+00	8158	1	277
278	 5.446644284201000e+02 -5.808943887440000e+01  1.469693845670000e+01	 4.419020000000000e-05 -2.978000000000000e-06  0.000000000000000e+00	1.000000000000000e+00	5009	0	278
279	5.498424089292000e+02 4.063274465166000e+02 1.469693845670000e+01	 7.419920000000000e-05 -1.533300000000000e-06  0.000000000000000e+00	1.000000000000000e+00	5009	0	279
281	-4.029133633141000e+02  6.910882722200000e+02  1.167527097132000e+02	-1.311045000000000e-05  0.000000000000000e+00 -2.458050000000000e-06	7.500000000000000e-01	8158	0	281
282	 2.834432242543000e+02 -3.042341424826000e+02  9.471360338760000e+01	 2.041000000000000e-06 -1.113400000000000e-06  0.000000000000000e+00	1.000000000000000e+00	8158	0	282
283	 4.723373668350000e+02 -5.381655993820000e+01  9.471360338760000e+01	 3.205500000000000e-06 -3.544100000000000e-06  0.000000000000000e+00	1.000000000000000e+00	8158	0	283
284	 3.813233782299000e+02 -9.448651091200000e+00  3.592584956082000e+02	 5.994220000000000e-05 -2.906400000000000e-06  0.000000000000000e+00	1.000000000000000e+00	8158	0	284
286	 4.668826420730000e+01 -1.564245149127000e+02 -2.629436147086000e+02	 3.837300000000001e-06  6.646300000000000e-06 -1.171270000000000e-05	1.000000000000000e+00	8158	0	286
287	2.497341231865000e+02 1.952612291057000e+02 1.068705226754000e+02	-1.454010000000000e-05 -2.518430000000000e-05  4.132090000000000e-05	1.000000000000000e+00	8158	0	287
290	 7.787132706050001e+01 -3.586663872889000e+02  5.829785587824000e+02	 3.095700000000000e-06 -5.461000000000000e-06  0.000000000000000e+00	1.000000000000000e+00	105	0	290
291	 4.092050820695000e+02 -1.757301702531000e+02  5.829785587824000e+02	 1.331640000000000e-05 -2.569700000000000e-05  0.000000000000000e+00	1.000000000000000e+00	105	0	291
292	 4.592416975316000e+02 -5.979761610161000e+02  2.286190426598000e+02	-2.346860000000000e-05  4.064870000000000e-05  0.000000000000000e+00	1.000000000000000e+00	8158	0	292
297	-3.184705984300000e+00  6.104290243884000e+02 -1.159425144917000e+02	-8.243700000000000e-06  1.322190000000000e-05  0.000000000000000e+00	1.000000000000000e+00	661	0	297
298	-7.091912214663000e+02 -4.596333694630000e+01 -4.164132562731000e+02	 4.800000000000001e-07 -3.969000000000000e-07  0.000000000000000e+00	1.000000000000000e+00	8158	0	298
300	-6.221490731984001e+02  6.680602371725000e+02  1.077775486825000e+02	-6.083000000000001e-07  2.140000000000000e-08  0.000000000000000e+00	1.000000000000000e+00	23	0	300
301	-6.642935789095001e+02 -6.561710189564001e+02 -1.894272067752000e+02	-1.358000000000000e-07  1.050000000000000e-07  0.000000000000000e+00	1.000000000000000e+00	27	0	301
302	 3.499620126576000e+02  6.562652537662000e+02 -1.894272067752000e+02	-4.950000000000000e-08  3.820000000000000e-08  0.000000000000000e+00	1.000000000000000e+00	27	0	302
305	 2.139342890943000e+02 -6.560888773790000e+02  1.518683640526000e+02	4.055000000000000e-07 1.927000000000000e-07 0.000000000000000e+00	1.000000000000000e+00	8158	0	305
306	-3.517237806767000e+02  6.910882722200000e+02  1.518683640526000e+02	 3.812625000000000e-07 -2.719687500000000e-07 -2.353837500000000e-06	5.625000000000000e-01	8158	0	306
307	-7.048381657763000e+02  3.403479836873000e+02 -6.882338935101001e+02	-6.950000000000001e-08  0.000000000000000e+00 -1.909800000000000e-06	1.000000000000000e+00	8158	0	307
313	 4.738783632276000e+02 -6.436926804827000e+02  1.469693845670000e+01	-3.861700000000000e-06  6.506000000000001e-07  0.000000000000000e+00	1.000000000000000e+00	5009	0	313
314	5.814149667406000e+02 6.370762269337000e+02 1.469693845670000e+01	 5.405680000000000e-05 -1.697170000000000e-05  0.000000000000000e+00	1.000000000000000e+00	5009	0	314
315	-5.070316765551000e+02  6.910882722200000e+02  4.740761469195000e+02	-1.970195625000000e-05  0.000000000000000e+00 -1.992363750000000e-05	5.625000000000000e-01	8158	0	315
316	 5.840559106220000e+01 -6.429270754010000e+02  9.471360338760000e+01	-7.301000000000000e-07  7.617000000000001e-07  0.000000000000000e+00	1.000000000000000e+00	8158	0	316
317	 3.370968042246000e+02 -6.552257587956000e+02  3.592584956082000e+02	 5.776200000000000e-06 -7.303000000000000e-07  0.000000000000000e+00	1.000000000000000e+00	8158	0	317
319	-2.677115538600000e+02 -7.009809736957001e+02 -4.809664598935000e+02	-5.900000000000000e-09 -1.030000000000000e-08  1.014000000000000e-07	1.000000000000000e+00	8158	0	319
320	4.900424219175000e+02 6.114874119882001e+02 5.148123710385000e+02	 5.265923600000000e-03  9.120847200000001e-03 -3.168020230000000e-02	1.000000000000000e+00	8158	0	320
322	4.858839098494000e+02 5.737358793306000e+02 3.804874067123000e+02	1.738300000000000e-06 6.821000000000000e-07 0.000000000000000e+00	1.000000000000000e+00	8006	0	322
323	-3.292156974843000e+02 -6.053778478057001e+02  5.829785587824000e+02	-1.615100000000000e-05  2.542210000000000e-05  0.000000000000000e+00	1.000000000000000e+00	105	0	323
328	 4.983619187390000e+02 -1.015746971065000e+02  2.286190426598000e+02	-1.964830000000000e-05  2.325700000000000e-06  0.000000000000000e+00	1.000000000000000e+00	8158	0	328
333	-5.012920083842000e+02  2.696228296362000e+02 -1.159425144917000e+02	-2.043153000000000e-04  2.920831000000000e-04  0.000000000000000e+00	1.000000000000000e+00	661	0	333
334	-4.661033985904000e+02  2.487046506960000e+02 -4.164132562731000e+02	 4.527000000000000e-07 -3.733000000000000e-07  0.000000000000000e+00	1.000000000000000e+00	8158	0	334
335	-3.853490909290000e+02  3.470616100818000e+02 -4.164132562731000e+02	 2.844562500000000e-07 -2.332125000000000e-07  0.000000000000000e+00	5.625000000000000e-01	8158	0	335
336	-6.610417119358000e+02 -2.983108184553000e+02  1.077775486825000e+02	-1.007465000000000e-04 -2.232000000000000e-07  0.000000000000000e+00	1.000000000000000e+00	23	0	336
337	-6.598779915800001e+02 -3.317229874820000e+01  1.077775486825000e+02	-4.399520000000000e-05  7.485000000000000e-07  0.000000000000000e+00	1.000000000000000e+00	23	0	337
338	-2.297510440375000e+02 -9.359129896730001e+01 -1.894272067752000e+02	-3.797000000000000e-07  2.935000000000000e-07  0.000000000000000e+00	1.000000000000000e+00	27	0	338
339	-8.479117866890000e+01  9.384842200570000e+01 -1.894272067752000e+02	-2.469000000000000e-07  1.909000000000000e-07  0.000000000000000e+00	1.000000000000000e+00	27	0	339
342	-3.224024035200000e+01 -9.378952352610000e+01  1.518683640526000e+02	-1.445000000000000e-07 -6.290000000000000e-08  0.000000000000000e+00	1.000000000000000e+00	8158	0	342
343	-1.137933561742000e+02  9.375374065030000e+01  1.518683640526000e+02	6.800000000000001e-09 3.000000000000000e-09 0.000000000000000e+00	1.000000000000000e+00	8158	0	343
344	-2.841624211741000e+02  3.403479836873000e+02 -7.240063785043001e+02	-7.640000000000001e-08  0.000000000000000e+00 -5.833000000000000e-07	1.000000000000000e+00	8158	0	344
349	-1.642223945426000e+02  4.818953231513000e+02 -6.793251553319001e+02	 8.589825153808594e-05 -1.487801256591797e-04  0.000000000000000e+00	1.779785156250000e-01	8158	0	349
350	5.484450432353000e+02 2.548480504820000e+01 1.469693845670000e+01	 5.245420000000000e-05 -1.207900000000000e-06  0.000000000000000e+00	1.000000000000000e+00	5009	0	350
351	5.494069772261000e+02 3.006751076300000e+02 1.469693845670000e+01	 6.936910000000000e-05 -4.551000000000000e-07  0.000000000000000e+00	1.000000000000000e+00	5009	0	351
352	-4.181913649024000e+02  6.910882722200000e+02  3.592584956082000e+02	-4.143080000000000e-05  0.000000000000000e+00  0.000000000000000e+00	1.000000000000000e+00	8158	0	352
354	 3.242584482575000e+02 -2.346942481800000e+02  9.471360338760000e+01	 2.728200000000000e-06 -1.745300000000000e-06  0.000000000000000e+00	1.000000000000000e+00	8158	0	354
355	 4.186142592061000e+02 -1.086691395079000e+02  9.471360338760000e+01	 3.083200000000000e-06 -2.754900000000000e-06  0.000000000000000e+00	1.000000000000000e+00	8158	0	355
356	3.862452789597000e+02 9.861108657140001e+01 3.592584956082000e+02	 6.795930000000000e-05 -3.200600000000000e-06  0.000000000000000e+00	1.000000000000000e+00	8158	0	356
358	 1.049031740635000e+02 -5.559333328370001e+01 -1.752398807255000e+02	-2.329000000000000e-06 -4.033900000000000e-06 -7.872000000000001e-07	1.000000000000000e+00	8158	0	358
359	2.059533705382000e+02 1.194307411252000e+02 2.318367777480000e+01	-1.130640000000000e-05 -1.958330000000000e-05  2.452970000000000e-05	1.000000000000000e+00	8158	0	359
362	 1.601867722184000e+02 -3.120251628876000e+02  5.829785587824000e+02	 6.592300000000000e-06 -1.166160000000000e-05  0.000000000000000e+00	1.000000000000000e+00	105	0	362
363	 3.250947279641000e+02 -2.203242959246000e+02  5.829785587824000e+02	 1.174140000000000e-05 -2.180700000000000e-05  0.000000000000000e+00	1.000000000000000e+00	105	0	363
364	 4.658673853879000e+02 -4.625096911425000e+02  2.286190426598000e+02	-4.913920000000000e-05  3.736400000000000e-06  0.000000000000000e+00	1.000000000000000e+00	8158	0	364
365	 4.794388115819000e+02 -2.862940007453000e+02  2.286190426598000e+02	-3.860090000000000e-05  3.301700000000000e-06  0.000000000000000e+00	1.000000000000000e+00	8158	0	365
367	5.884422790047000e+02 2.680549601803000e+02 2.286190426598000e+02	-1.686000000000000e-07  8.210000000000000e-08  0.000000000000000e+00	1.000000000000000e+00	8158	0	367
374	-1.593561906521000e+02  5.098187133952000e+02 -1.159425144917000e+02	-4.383220000000000e-05  6.462250000000000e-05  0.000000000000000e+00	1.000000000000000e+00	661	0	374
375	-3.210950694788000e+02  3.969946870075000e+02 -1.159425144917000e+02	-1.143277000000000e-04  1.615674000000000e-04  0.000000000000000e+00	1.000000000000000e+00	661	0	375
376	-6.281711280503000e+02  5.226704336200000e+01 -4.164132562731000e+02	 3.786000000000000e-07 -3.124000000000000e-07  0.000000000000000e+00	1.000000000000000e+00	8158	0	376
377	-5.471316251395000e+02  1.504811871030000e+02 -4.164132562731000e+02	 3.941000000000000e-07 -3.251000000000000e-07  0.000000000000000e+00	1.000000000000000e+00	8158	0	377
378	-6.801950873326000e+02 -6.638524065792001e+02  1.077775486825000e+02	-1.952500000000000e-05  4.320200000000000e-06  0.000000000000000e+00	1.000000000000000e+00	23	0	378
379	-6.639389246671000e+02 -5.335154417300000e+02  1.077775486825000e+02	-6.211590000000001e-05  2.509000000000000e-06  0.000000000000000e+00	1.000000000000000e+00	23	0	379
380	-6.398337155535000e+02  4.468836945522000e+02  1.077775486825000e+02	-1.799700000000000e-05  1.215100000000000e-06  0.000000000000000e+00	1.000000000000000e+00	23	0	380
381	-6.527332939899001e+02  2.129505632706000e+02  1.077775486825000e+02	-2.616580000000000e-05  1.132700000000000e-06  0.000000000000000e+00	1.000000000000000e+00	23	0	381
382	-5.194074968079000e+02 -4.686743030798000e+02 -1.894272067752000e+02	-1.353000000000000e-07  1.044000000000000e-07  0.000000000000000e+00	1.000000000000000e+00	27	0	382
383	-3.746268816267000e+02 -2.810960386624000e+02 -1.894272067752000e+02	-3.393000000000000e-07  2.621000000000000e-07  0.000000000000000e+00	1.000000000000000e+00	27	0	383
384	 2.050464160124000e+02  4.687913212611000e+02 -1.894272067752000e+02	-1.044000000000000e-07  8.070000000000000e-08  0.000000000000000e+00	1.000000000000000e+00	27	0	384
385	 6.012393043040000e+01  2.813227109041000e+02 -1.894272067752000e+02	-1.915000000000000e-07  1.480000000000000e-07  0.000000000000000e+00	1.000000000000000e+00	27	0	385
388	5.500990915892000e+02 1.403696320800000e+01 9.471360338760000e+01	 4.809400000000000e-06 -5.724400000000001e-06  0.000000000000000e+00	1.000000000000000e+00	8158	0	388
390	 1.310645444819000e+02 -4.688534440710000e+02  1.518683640526000e+02	-3.473000000000000e-07 -1.521000000000000e-07  0.000000000000000e+00	1.000000000000000e+00	8158	0	390
391	 4.939767163090000e+01 -2.813059941603000e+02  1.518683640526000e+02	-1.880000000000000e-07 -8.180000000000000e-08  0.000000000000000e+00	1.000000000000000e+00	8158	0	391
392	-2.772544149746000e+02  4.686606548154000e+02  1.518683640526000e+02	8.380000000000001e-08 3.630000000000000e-08 0.000000000000000e+00	1.000000000000000e+00	8158	0	392
393	-1.953637579588000e+02  2.812793301287000e+02  1.518683640526000e+02	1.251000000000000e-07 5.450000000000000e-08 0.000000000000000e+00	1.000000000000000e+00	8158	0	393
394	-5.642947470663000e+02  3.403479836873000e+02 -6.957657227769000e+02	-6.080000000000000e-08  0.000000000000000e+00 -8.777000000000001e-07	1.000000000000000e+00	8158	0	394
395	-4.271703770204000e+02  3.403479836873000e+02 -7.073709283007000e+02	-4.910000000000000e-08  0.000000000000000e+00 -4.931000000000000e-07	1.000000000000000e+00	8158	0	395
400	 5.045126598877000e+02 -6.763877679243001e+02 -4.708490473637000e+02	 5.876400000000000e-06 -1.017820000000000e-05  8.350420000000001e-05	1.000000000000000e+00	8158	0	400
401	 4.327846180404000e+02 -5.521511551174000e+02 -2.630033036592000e+02	-4.709914415339381e-06  8.157811636147556e-06  5.994002702074964e-06	1.336346101015806e-02	8158	0	401
402	-4.624383295558000e+02  6.476001112371000e+02 -6.793251553319001e+02	6.801460000000000e-05 1.281452000000000e-04 0.000000000000000e+00	1.000000000000000e+00	8158	0	402
403	-3.947189223212000e+02  6.127241352815000e+02 -6.793251553319001e+02	3.136570000000000e-05 6.048470000000000e-05 0.000000000000000e+00	1.000000000000000e+00	8158	0	403
406	 5.025464678887000e+02 -4.296261553960000e+02  1.469693845670000e+01	 1.113590000000000e-05 -1.608800000000000e-06  0.000000000000000e+00	1.000000000000000e+00	5009	0	406
407	 5.336966529803000e+02 -1.671652729338000e+02  1.469693845670000e+01	 3.538980000000000e-05 -3.518300000000000e-06  0.000000000000000e+00	1.000000000000000e+00	5009	0	407
408	5.722916714502001e+02 5.976719537235000e+02 1.469693845670000e+01	 5.833150000000000e-05 -9.191800000000001e-06  0.000000000000000e+00	1.000000000000000e+00	5009	0	408
409	5.568938439471000e+02 4.986797500179000e+02 1.469693845670000e+01	 6.578700000000000e-05 -6.236100000000000e-06  0.000000000000000e+00	1.000000000000000e+00	5009	0	409
412	 1.663305065728000e+02 -5.265877343841000e+02  9.471360338760000e+01	-6.282000000000000e-07  4.660000000000000e-07  0.000000000000000e+00	1.000000000000000e+00	8158	0	412
413	 2.474591706713000e+02 -3.772765235481000e+02  9.471360338760000e+01	 7.436000000000001e-07 -3.502000000000000e-07  0.000000000000000e+00	1.000000000000000e+00	8158	0	413
414	 3.602462863417000e+02 -4.064409372024000e+02  3.592584956082000e+02	 2.590660000000000e-05 -1.777300000000000e-06  0.000000000000000e+00	1.000000000000000e+00	8158	0	414
415	 3.746638608687000e+02 -1.421300243869000e+02  3.592584956082000e+02	 4.895930000000000e-05 -2.341200000000000e-06  0.000000000000000e+00	1.000000000000000e+00	8158	0	415
416	-8.132625707990000e+01  6.910882722200000e+02  3.592584956082000e+02	0.000000000000000e+00 0.000000000000000e+00 0.000000000000000e+00	1.000000000000000e+00	8158	0	416
418	-1.456935158687000e+02 -4.896395324549000e+02 -4.281676502763000e+02	 1.225000000000000e-07  2.121000000000000e-07 -7.419000000000000e-07	1.000000000000000e+00	8158	0	418
419	-1.761104059310000e+01 -2.677941777183000e+02 -3.305384507302000e+02	 2.170900000000000e-06  3.760200000000000e-06 -9.351000000000001e-06	1.000000000000000e+00	8158	0	419
424	4.526002847692000e+02 6.616296961684001e+02 3.804874067123000e+02	1.291100000000000e-06 4.402000000000000e-07 0.000000000000000e+00	1.000000000000000e+00	8006	0	424
426	-1.689781401141000e+02 -5.027471788912000e+02  5.829785587824000e+02	-8.715100000000001e-06  1.396740000000000e-05  0.000000000000000e+00	1.000000000000000e+00	105	0	426
427	-4.578874853000000e+00 -4.054590646883000e+02  5.829785587824000e+02	-5.592000000000000e-07  9.444000000000000e-07  0.000000000000000e+00	1.000000000000000e+00	105	0	427
428	 6.472376596363000e+02 -3.806181555010000e+01  5.829785587824000e+02	 2.386320000000000e-05 -3.525120000000000e-05  0.000000000000000e+00	1.000000000000000e+00	105	0	428
429	 4.948860666281000e+02 -1.326252383073000e+02  5.829785587824000e+02	 1.400730000000000e-05 -2.526410000000000e-05  0.000000000000000e+00	1.000000000000000e+00	105	0	429
430	-2.388349055221000e+02  5.500920594140000e+02 -4.164132562731000e+02	-8.761000000000001e-07  3.390000000000000e-07  0.000000000000000e+00	1.000000000000000e+00	8158	0	430
431	-3.046616556822000e+02  4.453799766290000e+02 -4.164132562731000e+02	 9.928124999999999e-08 -8.071875000000000e-08  0.000000000000000e+00	5.625000000000000e-01	8158	0	431
432	-2.148466914892000e+02  6.910882722200000e+02 -4.155095371319000e+02	-2.594339900000000e-05  0.000000000000000e+00 -3.484685950000000e-05	5.000000000000000e-03	8158	0	432
433	-4.460816742221000e+02  6.910882722200000e+02  5.645369234300000e+00	-1.089830000000000e-05  0.000000000000000e+00  2.950650000000000e-05	1.000000000000000e+00	8158	0	433
434	6.632318826140000e+02 1.107947826926000e+02 9.471360338760000e+01	 5.892500000000000e-06 -7.161400000000001e-06  0.000000000000000e+00	1.000000000000000e+00	8158	0	434
436	 4.902799172242000e+02  4.515804299212000e+02 -6.472431256978000e+02	 1.695000000000000e-07 -2.935000000000000e-07 -1.484400000000000e-06	1.000000000000000e+00	0	0	436
438	5.174841420030000e+02 6.590178654234001e+02 5.283037250684000e+02	-1.693451925000000e-03 -2.933144775000000e-03  1.299632385000000e-02	7.500000000000000e-01	8158	0	438
439	 1.313156585620000e+02 -9.845568178300001e+00 -1.264119131370000e+02	-7.001900000000001e-06 -1.212770000000000e-05  3.129900000000000e-06	1.000000000000000e+00	8158	0	439
440	 1.830180519628000e+02  7.970560406500000e+01 -2.279222226780000e+01	-9.174500000000000e-06 -1.589070000000000e-05  1.937320000000000e-05	1.000000000000000e+00	8158	0	440
441	-1.140139499690000e+02 -4.347689147549000e+02 -4.065646217404000e+02	 5.042000000000000e-07  8.732000000000001e-07 -2.855700000000000e-06	1.000000000000000e+00	8158	0	441
442	-4.996206291060000e+01 -3.238277920490000e+02 -3.587451833130000e+02	 1.471300000000000e-06  2.548400000000000e-06 -7.068300000000001e-06	1.000000000000000e+00	8158	0	442
444	5.700127018922000e+02 7.500000000000000e+02 3.592584956082000e+02	 0.000000000000000e+00 -0.000000000000000e+00  0.000000000000000e+00	1.000000000000000e+00	8158	1	444
445	-2.391610424633000e+02 -6.515300373744000e+02 -4.731553541933000e+02	-1.200000000000000e-08 -2.080000000000000e-08  1.541000000000000e-07	1.000000000000000e+00	8158	0	445
446	-1.773154448036000e+02 -5.444103200034000e+02 -4.468641414166000e+02	 8.200000000000001e-09  1.420000000000000e-08 -5.200000000000000e-08	1.000000000000000e+00	8158	0	446
447	4.642318005253000e+02 5.667821043621000e+02 4.929798207668000e+02	-5.852797500000000e-05 -1.013734500000000e-04  2.479828500000000e-04	7.500000000000000e-01	8158	0	447
448	4.141519560204000e+02 4.800412692445000e+02 4.398589483440000e+02	 5.487321000000001e-04  9.504320000000001e-04 -1.683322900000000e-03	1.000000000000000e+00	8158	0	448
449	 7.712747738330000e+01 -1.037022511494000e+02 -2.207458320564000e+02	 2.606200000000000e-06  4.514000000000000e-06 -8.234100000000000e-06	1.000000000000000e+00	8158	0	449
450	 1.473009476910000e+01 -2.117776880966000e+02 -2.991068380589000e+02	 3.377200000000000e-06  5.849400000000000e-06 -1.249500000000000e-05	1.000000000000000e+00	8158	0	450
451	2.284219190229000e+02 1.583474086732000e+02 6.691691020530000e+01	-1.432830000000000e-05 -2.481730000000000e-05  2.925640000000000e-05	1.000000000000000e+00	8158	0	451
452	2.735354003986000e+02 2.364862505222000e+02 1.491153139263000e+02	-9.147937500000000e-06 -1.584469687500000e-05  5.278158281250000e-05	4.218750000000000e-01	8158	0	452
453	 3.299661490523000e+02 -7.022650747045001e+02  3.592584956082000e+02	 1.841700000000000e-06 -2.889000000000000e-07  0.000000000000000e+00	1.000000000000000e+00	8158	0	453
455	-3.751452607225000e+02 -3.691784209639000e+02  6.299948619500000e+02	 4.362500000000000e-06  7.556000000000000e-06 -1.509480000000000e-05	1.000000000000000e+00	491	0	455
459	 3.440262073513000e+02 -5.960494870692000e+02  3.592584956082000e+02	 1.054580000000000e-05 -1.111000000000000e-06  0.000000000000000e+00	1.000000000000000e+00	8158	0	459
460	3.888015741528000e+02 1.489493446842000e+02 3.592584956082000e+02	 7.230190000000001e-05 -2.296600000000000e-06  0.000000000000000e+00	1.000000000000000e+00	8158	0	460
465	 4.285948601040000e+01  6.380367701809000e+02 -1.159425144917000e+02	-3.271900000000000e-06  5.537600000000000e-06  0.000000000000000e+00	1.000000000000000e+00	661	0	465
468	-7.096384722986000e+02  7.352022995840001e+01  6.580962442277000e+02	-1.229660000000000e-04 -4.760170000000000e-05  0.000000000000000e+00	1.000000000000000e+00	1105	0	468
471	 3.552156834941000e+02 -4.740296582887000e+02  3.592584956082000e+02	 2.020930000000000e-05 -1.603400000000000e-06  0.000000000000000e+00	1.000000000000000e+00	8158	0	471
479	7.497615001323001e+02 5.715767664980000e+01 6.580962442277000e+02	-2.670943359375000e-06  3.041296875000000e-06  0.000000000000000e+00	3.164062500000000e-01	1105	0	479
483	 5.112990596979000e+02 -3.700477874039000e+02  1.469693845670000e+01	 1.706200000000000e-05 -2.161100000000000e-06  0.000000000000000e+00	1.000000000000000e+00	5009	0	483
484	-6.087040539786000e+02  9.459541159150001e+01  6.580962442277000e+02	-9.677050000000000e-05 -3.498760000000000e-05  0.000000000000000e+00	1.000000000000000e+00	1105	0	484
486	-3.767716496284000e+02 -6.346863025381000e+02  5.829785587824000e+02	-1.685090000000000e-05  2.813910000000000e-05  0.000000000000000e+00	1.000000000000000e+00	105	0	486
487	5.270968600479000e+02 6.756675814760000e+02 2.286190426598000e+02	 1.252965190429688e-05  2.170200607910156e-05 -2.748477722167969e-05	1.779785156250000e-01	8158	0	487
488	 4.621501744001000e+02  5.003025736965000e+02 -6.605463720337000e+02	 1.473000000000000e-07 -2.551000000000000e-07 -1.173800000000000e-06	1.000000000000000e+00	0	0	488
490	5.051321546614000e+02 5.341696787131000e+02 3.804874067123000e+02	2.460700000000000e-06 1.579500000000000e-06 0.000000000000000e+00	1.000000000000000e+00	8006	0	490
491	-5.204288421865000e+02 -6.208169655651001e+02  4.259144119999000e+02	-2.017000000000000e-06 -3.493600000000000e-06 -8.420900000000001e-06	1.000000000000000e+00	491	0	491
494	 8.429510544300001e+00 -6.867385155557000e+02  9.471360338760000e+01	 1.262600000000000e-06 -1.337000000000000e-06  0.000000000000000e+00	1.000000000000000e+00	8158	0	494
495	 5.261184654472000e+02 -2.446184581293000e+02  1.469693845670000e+01	 2.806170000000000e-05 -2.966000000000000e-06  0.000000000000000e+00	1.000000000000000e+00	5009	0	495
496	 3.427968152291000e+02 -6.983684017968001e+02  1.090855498080000e+01	7.617400000000000e-06 1.319370000000000e-05 4.145010000000000e-05	1.000000000000000e+00	8158	0	496
497	-4.707580122221000e+02 -5.347845644127000e+02  5.032547851249000e+02	 4.527200000000000e-06  7.841300000000001e-06 -1.263560000000000e-05	1.000000000000000e+00	491	0	497
499	 5.031960585421000e+02 -4.205487628830000e+02 -2.686312616859000e+02	8.540000000000000e-08 1.479000000000000e-07 4.186800000000000e-06	1.000000000000000e+00	8158	0	499
501	-5.028879369238000e+02  1.048838897062000e+02  6.580962442277000e+02	-5.710740000000000e-05 -2.320420000000000e-05  0.000000000000000e+00	1.000000000000000e+00	1105	0	501
503	-4.258901383639000e+02  1.074460755235000e+02  6.580962442277000e+02	-7.493600000000001e-06 -1.316290000000000e-05  0.000000000000000e+00	1.000000000000000e+00	1105	0	503
505	5.310072810828000e+02 1.199951597499000e+02 2.286190426598000e+02	-1.124400000000000e-06  1.816000000000000e-07  0.000000000000000e+00	1.000000000000000e+00	8158	0	505
507	-5.692426686331000e+02 -7.053649930825001e+02  3.247416084667000e+02	 1.794600000000000e-06  3.108300000000000e-06 -1.067780000000000e-05	1.000000000000000e+00	491	0	507
512	 9.292835269000000e+01  6.669844774043000e+02 -1.159425144917000e+02	-1.851000000000000e-07  2.967000000000000e-07  0.000000000000000e+00	1.000000000000000e+00	661	0	512
519	-3.563227310808000e+02  1.069070959213000e+02  6.580962442277000e+02	-5.170900000000000e-06 -4.662800000000000e-06  0.000000000000000e+00	1.000000000000000e+00	1105	0	519
521	-5.942118803948000e+02 -7.486129364787000e+02  2.418385652795000e+02	 2.017030517578125e-06  3.493611474609375e-06 -4.157044189453125e-07	1.779785156250000e-01	491	0	521
523	 4.977787326060000e+01  6.910882722200000e+02 -6.307096299175000e+02	2.210200000000000e-06 0.000000000000000e+00 3.123300000000000e-06	1.000000000000000e+00	8158	0	523
527	5.485621350412000e+02 2.218186480168000e+02 1.469693845670000e+01	 6.310150000000000e-05 -5.287000000000000e-07  0.000000000000000e+00	1.000000000000000e+00	5009	0	527
529	-3.504187417807000e+02 -3.263508338623000e+02  6.567255599865000e+02	 3.902000000000000e-06  6.758500000000001e-06 -1.520750000000000e-05	1.000000000000000e+00	491	0	529
530	-5.394742362353001e+02  6.910882722200000e+02  5.123075181709000e+02	-1.848183750000000e-05  0.000000000000000e+00 -1.715501250000000e-05	5.625000000000000e-01	8158	0	530
531	5.407423585348000e+02 6.993022781499001e+02 5.411699399319000e+02	 3.335359600000000e-03  5.777012300000000e-03 -3.220745020000000e-02	1.000000000000000e+00	8158	0	531
535	 4.337532267579000e+02  5.494875297926001e+02 -6.750058477503001e+02	 8.175000000000000e-09 -1.410000000000000e-08 -1.025625000000000e-06	7.500000000000000e-01	0	0	535
537	-2.895086147861000e+02  1.040705293761000e+02  6.580962442277000e+02	-3.848700000000000e-06  4.153800000000000e-06  0.000000000000000e+00	1.000000000000000e+00	1105	0	537
538	-6.550163478157000e+02  1.520626554785000e+02  1.077775486825000e+02	-2.299470000000000e-05  7.913000000000001e-07  0.000000000000000e+00	1.000000000000000e+00	23	0	538
540	-7.093475767385000e+02 -6.564767224769000e+02 -1.159425144917000e+02	5.181090000000000e-05 2.805170000000000e-05 0.000000000000000e+00	1.000000000000000e+00	661	0	540
545	-2.259130346835000e+02  9.951695341620001e+01  6.580962442277000e+02	-4.396200000000000e-06  1.219380000000000e-05  0.000000000000000e+00	1.000000000000000e+00	1105	0	545
547	-6.612334266578000e+02 -2.269371229971000e+02  1.077775486825000e+02	-9.107620000000001e-05 -1.095000000000000e-07  0.000000000000000e+00	1.000000000000000e+00	23	0	547
553	5.483276609355000e+02 8.819553888990001e+01 1.469693845670000e+01	5.637470000000000e-05 1.377000000000000e-07 0.000000000000000e+00	1.000000000000000e+00	5009	0	553
560	-7.302973692937001e+02 -6.161970188199000e+02 -1.159425144917000e+02	-1.842840000000000e-05 -3.591500000000000e-06  0.000000000000000e+00	1.000000000000000e+00	661	0	560
566	-6.607545991318000e+02 -9.524838105640001e+01  1.077775486825000e+02	-5.892690000000000e-05  5.934000000000000e-07  0.000000000000000e+00	1.000000000000000e+00	23	0	566
567	-6.586022742985000e+02  2.817438747000000e+01  1.077775486825000e+02	-3.195590000000000e-05  7.423000000000001e-07  0.000000000000000e+00	1.000000000000000e+00	23	0	567
568	-1.609916798745000e+02  9.351909146680001e+01  6.580962442277000e+02	-4.700000000000000e-09  1.916340000000000e-05  0.000000000000000e+00	1.000000000000000e+00	1105	0	568
571	-5.625355889352001e+02  2.272435706635000e+02 -1.159425144917000e+02	-2.444328000000000e-04  3.514435000000000e-04  0.000000000000000e+00	1.000000000000000e+00	661	0	571
572	-3.679956324706000e+02  6.910882722200000e+02  1.518683640526000e+02	-4.652453320312500e-06 -2.834367187500000e-07  4.373549121093751e-06	2.373046875000000e-01	8158	0	572
582	-4.238054697686000e+02 -6.618132477638001e+02  5.829785587824000e+02	-1.700110000000000e-05  3.031640000000000e-05  0.000000000000000e+00	1.000000000000000e+00	105	0	582
583	-9.697710427280001e+01  8.680080167040001e+01  6.580962442277000e+02	2.498400000000000e-06 2.495140000000000e-05 0.000000000000000e+00	1.000000000000000e+00	1105	0	583
585	 4.042461808843000e+02  6.005952324269000e+02 -6.927894574118001e+02	-2.483800000000000e-06  4.302100000000000e-06 -1.705600000000000e-06	1.000000000000000e+00	0	0	585
589	 1.440177119768000e+02  6.950358209552001e+02 -1.159425144917000e+02	 2.016900000000000e-06 -3.806800000000000e-06  0.000000000000000e+00	1.000000000000000e+00	661	0	589
595	5.335395759749000e+02 4.921605341763000e+02 3.804874067123000e+02	2.414600000000000e-06 1.924400000000000e-06 0.000000000000000e+00	1.000000000000000e+00	8006	0	595
598	 9.603422552840000e+01  6.910882722200000e+02 -6.588670621629000e+02	1.936800000000000e-06 0.000000000000000e+00 3.318100000000000e-06	1.000000000000000e+00	8158	0	598
600	-3.437999011840000e+01  7.967806766420000e+01  6.580962442277000e+02	4.349400000000000e-06 3.034200000000000e-05 0.000000000000000e+00	1.000000000000000e+00	1105	0	600
602	-4.326207851963000e+02  6.910882722200000e+02  6.345529259880000e+01	-1.019100000000000e-05  0.000000000000000e+00  1.014700000000000e-05	1.000000000000000e+00	8158	0	602
610	-5.721860992914001e+02  6.910882722200000e+02  5.496709309638001e+02	-1.678920000000000e-05  0.000000000000000e+00 -1.520505000000000e-05	7.500000000000000e-01	8158	0	610
611	-6.609373182301000e+02 -3.602604576753000e+02  1.077775486825000e+02	-1.051846000000000e-04 -7.400000000000000e-09  0.000000000000000e+00	1.000000000000000e+00	23	0	611
615	 4.300000000000000e+02 -5.473280551918000e+02 -2.606506917860000e+02	0.000000000000000e+00 0.000000000000000e+00 0.000000000000000e+00	1.000000000000000e+00	8158	0	615
616	-3.245977286288000e+02 -2.816275271804000e+02  6.810433533614000e+02	 3.185900000000000e-06  5.518100000000001e-06 -1.440090000000000e-05	1.000000000000000e+00	491	0	616
618	2.664175159800000e+01 7.211558010280000e+01 6.580962442277000e+02	5.983300000000000e-06 3.442750000000000e-05 0.000000000000000e+00	1.000000000000000e+00	1105	0	618
620	 3.742807705288000e+02  6.524968456323001e+02 -7.074896120857001e+02	-5.310304369354248e-06  9.197716391372682e-06 -1.519496304702759e-06	7.508468627929688e-02	0	0	620
625	-6.717470925465000e+02  1.589121877229000e+02 -1.159425144917000e+02	-2.018071000000000e-04  4.731846000000000e-04  0.000000000000000e+00	1.000000000000000e+00	661	0	625
627	 5.203644020490000e+02 -6.852763325139000e+02  2.286190426598000e+02	-1.570080000000000e-05  3.627910000000000e-05  0.000000000000000e+00	1.000000000000000e+00	8158	0	627
630	-3.350997449476000e+02  6.910882722200000e+02  1.800618829190000e+02	-1.085124726562500e-05  0.000000000000000e+00 -3.488094140625000e-06	3.164062500000000e-01	8158	0	630
631	8.634667645250001e+01 6.387877175880000e+01 6.580962442277000e+02	8.276100000000000e-06 4.067230000000000e-05 0.000000000000000e+00	1.000000000000000e+00	1105	0	631
639	 1.463792731874000e+02  6.910882722200000e+02 -6.850364378970000e+02	1.281000000000000e-07 0.000000000000000e+00 2.360000000000000e-07	1.000000000000000e+00	8158	0	639
646	 3.643573653334000e+02 -3.418591707512000e+02  3.592584956082000e+02	 3.148450000000000e-05 -1.859900000000000e-06  0.000000000000000e+00	1.000000000000000e+00	8158	0	646
647	 3.711286808564000e+02 -2.125912806506000e+02  3.592584956082000e+02	 4.310060000000000e-05 -2.151500000000000e-06  0.000000000000000e+00	1.000000000000000e+00	8158	0	647
655	 1.967767722293000e+02  7.218130770734000e+02 -1.159425144917000e+02	 5.355900000000000e-06 -1.127570000000000e-05  0.000000000000000e+00	1.000000000000000e+00	661	0	655
660	-4.716432268835000e+02 -6.879138694269001e+02  5.829785587824000e+02	-1.776560000000000e-05  3.400630000000000e-05  0.000000000000000e+00	1.000000000000000e+00	105	0	660
664	1.457484671635000e+02 5.457611130430000e+01 6.580962442277000e+02	9.876800000000000e-06 4.639010000000000e-05 0.000000000000000e+00	1.000000000000000e+00	1105	0	664
681	 3.355771182849000e+02  7.195335377572001e+02 -7.316864222479001e+02	-1.377484883308411e-06  2.385874097156525e-06  7.267090132713318e-07	5.631351470947266e-02	0	0	681
688	-6.070502380119000e+02  6.910882722200000e+02  5.885205720937000e+02	-1.357510000000000e-05  0.000000000000000e+00 -1.366070000000000e-05	1.000000000000000e+00	8158	0	688
689	2.053674046379000e+02 4.388255014920000e+01 6.580962442277000e+02	1.092730000000000e-05 5.712360000000000e-05 0.000000000000000e+00	1.000000000000000e+00	1105	0	689
696	 4.690842004495000e+02 -4.796322342400000e+02 -2.654905049949000e+02	6.498984375000000e-08 1.125457031250000e-07 2.472904687500000e-06	3.164062500000000e-01	8158	0	696
703	2.656971053668000e+02 3.159614204020000e+01 6.580962442277000e+02	1.224870000000000e-05 7.035920000000001e-05 0.000000000000000e+00	1.000000000000000e+00	1105	0	703
707	 3.775574863578000e+02 -7.866688583980000e+01  3.592584956082000e+02	 5.423490000000000e-05 -2.710300000000000e-06  0.000000000000000e+00	1.000000000000000e+00	8158	0	707
708	 4.241223499091000e+02 -5.473280551918000e+02 -2.582851770646000e+02	-2.747448783874512e-06  0.000000000000000e+00 -1.716335815429688e-06	1.001129150390625e-01	8158	0	708
710	3.315094165873000e+02 1.685075155980000e+01 6.580962442277000e+02	1.712160000000000e-05 8.531880000000000e-05 0.000000000000000e+00	1.000000000000000e+00	1105	0	710
712	-3.375460484815000e+02  6.910882722200000e+02  2.112433633227000e+02	-1.870858125000000e-05  0.000000000000000e+00 -1.058709375000000e-05	5.625000000000000e-01	8158	0	712
714	 4.821926829448000e+02 -1.626675955640000e+01  6.580962442277000e+02	1.104727000000000e-04 1.096154000000000e-04 0.000000000000000e+00	1.000000000000000e+00	1105	0	714
715	 5.505179590520000e+02 -2.610423286940000e+01  6.580962442277000e+02	1.286980000000000e-04 1.256470000000000e-04 0.000000000000000e+00	1.000000000000000e+00	1105	0	715
717	 6.006311186843001e+02 -2.600984934120000e+01  6.580962442277000e+02	1.211194000000000e-04 1.325576000000000e-04 0.000000000000000e+00	1.000000000000000e+00	1105	0	717
718	-5.363794655985000e+02  6.949799644570001e+02 -6.793251553319001e+02	1.153040000000000e-05 1.474200000000000e-05 0.000000000000000e+00	1.000000000000000e+00	8158	0	718
720	 6.469363507115000e+02 -1.551489613110000e+01  6.580962442277000e+02	8.924330000000001e-05 1.225230000000000e-04 0.000000000000000e+00	1.000000000000000e+00	1105	0	720
722	 1.997606594953000e+02  6.910882722200000e+02 -7.088704627893001e+02	-1.337000000000000e-07  0.000000000000000e+00 -3.320000000000000e-07	1.000000000000000e+00	8158	0	722
728	 4.775677077554000e+02 -6.297177418237001e+02 -3.768127264318000e+02	-1.593000000000000e-06  2.759200000000000e-06  7.417700000000000e-05	1.000000000000000e+00	8158	0	728
729	6.958033575057000e+02 9.770051824000001e+00 6.580962442277000e+02	2.853590000000000e-05 8.344530000000001e-05 0.000000000000000e+00	1.000000000000000e+00	1105	0	729
733	5.861614458445000e+02 4.343961995945000e+02 3.804874067123000e+02	1.848700000000000e-06 2.034600000000000e-06 0.000000000000000e+00	1.000000000000000e+00	8006	0	733
737	-6.462275320863000e+02  6.910882722200000e+02  6.313967192664001e+02	-1.480600000000000e-05  0.000000000000000e+00 -4.564600000000000e-06	1.000000000000000e+00	8158	0	737
740	-2.977232146587000e+02 -2.350795035555000e+02  7.027350034822000e+02	 2.375100000000000e-06  4.113700000000000e-06 -1.258370000000000e-05	1.000000000000000e+00	491	0	740
745	-5.986771271321001e+02  7.500000000000000e+02 -6.793251553319001e+02	7.941260000000001e-05 8.991670000000001e-05 0.000000000000000e+00	1.000000000000000e+00	8158	1	745
746	-8.604189469870001e+01  6.910882722200000e+02 -5.192771042042000e+02	 1.155930000000000e-05  0.000000000000000e+00 -5.647200000000000e-06	1.000000000000000e+00	8158	0	746
747	6.163972964089000e+02 4.088976059914000e+02 3.804874067123000e+02	1.094200000000000e-06 1.320900000000000e-06 0.000000000000000e+00	1.000000000000000e+00	8006	0	747
755	-2.718327258239000e+02  5.489453717274000e+02 -6.793251553319001e+02	1.626714000000000e-04 2.248281750000000e-04 0.000000000000000e+00	7.500000000000000e-01	8158	0	755
771	6.562521003830000e+02 3.778492368459000e+02 3.804874067123000e+02	-2.424900000000000e-06 -3.071500000000000e-06  0.000000000000000e+00	1.000000000000000e+00	8006	0	771
776	 2.559285112877000e+02  6.910882722200000e+02 -7.301150812548000e+02	-3.223000000000000e-07  0.000000000000000e+00 -8.749000000000000e-07	1.000000000000000e+00	8158	0	776
805	-1.060679756294000e+02  3.811689149090000e+02 -7.342355638668000e+02	 2.778706172839507e-07 -4.812879012345681e-07 -1.951171160493828e-05	1.580246913580247e-02	8158	0	805
828	-1.386446684432000e+02  3.403479836873000e+02 -7.451742920333000e+02	 8.283120117187500e-07  0.000000000000000e+00 -1.913321250000000e-05	2.373046875000000e-01	8158	0	828
864	-2.697751601612000e+02 -1.866720531931000e+02  7.215570739601001e+02	 1.510600000000000e-06  2.616400000000000e-06 -9.572500000000000e-06	1.000000000000000e+00	491	0	864
865	 4.000257686988000e+02 -5.473280551918000e+02 -2.194579739482000e+02	-1.516061250000000e-05  0.000000000000000e+00  4.644928125000000e-05	5.625000000000000e-01	8158	0	865
909	-1.272672889664000e+02  6.910882722200000e+02  3.592584956082000e+02	0.000000000000000e+00 0.000000000000000e+00 0.000000000000000e+00	4.218750000000000e-01	8158	0	909
1000	-3.595104528491000e+02  6.910882722200000e+02  2.648356052258000e+02	-2.799010000000000e-05  0.000000000000000e+00 -1.626660000000000e-05	1.000000000000000e+00	8158	0	1000
1002	7.023829522720000e+02 3.412534061822000e+02 3.804874067123000e+02	-5.408000000000001e-06 -6.180000000000000e-06  0.000000000000000e+00	1.000000000000000e+00	8006	0	1002
1003	-4.459581503526000e+02  6.910882722200000e+02  3.970568503905000e+02	-2.776237031250000e-05  0.000000000000000e+00 -1.476478125000000e-05	4.218750000000000e-01	8158	0	1003
1011	6.940269926885001e+02 2.753493256955000e+02 1.600644675947000e+02	 4.431047676086425e-06 -7.674796224975587e-06  1.334980693817139e-05	1.001129150390625e-01	8158	0	1011
1012	 3.855158059613000e+02 -5.473280551918000e+02 -1.619969392844000e+02	 2.141647500000000e-05  0.000000000000000e+00 -6.358635000000001e-05	7.500000000000000e-01	8158	0	1012
1014	-3.326785228887000e+02  6.206864690965000e+02  1.518683640526000e+02	-1.150700000000000e-06 -4.319000000000000e-07  0.000000000000000e+00	1.000000000000000e+00	8158	0	1014
1015	-3.579405393065000e+02  6.863405239061000e+02  1.518683640526000e+02	-8.175000000000000e-07 -2.180000000000000e-07  0.000000000000000e+00	1.000000000000000e+00	8158	0	1015
1020	-3.626980307383000e+02  6.863385654952000e+02  1.518683640526000e+02	-1.212342187500000e-06 -1.192005175781250e-06  0.000000000000000e+00	2.373046875000000e-01	8158	0	1020
1081	-5.221888177299001e+02 -7.124822843929001e+02  5.829785587824000e+02	-9.863000000000000e-06  2.121850000000000e-05  0.000000000000000e+00	1.000000000000000e+00	105	0	1081
1396	-4.407336066995000e+02  6.910882722200000e+02 -5.416837110000000e+01	-2.160870000000000e-05  0.000000000000000e+00  6.282650000000001e-05	1.000000000000000e+00	8158	0	1396
1705	 3.898023442377000e+02 -5.473280551918000e+02 -1.029790694211000e+02	-4.251010000000000e-05  0.000000000000000e+00 -1.741152000000000e-04	1.000000000000000e+00	8158	0	1705
1759	5.472914843351000e+02 7.106456967813000e+02 2.654440417463000e+02	 4.646036250000000e-05  8.047175625000001e-05 -5.106571875000001e-05	5.625000000000000e-01	8158	0	1759
1801	-2.408813302712000e+02 -1.366264717984000e+02  7.369958349087000e+02	 5.456000000000000e-07  9.450000000000001e-07 -5.035700000000000e-06	1.000000000000000e+00	491	0	1801
2264	6.422569200433001e+02 3.650177218286000e+02 2.286190426598000e+02	 1.808328164062500e-05 -4.124694023437500e-05 -9.214129687500000e-06	3.164062500000000e-01	8158	0	2264
2827	6.416569698737001e+02 3.660568660043000e+02 2.231807712825000e+02	 2.002777886810303e-05 -3.468913507232666e-05  5.546545820617676e-06	1.001129150390625e-01	8158	0	2827
2939	6.199872758182000e+02 3.230816415219000e+02 2.286190426598000e+02	-2.458000000000000e-07  1.382000000000000e-07  0.000000000000000e+00	1.000000000000000e+00	8158	0	2939
3478	3.137140832044000e+02 3.060777705229000e+02 2.286190426598000e+02	-5.791550000000000e-05 -1.003127000000000e-04  0.000000000000000e+00	1.000000000000000e+00	8158	0	3478
4128	-6.638962363651000e+02 -7.122683010404000e+02 -1.159425144917000e+02	-3.130000000000000e-07  6.930500000000000e-06  0.000000000000000e+00	1.000000000000000e+00	661	0	4128
4213	-3.299086087829000e+02  6.910882722200000e+02 -2.709031475402000e+02	 1.382890000000000e-05  0.000000000000000e+00 -3.927810000000000e-05	1.000000000000000e+00	8158	0	4213
4214	4.324811706189000e+02 7.351001825360000e+02 2.286190426598000e+02	-2.529000000000000e-06  4.351100000000001e-06  0.000000000000000e+00	1.000000000000000e+00	8158	0	4214
4220	 4.300000000000000e+02 -5.473280551918000e+02  8.956488194300000e+00	0.000000000000000e+00 0.000000000000000e+00 0.000000000000000e+00	5.625000000000000e-01	8158	0	4220
4225	-2.380305712559000e+02  6.910882722200000e+02 -3.982492792837000e+02	-3.741226361346245e-06  0.000000000000000e+00 -5.395284372582436e-05	4.223513603210449e-02	8158	0	4225
4234	5.653529460964000e+02 7.419290662108000e+02 3.231795087009000e+02	 8.221575000000000e-05  1.424018250000000e-04 -6.885892500000000e-05	7.500000000000000e-01	8158	0	4234
4235	5.233884037076000e+02 6.724545398227000e+02 2.286190426598000e+02	1.491226875000000e-05 1.950423750000000e-05 0.000000000000000e+00	5.625000000000000e-01	8158	0	4235
4236	5.397389495332001e+02 4.167108083483000e+02 2.286190426598000e+02	 3.503890000000000e-05 -5.650300000000000e-05  0.000000000000000e+00	1.000000000000000e+00	8158	0	4236
4240	5.272168787630001e+02 5.399566621223000e+02 2.286190426598000e+02	1.067180000000000e-05 6.164000000000000e-07 0.000000000000000e+00	1.000000000000000e+00	8158	0	4240
4244	4.758600296804000e+02 3.764957863267000e+02 2.286190426598000e+02	 4.674420000000000e-05 -8.192250000000000e-05  0.000000000000000e+00	1.000000000000000e+00	8158	0	4244
4245	3.639361942916000e+02 3.173182986216000e+02 2.286190426598000e+02	 6.763900000000001e-06 -1.152101000000000e-04  0.000000000000000e+00	1.000000000000000e+00	8158	0	4245
4250	3.931574578745000e+02 2.553053286400000e+00 6.580962442277000e+02	3.790370000000000e-05 9.827590000000000e-05 0.000000000000000e+00	1.000000000000000e+00	1105	0	4250
4258	-2.712203592865000e+02  6.910882722200000e+02 -3.584784950158000e+02	 4.328235000000000e-05  0.000000000000000e+00 -8.924985000000000e-05	7.500000000000000e-01	8158	0	4258
4264	3.875276607474000e+02 3.050645706863000e+02 3.592584956082000e+02	1.425488130615234e-04 3.872264326171875e-05 0.000000000000000e+00	1.779785156250000e-01	8158	0	4264
4270	 4.279553163196000e+02 -5.437865591718000e+02  1.543976961160000e+01	 2.315211273193359e-06 -4.010069531250000e-06 -1.030295379638672e-05	1.334838867187500e-01	8158	0	4270
4273	-3.677851802400000e+02  6.910882722200000e+02 -2.100067066388000e+02	-6.615550000000000e-05  0.000000000000000e+00  8.652200000000001e-05	1.000000000000000e+00	8158	0	4273
4275	4.226040022803000e+02 3.479786484691000e+02 2.286190426598000e+02	 5.337990000000000e-05 -1.006559000000000e-04  0.000000000000000e+00	1.000000000000000e+00	8158	0	4275
4276	 3.746066113379000e+02 -6.432722187580000e+02  1.248635889070000e+01	1.245007770996094e-05 2.156416171875000e-05 2.600652326660156e-05	1.779785156250000e-01	8158	0	4276
4281	7.297515863094001e+02 2.134725144643000e+02 1.147907579430000e+02	 2.554783481140137e-05 -4.425014621543884e-05 -2.233462320442200e-05	7.508468627929688e-02	8158	0	4281
4284	6.590579105919001e+02 3.359175525808000e+02 1.991330944643000e+02	-5.488855753326416e-06  9.506977074337005e-06  3.577350373163223e-05	5.631351470947266e-02	8158	0	4284
4285	 4.345810418816000e+02 -5.552626524822000e+02  7.585458206690001e+01	-2.593670000000000e-05  4.492370000000000e-05 -1.424540000000000e-04	1.000000000000000e+00	8158	0	4285
4286	-1.990101677508000e+02  4.985726480272000e+02 -6.793251553319001e+02	1.554075697851563e-03 1.789747135839844e-03 0.000000000000000e+00	2.373046875000000e-01	8158	0	4286
4287	-5.788262641822000e+02 -7.317554928804000e+02  5.829785587824000e+02	-1.074100000000000e-06  3.246500000000000e-06  0.000000000000000e+00	1.000000000000000e+00	105	0	4287
4288	3.641208263757000e+02 3.933848107397000e+02 3.592584956082000e+02	2.561561000000000e-04 4.436754000000000e-04 0.000000000000000e+00	1.000000000000000e+00	8158	0	4288
4292	5.251178125711000e+02 5.999490855592001e+02 2.286190426598000e+02	-1.258590000000000e-05 -3.170000000000000e-07  0.000000000000000e+00	1.000000000000000e+00	8158	0	4292
4293	-1.435960294047000e+02  4.461694107569000e+02 -7.018177198050000e+02	-7.625610749816895e-06  1.320794693756104e-05  1.479118563583374e-04	1.001129150390625e-01	8158	0	4293
4295	-1.629493032128000e+02  6.910882722200000e+02 -4.444131557536000e+02	-2.509819804687500e-04  0.000000000000000e+00 -7.004102431640626e-05	2.373046875000000e-01	8158	0	4295
4296	5.888310325883000e+02 3.940831814700000e+02 2.286190426598000e+02	-1.078588125000000e-05 -2.009626875000000e-05  0.000000000000000e+00	5.625000000000000e-01	8158	0	4296
4297	5.323772425688001e+02 4.800134751271000e+02 2.286190426598000e+02	4.867700000000000e-06 4.377000000000000e-07 0.000000000000000e+00	1.000000000000000e+00	8158	0	4297
4302	-6.891607337334000e+02  6.910882722200000e+02  6.772076050777000e+02	-1.646251000000000e-04  0.000000000000000e+00  1.663701000000000e-04	1.000000000000000e+00	8158	0	4302
4303	3.865699058004000e+02 4.322677568864000e+02 4.028566347707000e+02	-6.260749000000000e-04 -1.084393600000000e-03 -2.059090800000000e-03	1.000000000000000e+00	8158	0	4303
4304	 5.375925768898001e+02 -7.336838648822001e+02 -6.149724916779001e+02	 1.021851000000000e-04 -1.769898000000000e-04 -4.867253000000000e-04	1.000000000000000e+00	8158	0	4304
0	 5.000000000000000e-01 -8.660254037844386e-01  0.000000000000000e+00	8.660254037844385e-01 5.000000000000000e-01 0.000000000000000e+00	5.632499999999998e+02 3.251925391210567e+02 0.000000000000000e+00	1	0	0.000000000000000e+00	0.000000000000000e+00	0.000000000000000e+00	9.324417544461484e+04
1	5.000000000000000e-01 8.660254037844386e-01 0.000000000000000e+00	0.000000000000000e+00 0.000000000000000e+00 1.000000000000000e+00	0.000000000000000e+00 0.000000000000000e+00 2.286190426597633e+02	1	0	0.000000000000000e+00	0.000000000000000e+00	0.000000000000000e+00	3.521030732288252e+05
3	-5.000000000000000e-01 -8.660254037844386e-01  0.000000000000000e+00	0.000000000000000e+00 0.000000000000000e+00 1.000000000000000e+00	0.000000000000000e+00 0.000000000000000e+00 6.580962442277471e+02	1	0	0.000000000000000e+00	0.000000000000000e+00	0.000000000000000e+00	1.210736514974700e+06
4	-1.000000000000000e+00  0.000000000000000e+00  0.000000000000000e+00	0.000000000000000e+00 0.000000000000000e+00 1.000000000000000e+00	-0.000000000000000e+00 -0.000000000000000e+00 -1.159425144917371e+02	1	0	0.000000000000000e+00	0.000000000000000e+00	0.000000000000000e+00	1.929787881297118e+06
7	-5.000000000000000e-01 -8.660254037844386e-01  0.000000000000000e+00	0.000000000000000e+00 0.000000000000000e+00 1.000000000000000e+00	-0.000000000000000e+00 -0.000000000000000e+00 -1.894272067752324e+02	1	0	0.000000000000000e+00	0.000000000000000e+00	0.000000000000000e+00	1.360906827813760e+06
9	-5.000000000000000e-01 -8.660254037844386e-01  0.000000000000000e+00	 8.660254037844385e-01 -5.000000000000000e-01  0.000000000000000e+00	-1.215000000000000e+02  7.014805770653952e+01 -0.000000000000000e+00	1	0	0.000000000000000e+00	0.000000000000000e+00	0.000000000000000e+00	2.458537608911577e+06
10	-5.000000000000000e-01  8.660254037844386e-01  0.000000000000000e+00	8.660254037844385e-01 5.000000000000000e-01 0.000000000000000e+00	-1.409999999999999e+02 -8.140638795573722e+01 -0.000000000000000e+00	1	0	0.000000000000000e+00	0.000000000000000e+00	0.000000000000000e+00	2.354005809724568e+03
12	1.000000000000000e+00 0.000000000000000e+00 0.000000000000000e+00	 0.000000000000000e+00 -1.000000000000000e+00  0.000000000000000e+00	0.000000000000000e+00 2.381569860407206e+02 0.000000000000000e+00	1	0	0.000000000000000e+00	0.000000000000000e+00	0.000000000000000e+00	2.250000000000000e+06
13	 5.000000000000000e-01 -8.660254037844386e-01  0.000000000000000e+00	0.000000000000000e+00 0.000000000000000e+00 1.000000000000000e+00	0.000000000000000e+00 0.000000000000000e+00 1.518683640525570e+02	1	0	0.000000000000000e+00	0.000000000000000e+00	0.000000000000000e+00	1.230742051606272e+06
15	5.000000000000000e-01 8.660254037844386e-01 0.000000000000000e+00	 8.660254037844385e-01 -5.000000000000000e-01  0.000000000000000e+00	 5.594999999999998e+02 -3.230274756115955e+02  0.000000000000000e+00	1	0	0.000000000000000e+00	0.000000000000000e+00	0.000000000000000e+00	4.835820343671782e+05
18	-5.000000000000000e-01 -8.660254037844386e-01  0.000000000000000e+00	0.000000000000000e+00 0.000000000000000e+00 1.000000000000000e+00	0.000000000000000e+00 0.000000000000000e+00 1.469693845669907e+01	1	0	0.000000000000000e+00	0.000000000000000e+00	0.000000000000000e+00	3.244474069305717e+05
21	-5.000000000000000e-01 -8.660254037844386e-01  0.000000000000000e+00	0.000000000000000e+00 0.000000000000000e+00 1.000000000000000e+00	0.000000000000000e+00 0.000000000000000e+00 3.592584956081994e+02	1	0	0.000000000000000e+00	0.000000000000000e+00	0.000000000000000e+00	1.353232782214889e+03
22	-5.000000000000000e-01 -8.660254037844386e-01  0.000000000000000e+00	 8.660254037844385e-01 -5.000000000000000e-01  0.000000000000000e+00	 1.027500000000000e+02 -5.932274015923404e+01  0.000000000000000e+00	1	0	0.000000000000000e+00	0.000000000000000e+00	0.000000000000000e+00	1.181356154053146e+06
24	5.000000000000000e-01 8.660254037844386e-01 0.000000000000000e+00	 8.660254037844385e-01 -5.000000000000000e-01  0.000000000000000e+00	 7.694999999999998e+02 -4.442710321414170e+02  0.000000000000000e+00	1	0	0.000000000000000e+00	0.000000000000000e+00	0.000000000000000e+00	2.359227617869332e+05
25	-5.000000000000000e-01  8.660254037844386e-01  0.000000000000000e+00	8.660254037844385e-01 5.000000000000000e-01 0.000000000000000e+00	-8.017499999999998e+02 -4.628905783227824e+02 -0.000000000000000e+00	1	0	0.000000000000000e+00	0.000000000000000e+00	0.000000000000000e+00	1.974568915210525e+05
26	1.000000000000000e+00 0.000000000000000e+00 0.000000000000000e+00	0.000000000000000e+00 0.000000000000000e+00 1.000000000000000e+00	0.000000000000000e+00 0.000000000000000e+00 5.829785587823964e+02	1	0	0.000000000000000e+00	0.000000000000000e+00	0.000000000000000e+00	5.185337346573865e+05
27	 5.000000000000000e-01 -8.660254037844386e-01  0.000000000000000e+00	 0.000000000000000e+00  0.000000000000000e+00 -1.000000000000000e+00	0.000000000000000e+00 0.000000000000000e+00 6.580962442277471e+02	1	0	0.000000000000000e+00	0.000000000000000e+00	0.000000000000000e+00	6.933775573598650e+02
28	1.000000000000000e+00 0.000000000000000e+00 0.000000000000000e+00	0.000000000000000e+00 0.000000000000000e+00 1.000000000000000e+00	0.000000000000000e+00 0.000000000000000e+00 2.286190426597633e+02	1	0	0.000000000000000e+00	0.000000000000000e+00	0.000000000000000e+00	3.104185500032017e+04
29	1.000000000000000e+00 0.000000000000000e+00 0.000000000000000e+00	 0.000000000000000e+00 -1.000000000000000e+00  0.000000000000000e+00	0.000000000000000e+00 5.715767664977295e+01 0.000000000000000e+00	1	0	0.000000000000000e+00	0.000000000000000e+00	0.000000000000000e+00	2.112144366341550e+06
43	5.000000000000000e-01 8.660254037844386e-01 0.000000000000000e+00	 0.000000000000000e+00  0.000000000000000e+00 -1.000000000000000e+00	-0.000000000000000e+00 -0.000000000000000e+00 -1.159425144917371e+02	1	0	0.000000000000000e+00	0.000000000000000e+00	0.000000000000000e+00	2.103240540584457e+03
55	-1.000000000000000e+00  0.000000000000000e+00  0.000000000000000e+00	0.000000000000000e+00 0.000000000000000e+00 1.000000000000000e+00	-0.000000000000000e+00 -0.000000000000000e+00 -4.262112152442729e+02	1	0	0.000000000000000e+00	0.000000000000000e+00	0.000000000000000e+00	5.557154241749474e+04
66	-5.000000000000000e-01 -8.660254037844386e-01  0.000000000000000e+00	0.000000000000000e+00 0.000000000000000e+00 1.000000000000000e+00	0.000000000000000e+00 0.000000000000000e+00 1.077775486824598e+02	1	0	0.000000000000000e+00	0.000000000000000e+00	0.000000000000000e+00	2.105853716566520e+06
76	-1.000000000000000e+00  0.000000000000000e+00  0.000000000000000e+00	0.000000000000000e+00 0.000000000000000e+00 1.000000000000000e+00	0.000000000000000e+00 0.000000000000000e+00 2.286190426597633e+02	1	0	0.000000000000000e+00	0.000000000000000e+00	0.000000000000000e+00	8.148422282995903e+02
106	-1.000000000000000e+00  0.000000000000000e+00  0.000000000000000e+00	 0.000000000000000e+00 -1.000000000000000e+00  0.000000000000000e+00	-0.000000000000000e+00 -5.473280551917652e+02 -0.000000000000000e+00	1	0	0.000000000000000e+00	0.000000000000000e+00	0.000000000000000e+00	7.590839756062622e+03
107	 5.000000000000000e-01 -8.660254037844386e-01  0.000000000000000e+00	0.000000000000000e+00 0.000000000000000e+00 1.000000000000000e+00	0.000000000000000e+00 0.000000000000000e+00 3.804874067123203e+02	1	0	0.000000000000000e+00	0.000000000000000e+00	0.000000000000000e+00	2.156039059717581e+06
108	5.000000000000000e-01 8.660254037844386e-01 0.000000000000000e+00	0.000000000000000e+00 0.000000000000000e+00 1.000000000000000e+00	-0.000000000000000e+00 -0.000000000000000e+00 -4.164132562731402e+02	1	0	0.000000000000000e+00	0.000000000000000e+00	0.000000000000000e+00	1.972426455379630e+06
113	 5.000000000000000e-01 -8.660254037844386e-01  0.000000000000000e+00	0.000000000000000e+00 0.000000000000000e+00 1.000000000000000e+00	-0.000000000000000e+00 -0.000000000000000e+00 -6.793251553318680e+02	1	0	0.000000000000000e+00	0.000000000000000e+00	0.000000000000000e+00	1.254679070308293e+06
208	1.000000000000000e+00 0.000000000000000e+00 0.000000000000000e+00	 0.000000000000000e+00 -1.000000000000000e+00  0.000000000000000e+00	0.000000000000000e+00 3.403479836872843e+02 0.000000000000000e+00	1	0	0.000000000000000e+00	0.000000000000000e+00	0.000000000000000e+00	2.508929464272926e+04
243	 5.000000000000000e-01 -8.660254037844386e-01  0.000000000000000e+00	0.000000000000000e+00 0.000000000000000e+00 1.000000000000000e+00	0.000000000000000e+00 0.000000000000000e+00 3.592584956081994e+02	1	0	0.000000000000000e+00	0.000000000000000e+00	0.000000000000000e+00	0.000000000000000e+00
246	1.000000000000000e+00 0.000000000000000e+00 0.000000000000000e+00	0.000000000000000e+00 0.000000000000000e+00 1.000000000000000e+00	0.000000000000000e+00 0.000000000000000e+00 3.592584956081994e+02	1	0	0.000000000000000e+00	0.000000000000000e+00	0.000000000000000e+00	0.000000000000000e+00
248	1.000000000000000e+00 0.000000000000000e+00 0.000000000000000e+00	0.000000000000000e+00 0.000000000000000e+00 1.000000000000000e+00	0.000000000000000e+00 0.000000000000000e+00 3.592584956081994e+02	1	0	0.000000000000000e+00	0.000000000000000e+00	0.000000000000000e+00	0.000000000000000e+00
297	-1.000000000000000e+00  0.000000000000000e+00  0.000000000000000e+00	0.000000000000000e+00 1.000000000000000e+00 0.000000000000000e+00	0.000000000000000e+00 6.910882722199819e+02 0.000000000000000e+00	1	0	0.000000000000000e+00	0.000000000000000e+00	0.000000000000000e+00	0.000000000000000e+00
319	5.000000000000000e-01 8.660254037844386e-01 0.000000000000000e+00	0.000000000000000e+00 0.000000000000000e+00 1.000000000000000e+00	0.000000000000000e+00 0.000000000000000e+00 3.592584956081994e+02	1	0	0.000000000000000e+00	0.000000000000000e+00	0.000000000000000e+00	1.353232782214895e+03
320	-1.000000000000000e+00  0.000000000000000e+00  0.000000000000000e+00	 0.000000000000000e+00 -1.000000000000000e+00  0.000000000000000e+00	0.000000000000000e+00 6.910882722199819e+02 0.000000000000000e+00	1	0	0.000000000000000e+00	0.000000000000000e+00	0.000000000000000e+00	1.637193975050297e+06
321	-5.000000000000000e-01 -8.660254037844386e-01  0.000000000000000e+00	0.000000000000000e+00 0.000000000000000e+00 1.000000000000000e+00	0.000000000000000e+00 0.000000000000000e+00 3.592584956081994e+02	1	0	0.000000000000000e+00	0.000000000000000e+00	0.000000000000000e+00	5.378549032216630e+05
323	-5.000000000000000e-01 -8.660254037844386e-01  0.000000000000000e+00	 0.000000000000000e+00  0.000000000000000e+00 -1.000000000000000e+00	0.000000000000000e+00 0.000000000000000e+00 1.518683640525570e+02	1	0	0.000000000000000e+00	0.000000000000000e+00	0.000000000000000e+00	3.862732845926008e+01
324	1.000000000000000e+00 0.000000000000000e+00 0.000000000000000e+00	 0.000000000000000e+00  0.000000000000000e+00 -1.000000000000000e+00	0.000000000000000e+00 0.000000000000000e+00 1.518683640525570e+02	1	0	0.000000000000000e+00	0.000000000000000e+00	0.000000000000000e+00	3.862732845926008e+01
325	-1.000000000000000e+00  0.000000000000000e+00  0.000000000000000e+00	 0.000000000000000e+00  0.000000000000000e+00 -1.000000000000000e+00	0.000000000000000e+00 0.000000000000000e+00 1.518683640525570e+02	1	0	0.000000000000000e+00	0.000000000000000e+00	0.000000000000000e+00	3.862732845926008e+01
327	1.000000000000000e+00 0.000000000000000e+00 0.000000000000000e+00	0.000000000000000e+00 0.000000000000000e+00 1.000000000000000e+00	0.000000000000000e+00 0.000000000000000e+00 1.518683640525570e+02	1	0	0.000000000000000e+00	0.000000000000000e+00	0.000000000000000e+00	1.130353196388772e+01
337	 5.000000000000000e-01 -8.660254037844386e-01  0.000000000000000e+00	8.660254037844385e-01 5.000000000000000e-01 0.000000000000000e+00	8.549999999999997e+01 4.936344801571300e+01 0.000000000000000e+00	1	0	0.000000000000000e+00	0.000000000000000e+00	0.000000000000000e+00	2.440802739651934e+05
340	-5.000000000000000e-01 -8.660254037844386e-01  0.000000000000000e+00	0.000000000000000e+00 0.000000000000000e+00 1.000000000000000e+00	0.000000000000000e+00 0.000000000000000e+00 9.471360338761622e+01	1	0	0.000000000000000e+00	0.000000000000000e+00	0.000000000000000e+00	3.987290986046444e+05
2428	-5.000000000000000e-01  8.660254037844386e-01  0.000000000000000e+00	8.660254037844385e-01 5.000000000000000e-01 0.000000000000000e+00	6.397499999999998e+02 3.693598347140630e+02 0.000000000000000e+00	1	0	0.000000000000000e+00	0.000000000000000e+00	0.000000000000000e+00	3.596892840608103e+05
2429	 5.000000000000000e-01 -8.660254037844386e-01  0.000000000000000e+00	 0.000000000000000e+00  0.000000000000000e+00 -1.000000000000000e+00	0.000000000000000e+00 0.000000000000000e+00 2.286190426597633e+02	1	0	0.000000000000000e+00	0.000000000000000e+00	0.000000000000000e+00	2.878899375890567e+04
2432	5.000000000000000e-01 8.660254037844386e-01 0.000000000000000e+00	0.000000000000000e+00 0.000000000000000e+00 1.000000000000000e+00	0.000000000000000e+00 0.000000000000000e+00 2.286190426597633e+02	1	0	0.000000000000000e+00	0.000000000000000e+00	0.000000000000000e+00	1.888300450974045e+03
0	0	1	1
0	246	0	0
0	1	2	1
0	2	681	0
0	112	246	0
0	247	112	0
0	201	143	0
0	143	247	0
0	436	201	0
0	488	436	0
0	535	488	0
0	585	535	0
0	620	585	0
0	681	620	0
1	4	5	1
1	63	4	1
1	5	6	1
1	6	2264	0
1	292	63	0
1	164	113	0
1	113	328	0
1	144	364	0
1	365	144	0
1	505	164	0
1	202	292	0
1	364	202	0
1	328	248	0
1	248	365	0
1	367	249	0
1	249	505	0
1	2939	367	0
1	2264	2939	0
3	10	11	1
3	479	10	0
3	11	12	1
3	12	13	1
3	13	479	0
4	15	16	1
4	104	15	1
4	16	17	1
4	17	655	0
4	101	104	0
4	150	101	1
4	571	116	0
4	116	625	0
4	625	150	0
4	374	151	0
4	151	375	0
4	297	209	0
4	209	374	0
4	255	333	0
4	375	255	0
4	465	297	0
4	333	571	0
4	512	465	0
4	589	512	0
4	655	589	0
7	27	28	1
7	301	27	0
7	28	29	1
7	29	30	1
7	30	302	0
7	119	338	0
7	339	119	0
7	155	382	0
7	383	155	0
7	384	156	0
7	156	385	0
7	213	301	0
7	382	213	0
7	302	214	0
7	214	384	0
7	338	260	0
7	260	383	0
7	261	339	0
7	385	261	0
9	36	37	1
9	159	36	1
9	37	38	1
9	38	39	1
9	39	1801	0
9	491	122	0
9	122	507	0
9	521	159	0
9	216	160	0
9	160	497	0
9	455	216	0
9	507	262	0
9	262	521	0
9	263	491	0
9	497	263	0
9	529	455	0
9	616	529	0
9	740	616	0
9	864	740	0
9	1801	864	0
10	41	42	1
10	161	41	1
10	42	162	0
10	123	161	0
10	162	123	0
12	47	48	1
12	50	47	1
12	48	49	1
12	49	50	1
13	52	53	1
13	305	52	0
13	53	54	1
13	54	55	1
13	55	306	0
13	126	342	0
13	343	126	0
13	167	390	0
13	391	167	0
13	392	168	0
13	168	393	0
13	221	305	0
13	390	221	0
13	222	392	0
13	1014	222	0
13	342	268	0
13	268	391	0
13	269	343	0
13	393	269	0
13	306	572	0
13	572	1015	0
13	1015	1014	0
15	59	60	1
15	496	59	0
15	60	61	1
15	61	62	1
15	62	226	0
15	273	128	0
15	128	499	0
15	226	172	0
15	172	273	0
15	4276	496	0
15	499	696	0
15	696	615	0
15	615	4220	0
15	4220	4276	0
18	71	72	1
18	313	71	0
18	72	73	1
18	73	74	1
18	74	314	0
18	527	131	0
18	131	553	0
18	177	483	0
18	495	177	0
18	231	313	0
18	406	231	0
18	350	278	0
18	278	407	0
18	279	351	0
18	409	279	0
18	314	408	0
18	553	350	0
18	351	527	0
18	483	406	0
18	407	495	0
18	408	409	0
21	352	416	0
21	909	352	0
21	416	444	0
21	444	909	0
22	87	88	1
22	319	87	0
22	88	89	1
22	89	90	1
22	90	531	0
22	137	439	0
22	440	137	0
22	185	441	0
22	442	185	0
22	237	445	0
22	446	237	0
22	447	238	0
22	238	448	0
22	449	286	0
22	286	450	0
22	287	451	0
22	452	287	0
22	445	319	0
22	438	320	0
22	320	447	0
22	439	358	0
22	358	449	0
22	359	440	0
22	451	359	0
22	441	418	0
22	418	446	0
22	419	442	0
22	450	419	0
22	531	438	0
22	444	4234	0
22	4288	444	0
22	448	4303	0
22	3478	452	0
22	1759	487	0
22	487	3478	0
22	4234	1759	0
22	4303	4288	0
24	97	98	1
24	189	97	0
24	98	99	1
24	99	100	1
24	100	190	0
24	139	189	0
24	190	139	0
25	101	102	1
25	104	101	0
25	102	103	1
25	103	104	1
26	105	106	1
26	4287	105	0
26	106	107	1
26	107	242	0
26	141	362	0
26	363	141	0
26	191	426	0
26	427	191	0
26	428	192	0
26	192	429	0
26	241	323	0
26	426	241	0
26	242	428	0
26	362	290	0
26	290	427	0
26	291	363	0
26	429	291	0
26	323	486	0
26	486	582	0
26	582	660	0
26	660	1081	0
26	1081	4287	0
27	468	10	0
27	10	479	0
27	484	468	0
27	479	729	0
27	501	484	0
27	503	501	0
27	519	503	0
27	537	519	0
27	545	537	0
27	568	545	0
27	583	568	0
27	600	583	0
27	618	600	0
27	631	618	0
27	664	631	0
27	689	664	0
27	703	689	0
27	710	703	0
27	4250	710	0
27	715	714	0
27	714	4250	0
27	717	715	0
27	720	717	0
27	729	720	0
28	2264	6	0
28	6	4214	0
28	487	3478	0
28	4235	487	0
28	4296	2264	0
28	3478	4236	0
28	4214	4235	0
28	4236	4296	0
29	10	44	1
29	479	10	0
29	45	13	1
29	13	479	0
29	44	45	1
43	101	104	0
43	560	101	0
43	104	4128	0
43	540	560	0
43	4128	540	0
55	7	8	1
55	204	7	0
55	8	205	1
55	114	250	0
55	251	114	0
55	146	204	0
55	250	146	0
55	205	147	0
55	147	251	0
66	23	24	1
66	378	23	0
66	24	25	1
66	25	26	1
66	26	300	0
66	118	547	0
66	566	118	0
66	153	378	0
66	379	153	0
66	380	154	0
66	154	381	0
66	300	212	0
66	212	380	0
66	258	379	0
66	611	258	0
66	538	259	0
66	259	567	0
66	547	336	0
66	336	611	0
66	337	566	0
66	567	337	0
66	381	538	0
76	292	63	0
76	63	627	0
76	627	292	0
106	708	615	0
106	615	4220	0
106	865	708	0
106	1012	865	0
106	1705	1012	0
106	4220	1705	0
107	92	93	1
107	187	92	1
107	93	94	1
107	94	95	1
107	95	1002	0
107	424	187	0
107	322	424	0
107	490	322	0
107	595	490	0
107	733	595	0
107	747	733	0
107	771	747	0
107	1002	771	0
108	18	19	1
108	298	18	0
108	19	20	1
108	20	21	1
108	21	22	1
108	22	108	0
108	108	243	0
108	117	334	0
108	335	117	0
108	152	376	0
108	377	152	0
108	430	193	0
108	193	431	0
108	210	298	0
108	376	210	0
108	243	430	0
108	334	256	0
108	256	377	0
108	257	335	0
108	431	257	0
113	67	68	1
113	745	67	1
113	68	277	1
113	130	403	0
113	755	130	0
113	402	229	0
113	229	718	0
113	277	349	0
113	349	4286	0
113	403	402	0
113	718	745	0
113	4286	755	0
208	56	57	1
208	307	56	0
208	57	66	1
208	66	828	0
208	127	344	0
208	828	127	0
208	169	394	0
208	395	169	0
208	223	307	0
208	394	223	0
208	344	270	0
208	270	395	0
243	416	352	0
243	352	909	0
243	909	416	0
246	352	416	0
246	909	352	0
246	416	909	0
248	416	352	0
248	352	909	0
248	909	416	0
297	416	352	0
297	352	909	0
297	909	416	0
319	416	444	0
319	909	416	0
319	444	909	0
320	75	76	1
320	776	75	0
320	76	77	1
320	77	78	1
320	78	4302	0
320	108	194	0
320	432	108	0
320	132	179	0
320	746	132	0
320	133	306	0
320	630	133	0
320	179	523	0
320	194	4295	0
320	1396	195	0
320	195	4273	0
320	315	233	0
320	233	1003	0
320	572	281	0
320	281	602	0
320	306	572	0
320	530	315	0
320	352	1000	0
320	1003	352	0
320	4225	432	0
320	602	433	0
320	433	1396	0
320	523	598	0
320	610	530	0
320	598	639	0
320	688	610	0
320	712	630	0
320	639	722	0
320	737	688	0
320	1000	712	0
320	722	776	0
320	4302	737	0
320	4295	746	0
320	4213	4258	0
320	4273	4213	0
320	4258	4225	0
321	83	84	1
321	453	83	0
321	84	85	1
321	85	444	1
321	136	460	0
321	4264	136	0
321	183	646	0
321	647	183	0
321	235	459	0
321	471	235	0
321	356	284	0
321	284	707	0
321	317	453	0
321	459	317	0
321	460	356	0
321	414	471	0
321	646	414	0
321	415	647	0
321	707	415	0
321	444	4288	0
321	4288	4264	0
323	572	306	0
323	306	1015	0
323	1015	572	0
324	572	306	0
324	306	1015	0
324	1015	572	0
325	572	306	0
325	306	1015	0
325	1015	572	0
327	1015	572	0
327	572	1020	0
327	1020	1015	0
337	63	65	1
337	292	63	0
337	65	66	1
337	66	805	0
337	174	401	0
337	728	174	0
337	228	400	0
337	4304	228	0
337	274	292	0
337	4285	274	0
337	349	277	0
337	277	4304	0
337	4293	349	0
337	400	728	0
337	401	615	0
337	615	4220	0
337	805	4293	0
337	4220	4270	0
337	4270	4285	0
340	80	34	1
340	34	434	0
340	79	80	1
340	494	79	0
340	134	354	0
340	355	134	0
340	181	412	0
340	413	181	0
340	198	388	0
340	434	198	0
340	234	316	0
340	412	234	0
340	354	282	0
340	282	413	0
340	283	355	0
340	388	283	0
340	316	494	0
2428	6	32	1
2428	2264	6	0
2428	32	33	1
2428	33	34	1
2428	34	4281	0
2428	4281	1011	0
2428	1011	4284	0
2428	2827	2264	0
2428	4284	2827	0
2429	3478	487	0
2429	487	4235	0
2429	4236	3478	0
2429	4235	4292	0
2429	4297	4236	0
2429	4292	4240	0
2429	4240	4297	0
2432	4236	3478	0
2432	3478	4245	0
2432	4244	4236	0
2432	4275	4244	0
2432	4245	4275	0
