460
43
516
0	 7.500000000000000e+02  1.732050807600000e+00 -5.801212444532000e+02	 2.680000000000000e-07 -4.643000000000000e-07 -8.724100000000000e-06	1.000000000000000e+00	0	1	0
1	 7.500000000000000e+02  1.732050807600000e+00 -7.500000000000000e+02	0.000000000000000e+00 0.000000000000000e+00 0.000000000000000e+00	1.000000000000000e+00	0	1	1
2	 3.179872981078000e+02  7.500000000000000e+02 -7.500000000000000e+02	-2.298036780000000e-02  3.980316460000000e-02  0.000000000000000e+00	1.000000000000000e+00	0	1	2
4	 7.500000000000000e+02 -7.500000000000000e+02  2.286190426598000e+02	0.000000000000000e+00 0.000000000000000e+00 0.000000000000000e+00	1.000000000000000e+00	1599	1	4
5	7.500000000000000e+02 7.500000000000000e+02 2.286190426598000e+02	0.000000000000000e+00 0.000000000000000e+00 0.000000000000000e+00	1.000000000000000e+00	1599	1	5
6	4.199872981078000e+02 7.500000000000000e+02 2.286190426598000e+02	0.000000000000000e+00 0.000000000000000e+00 0.000000000000000e+00	7.500000000000000e-01	1599	1	6
7	 7.500000000000000e+02  6.207174548317000e+02 -4.262112152443000e+02	5.540000000000000e-08 3.868000000000000e-07 0.000000000000000e+00	1.000000000000000e+00	646	1	7
8	 7.500000000000000e+02  7.500000000000000e+02 -4.262112152443000e+02	0.000000000000000e+00 0.000000000000000e+00 0.000000000000000e+00	1.000000000000000e+00	646	1	8
10	-7.500000000000000e+02  5.715767664980000e+01  6.580962442277000e+02	0.000000000000000e+00 0.000000000000000e+00 0.000000000000000e+00	1.000000000000000e+00	1105	1	10
11	-7.500000000000000e+02 -7.500000000000000e+02  6.580962442277000e+02	0.000000000000000e+00 0.000000000000000e+00 0.000000000000000e+00	1.000000000000000e+00	1105	1	11
12	 7.500000000000000e+02 -7.500000000000000e+02  6.580962442277000e+02	0.000000000000000e+00 0.000000000000000e+00 0.000000000000000e+00	1.000000000000000e+00	1105	1	12
13	7.500000000000000e+02 5.715767664980000e+01 6.580962442277000e+02	0.000000000000000e+00 0.000000000000000e+00 0.000000000000000e+00	4.218750000000000e-01	1105	1	13
15	 7.500000000000000e+02 -7.500000000000000e+02 -1.159425144917000e+02	0.000000000000000e+00 0.000000000000000e+00 0.000000000000000e+00	1.000000000000000e+00	661	1	15
16	 7.500000000000000e+02  7.500000000000000e+02 -1.159425144917000e+02	0.000000000000000e+00 0.000000000000000e+00 0.000000000000000e+00	1.000000000000000e+00	661	1	16
17	 2.499598511922000e+02  7.500000000000000e+02 -1.159425144917000e+02	 3.276600000000000e-06 -8.344900000000000e-06  0.000000000000000e+00	1.000000000000000e+00	661	1	17
18	-7.500000000000000e+02 -9.487811186790000e+01 -4.164132562731000e+02	 7.458000000000000e-07 -6.154000000000001e-07  0.000000000000000e+00	1.000000000000000e+00	1549	1	18
19	-7.500000000000000e+02 -7.500000000000000e+02 -4.164132562731000e+02	0.000000000000000e+00 0.000000000000000e+00 0.000000000000000e+00	1.000000000000000e+00	1549	1	19
20	 7.500000000000000e+02 -7.500000000000000e+02 -4.164132562731000e+02	0.000000000000000e+00 0.000000000000000e+00 0.000000000000000e+00	1.000000000000000e+00	1549	1	20
21	 7.500000000000000e+02  7.500000000000000e+02 -4.164132562731000e+02	0.000000000000000e+00 0.000000000000000e+00 0.000000000000000e+00	1.000000000000000e+00	1549	1	21
22	-2.043572086684000e+02  7.500000000000000e+02 -4.164132562731000e+02	-4.588180235595703e-05  8.409484863281250e-07  0.000000000000000e+00	1.334838867187500e-01	1549	1	22
23	-5.643399743057000e+02 -7.500000000000000e+02  1.077775486825000e+02	-5.827279000000000e-04  0.000000000000000e+00  0.000000000000000e+00	1.000000000000000e+00	23	1	23
24	 7.500000000000000e+02 -7.500000000000000e+02  1.077775486825000e+02	0.000000000000000e+00 0.000000000000000e+00 0.000000000000000e+00	1.000000000000000e+00	23	1	24
25	7.500000000000000e+02 7.500000000000000e+02 1.077775486825000e+02	0.000000000000000e+00 0.000000000000000e+00 0.000000000000000e+00	1.000000000000000e+00	23	1	25
26	-6.156915519666001e+02  7.500000000000000e+02  1.077775486825000e+02	 2.455290000000000e-05 -2.014700000000000e-06  0.000000000000000e+00	1.000000000000000e+00	23	1	26
27	-7.366170877859000e+02 -7.500000000000000e+02 -1.894272067752000e+02	 2.634000000000000e-07 -2.034000000000000e-07  0.000000000000000e+00	1.000000000000000e+00	27	1	27
28	 7.500000000000000e+02 -7.500000000000000e+02 -1.894272067752000e+02	0.000000000000000e+00 0.000000000000000e+00 0.000000000000000e+00	1.000000000000000e+00	27	1	28
29	 7.500000000000000e+02  7.500000000000000e+02 -1.894272067752000e+02	0.000000000000000e+00 0.000000000000000e+00 0.000000000000000e+00	1.000000000000000e+00	27	1	29
30	 4.224171329215000e+02  7.500000000000000e+02 -1.894272067752000e+02	-1.228000000000000e-07  9.490000000000001e-08  0.000000000000000e+00	1.000000000000000e+00	27	1	30
32	4.199872981078000e+02 7.500000000000000e+02 7.500000000000000e+02	0.000000000000000e+00 0.000000000000000e+00 0.000000000000000e+00	1.000000000000000e+00	1599	1	32
33	7.500000000000000e+02 1.784012331796000e+02 7.500000000000000e+02	0.000000000000000e+00 0.000000000000000e+00 0.000000000000000e+00	1.000000000000000e+00	1599	1	33
34	7.500000000000000e+02 1.784012331796000e+02 1.426023573701000e+02	-0.000000000000000e+00  0.000000000000000e+00 -2.697920130000000e-02	1.000000000000000e+00	1599	1	34
36	-5.950127018922000e+02 -7.500000000000000e+02 -7.500000000000000e+02	0.000000000000000e+00 0.000000000000000e+00 0.000000000000000e+00	1.000000000000000e+00	491	1	36
37	 2.710127018922000e+02  7.500000000000000e+02 -7.500000000000000e+02	0.000000000000000e+00 0.000000000000000e+00 0.000000000000000e+00	1.000000000000000e+00	491	1	37
38	2.710127018922000e+02 7.500000000000000e+02 7.500000000000000e+02	0.000000000000000e+00 0.000000000000000e+00 0.000000000000000e+00	1.000000000000000e+00	491	1	38
39	-2.156012186245000e+02 -9.284003400530000e+01  7.500000000000000e+02	2.092629000000000e-04 3.624540000000000e-04 0.000000000000000e+00	1.000000000000000e+00	491	1	39
41	 2.450127018922000e+02 -7.500000000000000e+02  7.500000000000000e+02	0.000000000000000e+00 0.000000000000000e+00 0.000000000000000e+00	1.000000000000000e+00	729	1	41
42	 2.450127018922000e+02 -7.500000000000000e+02  7.353697749982000e+02	 5.300000000000000e-09 -9.100000000000000e-09  2.699000000000000e-07	1.000000000000000e+00	729	1	42
44	-7.500000000000000e+02  5.715767664980000e+01 -7.500000000000000e+02	0.000000000000000e+00 0.000000000000000e+00 0.000000000000000e+00	1.000000000000000e+00	1105	1	44
45	 7.500000000000000e+02  5.715767664980000e+01 -7.500000000000000e+02	0.000000000000000e+00 0.000000000000000e+00 0.000000000000000e+00	1.000000000000000e+00	1105	1	45
47	-7.500000000000000e+02  2.381569860407000e+02  7.500000000000000e+02	0.000000000000000e+00 0.000000000000000e+00 0.000000000000000e+00	1.000000000000000e+00	1074	1	47
48	-7.500000000000000e+02  2.381569860407000e+02 -7.500000000000000e+02	0.000000000000000e+00 0.000000000000000e+00 0.000000000000000e+00	1.000000000000000e+00	1074	1	48
49	 7.500000000000000e+02  2.381569860407000e+02 -7.500000000000000e+02	0.000000000000000e+00 0.000000000000000e+00 0.000000000000000e+00	1.000000000000000e+00	1074	1	49
50	7.500000000000000e+02 2.381569860407000e+02 7.500000000000000e+02	0.000000000000000e+00 0.000000000000000e+00 0.000000000000000e+00	1.000000000000000e+00	1074	1	50
52	 2.613280033495000e+02 -7.500000000000000e+02  1.518683640526000e+02	3.172000000000000e-07 1.610000000000000e-07 0.000000000000000e+00	1.000000000000000e+00	1549	1	52
53	 7.500000000000000e+02 -7.500000000000000e+02  1.518683640526000e+02	0.000000000000000e+00 0.000000000000000e+00 0.000000000000000e+00	1.000000000000000e+00	1549	1	53
54	7.500000000000000e+02 7.500000000000000e+02 1.518683640526000e+02	0.000000000000000e+00 0.000000000000000e+00 0.000000000000000e+00	1.000000000000000e+00	1549	1	54
55	-3.648632108336000e+02  7.500000000000000e+02  1.518683640526000e+02	-1.004884497070313e-06 -2.332230468750000e-07  0.000000000000000e+00	1.779785156250000e-01	1549	1	55
56	-7.500000000000000e+02  3.403479836873000e+02 -6.856131249858000e+02	-1.087000000000000e-07  0.000000000000000e+00 -3.211000000000000e-06	1.000000000000000e+00	1599	1	56
57	-7.500000000000000e+02  3.403479836873000e+02 -7.500000000000000e+02	0.000000000000000e+00 0.000000000000000e+00 0.000000000000000e+00	1.000000000000000e+00	1599	1	57
59	 3.129872981078000e+02 -7.500000000000000e+02 -6.898652953370001e+01	-1.698000000000000e-07 -2.940000000000000e-07  1.391700000000000e-05	1.000000000000000e+00	1599	1	59
60	 3.129872981078000e+02 -7.500000000000000e+02 -7.500000000000000e+02	0.000000000000000e+00 0.000000000000000e+00 0.000000000000000e+00	1.000000000000000e+00	1599	1	60
61	 7.500000000000000e+02  6.928203230300000e+00 -7.500000000000000e+02	0.000000000000000e+00 0.000000000000000e+00 0.000000000000000e+00	1.000000000000000e+00	1599	1	61
62	 7.500000000000000e+02  6.928203230300000e+00 -2.978582461499000e+02	1.343000000000000e-06 2.326100000000000e-06 1.035712000000000e-04	1.000000000000000e+00	1599	1	62
63	 5.470127018922000e+02 -7.500000000000000e+02  2.286190426598000e+02	-0.000000000000000e+00 -0.000000000000000e+00  0.000000000000000e+00	1.000000000000000e+00	1599	1	63
65	 5.470127018922000e+02 -7.500000000000000e+02 -7.500000000000000e+02	0.000000000000000e+00 0.000000000000000e+00 0.000000000000000e+00	1.000000000000000e+00	1599	1	65
66	-8.250000000000000e+01  3.403479836873000e+02 -7.500000000000000e+02	0.000000000000000e+00 0.000000000000000e+00 0.000000000000000e+00	7.500000000000000e-01	1599	1	66
67	-7.500000000000000e+02  7.500000000000000e+02 -6.793251553319001e+02	0.000000000000000e+00 1.269459897000000e-01 0.000000000000000e+00	1.000000000000000e+00	1599	1	67
68	-7.500000000000000e+02 -7.500000000000000e+02 -6.793251553319001e+02	0.000000000000000e+00 0.000000000000000e+00 0.000000000000000e+00	1.000000000000000e+00	1599	1	68
71	 4.574097999864000e+02 -7.500000000000000e+02  1.469693845670000e+01	-2.945140000000000e-05  5.639300000000000e-06  0.000000000000000e+00	1.000000000000000e+00	680	1	71
72	 7.500000000000000e+02 -7.500000000000000e+02  1.469693845670000e+01	0.000000000000000e+00 0.000000000000000e+00 0.000000000000000e+00	1.000000000000000e+00	680	1	72
73	7.500000000000000e+02 7.500000000000000e+02 1.469693845670000e+01	0.000000000000000e+00 0.000000000000000e+00 0.000000000000000e+00	1.000000000000000e+00	680	1	73
74	4.544754303024000e+02 7.500000000000000e+02 1.469693845670000e+01	1.128696000000000e-03 0.000000000000000e+00 0.000000000000000e+00	1.000000000000000e+00	680	1	74
75	 3.129025707705000e+02  6.910882722200000e+02 -7.500000000000000e+02	2.616600000000000e-06 0.000000000000000e+00 7.222000000000000e-06	1.000000000000000e+00	1549	1	75
76	 7.500000000000000e+02  6.910882722200000e+02 -7.500000000000000e+02	0.000000000000000e+00 0.000000000000000e+00 0.000000000000000e+00	1.000000000000000e+00	1549	1	76
77	7.500000000000000e+02 6.910882722200000e+02 7.500000000000000e+02	0.000000000000000e+00 0.000000000000000e+00 0.000000000000000e+00	1.000000000000000e+00	1549	1	77
78	-7.500000000000000e+02  6.910882722200000e+02  7.500000000000000e+02	-6.068214320000000e-02  0.000000000000000e+00  0.000000000000000e+00	1.000000000000000e+00	1549	1	78
79	-7.047951461390001e+01 -7.500000000000000e+02  9.471360338760000e+01	 3.405650000000000e-05 -3.721910000000000e-05  0.000000000000000e+00	1.000000000000000e+00	1599	1	79
80	 7.500000000000000e+02 -7.500000000000000e+02  9.471360338760000e+01	0.000000000000000e+00 0.000000000000000e+00 0.000000000000000e+00	1.000000000000000e+00	1599	1	80
83	 3.239162868259000e+02 -7.500000000000000e+02  3.592584956082000e+02	-1.617970000000000e-05  1.402100000000000e-06  0.000000000000000e+00	1.000000000000000e+00	1549	1	83
84	 7.500000000000000e+02 -7.500000000000000e+02  3.592584956082000e+02	0.000000000000000e+00 0.000000000000000e+00 0.000000000000000e+00	1.000000000000000e+00	1549	1	84
85	7.500000000000000e+02 7.500000000000000e+02 3.592584956082000e+02	0.000000000000000e+00 0.000000000000000e+00 0.000000000000000e+00	1.000000000000000e+00	1549	1	85
86	2.298370826639000e+02 7.500000000000000e+02 3.592584956082000e+02	8.913303000000001e-04 0.000000000000000e+00 0.000000000000000e+00	1.000000000000000e+00	1549	1	86
87	-2.960127018922000e+02 -7.500000000000000e+02 -4.869576977022000e+02	-7.790000000000000e-08 -1.349000000000000e-07  1.489200000000000e-06	1.000000000000000e+00	704	1	87
88	-2.960127018922000e+02 -7.500000000000000e+02 -7.500000000000000e+02	0.000000000000000e+00 0.000000000000000e+00 0.000000000000000e+00	1.000000000000000e+00	704	1	88
89	 5.700127018922000e+02  7.500000000000000e+02 -7.500000000000000e+02	0.000000000000000e+00 0.000000000000000e+00 0.000000000000000e+00	1.000000000000000e+00	704	1	89
90	5.700127018922000e+02 7.500000000000000e+02 6.315163138338000e+02	 1.522700000000000e-06  2.637400000000000e-06 -2.360010000000000e-05	1.000000000000000e+00	704	1	90
92	-7.500000000000000e+02  7.500000000000000e+02  3.804874067123000e+02	0.000000000000000e+00 0.000000000000000e+00 0.000000000000000e+00	1.000000000000000e+00	1544	1	92
93	-7.500000000000000e+02 -7.500000000000000e+02  3.804874067123000e+02	0.000000000000000e+00 0.000000000000000e+00 0.000000000000000e+00	1.000000000000000e+00	1544	1	93
94	 7.500000000000000e+02 -7.500000000000000e+02  3.804874067123000e+02	0.000000000000000e+00 0.000000000000000e+00 0.000000000000000e+00	1.000000000000000e+00	1544	1	94
95	7.500000000000000e+02 3.044322991648000e+02 3.804874067123000e+02	-3.175070000000000e-05 -3.224010000000000e-05  0.000000000000000e+00	1.000000000000000e+00	1544	1	95
97	 5.929872981078000e+02 -7.500000000000000e+02 -1.592681124950000e+01	 4.200000000000000e-09  7.300000000000000e-09 -7.310000000000000e-08	1.000000000000000e+00	97	1	97
98	 5.929872981078000e+02 -7.500000000000000e+02 -7.500000000000000e+02	0.000000000000000e+00 0.000000000000000e+00 0.000000000000000e+00	1.000000000000000e+00	97	1	98
99	 7.500000000000000e+02 -4.780460228890000e+02 -7.500000000000000e+02	0.000000000000000e+00 0.000000000000000e+00 0.000000000000000e+00	1.000000000000000e+00	97	1	99
100	 7.500000000000000e+02 -4.780460228890000e+02  1.947464366480000e+01	 5.000000000000000e-09  8.700000000000000e-09 -1.157000000000000e-07	1.000000000000000e+00	97	1	100
101	-7.500000000000000e+02 -5.525242076145000e+02 -1.159425144917000e+02	-0.000000000000000e+00 -0.000000000000000e+00  0.000000000000000e+00	1.779785156250000e-01	661	1	101
102	-7.500000000000000e+02 -5.525242076145000e+02  7.500000000000000e+02	0.000000000000000e+00 0.000000000000000e+00 0.000000000000000e+00	1.000000000000000e+00	661	1	102
103	-6.359872981078000e+02 -7.500000000000000e+02  7.500000000000000e+02	0.000000000000000e+00 0.000000000000000e+00 0.000000000000000e+00	1.000000000000000e+00	661	1	103
104	-6.359872981078000e+02 -7.500000000000000e+02 -1.159425144917000e+02	0.000000000000000e+00 0.000000000000000e+00 0.000000000000000e+00	7.500000000000000e-01	661	1	104
105	-5.682238471545000e+02 -7.500000000000000e+02  5.829785587824000e+02	-2.499514700000000e-03  0.000000000000000e+00  0.000000000000000e+00	1.000000000000000e+00	105	1	105
106	 7.500000000000000e+02 -7.500000000000000e+02  5.829785587824000e+02	0.000000000000000e+00 0.000000000000000e+00 0.000000000000000e+00	1.000000000000000e+00	105	1	106
107	7.500000000000000e+02 2.523279450650000e+01 5.829785587824000e+02	 1.461000000000000e-07 -5.989000000000000e-07  0.000000000000000e+00	1.000000000000000e+00	105	1	107
108	-2.054369851999000e+02  6.910882722200000e+02 -4.164132562731000e+02	-4.793046855468750e-05  0.000000000000000e+00  0.000000000000000e+00	1.779785156250000e-01	1549	0	108
112	 6.715083712449000e+02  1.376835397802000e+02 -5.918261306277000e+02	 4.417000000000000e-07 -7.651000000000000e-07 -9.681100000000000e-06	1.000000000000000e+00	0	0	112
113	 5.250724226474000e+02 -6.957797358800001e+00  2.286190426598000e+02	-1.015891000000000e-04  3.391800000000000e-06  0.000000000000000e+00	1.000000000000000e+00	1599	0	113
114	 2.990321395028000e+02  6.853939934549001e+02 -4.262112152443000e+02	-3.000000000000000e-10 -2.000000000000000e-09  0.000000000000000e+00	1.000000000000000e+00	646	0	114
116	-5.744894242073000e+02  1.367534550610000e+02 -1.159425144917000e+02	 6.695120000000000e-05 -1.606980000000000e-05  0.000000000000000e+00	1.000000000000000e+00	661	0	116
117	-4.258974362264000e+02  2.980705452787000e+02 -4.164132562731000e+02	 5.757000000000001e-07 -4.739000000000000e-07  0.000000000000000e+00	1.000000000000000e+00	1549	0	117
118	-5.824960320862000e+02 -1.555334881648000e+02  1.077775486825000e+02	-4.933631000000001e-04 -4.255940000000000e-05  0.000000000000000e+00	1.000000000000000e+00	23	0	118
119	-1.571238468754000e+02  1.473236880000000e-02 -1.894272067752000e+02	-2.497000000000000e-07  1.930000000000000e-07  0.000000000000000e+00	1.000000000000000e+00	27	0	119
122	-5.460973284922001e+02 -6.652760879999000e+02  3.926892121856000e+02	 9.038970000000000e-05  1.565595000000000e-04 -2.234092000000000e-04	1.000000000000000e+00	491	0	122
123	 1.455984299809000e+02 -5.778094300521000e+02  7.442881078874000e+02	 5.400000000000000e-09 -9.400000000000000e-09  2.036000000000000e-07	1.000000000000000e+00	729	0	123
126	-7.298806761260001e+01 -3.079943000000000e-04  1.518683640526000e+02	-6.780000000000000e-08 -2.950000000000000e-08  0.000000000000000e+00	1.000000000000000e+00	1549	0	126
127	-2.082147639149000e+02  3.403479836873000e+02 -7.337559050867001e+02	9.991000000000001e-07 0.000000000000000e+00 1.193600000000000e-06	1.000000000000000e+00	1599	0	127
128	 5.323492125296000e+02 -3.700540189759000e+02 -2.782287761147000e+02	3.327400000000000e-06 5.763200000000000e-06 1.002218000000000e-04	1.000000000000000e+00	1599	0	128
129	 4.300000000000000e+02 -5.473280551918000e+02 -8.275263332440001e+01	0.000000000000000e+00 0.000000000000000e+00 0.000000000000000e+00	1.000000000000000e+00	1599	0	129
130	-3.269829956563000e+02  5.950554421291000e+02 -6.793251553319001e+02	-5.888420000000000e-05 -1.129287000000000e-04  0.000000000000000e+00	1.000000000000000e+00	1599	0	130
131	4.679332803004000e+02 1.466246180156000e+02 1.469693845670000e+01	5.831846000000000e-04 5.758630000000000e-05 0.000000000000000e+00	1.000000000000000e+00	680	0	131
132	-4.852082707230000e+01  6.910882722200000e+02 -5.542402062995001e+02	 6.512700000000000e-06  0.000000000000000e+00 -1.358240000000000e-05	1.000000000000000e+00	1549	0	132
133	-3.443250356218000e+02  6.910882722200000e+02  1.555374244157000e+02	1.481948705635071e-05 0.000000000000000e+00 5.013028328590393e-05	7.508468627929688e-02	1549	0	133
134	 3.513135621439000e+02 -1.561838104298000e+02  9.471360338760000e+01	 1.041000000000000e-06 -6.211000000000000e-07  0.000000000000000e+00	1.000000000000000e+00	1599	0	134
136	2.948214395768000e+02 1.948116461600000e+02 3.592584956082000e+02	6.676526000000000e-04 4.216220000000000e-05 0.000000000000000e+00	1.000000000000000e+00	1549	0	136
137	 1.432990805657000e+02  1.091032758070000e+01 -3.986790345880000e+01	-1.048170000000000e-05 -1.815490000000000e-05  5.042600000000000e-06	1.000000000000000e+00	704	0	137
139	 6.776196127939000e+02 -6.034125310015000e+02  4.646015223200000e+00	 7.153000000000001e-07  1.238900000000000e-06 -1.168480000000000e-05	1.000000000000000e+00	97	0	139
141	 2.318883557287000e+02 -2.479986136211000e+02  5.829785587824000e+02	 5.156590000000000e-05 -8.072630000000001e-05  0.000000000000000e+00	1.000000000000000e+00	105	0	141
143	 5.700758058632000e+02  3.133698965633000e+02 -6.172760146199000e+02	 6.971000000000001e-07 -1.207400000000000e-06 -9.110000000000001e-06	1.000000000000000e+00	0	0	143
144	 4.991516196044000e+02 -3.784805018340000e+02  2.286190426598000e+02	-2.668031000000000e-04  3.665680000000000e-05  0.000000000000000e+00	1.000000000000000e+00	1599	0	144
146	 5.245171788975000e+02  6.530480474315000e+02 -4.262112152443000e+02	1.160000000000000e-08 8.090000000000000e-08 0.000000000000000e+00	1.000000000000000e+00	646	0	146
147	 7.242960387780001e+01  7.223605395911001e+02 -4.262112152443000e+02	3.431000000000000e-07 1.305700000000000e-06 0.000000000000000e+00	1.000000000000000e+00	646	0	147
150	-7.500000000000000e+02 -2.083763529445000e+02 -1.159425144917000e+02	0.000000000000000e+00 4.449660000000000e-05 0.000000000000000e+00	1.000000000000000e+00	661	1	150
151	-2.337174990643000e+02  4.467618423284000e+02 -1.159425144917000e+02	-4.231540000000000e-05  5.603210000000000e-05  0.000000000000000e+00	1.000000000000000e+00	661	0	151
152	-5.879298685821000e+02  1.016038610051000e+02 -4.164132562731000e+02	 5.342000000000000e-07 -4.406000000000000e-07  0.000000000000000e+00	1.000000000000000e+00	1549	0	152
153	-5.458450926087000e+02 -6.151337912032001e+02  1.077775486825000e+02	-6.533087000000000e-04 -1.610890000000000e-05  0.000000000000000e+00	1.000000000000000e+00	23	0	153
154	-6.149507923407000e+02  3.323325909892000e+02  1.077775486825000e+02	-2.030556000000000e-04 -8.868200000000001e-06  0.000000000000000e+00	1.000000000000000e+00	23	0	154
155	-4.468921596443000e+02 -3.749817352879000e+02 -1.894272067752000e+02	-3.048000000000000e-07  2.355000000000000e-07  0.000000000000000e+00	1.000000000000000e+00	27	0	155
156	 1.326520932557000e+02  3.750052920114000e+02 -1.894272067752000e+02	-9.420000000000001e-08  7.280000000000000e-08  0.000000000000000e+00	1.000000000000000e+00	27	0	156
159	-5.950127018922000e+02 -7.500000000000000e+02  2.298364865840000e+02	0.000000000000000e+00 0.000000000000000e+00 5.776210000000000e-05	1.000000000000000e+00	491	1	159
160	-4.526520984975000e+02 -5.034242019241000e+02  5.519057838567001e+02	 5.595810000000000e-05  9.692220000000001e-05 -1.626461000000000e-04	1.000000000000000e+00	491	0	160
161	 9.392918445890000e+01 -4.883156716194000e+02  7.500000000000000e+02	 5.400000000000000e-09 -9.300000000000001e-09  1.941000000000000e-07	1.000000000000000e+00	729	1	161
162	 1.965543720039000e+02 -6.660677105835000e+02  7.391450347228000e+02	 4.600000000000000e-09 -8.100000000000000e-09  2.067000000000000e-07	1.000000000000000e+00	729	0	162
164	5.278731921157000e+02 5.397196478490000e+01 2.286190426598000e+02	-5.889750000000000e-05  2.799700000000000e-06  0.000000000000000e+00	1.000000000000000e+00	1599	0	164
167	 9.033823614050000e+01 -3.750113344009000e+02  1.518683640526000e+02	-3.999000000000000e-07 -1.744000000000000e-07  0.000000000000000e+00	1.000000000000000e+00	1549	0	167
168	-2.362469175715000e+02  3.749994630405000e+02  1.518683640526000e+02	3.020000000000000e-08 1.310000000000000e-08 0.000000000000000e+00	1.000000000000000e+00	1549	0	168
169	-4.952562165499000e+02  3.403479836873000e+02 -6.996751829464000e+02	-7.219000000000000e-07  0.000000000000000e+00 -8.502500000000000e-06	1.000000000000000e+00	1599	0	169
170	 1.225054113196000e+02  3.403479836873000e+02 -7.498780077487000e+02	-1.500000000000000e-09  0.000000000000000e+00 -1.606800000000000e-06	1.000000000000000e+00	1263	0	170
172	 6.450767971536001e+02 -1.748041149925000e+02 -2.912539430522000e+02	2.476700000000000e-06 4.289800000000000e-06 1.172725000000000e-04	1.000000000000000e+00	1599	0	172
174	 4.731161919673000e+02 -6.220074903080000e+02 -3.557762242441000e+02	-1.885617000000000e-04  3.265985000000000e-04  2.065038000000000e-04	1.000000000000000e+00	1599	0	174
177	 4.872756264249000e+02 -3.042561003219000e+02  1.469693845670000e+01	2.510143000000000e-04 2.288800000000000e-06 0.000000000000000e+00	1.000000000000000e+00	680	0	177
178	4.234036534104000e+02 5.769751373549000e+02 1.469693845670000e+01	8.286342000000000e-04 7.174560000000000e-05 0.000000000000000e+00	1.000000000000000e+00	680	0	178
179	 8.655816974900000e+00  6.910882722200000e+02 -6.013944743153000e+02	-1.282000000000000e-05  0.000000000000000e+00 -1.014180000000000e-05	1.000000000000000e+00	1549	0	179
181	 2.145478747123000e+02 -4.509852999769000e+02  9.471360338760000e+01	-5.916000000000000e-07  3.811000000000000e-07  0.000000000000000e+00	1.000000000000000e+00	1599	0	181
183	 3.212147473341000e+02 -2.775260283961000e+02  3.592584956082000e+02	3.226743000000000e-04 1.805180000000000e-05 0.000000000000000e+00	1.000000000000000e+00	1549	0	183
184	2.396690506379000e+02 6.872943763711000e+02 3.592584956082000e+02	1.076941500000000e-03 1.394406000000000e-04 0.000000000000000e+00	1.000000000000000e+00	1549	0	184
185	-8.324770650170001e+01 -3.814802179115000e+02 -3.782577177950000e+02	 2.459800000000000e-06  4.260500000000000e-06 -1.060320000000000e-05	1.000000000000000e+00	704	0	185
186	3.240744090049000e+02 3.240223811924000e+02 3.862159116092000e+02	 1.245226000000000e-04  2.156795000000000e-04 -4.054643000000000e-04	1.000000000000000e+00	704	0	186
187	2.246963134292000e+02 7.500000000000000e+02 3.804874067123000e+02	9.214067000000001e-04 0.000000000000000e+00 0.000000000000000e+00	1.000000000000000e+00	1544	1	187
188	2.535703357913000e+02 6.522596507672000e+02 3.804874067123000e+02	7.486033000000000e-04 2.820528000000000e-04 0.000000000000000e+00	1.000000000000000e+00	1544	0	188
189	 6.311609780283001e+02 -6.838812468658000e+02 -7.100318936000000e+00	 1.660000000000000e-07  2.876000000000000e-07 -2.644100000000000e-06	1.000000000000000e+00	97	0	189
190	 7.226339748448000e+02 -5.254453688590000e+02  1.470163618330000e+01	 1.520000000000000e-08  2.640000000000000e-08 -2.801000000000000e-07	1.000000000000000e+00	97	0	190
191	-8.144165544830000e+01 -4.615862452617000e+02  5.829785587824000e+02	-4.608530000000000e-05  6.481820000000000e-05  0.000000000000000e+00	1.000000000000000e+00	105	0	191
192	 5.521187769617001e+02 -5.009296701130000e+01  5.829785587824000e+02	 8.404070000000000e-05 -1.577724000000000e-04  0.000000000000000e+00	1.000000000000000e+00	105	0	192
193	-2.646701228600000e+02  4.947658057298000e+02 -4.164132562731000e+02	-4.161318750000000e-06  2.265918750000000e-06  0.000000000000000e+00	5.625000000000000e-01	1549	0	193
194	-1.950807403297000e+02  6.910882722200000e+02 -4.185088544049000e+02	-5.572979884986877e-05  0.000000000000000e+00  7.344461147689820e-06	7.508468627929688e-02	1549	0	194
195	-3.576292722651000e+02  6.910882722200000e+02 -2.173953482779000e+02	2.326990000000000e-05 0.000000000000000e+00 2.092458000000000e-04	1.000000000000000e+00	1549	0	195
198	5.606830644724000e+02 1.017780656337000e+02 9.471360338760000e+01	 1.273514400000000e-03 -1.265718200000000e-03  0.000000000000000e+00	1.000000000000000e+00	1599	0	198
199	7.500000000000000e+02 2.466038212489000e+02 9.471360338760000e+01	 0.000000000000000e+00 -4.001171350000000e-02  0.000000000000000e+00	1.000000000000000e+00	1599	1	199
201	 5.168723425675000e+02  4.055209981302000e+02 -6.355935158727000e+02	 6.277000000000000e-07 -1.087200000000000e-06 -7.258200000000000e-06	1.000000000000000e+00	0	0	201
202	 4.700294355838000e+02 -5.498490233390000e+02  2.286190426598000e+02	-4.782536000000000e-04 -6.397053000000001e-04  0.000000000000000e+00	1.000000000000000e+00	1599	0	202
204	 6.372600260496000e+02  6.368773530674000e+02 -4.262112152443000e+02	2.210000000000000e-08 1.543000000000000e-07 0.000000000000000e+00	1.000000000000000e+00	646	0	204
205	-2.396032474130000e+01  7.500000000000000e+02 -4.262112152443000e+02	-3.770000000000000e-08 -1.314000000000000e-07  0.000000000000000e+00	1.000000000000000e+00	646	1	205
209	-7.695229691800000e+01  5.612696203784001e+02 -1.159425144917000e+02	-1.282160000000000e-05  1.797990000000000e-05  0.000000000000000e+00	1.000000000000000e+00	661	0	209
210	-6.689483249194001e+02  3.372376917600000e+00 -4.164132562731000e+02	 4.792000000000000e-07 -3.952000000000000e-07  0.000000000000000e+00	1.000000000000000e+00	1549	0	210
212	-6.217421305598000e+02  5.591954896700000e+02  1.077775486825000e+02	-5.666670000000000e-05 -1.256200000000000e-06  0.000000000000000e+00	1.000000000000000e+00	23	0	212
213	-5.917584476623000e+02 -5.624937913098000e+02 -1.894272067752000e+02	-7.290000000000000e-08  5.640000000000000e-08  0.000000000000000e+00	1.000000000000000e+00	27	0	213
214	 2.775398686558000e+02  5.625007297438000e+02 -1.894272067752000e+02	-1.930000000000000e-08  1.490000000000000e-08  0.000000000000000e+00	1.000000000000000e+00	27	0	214
216	-4.033525850222000e+02 -4.180349397966000e+02  6.163888042125001e+02	 4.562680000000000e-05  7.902790000000001e-05 -1.408914000000000e-04	1.000000000000000e+00	491	0	216
221	 1.722457660895000e+02 -5.624965826695001e+02  1.518683640526000e+02	-7.000000000000001e-10  2.000000000000000e-10  0.000000000000000e+00	1.000000000000000e+00	1549	0	221
222	-3.120070502582000e+02  5.641454737133000e+02  1.518683640526000e+02	-5.205000000000000e-07 -1.863000000000000e-07  0.000000000000000e+00	1.000000000000000e+00	1549	0	222
223	-6.344977632393001e+02  3.403479836873000e+02 -6.901921665177000e+02	-2.487000000000000e-07  0.000000000000000e+00 -4.756300000000001e-06	1.000000000000000e+00	1599	0	223
226	 7.012388124329000e+02 -7.752865107340000e+01 -2.953292003914000e+02	1.604000000000000e-06 2.778200000000000e-06 1.116749000000000e-04	1.000000000000000e+00	1599	0	226
228	 5.246116823494000e+02 -7.112002960105000e+02 -5.461148946820000e+02	-1.246448000000000e-04  2.158912000000000e-04 -1.012432000000000e-04	1.000000000000000e+00	1599	0	228
229	-4.984211889436000e+02  6.749248119764001e+02 -6.793251553319001e+02	-4.181710000000000e-05 -1.017393000000000e-04  0.000000000000000e+00	1.000000000000000e+00	1599	0	229
231	 4.847521399976000e+02 -5.370536896997000e+02  1.469693845670000e+01	 4.879410000000000e-05 -1.228700000000000e-06  0.000000000000000e+00	1.000000000000000e+00	680	0	231
233	-4.647437438618000e+02  6.910882722200000e+02  4.411692054362000e+02	2.465566000000000e-04 0.000000000000000e+00 1.907831000000000e-04	1.000000000000000e+00	1549	0	233
234	 1.235351261434000e+02 -5.781641536678001e+02  9.471360338760000e+01	-2.367800000000000e-06  2.285400000000000e-06  0.000000000000000e+00	1.000000000000000e+00	1599	0	234
235	 3.306577154984000e+02 -5.355048914826000e+02  3.592584956082000e+02	1.229013000000000e-04 1.487400000000000e-06 0.000000000000000e+00	1.000000000000000e+00	1549	0	235
237	-2.086848917451000e+02 -5.987437959114001e+02 -4.620391985660000e+02	-3.320000000000000e-08 -5.750000000000001e-08  3.265000000000000e-07	1.000000000000000e+00	704	0	237
238	4.184297299118000e+02 4.874505909675000e+02 5.480297992818000e+02	-3.580000000000000e-07 -6.200000000000000e-07  1.502300000000000e-06	1.000000000000000e+00	704	0	238
240	3.354921108946000e+02 5.640673410016000e+02 3.804874067123000e+02	2.329100000000000e-05 3.410670000000000e-05 0.000000000000000e+00	1.000000000000000e+00	1544	0	240
241	-2.356700342316000e+02 -5.741626471522001e+02  5.829785587824000e+02	-1.069188000000000e-04  1.436592000000000e-04  0.000000000000000e+00	1.000000000000000e+00	105	0	241
242	7.086175862500000e+02 1.513620026470000e+01 5.829785587824000e+02	 1.086200000000000e-06 -3.110700000000000e-06  0.000000000000000e+00	1.000000000000000e+00	105	0	242
243	-2.185726513918000e+02  6.045396701436000e+02 -4.164132562731000e+02	-2.684630933074952e-05  4.088231021118164e-06  0.000000000000000e+00	1.001129150390625e-01	1549	0	243
244	-2.485270162045000e+02  6.910882722200000e+02 -3.832692525859000e+02	 8.851549218750000e-05  0.000000000000000e+00 -1.081819125000000e-04	4.218750000000000e-01	1549	0	244
246	 7.168971406598000e+02  5.906788506060001e+01 -5.841894768140000e+02	 3.780000000000000e-07 -6.546000000000001e-07 -9.104300000000000e-06	1.000000000000000e+00	0	0	246
247	 6.219190118120000e+02  2.235748298328000e+02 -6.027477038549000e+02	 5.936000000000000e-07 -1.028100000000000e-06 -9.846900000000001e-06	1.000000000000000e+00	0	0	247
248	 5.173635684638000e+02 -1.967807690011000e+02  2.286190426598000e+02	-1.263891000000000e-04  8.393800000000001e-06  0.000000000000000e+00	1.000000000000000e+00	1599	0	248
249	5.430425587715000e+02 1.814587937455000e+02 2.286190426598000e+02	 4.542140000000000e-05 -1.596070000000000e-05  0.000000000000000e+00	1.000000000000000e+00	1599	0	249
250	 4.117745153263000e+02  6.692200378514000e+02 -4.262112152443000e+02	3.700000000000000e-09 2.600000000000000e-08 0.000000000000000e+00	1.000000000000000e+00	646	0	250
251	 1.864110852763000e+02  7.024043519173000e+02 -4.262112152443000e+02	2.020000000000000e-08 1.187000000000000e-07 0.000000000000000e+00	1.000000000000000e+00	646	0	251
254	-7.006405043686000e+02 -7.273172027770001e+01 -1.159425144917000e+02	 7.813940000000001e-05 -2.051070000000000e-05  0.000000000000000e+00	1.000000000000000e+00	661	0	254
255	-3.976267826274000e+02  3.186817658490000e+02 -1.159425144917000e+02	-2.842540000000000e-05  2.239660000000000e-05  0.000000000000000e+00	1.000000000000000e+00	661	0	255
256	-5.069123751122000e+02  1.998361207288000e+02 -4.164132562731000e+02	 5.706000000000000e-07 -4.706000000000000e-07  0.000000000000000e+00	1.000000000000000e+00	1549	0	256
257	-3.451227348946000e+02  3.963169334097000e+02 -4.164132562731000e+02	 3.052687500000000e-07 -2.510437500000000e-07  0.000000000000000e+00	5.625000000000000e-01	1549	0	257
258	-5.591954026327001e+02 -4.216311520661000e+02  1.077775486825000e+02	-6.381477000000001e-04 -6.145320000000000e-05  0.000000000000000e+00	1.000000000000000e+00	23	0	258
259	-6.015703328206000e+02  9.019471927090001e+01  1.077775486825000e+02	-3.541251000000000e-04 -2.382960000000000e-05  0.000000000000000e+00	1.000000000000000e+00	23	0	259
260	-3.020142994158000e+02 -1.874786358513000e+02 -1.894272067752000e+02	-3.574000000000000e-07  2.762000000000000e-07  0.000000000000000e+00	1.000000000000000e+00	27	0	260
261	-1.223498150370000e+01  1.875093200885000e+02 -1.894272067752000e+02	-1.620000000000000e-07  1.252000000000000e-07  0.000000000000000e+00	1.000000000000000e+00	27	0	261
262	-5.851151916134000e+02 -7.328570093287000e+02  2.873681876775000e+02	 3.995350000000000e-05  6.920150000000000e-05 -1.157950000000000e-04	1.000000000000000e+00	491	0	262
263	-4.996396568898000e+02 -5.848090403833000e+02  4.795603887231000e+02	 8.866700000000000e-05  1.535758000000000e-04 -2.108829000000000e-04	1.000000000000000e+00	491	0	263
268	 8.676098493300000e+00 -1.875053707732000e+02  1.518683640526000e+02	-2.075000000000000e-07 -9.040000000000000e-08  0.000000000000000e+00	1.000000000000000e+00	1549	0	268
269	-1.546082444438000e+02  1.875036066223000e+02  1.518683640526000e+02	8.030000000000000e-08 3.500000000000000e-08 0.000000000000000e+00	1.000000000000000e+00	1549	0	269
270	-3.565768454102000e+02  3.403479836873000e+02 -7.136846791778000e+02	-8.158000000000000e-07  0.000000000000000e+00 -7.014600000000001e-06	1.000000000000000e+00	1599	0	270
273	 5.889411660703000e+02 -2.720338801438000e+02 -2.857071874900000e+02	3.168900000000000e-06 5.488600000000000e-06 1.130987000000000e-04	1.000000000000000e+00	1599	0	273
274	 4.556530121695000e+02 -5.917603756364000e+02  1.403740883824000e+02	-1.544838000000000e-04  2.675738000000000e-04  8.659590000000000e-05	1.000000000000000e+00	1599	0	274
277	 5.470127018922000e+02 -7.500000000000000e+02 -6.793251553319001e+02	0.000000000000000e+00 0.000000000000000e+00 0.000000000000000e+00	1.000000000000000e+00	1599	1	277
278	 4.841633438799000e+02 -5.789308726770000e+01  1.469693845670000e+01	3.821715000000000e-04 1.194710000000000e-05 0.000000000000000e+00	1.000000000000000e+00	680	0	278
279	4.417071119496000e+02 4.073558043703000e+02 1.469693845670000e+01	7.291620000000000e-04 8.300210000000001e-05 0.000000000000000e+00	1.000000000000000e+00	680	0	279
281	-4.241225884161000e+02  6.910882722200000e+02  7.238945509800000e+01	6.687175000000000e-04 0.000000000000000e+00 1.302779400000000e-03	1.000000000000000e+00	1549	0	281
282	 2.770137692397000e+02 -3.009896891832000e+02  9.471360338760000e+01	 1.197600000000000e-06 -5.195000000000001e-07  0.000000000000000e+00	1.000000000000000e+00	1599	0	282
283	 4.442285587368000e+02 -2.533745335400000e+01  9.471360338760000e+01	 4.932838000000000e-04 -4.303175000000000e-04  0.000000000000000e+00	1.000000000000000e+00	1599	0	283
284	 3.067915787608000e+02 -9.605007357200000e+00  3.592584956082000e+02	5.198475000000000e-04 2.787860000000000e-05 0.000000000000000e+00	1.000000000000000e+00	1549	0	284
285	2.727386310819000e+02 4.006391995348000e+02 3.592584956082000e+02	9.737874000000001e-04 1.225162000000000e-04 0.000000000000000e+00	1.000000000000000e+00	1549	0	285
286	 4.042122998730000e+01 -1.672793365945000e+02 -2.432295371507000e+02	 2.135970000000000e-05  3.699610000000000e-05 -5.762010000000000e-05	1.000000000000000e+00	704	0	286
287	2.313540991381000e+02 1.634260936095000e+02 1.602243948848000e+02	 1.625718000000000e-04  2.815826000000000e-04 -3.364169000000000e-04	1.000000000000000e+00	704	0	287
290	 7.462118333550001e+01 -3.534071519303000e+02  5.829785587824000e+02	 1.063540000000000e-05 -1.559690000000000e-05  0.000000000000000e+00	1.000000000000000e+00	105	0	290
291	 3.949489908804000e+02 -1.504775205305000e+02  5.829785587824000e+02	 1.226367000000000e-04 -1.871318000000000e-04  0.000000000000000e+00	1.000000000000000e+00	105	0	291
292	 4.724072406540000e+02 -6.207795506133000e+02  2.286190426598000e+02	-3.630935000000000e-04  6.288964000000000e-04  0.000000000000000e+00	1.000000000000000e+00	1599	0	292
297	-3.991356689500000e+00  6.116843731777000e+02 -1.159425144917000e+02	 5.577900000000000e-06 -8.347100000000000e-06  0.000000000000000e+00	1.000000000000000e+00	661	0	297
298	-7.094544109133001e+02 -4.574598458720000e+01 -4.164132562731000e+02	 4.941000000000001e-07 -4.076000000000000e-07  0.000000000000000e+00	1.000000000000000e+00	1549	0	298
300	-6.224112479663000e+02  6.681095493484000e+02  1.077775486825000e+02	 6.949000000000000e-06 -3.067000000000000e-07  0.000000000000000e+00	1.000000000000000e+00	23	0	300
301	-6.642078877819000e+02 -6.562372416640001e+02 -1.894272067752000e+02	-1.940000000000000e-07  1.499000000000000e-07  0.000000000000000e+00	1.000000000000000e+00	27	0	301
302	 3.499827035038000e+02  6.562492696634000e+02 -1.894272067752000e+02	-8.700000000000000e-09  6.700000000000000e-09  0.000000000000000e+00	1.000000000000000e+00	27	0	302
305	 2.137281355360000e+02 -6.561868397832001e+02  1.518683640526000e+02	3.522000000000000e-07 1.674000000000000e-07 0.000000000000000e+00	1.000000000000000e+00	1549	0	305
306	-3.511905185944000e+02  6.910882722200000e+02  1.518683640526000e+02	-1.495817437500000e-04  0.000000000000000e+00  0.000000000000000e+00	5.625000000000000e-01	1549	0	306
307	-7.047978082038001e+02  3.403479836873000e+02 -6.871426613304001e+02	-2.720000000000000e-08  0.000000000000000e+00 -6.963000000000000e-07	1.000000000000000e+00	1599	0	307
313	 4.776383616473000e+02 -6.443555531936000e+02  1.469693845670000e+01	 4.056700000000000e-06 -1.496000000000000e-07  0.000000000000000e+00	1.000000000000000e+00	680	0	313
314	4.344750487170000e+02 6.777623280307000e+02 1.469693845670000e+01	 1.027662400000000e-03 -1.888650000000000e-04  0.000000000000000e+00	1.000000000000000e+00	680	0	314
315	-5.019719708576000e+02  6.910882722200000e+02  4.851119186920000e+02	2.453985000000000e-04 0.000000000000000e+00 1.923355000000000e-04	1.000000000000000e+00	1549	0	315
316	 5.895788945830000e+01 -6.435238523631000e+02  9.471360338760000e+01	-2.349800000000000e-06  2.603200000000000e-06  0.000000000000000e+00	1.000000000000000e+00	1599	0	316
317	 3.302027355265000e+02 -6.547099944359001e+02  3.592584956082000e+02	 4.163470000000000e-05 -8.495000000000001e-07  0.000000000000000e+00	1.000000000000000e+00	1549	0	317
319	-2.677075424769000e+02 -7.009740257764000e+02 -4.810353348630000e+02	-9.300000000000001e-09 -1.610000000000000e-08  1.605000000000000e-07	1.000000000000000e+00	704	0	319
320	4.775515334778000e+02 5.898525585791000e+02 5.962545834370001e+02	 1.937000000000000e-06  3.355000000000000e-06 -1.397800000000000e-05	1.000000000000000e+00	704	0	320
322	4.021223318033000e+02 5.216872306939000e+02 3.804874067123000e+02	3.141480000000000e-05 5.566460000000000e-05 0.000000000000000e+00	1.000000000000000e+00	1544	0	322
323	-3.116943653339000e+02 -6.309208024352000e+02  5.829785587824000e+02	-1.394437000000000e-04  1.897342000000000e-04  0.000000000000000e+00	1.000000000000000e+00	105	0	323
328	 5.223357798083000e+02 -1.032366048724000e+02  2.286190426598000e+02	-1.230602000000000e-04  4.741800000000000e-06  0.000000000000000e+00	1.000000000000000e+00	1599	0	328
332	-6.474466363356000e+02  2.567934891850000e+01 -1.159425144917000e+02	 3.756460000000000e-05 -8.212870000000001e-05  0.000000000000000e+00	1.000000000000000e+00	661	0	332
333	-4.844712100941000e+02  2.396386693979000e+02 -1.159425144917000e+02	4.074770000000000e-05 3.801000000000000e-07 0.000000000000000e+00	1.000000000000000e+00	661	0	333
334	-4.664043326007000e+02  2.489528319390000e+02 -4.164132562731000e+02	 5.797000000000000e-07 -4.780000000000000e-07  0.000000000000000e+00	1.000000000000000e+00	1549	0	334
335	-3.855194037685000e+02  3.472014292413000e+02 -4.164132562731000e+02	 3.242812500000000e-07 -2.666250000000000e-07  0.000000000000000e+00	5.625000000000000e-01	1549	0	335
336	-5.703282795345000e+02 -2.941923361952000e+02  1.077775486825000e+02	-5.669227000000000e-04 -5.189020000000000e-05  0.000000000000000e+00	1.000000000000000e+00	23	0	336
337	-5.927230781253000e+02 -3.096378486610000e+01  1.077775486825000e+02	-4.256628000000000e-04 -3.330190000000000e-05  0.000000000000000e+00	1.000000000000000e+00	23	0	337
338	-2.295702269143000e+02 -9.373105999130000e+01 -1.894272067752000e+02	-3.217000000000000e-07  2.486000000000000e-07  0.000000000000000e+00	1.000000000000000e+00	27	0	338
339	-8.467850250520000e+01  9.376132165050001e+01 -1.894272067752000e+02	-1.901000000000000e-07  1.469000000000000e-07  0.000000000000000e+00	1.000000000000000e+00	27	0	339
342	-3.215841248470000e+01 -9.375389683470000e+01  1.518683640526000e+02	-1.704000000000000e-07 -7.420000000000000e-08  0.000000000000000e+00	1.000000000000000e+00	1549	0	342
343	-1.137959485005000e+02  9.375261038240001e+01  1.518683640526000e+02	2.940000000000000e-08 1.280000000000000e-08 0.000000000000000e+00	1.000000000000000e+00	1549	0	343
344	-2.840093759668000e+02  3.403479836873000e+02 -7.228791591923000e+02	-5.283000000000000e-07  0.000000000000000e+00 -3.788500000000000e-06	1.000000000000000e+00	1599	0	344
346	 4.472376928059000e+02 -5.771846149369001e+02  9.342105900370001e+01	-1.099745000000000e-04  1.904814000000000e-04  1.245140000000000e-04	1.000000000000000e+00	1599	0	346
349	-1.674617761000000e+02  4.875060965938000e+02 -6.793251553319001e+02	-2.060700000000000e-06  3.569300000000000e-06  0.000000000000000e+00	1.000000000000000e+00	1599	0	349
350	4.804715439100000e+02 2.343094322040000e+01 1.469693845670000e+01	4.496001000000000e-04 3.376450000000000e-05 0.000000000000000e+00	1.000000000000000e+00	680	0	350
351	4.541311422542000e+02 2.971503688863000e+02 1.469693845670000e+01	6.675494000000001e-04 7.010630000000000e-05 0.000000000000000e+00	1.000000000000000e+00	680	0	351
352	-4.031185220950000e+02  6.910882722200000e+02  3.592584956082000e+02	 3.360833000000000e-04  0.000000000000000e+00 -4.965310000000000e-05	1.000000000000000e+00	1549	0	352
354	 3.109575058537000e+02 -2.267857061618000e+02  9.471360338760000e+01	 1.134170000000000e-05 -5.857900000000000e-06  0.000000000000000e+00	1.000000000000000e+00	1599	0	354
355	 3.950524856904000e+02 -8.873476811870000e+01  9.471360338760000e+01	 1.325600000000000e-06 -9.549000000000000e-07  0.000000000000000e+00	1.000000000000000e+00	1599	0	355
356	3.006755506080000e+02 9.788343472610001e+01 3.592584956082000e+02	5.726189000000000e-04 3.097310000000000e-05 0.000000000000000e+00	1.000000000000000e+00	1549	0	356
357	2.872023538220000e+02 2.853014446122000e+02 3.592584956082000e+02	9.381399000000000e-04 1.269285000000000e-04 0.000000000000000e+00	1.000000000000000e+00	1549	0	357
358	 9.513711802590001e+01 -7.250863853040001e+01 -1.494647476945000e+02	-3.266560000000000e-05 -5.657860000000000e-05  3.100380000000000e-05	1.000000000000000e+00	704	0	358
359	1.863571162718000e+02 8.548903309780000e+01 6.384582734820000e+01	 1.020377000000000e-04  1.767345000000000e-04 -1.610176000000000e-04	1.000000000000000e+00	704	0	359
362	 1.528751606919000e+02 -3.001327716571000e+02  5.829785587824000e+02	 3.440540000000000e-05 -5.138360000000000e-05  0.000000000000000e+00	1.000000000000000e+00	105	0	362
363	 3.126774191412000e+02 -1.984246304040000e+02  5.829785587824000e+02	 5.381580000000000e-05 -8.993770000000000e-05  0.000000000000000e+00	1.000000000000000e+00	105	0	363
364	 4.860513170389000e+02 -4.647967771582000e+02  2.286190426598000e+02	-3.179633000000000e-04  5.199240000000000e-05  0.000000000000000e+00	1.000000000000000e+00	1599	0	364
365	 5.096935006395000e+02 -2.887689823528000e+02  2.286190426598000e+02	-1.909693000000000e-04  1.933070000000000e-05  0.000000000000000e+00	1.000000000000000e+00	1599	0	365
367	5.744553506662000e+02 2.704610893488000e+02 2.286190426598000e+02	 8.807885000000000e-04 -2.452497000000000e-04  0.000000000000000e+00	1.000000000000000e+00	1599	0	367
373	-7.487251666416000e+02 -1.958992703802000e+02 -1.159425144917000e+02	 3.513937500000000e-06 -1.067175000000000e-05  0.000000000000000e+00	5.625000000000000e-01	661	0	373
374	-1.557774104943000e+02  5.047573756842000e+02 -1.159425144917000e+02	-2.979130000000000e-05  4.064560000000000e-05  0.000000000000000e+00	1.000000000000000e+00	661	0	374
375	-3.127870167496000e+02  3.862543987213000e+02 -1.159425144917000e+02	-4.760470000000000e-05  6.043430000000001e-05  0.000000000000000e+00	1.000000000000000e+00	661	0	375
376	-6.284390850173000e+02  5.248810888080000e+01 -4.164132562731000e+02	 5.077000000000000e-07 -4.187000000000000e-07  0.000000000000000e+00	1.000000000000000e+00	1549	0	376
377	-5.474209488031000e+02  1.507198480521000e+02 -4.164132562731000e+02	 5.551000000000000e-07 -4.578000000000000e-07  0.000000000000000e+00	1.000000000000000e+00	1549	0	377
378	-5.499080738565000e+02 -6.794985908295000e+02  1.077775486825000e+02	-6.001514000000000e-04  1.144338000000000e-04  0.000000000000000e+00	1.000000000000000e+00	23	0	378
379	-5.482496682895001e+02 -5.290520627684000e+02  1.077775486825000e+02	-7.083090000000001e-04 -6.336060000000000e-05  0.000000000000000e+00	1.000000000000000e+00	23	0	379
380	-6.186306494511000e+02  4.464613453396000e+02  1.077775486825000e+02	-1.290471000000000e-04 -3.911100000000001e-06  0.000000000000000e+00	1.000000000000000e+00	23	0	380
381	-6.089471295758000e+02  2.130896875391000e+02  1.077775486825000e+02	-2.780324000000000e-04 -1.457180000000000e-05  0.000000000000000e+00	1.000000000000000e+00	23	0	381
382	-5.193247069467001e+02 -4.687382247589000e+02 -1.894272067752000e+02	-1.854000000000000e-07  1.432000000000000e-07  0.000000000000000e+00	1.000000000000000e+00	27	0	382
383	-3.744551385460000e+02 -2.812287106551000e+02 -1.894272067752000e+02	-3.532000000000000e-07  2.729000000000000e-07  0.000000000000000e+00	1.000000000000000e+00	27	0	383
384	 2.050954485734000e+02  4.687534222146000e+02 -1.894272067752000e+02	-6.300000000000001e-08  4.870000000000000e-08  0.000000000000000e+00	1.000000000000000e+00	27	0	384
385	 6.020877774860000e+01  2.812571346985000e+02 -1.894272067752000e+02	-1.279000000000000e-07  9.880000000000000e-08  0.000000000000000e+00	1.000000000000000e+00	27	0	385
388	5.132091398401000e+02 5.372826502480000e+01 9.471360338760000e+01	 2.229822780000000e-02 -2.068343470000000e-02  0.000000000000000e+00	1.000000000000000e+00	1599	0	388
390	 1.312733534331000e+02 -4.687621272575000e+02  1.518683640526000e+02	-4.613000000000000e-07 -2.015000000000000e-07  0.000000000000000e+00	1.000000000000000e+00	1549	0	390
391	 4.951064204380000e+01 -2.812568300119000e+02  1.518683640526000e+02	-2.536000000000000e-07 -1.105000000000000e-07  0.000000000000000e+00	1.000000000000000e+00	1549	0	391
392	-2.772734497862000e+02  4.686514734038000e+02  1.518683640526000e+02	9.100000000000000e-09 6.600000000000000e-09 0.000000000000000e+00	1.000000000000000e+00	1549	0	392
393	-1.954239804826000e+02  2.812531052952000e+02  1.518683640526000e+02	9.490000000000001e-08 4.130000000000000e-08 0.000000000000000e+00	1.000000000000000e+00	1549	0	393
394	-5.641997886216000e+02  3.403479836873000e+02 -6.944037610023000e+02	-5.016000000000000e-07  0.000000000000000e+00 -7.279800000000000e-06	1.000000000000000e+00	1599	0	394
395	-4.270336848232000e+02  3.403479836873000e+02 -7.059982154324000e+02	-8.477000000000001e-07  0.000000000000000e+00 -8.475800000000001e-06	1.000000000000000e+00	1599	0	395
396	 2.034737086902000e+02  3.403479836873000e+02 -7.500000000000000e+02	-6.500000000000000e-09  0.000000000000000e+00 -4.341900000000000e-06	1.000000000000000e+00	1263	1	396
397	 4.086624103100000e+01  3.403479836873000e+02 -7.500000000000000e+02	 4.000000000000000e-10  0.000000000000000e+00 -2.455000000000000e-07	1.000000000000000e+00	1263	1	397
400	 5.094765272716000e+02 -6.849854384353000e+02 -4.804788700944000e+02	-1.362030000000000e-04  2.359105000000000e-04 -1.509331000000000e-04	1.000000000000000e+00	1599	0	400
401	 4.389336497849000e+02 -5.628015905162000e+02 -2.727468614105000e+02	-2.868460000000000e-04  4.968318000000000e-04  4.689175000000000e-04	1.000000000000000e+00	1599	0	401
402	-4.579640750013000e+02  6.578539613369001e+02 -6.793251553319001e+02	-5.006780000000000e-05 -1.145542000000000e-04  0.000000000000000e+00	1.000000000000000e+00	1599	0	402
403	-3.882165552193000e+02  6.261846170117000e+02 -6.793251553319001e+02	-6.207440000000000e-05 -1.308028000000000e-04  0.000000000000000e+00	1.000000000000000e+00	1599	0	403
406	 4.869845203856000e+02 -4.283912644948000e+02  1.469693845670000e+01	 1.294011000000000e-04 -2.483400000000000e-06  0.000000000000000e+00	1.000000000000000e+00	680	0	406
407	 4.857511322750000e+02 -1.652965476915000e+02  1.469693845670000e+01	3.182181000000000e-04 4.646900000000000e-06 0.000000000000000e+00	1.000000000000000e+00	680	0	407
408	4.249845348286000e+02 6.184883050620000e+02 1.469693845670000e+01	 9.436374000000000e-04 -1.369016000000000e-04  0.000000000000000e+00	1.000000000000000e+00	680	0	408
409	4.305424380481000e+02 5.042911546888000e+02 1.469693845670000e+01	7.734655000000000e-04 8.364680000000001e-05 0.000000000000000e+00	1.000000000000000e+00	680	0	409
412	 1.666594526965000e+02 -5.268307099934000e+02  9.471360338760000e+01	-1.818800000000000e-06  1.215500000000000e-06  0.000000000000000e+00	1.000000000000000e+00	1599	0	412
413	 2.469252078101000e+02 -3.770356804149000e+02  9.471360338760000e+01	 4.894000000000000e-07 -2.011000000000000e-07  0.000000000000000e+00	1.000000000000000e+00	1599	0	413
414	 3.274871684139000e+02 -4.059232263539000e+02  3.592584956082000e+02	2.205178000000000e-04 8.398100000000000e-06 0.000000000000000e+00	1.000000000000000e+00	1549	0	414
415	 3.135308206611000e+02 -1.423860059911000e+02  3.592584956082000e+02	4.234806000000000e-04 2.351780000000000e-05 0.000000000000000e+00	1.000000000000000e+00	1549	0	415
416	-8.132625707990000e+01  6.910882722200000e+02  3.592584956082000e+02	0.000000000000000e+00 0.000000000000000e+00 0.000000000000000e+00	1.000000000000000e+00	1549	0	416
417	2.540248388997000e+02 5.542708435775000e+02 3.592584956082000e+02	9.899298999999999e-04 1.048902000000000e-04 0.000000000000000e+00	1.000000000000000e+00	1549	0	417
418	-1.457441270264000e+02 -4.897271935515000e+02 -4.278711575343000e+02	 4.270000000000000e-08  7.400000000000000e-08 -2.370000000000000e-07	1.000000000000000e+00	704	0	418
419	-2.100059055740000e+01 -2.736650504713000e+02 -3.170266566917000e+02	 1.254490000000000e-05  2.172840000000000e-05 -4.566720000000000e-05	1.000000000000000e+00	704	0	419
420	3.616631350506000e+02 3.891279644953000e+02 4.716341920670000e+02	 6.534073125000000e-05  1.131734250000000e-04 -1.890326812500000e-04	5.625000000000000e-01	704	0	420
421	2.847227607458000e+02 2.558633270461000e+02 2.588533084352000e+02	-1.504830000000000e-05 -2.606445000000000e-05  4.682991000000000e-04	7.500000000000000e-01	704	0	421
424	2.880139650286000e+02 6.056226861865000e+02 3.804874067123000e+02	9.688330000000001e-05 9.222320000000000e-05 0.000000000000000e+00	1.000000000000000e+00	1544	0	424
425	2.389274490127000e+02 6.917290169226001e+02 3.804874067123000e+02	8.991883000000001e-04 2.327421000000000e-04 0.000000000000000e+00	1.000000000000000e+00	1544	0	425
426	-1.590852514771000e+02 -5.173175734043000e+02  5.829785587824000e+02	-7.637250000000000e-05  1.042923000000000e-04  0.000000000000000e+00	1.000000000000000e+00	105	0	426
427	-3.463787048800000e+00 -4.071465905157000e+02  5.829785587824000e+02	-1.694620000000000e-05  2.432550000000000e-05  0.000000000000000e+00	1.000000000000000e+00	105	0	427
428	 6.318699617345001e+02 -1.258800559600000e+01  5.829785587824000e+02	 3.195340000000000e-05 -6.853750000000001e-05  0.000000000000000e+00	1.000000000000000e+00	105	0	428
429	 4.733920927763000e+02 -9.763239513480001e+01  5.829785587824000e+02	 1.572063000000000e-04 -2.386712000000000e-04  0.000000000000000e+00	1.000000000000000e+00	105	0	429
430	-2.359774534977000e+02  5.491202335270000e+02 -4.164132562731000e+02	-7.951600000000000e-06  2.833100000000000e-06  0.000000000000000e+00	1.000000000000000e+00	1549	0	430
431	-3.047304753555000e+02  4.454360858558000e+02 -4.164132562731000e+02	 1.732500000000000e-07 -1.420312500000000e-07  0.000000000000000e+00	5.625000000000000e-01	1549	0	431
432	-3.098587525210000e+02  6.910882722200000e+02 -2.954071545810000e+02	 1.534212000000000e-04  0.000000000000000e+00 -1.004970000000000e-04	1.000000000000000e+00	1549	0	432
433	-4.117423636519000e+02  6.910882722200000e+02 -1.145275186262000e+02	-3.914340000000000e-05  0.000000000000000e+00  4.954261000000000e-04	1.000000000000000e+00	1549	0	433
434	6.218167743143000e+02 1.623580221176000e+02 9.471360338760000e+01	 1.416918820000000e-02 -1.478443210000000e-02  0.000000000000000e+00	1.000000000000000e+00	1599	0	434
436	 4.901878997746000e+02  4.517398088192000e+02 -6.464428334256000e+02	 6.724000000000000e-07 -1.164700000000000e-06 -5.732500000000001e-06	1.000000000000000e+00	0	0	436
438	5.075703646678000e+02 6.418466993840000e+02 6.121048220019001e+02	 2.122800000000000e-06  3.676700000000000e-06 -1.885830000000000e-05	1.000000000000000e+00	704	0	438
439	 1.196044444473000e+02 -3.012998604310000e+01 -9.621056661680001e+01	-4.167200000000000e-05 -7.217810000000001e-05  3.179430000000000e-05	1.000000000000000e+00	704	0	439
440	1.650594190879000e+02 4.860033949110000e+01 1.320725184950000e+01	 4.392040000000000e-05  7.607240000000000e-05 -6.490440000000000e-05	1.000000000000000e+00	704	0	440
441	-1.143004380833000e+02 -4.352651267246000e+02 -4.050403675541000e+02	 3.581000000000000e-07  6.202000000000000e-07 -1.708000000000000e-06	1.000000000000000e+00	704	0	441
442	-5.218622061600000e+01 -3.276801461988000e+02 -3.488857019826000e+02	 7.679299999999999e-06  1.330100000000000e-05 -3.076770000000000e-05	1.000000000000000e+00	704	0	442
443	3.376203304887000e+02 3.474846054378000e+02 4.240506027982000e+02	-5.092470000000000e-05 -8.820415898437501e-05 -9.208114804687500e-05	3.164062500000000e-01	704	0	443
444	3.169723961237000e+02 3.117213340461000e+02 3.294718524732000e+02	4.710091000000000e-04 8.158117000000001e-04 1.753471000000000e-04	1.000000000000000e+00	704	0	444
445	-2.391503536702000e+02 -6.515115238418000e+02 -4.732956212537000e+02	-3.090000000000000e-08 -5.350000000000000e-08  4.121000000000000e-07	1.000000000000000e+00	704	0	445
446	-1.773137737060000e+02 -5.444074255775000e+02 -4.468793786788000e+02	-1.810000000000000e-08 -3.130000000000000e-08  1.325000000000000e-07	1.000000000000000e+00	704	0	446
447	4.476237234048000e+02 5.380160709733000e+02 5.751830600724001e+02	 9.308000000000000e-07  1.612100000000000e-06 -5.384700000000000e-06	1.000000000000000e+00	704	0	447
448	3.897090245154000e+02 4.377048699919000e+02 5.142650657416000e+02	 2.347830000000000e-05  4.066560000000000e-05 -9.164620000000000e-05	1.000000000000000e+00	704	0	448
449	 6.913585023330000e+01 -1.175441554083000e+02 -1.984925214422000e+02	-1.542600000000000e-06 -2.671800000000000e-06 -4.413500000000000e-06	1.000000000000000e+00	704	0	449
450	 9.844934087400000e+00 -2.202390346004000e+02 -2.815325524781000e+02	 2.035970000000000e-05  3.526410000000000e-05 -6.732890000000000e-05	1.000000000000000e+00	704	0	450
451	2.083899895758000e+02 1.236510890972000e+02 1.130544151940000e+02	 1.429462000000000e-04  2.475900000000000e-04 -2.619648000000000e-04	1.000000000000000e+00	704	0	451
452	2.559402628405000e+02 2.060105783054000e+02 2.069539376813000e+02	 1.448827000000000e-04  2.509442000000000e-04 -3.085853000000000e-04	1.000000000000000e+00	704	0	452
453	 3.280703947163000e+02 -7.020631592188000e+02  3.592584956082000e+02	 8.848100000000001e-06 -3.987000000000000e-07  0.000000000000000e+00	1.000000000000000e+00	1549	0	453
455	-3.791456234803000e+02 -3.761072525091000e+02  6.442536546669000e+02	 3.642300000000000e-05  6.308650000000001e-05 -1.350853000000000e-04	1.000000000000000e+00	491	0	455
459	 3.309465671842000e+02 -5.953392149619000e+02  3.592584956082000e+02	 8.209810000000001e-05 -1.617000000000000e-07  0.000000000000000e+00	1.000000000000000e+00	1549	0	459
460	2.984186092208000e+02 1.465699823230000e+02 3.592584956082000e+02	6.451114000000000e-04 4.178260000000000e-05 0.000000000000000e+00	1.000000000000000e+00	1549	0	460
461	2.933330039018000e+02 2.431738423506000e+02 3.592584956082000e+02	8.015935000000000e-04 1.040157000000000e-04 0.000000000000000e+00	1.000000000000000e+00	1549	0	461
463	2.502465853541000e+02 6.148401115649000e+02 3.592584956082000e+02	1.549875200000000e-03 2.144642000000000e-04 0.000000000000000e+00	1.000000000000000e+00	1549	0	463
465	 4.071980106480000e+01  6.414438324402000e+02 -1.159425144917000e+02	 1.541150000000000e-05 -2.361950000000000e-05  0.000000000000000e+00	1.000000000000000e+00	661	0	465
468	-6.236973885170000e+02  9.059286397050001e+01  6.580962442277000e+02	-1.715343000000000e-04  1.555960000000000e-05  0.000000000000000e+00	1.000000000000000e+00	1105	0	468
471	 3.295837100439000e+02 -4.733246457065000e+02  3.592584956082000e+02	1.691074000000000e-04 4.314500000000000e-06 0.000000000000000e+00	1.000000000000000e+00	1549	0	471
475	-7.141448316288000e+02  7.191102341010000e+01  6.580962442277000e+02	-5.286620000000000e-05 -1.684350000000000e-05  0.000000000000000e+00	1.000000000000000e+00	1105	0	475
479	7.496059158940001e+02 5.715767664980000e+01 6.580962442277000e+02	 7.862632031250001e-06 -8.482376953125001e-06  0.000000000000000e+00	3.164062500000000e-01	1105	0	479
483	 4.880023059020000e+02 -3.685474388857000e+02  1.469693845670000e+01	1.869861000000000e-04 3.097000000000000e-07 0.000000000000000e+00	1.000000000000000e+00	680	0	483
484	-5.513121939442000e+02  9.682928875710000e+01  6.580962442277000e+02	-5.197530000000000e-05  7.011910000000000e-05  0.000000000000000e+00	1.000000000000000e+00	1105	0	484
486	-3.578846239941000e+02 -6.638934451789000e+02  5.829785587824000e+02	-1.538012000000000e-04  2.236950000000000e-04  0.000000000000000e+00	1.000000000000000e+00	105	0	486
487	4.704681620624000e+02 5.841200800815001e+02 2.286190426598000e+02	-7.320043000000001e-04 -1.064020000000000e-04  0.000000000000000e+00	1.000000000000000e+00	1599	0	487
488	 4.620766425634000e+02  5.004299345736000e+02 -6.599629811851000e+02	 4.451000000000000e-07 -7.709000000000000e-07 -3.497000000000000e-06	1.000000000000000e+00	0	0	488
490	4.530957507085000e+02 4.946169824597000e+02 3.804874067123000e+02	-1.821300000000000e-06 -4.105500000000000e-06  0.000000000000000e+00	1.000000000000000e+00	1544	0	490
491	-5.231923602529000e+02 -6.256035192638000e+02  4.383032110196000e+02	 1.015727000000000e-04  1.759290000000000e-04 -2.267077000000000e-04	1.000000000000000e+00	491	0	491
494	 7.494232241400001e+00 -6.857199702421000e+02  9.471360338760000e+01	 8.600000000000001e-09 -5.430000000000000e-08  0.000000000000000e+00	1.000000000000000e+00	1599	0	494
495	 4.868639278705000e+02 -2.428974019993000e+02  1.469693845670000e+01	2.733167000000000e-04 3.100500000000000e-06 0.000000000000000e+00	1.000000000000000e+00	680	0	495
496	 3.418846327256000e+02 -6.999483482386000e+02 -6.757663192830000e+01	-6.419700000000001e-06 -1.111920000000000e-05  4.668841000000000e-04	1.000000000000000e+00	1599	0	496
497	-4.760266819426000e+02 -5.439101680569000e+02  5.173625660214000e+02	 6.523900000000000e-05  1.129972000000000e-04 -1.678572000000000e-04	1.000000000000000e+00	491	0	497
499	 5.030823327025000e+02 -4.207457418154000e+02 -2.730203519325000e+02	2.971800000000000e-06 5.147300000000000e-06 9.364320000000000e-05	1.000000000000000e+00	1599	0	499
501	-4.889399423176000e+02  9.806277060710001e+01  6.580962442277000e+02	-7.281800000000000e-06  1.007374000000000e-04  0.000000000000000e+00	1.000000000000000e+00	1105	0	501
503	-4.261793851627000e+02  9.634956854850000e+01  6.580962442277000e+02	1.921270000000000e-05 1.295455000000000e-04 0.000000000000000e+00	1.000000000000000e+00	1105	0	503
505	5.311527475562000e+02 1.199819495811000e+02 2.286190426598000e+02	-8.647600000000000e-06  4.019000000000000e-07  0.000000000000000e+00	1.000000000000000e+00	1599	0	505
507	-5.679576448666000e+02 -7.031392666300001e+02  3.404871478822000e+02	 5.691590000000000e-05  9.858120000000000e-05 -2.214879000000000e-04	1.000000000000000e+00	491	0	507
512	 8.951141512450000e+01  6.727061641312000e+02 -1.159425144917000e+02	 2.459920000000000e-05 -3.966490000000000e-05  0.000000000000000e+00	1.000000000000000e+00	661	0	512
519	-3.527046100169000e+02  9.105662987300001e+01  6.580962442277000e+02	-1.493100000000000e-06  1.682130000000000e-04  0.000000000000000e+00	1.000000000000000e+00	1105	0	519
521	-5.944073855493000e+02 -7.489515613394000e+02  2.426734353218000e+02	 6.102450000000000e-06  1.056971250000000e-05 -2.837345625000000e-05	5.625000000000000e-01	491	0	521
523	 5.045070892740000e+01  6.910882722200000e+02 -6.294993369547000e+02	-1.337800000000000e-05  0.000000000000000e+00 -2.095760000000000e-05	1.000000000000000e+00	1549	0	523
527	4.610988161172000e+02 2.185114627192000e+02 1.469693845670000e+01	6.130713000000001e-04 5.630380000000000e-05 0.000000000000000e+00	1.000000000000000e+00	680	0	527
529	-3.535413098585000e+02 -3.317592804233000e+02  6.696078344804000e+02	 2.953000000000000e-05  5.114740000000000e-05 -1.282770000000000e-04	1.000000000000000e+00	491	0	529
530	-5.323843023883001e+02  6.910882722200000e+02  5.191659318809001e+02	2.218719000000000e-04 0.000000000000000e+00 2.029965000000000e-04	1.000000000000000e+00	1549	0	530
531	5.337736763000000e+02 6.872321664575001e+02 6.221635201469001e+02	 1.590800000000000e-06  2.755400000000000e-06 -2.143520000000000e-05	1.000000000000000e+00	704	0	531
533	4.314161719821000e+02 6.803566307133000e+02 2.286190426598000e+02	-3.304171000000000e-04  1.485138000000000e-04  0.000000000000000e+00	1.000000000000000e+00	1599	0	533
535	 4.338735319832000e+02  5.492791550300000e+02 -6.755480147236000e+02	 7.920000000000001e-08 -1.371000000000000e-07 -5.471250000000001e-07	7.500000000000000e-01	0	0	535
537	-2.896568255715000e+02  8.394671237800000e+01  6.580962442277000e+02	2.476430000000000e-05 2.000214000000000e-04 0.000000000000000e+00	1.000000000000000e+00	1105	0	537
538	-6.055584087049000e+02  1.526355661861000e+02  1.077775486825000e+02	-3.157657000000000e-04 -1.904180000000000e-05  0.000000000000000e+00	1.000000000000000e+00	23	0	538
540	-6.942813092371000e+02 -6.816272877356000e+02 -1.159425144917000e+02	-5.413555000000000e-04  6.820169000000000e-04  0.000000000000000e+00	1.000000000000000e+00	661	0	540
545	-2.263453197627000e+02  7.467930703970001e+01  6.580962442277000e+02	3.187350000000000e-05 2.374797000000000e-04 0.000000000000000e+00	1.000000000000000e+00	1105	0	545
547	-5.765116141220000e+02 -2.231337830982000e+02  1.077775486825000e+02	-5.294823000000001e-04 -4.646910000000000e-05  0.000000000000000e+00	1.000000000000000e+00	23	0	547
548	-4.158958711360000e+01 -7.235649719692000e+02  9.471360338760000e+01	 6.024400000000000e-06 -7.208300000000000e-06  0.000000000000000e+00	1.000000000000000e+00	1599	0	548
553	4.743078673425000e+02 8.481728340200000e+01 1.469693845670000e+01	5.272514000000000e-04 5.363450000000000e-05 0.000000000000000e+00	1.000000000000000e+00	680	0	553
560	-7.231135691262000e+02 -6.394881109941000e+02 -1.159425144917000e+02	7.635670000000001e-05 3.764885000000000e-04 0.000000000000000e+00	1.000000000000000e+00	661	0	560
566	-5.877686699470000e+02 -9.242483697660001e+01  1.077775486825000e+02	-4.596274000000000e-04 -3.775270000000000e-05  0.000000000000000e+00	1.000000000000000e+00	23	0	566
567	-5.973149930186000e+02  2.978882393400000e+01  1.077775486825000e+02	-3.902395000000000e-04 -2.854260000000000e-05  0.000000000000000e+00	1.000000000000000e+00	23	0	567
568	-1.639998826024000e+02  6.382923685240000e+01  6.580962442277000e+02	4.892690000000000e-05 2.796727000000000e-04 0.000000000000000e+00	1.000000000000000e+00	1105	0	568
571	-5.322397027216000e+02  1.889649220299000e+02 -1.159425144917000e+02	 4.191760000000000e-05 -3.473630000000000e-05  0.000000000000000e+00	1.000000000000000e+00	661	0	571
572	-3.693940074286000e+02  6.910882722200000e+02  1.518683640526000e+02	1.038050121093750e-04 0.000000000000000e+00 0.000000000000000e+00	3.164062500000000e-01	1549	0	572
577	5.119140388337000e+02 5.164527319503001e+02 2.286190426598000e+02	-7.047826000000000e-04 -5.180555000000000e-04  0.000000000000000e+00	1.000000000000000e+00	1599	0	577
582	-4.044713721581000e+02 -6.940722017693000e+02  5.829785587824000e+02	-2.112495000000000e-04  3.978238000000000e-04  0.000000000000000e+00	1.000000000000000e+00	105	0	582
583	-1.025815494584000e+02  5.189545144430000e+01  6.580962442277000e+02	6.855310000000000e-05 3.318121000000000e-04 0.000000000000000e+00	1.000000000000000e+00	1105	0	583
585	 4.053813362089000e+02  5.986290857303001e+02 -6.931427558737000e+02	-3.250000000000000e-08  5.630000000000000e-08  2.213000000000000e-07	1.000000000000000e+00	0	0	585
589	 1.396730238474000e+02  7.028148721710000e+02 -1.159425144917000e+02	 2.790210000000000e-05 -4.801940000000000e-05  0.000000000000000e+00	1.000000000000000e+00	661	0	589
595	5.069215116041000e+02 4.673586281226000e+02 3.804874067123000e+02	-3.217360000000000e-05 -6.485090000000000e-05  0.000000000000000e+00	1.000000000000000e+00	1544	0	595
598	 9.674573360310001e+01  6.910882722200000e+02 -6.576541286770000e+02	-6.513900000000000e-06  0.000000000000000e+00 -1.097890000000000e-05	1.000000000000000e+00	1549	0	598
600	-4.215946313080000e+01  3.902222416390000e+01  6.580962442277000e+02	9.162580000000001e-05 3.974236000000000e-04 0.000000000000000e+00	1.000000000000000e+00	1105	0	600
602	-4.375030127129000e+02  6.910882722200000e+02 -2.040864803950000e+01	7.811870000000001e-05 0.000000000000000e+00 6.993960000000000e-04	1.000000000000000e+00	1549	0	602
610	-5.660732367890000e+02  6.910882722200000e+02  5.555764111513000e+02	2.039169000000000e-04 0.000000000000000e+00 1.905908000000000e-04	1.000000000000000e+00	1549	0	610
611	-5.644047410934000e+02 -3.561354797719000e+02  1.077775486825000e+02	-6.033678000000000e-04 -5.358530000000000e-05  0.000000000000000e+00	1.000000000000000e+00	23	0	611
615	 4.300000000000000e+02 -5.473280551918000e+02 -2.606506917860000e+02	0.000000000000000e+00 0.000000000000000e+00 0.000000000000000e+00	1.000000000000000e+00	1599	0	615
616	-3.268694402869000e+02 -2.855622471923000e+02  6.920235508254000e+02	 2.352530000000000e-05  4.074700000000000e-05 -1.207478000000000e-04	1.000000000000000e+00	491	0	616
618	1.654132665280000e+01 2.517019201220000e+01 6.580962442277000e+02	1.208937000000000e-04 4.763447000000000e-04 0.000000000000000e+00	1.000000000000000e+00	1105	0	618
620	 3.766736764921000e+02  6.483522109262000e+02 -7.096722350735000e+02	-5.787249805068970e-06  1.002381312675476e-05  4.137790918579102e-05	7.508468627929688e-02	0	0	620
625	-6.111207428042001e+02  8.431365623830000e+01 -1.159425144917000e+02	 6.829660000000000e-05 -1.653830000000000e-05  0.000000000000000e+00	1.000000000000000e+00	661	0	625
627	 5.286669011365000e+02 -7.025933936303001e+02  2.286190426598000e+02	-9.959310000000000e-05  2.544969000000000e-04  0.000000000000000e+00	1.000000000000000e+00	1599	0	627
630	-3.315564281248000e+02  6.910882722200000e+02  1.810106663923000e+02	5.190950000000000e-05 0.000000000000000e+00 3.302839000000000e-04	1.000000000000000e+00	1549	0	630
631	7.336206109760001e+01 1.014298721620000e+01 6.580962442277000e+02	1.592772000000000e-04 5.648612000000000e-04 0.000000000000000e+00	1.000000000000000e+00	1105	0	631
639	 1.466346267991000e+02  6.910882722200000e+02 -6.845230099998000e+02	-1.853000000000000e-07  0.000000000000000e+00 -3.303000000000000e-07	1.000000000000000e+00	1549	0	639
646	 3.246722698544000e+02 -3.416565640560000e+02  3.592584956082000e+02	2.727058000000000e-04 1.345560000000000e-05 0.000000000000000e+00	1.000000000000000e+00	1549	0	646
647	 3.174777054279000e+02 -2.128022018259000e+02  3.592584956082000e+02	3.699068000000000e-04 2.102270000000000e-05 0.000000000000000e+00	1.000000000000000e+00	1549	0	647
655	 1.937777237693000e+02  7.279400904487001e+02 -1.159425144917000e+02	 3.322700000000000e-06 -7.527800000000000e-06  0.000000000000000e+00	1.000000000000000e+00	661	0	655
660	-4.565030066260000e+02 -7.165654587184000e+02  5.829785587824000e+02	-1.476449000000000e-04  4.854020000000000e-04  0.000000000000000e+00	1.000000000000000e+00	105	0	660
664	 1.299849653168000e+02 -6.682417375400000e+00  6.580962442277000e+02	2.045636000000000e-04 6.568566000000000e-04 0.000000000000000e+00	1.000000000000000e+00	1105	0	664
675	2.308446093595000e+02 7.348286216643000e+02 3.592584956082000e+02	9.057628000000000e-04 1.470846000000000e-04 0.000000000000000e+00	1.000000000000000e+00	1549	0	675
681	 3.367379000622000e+02  7.175230047424001e+02 -7.320143006344000e+02	-5.117209081649780e-06  8.863262919044495e-06  7.500858794975280e-06	5.631351470947266e-02	0	0	681
683	-7.308126105919000e+02 -1.403341630373000e+02 -1.159425144917000e+02	 2.059470000000000e-05 -9.265170000000000e-05  0.000000000000000e+00	1.000000000000000e+00	661	0	683
688	-6.024236353311001e+02  6.910882722200000e+02  5.936700851915000e+02	1.766985000000000e-04 0.000000000000000e+00 1.683683000000000e-04	1.000000000000000e+00	1549	0	688
689	 1.871924801543000e+02 -2.554837353840000e+01  6.580962442277000e+02	2.488586000000000e-04 7.351155000000000e-04 0.000000000000000e+00	1.000000000000000e+00	1105	0	689
696	 4.692580654447000e+02 -4.793310912347000e+02 -2.687302879441000e+02	-3.965962500000000e-06 -6.869242968750000e-06  5.011147265625000e-05	3.164062500000000e-01	1599	0	696
703	 2.441566057314000e+02 -4.558512907070000e+01  6.580962442277000e+02	2.768714000000000e-04 7.826470000000000e-04 0.000000000000000e+00	1.000000000000000e+00	1105	0	703
707	 3.100307217684000e+02 -7.876762656590000e+01  3.592584956082000e+02	4.541660000000000e-04 2.313920000000000e-05 0.000000000000000e+00	1.000000000000000e+00	1549	0	707
708	 4.240189443104000e+02 -5.473280551918000e+02 -2.582324607753000e+02	4.578952148437500e-05 0.000000000000000e+00 1.818870820312500e-05	3.164062500000000e-01	1599	0	708
709	-2.141152187823000e+02  6.910882722200000e+02 -4.148976663813000e+02	-1.026298872070313e-05  0.000000000000000e+00 -1.116327079467774e-05	1.334838867187500e-01	1549	0	709
710	 3.056109235929000e+02 -6.745319383260001e+01  6.580962442277000e+02	2.813325000000000e-04 8.147098000000000e-04 0.000000000000000e+00	1.000000000000000e+00	1105	0	710
711	6.549745080551000e+02 3.429902132424000e+02 1.795473994518000e+02	 4.136586000000000e-04 -7.164777000000000e-04  3.985236200000001e-03	1.000000000000000e+00	1599	0	711
712	-3.324557500623000e+02  6.910882722200000e+02  2.196815148899000e+02	2.091470000000000e-05 0.000000000000000e+00 7.074310000000000e-05	1.000000000000000e+00	1549	0	712
714	 3.955820222355000e+02 -9.314350865270001e+01  6.580962442277000e+02	3.926447000000000e-04 7.350044000000001e-04 0.000000000000000e+00	1.000000000000000e+00	1105	0	714
715	 4.543038549018000e+02 -9.691171736500000e+01  6.580962442277000e+02	3.929174000000000e-04 6.029830000000000e-04 0.000000000000000e+00	1.000000000000000e+00	1105	0	715
717	 5.519465098300000e+02 -7.345589409630000e+01  6.580962442277000e+02	-4.848184000000000e-04  2.514788000000000e-04  0.000000000000000e+00	1.000000000000000e+00	1105	0	717
718	-5.411448082960001e+02  6.921037404032000e+02 -6.793251553319001e+02	-3.601220000000000e-05 -8.932710000000000e-05  0.000000000000000e+00	1.000000000000000e+00	1599	0	718
720	 6.282609384339000e+02 -3.872744162690000e+01  6.580962442277000e+02	-1.843715000000000e-04  3.192998000000000e-04  0.000000000000000e+00	1.000000000000000e+00	1105	0	720
722	 1.998099226327000e+02  6.910882722200000e+02 -7.087419031879000e+02	3.223000000000000e-07 0.000000000000000e+00 7.076000000000000e-07	1.000000000000000e+00	1549	0	722
724	-6.169620197912001e+02  7.193971508462000e+02 -6.793251553319001e+02	-2.048170000000000e-05 -6.167030000000000e-05  0.000000000000000e+00	1.000000000000000e+00	1599	0	724
728	 4.944620172317000e+02 -6.589795441955000e+02 -4.241433188922000e+02	-1.373501000000000e-04  2.378973000000000e-04 -9.355150000000001e-05	1.000000000000000e+00	1599	0	728
729	6.894878258802000e+02 1.432060659100000e+00 6.580962442277000e+02	-9.454590000000001e-05  2.004858000000000e-04  0.000000000000000e+00	1.000000000000000e+00	1105	0	729
733	5.819865738275000e+02 4.304091206090000e+02 3.804874067123000e+02	-7.230680000000000e-05 -1.454595000000000e-04  0.000000000000000e+00	1.000000000000000e+00	1544	0	733
734	 5.401033610698000e+02 -7.380326706488000e+02 -6.257003079417000e+02	 1.421370000000000e-05 -2.461880000000000e-05 -4.656176000000000e-04	1.000000000000000e+00	1599	0	734
737	-6.411833821902001e+02  6.910882722200000e+02  6.334346148410000e+02	1.341683000000000e-04 0.000000000000000e+00 1.408037000000000e-04	1.000000000000000e+00	1549	0	737
740	-2.992099243455000e+02 -2.376545602690000e+02  7.112540563609000e+02	 1.835630000000000e-05  3.179410000000000e-05 -1.115345000000000e-04	1.000000000000000e+00	491	0	740
745	-6.978303390359000e+02  7.440376484921001e+02 -6.793251553319001e+02	-5.077819000000000e-04  6.388170000000000e-05  0.000000000000000e+00	1.000000000000000e+00	1599	0	745
746	-9.217367345040000e+01  6.910882722200000e+02 -5.119355782541000e+02	 5.916712500000000e-06  0.000000000000000e+00 -1.034298281250000e-05	4.218750000000000e-01	1549	0	746
747	6.179736727146001e+02 4.122877160868000e+02 3.804874067123000e+02	-9.086990000000001e-05 -1.725954000000000e-04  0.000000000000000e+00	1.000000000000000e+00	1544	0	747
749	2.632399405773000e+02 4.756920484219000e+02 3.592584956082000e+02	1.030370300000000e-03 1.253632000000000e-04 0.000000000000000e+00	1.000000000000000e+00	1549	0	749
753	5.685469606901000e+02 4.459683543290000e+02 2.286190426598000e+02	-4.212727000000000e-04 -1.030893400000000e-03  0.000000000000000e+00	1.000000000000000e+00	1599	0	753
755	-2.766683583657000e+02  5.610448676426000e+02 -6.793251553319001e+02	1.387530000000000e-05 1.518210000000000e-05 0.000000000000000e+00	1.000000000000000e+00	1599	0	755
756	-6.848438353807001e+02  6.910882722200000e+02  6.770000499666000e+02	-2.583630000000000e-05  0.000000000000000e+00  2.038558000000000e-04	1.000000000000000e+00	1549	0	756
771	6.613696754181000e+02 3.855233423777000e+02 3.804874067123000e+02	-8.124830000000000e-05 -1.068092000000000e-04  0.000000000000000e+00	1.000000000000000e+00	1544	0	771
776	 2.561737342576000e+02  6.910882722200000e+02 -7.294465998360000e+02	-5.274000000000000e-07  0.000000000000000e+00 -1.442400000000000e-06	1.000000000000000e+00	1549	0	776
788	6.069759523945000e+02 3.322812564075000e+02 2.286190426598000e+02	 2.537751220312500e-03 -1.302031546875000e-04  0.000000000000000e+00	4.218750000000000e-01	1599	0	788
805	-1.186818034624000e+02  4.030167055936000e+02 -7.237118453442000e+02	 1.525937958984375e-05 -2.642999941406250e-05 -9.274674023437500e-06	2.373046875000000e-01	1599	0	805
828	-1.450603001757000e+02  3.403479836873000e+02 -7.444783215949001e+02	9.218859960937500e-06 0.000000000000000e+00 2.631471679687500e-06	2.373046875000000e-01	1599	0	828
864	-2.704876246847000e+02 -1.879060779464000e+02  7.269607563261001e+02	 1.058930000000000e-05  1.834120000000000e-05 -1.003660000000000e-04	1.000000000000000e+00	491	0	864
865	 4.062265648402000e+02 -5.473280551918000e+02 -2.135915588552000e+02	 2.022631000000000e-04  0.000000000000000e+00 -5.173376000000000e-04	1.000000000000000e+00	1599	0	865
869	6.250210765549000e+02 3.948710784619000e+02 2.286190426598000e+02	 1.766683200000000e-03 -3.059985100000000e-03  0.000000000000000e+00	1.000000000000000e+00	1599	0	869
909	-1.272672889664000e+02  6.910882722200000e+02  3.592584956082000e+02	0.000000000000000e+00 0.000000000000000e+00 0.000000000000000e+00	4.218750000000000e-01	1549	0	909
978	-1.428423579396000e+02  6.910882722200000e+02 -4.599895501274000e+02	-8.190275844726562e-05  0.000000000000000e+00  5.902370925292969e-05	1.779785156250000e-01	1549	0	978
1000	-3.571575455908000e+02  6.910882722200000e+02  2.829135910222000e+02	 3.148806000000000e-04  0.000000000000000e+00 -2.330969000000000e-04	1.000000000000000e+00	1549	0	1000
1002	7.070153384373000e+02 3.467644198167000e+02 3.804874067123000e+02	-9.028500000000000e-06 -1.024560000000000e-05  0.000000000000000e+00	1.000000000000000e+00	1544	0	1002
1003	-4.317993522485000e+02  6.910882722200000e+02  3.991294118377000e+02	2.281811000000000e-04 0.000000000000000e+00 1.948156000000000e-04	1.000000000000000e+00	1549	0	1003
1007	 4.265435363948000e+02 -5.413412846131000e+02 -2.935397668770000e+01	-7.728064000000000e-04  1.338540000000000e-03 -6.357535300000001e-03	1.000000000000000e+00	1599	0	1007
1008	-2.272169273948000e+02  5.197860419428000e+02 -6.793251553319001e+02	 3.411928125000000e-05 -1.127818125000000e-05  0.000000000000000e+00	5.625000000000000e-01	1599	0	1008
1010	 3.946368558029000e+02 -6.085788176566000e+02 -6.466754647760000e+01	2.963507800000000e-03 5.132946100000000e-03 3.132556000000000e-04	1.000000000000000e+00	1599	0	1010
1011	6.890148006108001e+02 2.840306970314000e+02 1.381855690766000e+02	 2.116841568750000e-03 -3.666477150000000e-03  5.834351925000000e-03	5.625000000000000e-01	1599	0	1011
1012	 4.079207424204000e+02 -5.473280551918000e+02 -1.559141378299000e+02	-1.858591000000000e-04  0.000000000000000e+00 -8.532231000000000e-04	1.000000000000000e+00	1599	0	1012
1014	-3.320565564778000e+02  6.209194460797000e+02  1.518683640526000e+02	-1.136900000000000e-06 -4.256000000000000e-07  0.000000000000000e+00	1.000000000000000e+00	1549	0	1014
1015	-3.575520812127000e+02  6.859983496178000e+02  1.518683640526000e+02	-6.775000000000000e-07  1.852000000000000e-07  0.000000000000000e+00	1.000000000000000e+00	1549	0	1015
1020	-3.607474365219000e+02  6.855360697249000e+02  1.518683640526000e+02	-2.914700000000000e-06 -1.394400000000000e-06  0.000000000000000e+00	1.000000000000000e+00	1549	0	1020
1034	7.187230880716000e+02 2.325744337435000e+02 9.471360338760000e+01	 1.154355150000000e-02 -1.999401770000000e-02  0.000000000000000e+00	1.000000000000000e+00	1599	0	1034
1045	6.693716866516000e+02 2.027644171869000e+02 9.471360338760000e+01	 1.471591365468750e-02 -1.995379687968750e-02  0.000000000000000e+00	4.218750000000000e-01	1599	0	1045
1054	 4.383478688846000e+02 -5.617869882348000e+02  3.608032537940000e+01	-1.852143000000000e-04  3.208006000000000e-04  2.529886000000000e-04	1.000000000000000e+00	1599	0	1054
0	 5.000000000000000e-01 -8.660254037844386e-01  0.000000000000000e+00	8.660254037844385e-01 5.000000000000000e-01 0.000000000000000e+00	5.632499999999998e+02 3.251925391210567e+02 0.000000000000000e+00	1	0	0.000000000000000e+00	0.000000000000000e+00	0.000000000000000e+00	9.372127533622843e+04
1	5.000000000000000e-01 8.660254037844386e-01 0.000000000000000e+00	0.000000000000000e+00 0.000000000000000e+00 1.000000000000000e+00	0.000000000000000e+00 0.000000000000000e+00 2.286190426597633e+02	1	0	0.000000000000000e+00	0.000000000000000e+00	0.000000000000000e+00	3.405820146201187e+05
3	-5.000000000000000e-01 -8.660254037844386e-01  0.000000000000000e+00	0.000000000000000e+00 0.000000000000000e+00 1.000000000000000e+00	0.000000000000000e+00 0.000000000000000e+00 6.580962442277471e+02	1	0	0.000000000000000e+00	0.000000000000000e+00	0.000000000000000e+00	1.210736514974700e+06
4	-1.000000000000000e+00  0.000000000000000e+00  0.000000000000000e+00	0.000000000000000e+00 0.000000000000000e+00 1.000000000000000e+00	-0.000000000000000e+00 -0.000000000000000e+00 -1.159425144917371e+02	1	0	0.000000000000000e+00	0.000000000000000e+00	0.000000000000000e+00	1.887963236312553e+06
7	-5.000000000000000e-01 -8.660254037844386e-01  0.000000000000000e+00	0.000000000000000e+00 0.000000000000000e+00 1.000000000000000e+00	-0.000000000000000e+00 -0.000000000000000e+00 -1.894272067752324e+02	1	0	0.000000000000000e+00	0.000000000000000e+00	0.000000000000000e+00	1.360688092836256e+06
9	-5.000000000000000e-01 -8.660254037844386e-01  0.000000000000000e+00	 8.660254037844385e-01 -5.000000000000000e-01  0.000000000000000e+00	-1.215000000000000e+02  7.014805770653952e+01 -0.000000000000000e+00	1	0	0.000000000000000e+00	0.000000000000000e+00	0.000000000000000e+00	2.469414560245791e+06
10	-5.000000000000000e-01  8.660254037844386e-01  0.000000000000000e+00	8.660254037844385e-01 5.000000000000000e-01 0.000000000000000e+00	-1.409999999999999e+02 -8.140638795573722e+01 -0.000000000000000e+00	1	0	0.000000000000000e+00	0.000000000000000e+00	0.000000000000000e+00	2.374278738425116e+03
12	1.000000000000000e+00 0.000000000000000e+00 0.000000000000000e+00	 0.000000000000000e+00 -1.000000000000000e+00  0.000000000000000e+00	0.000000000000000e+00 2.381569860407206e+02 0.000000000000000e+00	1	0	0.000000000000000e+00	0.000000000000000e+00	0.000000000000000e+00	2.250000000000000e+06
13	 5.000000000000000e-01 -8.660254037844386e-01  0.000000000000000e+00	0.000000000000000e+00 0.000000000000000e+00 1.000000000000000e+00	0.000000000000000e+00 0.000000000000000e+00 1.518683640525570e+02	1	0	0.000000000000000e+00	0.000000000000000e+00	0.000000000000000e+00	1.230594756627103e+06
15	5.000000000000000e-01 8.660254037844386e-01 0.000000000000000e+00	 8.660254037844385e-01 -5.000000000000000e-01  0.000000000000000e+00	 5.594999999999998e+02 -3.230274756115955e+02  0.000000000000000e+00	1	0	0.000000000000000e+00	0.000000000000000e+00	0.000000000000000e+00	4.579726615925260e+05
18	-5.000000000000000e-01 -8.660254037844386e-01  0.000000000000000e+00	0.000000000000000e+00 0.000000000000000e+00 1.000000000000000e+00	0.000000000000000e+00 0.000000000000000e+00 1.469693845669907e+01	1	0	0.000000000000000e+00	0.000000000000000e+00	0.000000000000000e+00	4.260562442069486e+05
21	-5.000000000000000e-01 -8.660254037844386e-01  0.000000000000000e+00	0.000000000000000e+00 0.000000000000000e+00 1.000000000000000e+00	0.000000000000000e+00 0.000000000000000e+00 3.592584956081994e+02	1	0	0.000000000000000e+00	0.000000000000000e+00	0.000000000000000e+00	1.004738394273621e+03
22	-5.000000000000000e-01 -8.660254037844386e-01  0.000000000000000e+00	 8.660254037844385e-01 -5.000000000000000e-01  0.000000000000000e+00	 1.027500000000000e+02 -5.932274015923404e+01  0.000000000000000e+00	1	0	0.000000000000000e+00	0.000000000000000e+00	0.000000000000000e+00	1.330712929125592e+06
24	5.000000000000000e-01 8.660254037844386e-01 0.000000000000000e+00	 8.660254037844385e-01 -5.000000000000000e-01  0.000000000000000e+00	 7.694999999999998e+02 -4.442710321414170e+02  0.000000000000000e+00	1	0	0.000000000000000e+00	0.000000000000000e+00	0.000000000000000e+00	2.363321900606235e+05
25	-5.000000000000000e-01  8.660254037844386e-01  0.000000000000000e+00	8.660254037844385e-01 5.000000000000000e-01 0.000000000000000e+00	-8.017499999999998e+02 -4.628905783227824e+02 -0.000000000000000e+00	1	0	0.000000000000000e+00	0.000000000000000e+00	0.000000000000000e+00	1.974568915210525e+05
26	1.000000000000000e+00 0.000000000000000e+00 0.000000000000000e+00	0.000000000000000e+00 0.000000000000000e+00 1.000000000000000e+00	0.000000000000000e+00 0.000000000000000e+00 5.829785587823964e+02	1	0	0.000000000000000e+00	0.000000000000000e+00	0.000000000000000e+00	5.226157546453915e+05
27	 5.000000000000000e-01 -8.660254037844386e-01  0.000000000000000e+00	 0.000000000000000e+00  0.000000000000000e+00 -1.000000000000000e+00	0.000000000000000e+00 0.000000000000000e+00 6.580962442277471e+02	1	0	0.000000000000000e+00	0.000000000000000e+00	0.000000000000000e+00	5.726737394146285e+04
28	1.000000000000000e+00 0.000000000000000e+00 0.000000000000000e+00	0.000000000000000e+00 0.000000000000000e+00 1.000000000000000e+00	0.000000000000000e+00 0.000000000000000e+00 2.286190426597633e+02	1	0	0.000000000000000e+00	0.000000000000000e+00	0.000000000000000e+00	1.070247934439171e+04
29	1.000000000000000e+00 0.000000000000000e+00 0.000000000000000e+00	 0.000000000000000e+00 -1.000000000000000e+00  0.000000000000000e+00	0.000000000000000e+00 5.715767664977295e+01 0.000000000000000e+00	1	0	0.000000000000000e+00	0.000000000000000e+00	0.000000000000000e+00	2.112144366341550e+06
43	5.000000000000000e-01 8.660254037844386e-01 0.000000000000000e+00	 0.000000000000000e+00  0.000000000000000e+00 -1.000000000000000e+00	-0.000000000000000e+00 -0.000000000000000e+00 -1.159425144917371e+02	1	0	0.000000000000000e+00	0.000000000000000e+00	0.000000000000000e+00	2.545346089398746e+03
55	-1.000000000000000e+00  0.000000000000000e+00  0.000000000000000e+00	0.000000000000000e+00 0.000000000000000e+00 1.000000000000000e+00	-0.000000000000000e+00 -0.000000000000000e+00 -4.262112152442729e+02	1	0	0.000000000000000e+00	0.000000000000000e+00	0.000000000000000e+00	5.565906792940324e+04
66	-5.000000000000000e-01 -8.660254037844386e-01  0.000000000000000e+00	0.000000000000000e+00 0.000000000000000e+00 1.000000000000000e+00	0.000000000000000e+00 0.000000000000000e+00 1.077775486824598e+02	1	0	0.000000000000000e+00	0.000000000000000e+00	0.000000000000000e+00	2.009663601777302e+06
76	-1.000000000000000e+00  0.000000000000000e+00  0.000000000000000e+00	0.000000000000000e+00 0.000000000000000e+00 1.000000000000000e+00	0.000000000000000e+00 0.000000000000000e+00 2.286190426597633e+02	1	0	0.000000000000000e+00	0.000000000000000e+00	0.000000000000000e+00	5.830695579694188e+02
96	-5.000000000000000e-01  8.660254037844386e-01  0.000000000000000e+00	8.660254037844385e-01 5.000000000000000e-01 0.000000000000000e+00	6.397499999999998e+02 3.693598347140630e+02 0.000000000000000e+00	1	0	0.000000000000000e+00	0.000000000000000e+00	0.000000000000000e+00	3.638865458187808e+05
106	-1.000000000000000e+00  0.000000000000000e+00  0.000000000000000e+00	 0.000000000000000e+00 -1.000000000000000e+00  0.000000000000000e+00	-0.000000000000000e+00 -5.473280551917652e+02 -0.000000000000000e+00	1	0	0.000000000000000e+00	0.000000000000000e+00	0.000000000000000e+00	2.801373824598991e+03
107	 5.000000000000000e-01 -8.660254037844386e-01  0.000000000000000e+00	0.000000000000000e+00 0.000000000000000e+00 1.000000000000000e+00	0.000000000000000e+00 0.000000000000000e+00 3.804874067123203e+02	1	0	0.000000000000000e+00	0.000000000000000e+00	0.000000000000000e+00	2.110393208222308e+06
108	5.000000000000000e-01 8.660254037844386e-01 0.000000000000000e+00	0.000000000000000e+00 0.000000000000000e+00 1.000000000000000e+00	-0.000000000000000e+00 -0.000000000000000e+00 -4.164132562731402e+02	1	0	0.000000000000000e+00	0.000000000000000e+00	0.000000000000000e+00	1.971872052282273e+06
113	 5.000000000000000e-01 -8.660254037844386e-01  0.000000000000000e+00	0.000000000000000e+00 0.000000000000000e+00 1.000000000000000e+00	-0.000000000000000e+00 -0.000000000000000e+00 -6.793251553318680e+02	1	0	0.000000000000000e+00	0.000000000000000e+00	0.000000000000000e+00	1.254875669612079e+06
160	1.000000000000000e+00 0.000000000000000e+00 0.000000000000000e+00	 0.000000000000000e+00 -1.000000000000000e+00  0.000000000000000e+00	0.000000000000000e+00 3.403479836872843e+02 0.000000000000000e+00	1	0	0.000000000000000e+00	0.000000000000000e+00	0.000000000000000e+00	9.918425528965409e+00
208	1.000000000000000e+00 0.000000000000000e+00 0.000000000000000e+00	 0.000000000000000e+00 -1.000000000000000e+00  0.000000000000000e+00	0.000000000000000e+00 3.403479836872843e+02 0.000000000000000e+00	1	0	0.000000000000000e+00	0.000000000000000e+00	0.000000000000000e+00	2.574734787922636e+04
243	 5.000000000000000e-01 -8.660254037844386e-01  0.000000000000000e+00	0.000000000000000e+00 0.000000000000000e+00 1.000000000000000e+00	0.000000000000000e+00 0.000000000000000e+00 3.592584956081994e+02	1	0	0.000000000000000e+00	0.000000000000000e+00	0.000000000000000e+00	0.000000000000000e+00
246	1.000000000000000e+00 0.000000000000000e+00 0.000000000000000e+00	0.000000000000000e+00 0.000000000000000e+00 1.000000000000000e+00	0.000000000000000e+00 0.000000000000000e+00 3.592584956081994e+02	1	0	0.000000000000000e+00	0.000000000000000e+00	0.000000000000000e+00	0.000000000000000e+00
248	1.000000000000000e+00 0.000000000000000e+00 0.000000000000000e+00	0.000000000000000e+00 0.000000000000000e+00 1.000000000000000e+00	0.000000000000000e+00 0.000000000000000e+00 3.592584956081994e+02	1	0	0.000000000000000e+00	0.000000000000000e+00	0.000000000000000e+00	0.000000000000000e+00
297	-1.000000000000000e+00  0.000000000000000e+00  0.000000000000000e+00	0.000000000000000e+00 1.000000000000000e+00 0.000000000000000e+00	0.000000000000000e+00 6.910882722199819e+02 0.000000000000000e+00	1	0	0.000000000000000e+00	0.000000000000000e+00	0.000000000000000e+00	0.000000000000000e+00
319	5.000000000000000e-01 8.660254037844386e-01 0.000000000000000e+00	0.000000000000000e+00 0.000000000000000e+00 1.000000000000000e+00	0.000000000000000e+00 0.000000000000000e+00 3.592584956081994e+02	1	0	0.000000000000000e+00	0.000000000000000e+00	0.000000000000000e+00	1.004738394273621e+03
320	-1.000000000000000e+00  0.000000000000000e+00  0.000000000000000e+00	 0.000000000000000e+00 -1.000000000000000e+00  0.000000000000000e+00	0.000000000000000e+00 6.910882722199819e+02 0.000000000000000e+00	1	0	0.000000000000000e+00	0.000000000000000e+00	0.000000000000000e+00	1.626887302033460e+06
321	-5.000000000000000e-01 -8.660254037844386e-01  0.000000000000000e+00	0.000000000000000e+00 0.000000000000000e+00 1.000000000000000e+00	0.000000000000000e+00 0.000000000000000e+00 3.592584956081994e+02	1	0	0.000000000000000e+00	0.000000000000000e+00	0.000000000000000e+00	6.775621735546411e+05
323	-5.000000000000000e-01 -8.660254037844386e-01  0.000000000000000e+00	 0.000000000000000e+00  0.000000000000000e+00 -1.000000000000000e+00	0.000000000000000e+00 0.000000000000000e+00 1.518683640525570e+02	1	0	0.000000000000000e+00	0.000000000000000e+00	0.000000000000000e+00	4.632717462804464e+01
324	1.000000000000000e+00 0.000000000000000e+00 0.000000000000000e+00	 0.000000000000000e+00  0.000000000000000e+00 -1.000000000000000e+00	0.000000000000000e+00 0.000000000000000e+00 1.518683640525570e+02	1	0	0.000000000000000e+00	0.000000000000000e+00	0.000000000000000e+00	4.632717462804464e+01
325	-1.000000000000000e+00  0.000000000000000e+00  0.000000000000000e+00	 0.000000000000000e+00  0.000000000000000e+00 -1.000000000000000e+00	0.000000000000000e+00 0.000000000000000e+00 1.518683640525570e+02	1	0	0.000000000000000e+00	0.000000000000000e+00	0.000000000000000e+00	4.632717462804464e+01
327	1.000000000000000e+00 0.000000000000000e+00 0.000000000000000e+00	0.000000000000000e+00 0.000000000000000e+00 1.000000000000000e+00	0.000000000000000e+00 0.000000000000000e+00 1.518683640525570e+02	1	0	0.000000000000000e+00	0.000000000000000e+00	0.000000000000000e+00	1.086919779658656e+01
337	 5.000000000000000e-01 -8.660254037844386e-01  0.000000000000000e+00	8.660254037844385e-01 5.000000000000000e-01 0.000000000000000e+00	8.549999999999997e+01 4.936344801571300e+01 0.000000000000000e+00	1	0	0.000000000000000e+00	0.000000000000000e+00	0.000000000000000e+00	2.383780867204251e+05
340	-5.000000000000000e-01 -8.660254037844386e-01  0.000000000000000e+00	0.000000000000000e+00 0.000000000000000e+00 1.000000000000000e+00	0.000000000000000e+00 0.000000000000000e+00 9.471360338761622e+01	1	0	0.000000000000000e+00	0.000000000000000e+00	0.000000000000000e+00	4.298088286624852e+05
0	0	1	1
0	246	0	0
0	1	2	1
0	2	681	0
0	112	246	0
0	247	112	0
0	201	143	0
0	143	247	0
0	436	201	0
0	488	436	0
0	535	488	0
0	585	535	0
0	620	585	0
0	681	620	0
1	4	5	1
1	63	4	1
1	5	6	1
1	6	869	0
1	292	63	0
1	164	113	0
1	113	328	0
1	144	364	0
1	365	144	0
1	505	164	0
1	202	292	0
1	364	202	0
1	328	248	0
1	248	365	0
1	367	249	0
1	249	505	0
1	788	367	0
1	869	788	0
3	10	11	1
3	479	10	0
3	11	12	1
3	12	13	1
3	13	479	0
4	15	16	1
4	104	15	1
4	16	17	1
4	17	655	0
4	101	104	0
4	150	101	1
4	571	116	0
4	116	625	0
4	373	150	0
4	374	151	0
4	151	375	0
4	297	209	0
4	209	374	0
4	332	254	0
4	254	683	0
4	255	333	0
4	375	255	0
4	465	297	0
4	625	332	0
4	333	571	0
4	683	373	0
4	512	465	0
4	589	512	0
4	655	589	0
7	27	28	1
7	301	27	0
7	28	29	1
7	29	30	1
7	30	302	0
7	119	338	0
7	339	119	0
7	155	382	0
7	383	155	0
7	384	156	0
7	156	385	0
7	213	301	0
7	382	213	0
7	302	214	0
7	214	384	0
7	338	260	0
7	260	383	0
7	261	339	0
7	385	261	0
9	36	37	1
9	159	36	1
9	37	38	1
9	38	39	1
9	39	864	0
9	491	122	0
9	122	507	0
9	521	159	0
9	216	160	0
9	160	497	0
9	455	216	0
9	507	262	0
9	262	521	0
9	263	491	0
9	497	263	0
9	529	455	0
9	616	529	0
9	740	616	0
9	864	740	0
10	41	42	1
10	161	41	1
10	42	162	0
10	123	161	0
10	162	123	0
12	47	48	1
12	50	47	1
12	48	49	1
12	49	50	1
13	52	53	1
13	305	52	0
13	53	54	1
13	54	55	1
13	55	306	0
13	126	342	0
13	343	126	0
13	167	390	0
13	391	167	0
13	392	168	0
13	168	393	0
13	221	305	0
13	390	221	0
13	222	392	0
13	1014	222	0
13	342	268	0
13	268	391	0
13	269	343	0
13	393	269	0
13	306	572	0
13	572	1015	0
13	1015	1014	0
15	59	60	1
15	496	59	0
15	60	61	1
15	61	62	1
15	62	226	0
15	273	128	0
15	128	499	0
15	615	129	0
15	129	1010	0
15	226	172	0
15	172	273	0
15	1010	496	0
15	499	696	0
15	696	615	0
18	71	72	1
18	313	71	0
18	72	73	1
18	73	74	1
18	74	314	0
18	527	131	0
18	131	553	0
18	177	483	0
18	495	177	0
18	408	178	0
18	178	409	0
18	231	313	0
18	406	231	0
18	350	278	0
18	278	407	0
18	279	351	0
18	409	279	0
18	314	408	0
18	553	350	0
18	351	527	0
18	483	406	0
18	407	495	0
21	352	416	0
21	909	352	0
21	416	675	0
21	675	909	0
22	87	88	1
22	319	87	0
22	88	89	1
22	89	90	1
22	90	531	0
22	137	439	0
22	440	137	0
22	185	441	0
22	442	185	0
22	443	186	0
22	186	444	0
22	237	445	0
22	446	237	0
22	447	238	0
22	238	448	0
22	449	286	0
22	286	450	0
22	287	451	0
22	452	287	0
22	445	319	0
22	438	320	0
22	320	447	0
22	439	358	0
22	358	449	0
22	359	440	0
22	451	359	0
22	441	418	0
22	418	446	0
22	419	442	0
22	450	419	0
22	420	443	0
22	448	420	0
22	444	421	0
22	421	452	0
22	531	438	0
24	97	98	1
24	189	97	0
24	98	99	1
24	99	100	1
24	100	190	0
24	139	189	0
24	190	139	0
25	101	102	1
25	104	101	0
25	102	103	1
25	103	104	1
26	105	106	1
26	660	105	0
26	106	107	1
26	107	242	0
26	141	362	0
26	363	141	0
26	191	426	0
26	427	191	0
26	428	192	0
26	192	429	0
26	241	323	0
26	426	241	0
26	242	428	0
26	362	290	0
26	290	427	0
26	291	363	0
26	429	291	0
26	323	486	0
26	486	582	0
26	582	660	0
27	475	10	0
27	10	479	0
27	468	475	0
27	484	468	0
27	479	729	0
27	501	484	0
27	503	501	0
27	519	503	0
27	537	519	0
27	545	537	0
27	568	545	0
27	583	568	0
27	600	583	0
27	618	600	0
27	631	618	0
27	664	631	0
27	689	664	0
27	703	689	0
27	710	703	0
27	714	710	0
27	715	714	0
27	717	715	0
27	720	717	0
27	729	720	0
28	6	533	0
28	869	6	0
28	533	487	0
28	487	577	0
28	577	753	0
28	753	869	0
29	10	44	1
29	479	10	0
29	45	13	1
29	13	479	0
29	44	45	1
43	101	104	0
43	560	101	0
43	104	540	0
43	540	560	0
55	7	8	1
55	204	7	0
55	8	205	1
55	114	250	0
55	251	114	0
55	146	204	0
55	250	146	0
55	205	147	0
55	147	251	0
66	23	24	1
66	378	23	0
66	24	25	1
66	25	26	1
66	26	300	0
66	118	547	0
66	566	118	0
66	153	378	0
66	379	153	0
66	380	154	0
66	154	381	0
66	300	212	0
66	212	380	0
66	258	379	0
66	611	258	0
66	538	259	0
66	259	567	0
66	547	336	0
66	336	611	0
66	337	566	0
66	567	337	0
66	381	538	0
76	292	63	0
76	63	627	0
76	627	292	0
96	6	32	1
96	869	6	0
96	32	33	1
96	33	34	1
96	34	1034	0
96	711	869	0
96	1011	711	0
96	1034	1011	0
106	615	129	0
106	129	1012	0
106	708	615	0
106	865	708	0
106	1012	865	0
107	92	93	1
107	187	92	1
107	93	94	1
107	94	95	1
107	95	1002	0
107	425	187	0
107	424	188	0
107	188	425	0
107	322	240	0
107	240	424	0
107	490	322	0
107	595	490	0
107	733	595	0
107	747	733	0
107	771	747	0
107	1002	771	0
108	18	19	1
108	298	18	0
108	19	20	1
108	20	21	1
108	21	22	1
108	22	108	0
108	108	243	0
108	117	334	0
108	335	117	0
108	152	376	0
108	377	152	0
108	430	193	0
108	193	431	0
108	210	298	0
108	376	210	0
108	243	430	0
108	334	256	0
108	256	377	0
108	257	335	0
108	431	257	0
113	67	68	1
113	745	67	0
113	68	277	1
113	130	403	0
113	755	130	0
113	402	229	0
113	229	718	0
113	277	349	0
113	349	1008	0
113	403	402	0
113	718	724	0
113	724	745	0
113	1008	755	0
160	396	170	0
160	170	397	0
160	397	396	1
208	56	57	1
208	307	56	0
208	57	66	1
208	66	828	0
208	127	344	0
208	828	127	0
208	169	394	0
208	395	169	0
208	223	307	0
208	394	223	0
208	344	270	0
208	270	395	0
243	416	352	0
243	352	909	0
243	909	416	0
246	352	416	0
246	909	352	0
246	416	909	0
248	416	352	0
248	352	909	0
248	909	416	0
297	416	352	0
297	352	909	0
297	909	416	0
319	416	675	0
319	909	416	0
319	675	909	0
320	75	76	1
320	776	75	0
320	76	77	1
320	77	78	1
320	78	756	0
320	108	194	0
320	709	108	0
320	132	179	0
320	746	132	0
320	133	306	0
320	630	133	0
320	179	523	0
320	194	978	0
320	195	432	0
320	433	195	0
320	315	233	0
320	233	1003	0
320	432	244	0
320	244	709	0
320	572	281	0
320	281	602	0
320	306	572	0
320	530	315	0
320	352	1000	0
320	1003	352	0
320	602	433	0
320	523	598	0
320	610	530	0
320	598	639	0
320	688	610	0
320	712	630	0
320	639	722	0
320	737	688	0
320	1000	712	0
320	722	776	0
320	756	737	0
320	978	746	0
321	83	84	1
321	453	83	0
321	84	85	1
321	85	86	1
321	86	675	0
321	136	460	0
321	461	136	0
321	183	646	0
321	647	183	0
321	184	463	0
321	675	184	0
321	235	459	0
321	471	235	0
321	356	284	0
321	284	707	0
321	285	357	0
321	749	285	0
321	317	453	0
321	459	317	0
321	460	356	0
321	357	461	0
321	414	471	0
321	646	414	0
321	415	647	0
321	707	415	0
321	463	417	0
321	417	749	0
323	572	306	0
323	306	1015	0
323	1015	572	0
324	572	306	0
324	306	1015	0
324	1015	572	0
325	572	306	0
325	306	1015	0
325	1015	572	0
327	1015	572	0
327	572	1020	0
327	1020	1015	0
337	63	65	1
337	292	63	0
337	65	66	1
337	66	805	0
337	615	129	0
337	129	1007	0
337	174	401	0
337	728	174	0
337	228	400	0
337	734	228	0
337	274	292	0
337	346	274	0
337	349	277	0
337	277	734	0
337	1054	346	0
337	805	349	0
337	400	728	0
337	401	615	0
337	1007	1054	0
340	79	80	1
340	548	79	0
340	80	199	1
340	134	354	0
340	355	134	0
340	181	412	0
340	413	181	0
340	198	388	0
340	434	198	0
340	199	1034	0
340	234	316	0
340	412	234	0
340	354	282	0
340	282	413	0
340	283	355	0
340	388	283	0
340	316	494	0
340	1045	434	0
340	494	548	0
340	1034	1045	0
