452
44
519
0	 7.500000000000000e+02  1.732050807600000e+00 -5.827549075143000e+02	 1.094000000000000e-07 -1.896000000000000e-07 -3.633800000000000e-06	1.000000000000000e+00	0	1	0
1	 7.500000000000000e+02  1.732050807600000e+00 -7.500000000000000e+02	0.000000000000000e+00 0.000000000000000e+00 0.000000000000000e+00	1.000000000000000e+00	0	1	1
2	 3.179872981078000e+02  7.500000000000000e+02 -7.500000000000000e+02	-2.630623190000000e-02  4.556373020000000e-02  0.000000000000000e+00	1.000000000000000e+00	0	1	2
4	 7.500000000000000e+02 -7.500000000000000e+02  2.286190426598000e+02	0.000000000000000e+00 0.000000000000000e+00 0.000000000000000e+00	1.000000000000000e+00	8168	1	4
5	7.500000000000000e+02 7.500000000000000e+02 2.286190426598000e+02	0.000000000000000e+00 0.000000000000000e+00 0.000000000000000e+00	1.000000000000000e+00	8168	1	5
6	4.199872981078000e+02 7.500000000000000e+02 2.286190426598000e+02	0.000000000000000e+00 0.000000000000000e+00 0.000000000000000e+00	7.500000000000000e-01	8168	1	6
7	 7.500000000000000e+02  6.209845237061000e+02 -4.262112152443000e+02	5.200000000000000e-08 3.661000000000000e-07 0.000000000000000e+00	1.000000000000000e+00	646	1	7
8	 7.500000000000000e+02  7.500000000000000e+02 -4.262112152443000e+02	0.000000000000000e+00 0.000000000000000e+00 0.000000000000000e+00	1.000000000000000e+00	646	1	8
10	-7.500000000000000e+02  5.715767664980000e+01  6.580962442277000e+02	0.000000000000000e+00 0.000000000000000e+00 0.000000000000000e+00	1.000000000000000e+00	1105	1	10
11	-7.500000000000000e+02 -7.500000000000000e+02  6.580962442277000e+02	0.000000000000000e+00 0.000000000000000e+00 0.000000000000000e+00	1.000000000000000e+00	1105	1	11
12	 7.500000000000000e+02 -7.500000000000000e+02  6.580962442277000e+02	0.000000000000000e+00 0.000000000000000e+00 0.000000000000000e+00	1.000000000000000e+00	1105	1	12
13	7.500000000000000e+02 5.715767664980000e+01 6.580962442277000e+02	0.000000000000000e+00 0.000000000000000e+00 0.000000000000000e+00	4.218750000000000e-01	1105	1	13
15	 7.500000000000000e+02 -7.500000000000000e+02 -1.159425144917000e+02	0.000000000000000e+00 0.000000000000000e+00 0.000000000000000e+00	1.000000000000000e+00	661	1	15
16	 7.500000000000000e+02  7.500000000000000e+02 -1.159425144917000e+02	0.000000000000000e+00 0.000000000000000e+00 0.000000000000000e+00	1.000000000000000e+00	661	1	16
17	 2.602858829195000e+02  7.500000000000000e+02 -1.159425144917000e+02	 1.094650000000000e-05 -2.373770000000000e-05  0.000000000000000e+00	1.000000000000000e+00	661	1	17
18	-7.500000000000000e+02 -9.532273279710000e+01 -4.164132562731000e+02	 8.155000000000001e-07 -6.765000000000000e-07  0.000000000000000e+00	1.000000000000000e+00	8168	1	18
19	-7.500000000000000e+02 -7.500000000000000e+02 -4.164132562731000e+02	0.000000000000000e+00 0.000000000000000e+00 0.000000000000000e+00	1.000000000000000e+00	8168	1	19
20	 7.500000000000000e+02 -7.500000000000000e+02 -4.164132562731000e+02	0.000000000000000e+00 0.000000000000000e+00 0.000000000000000e+00	1.000000000000000e+00	8168	1	20
21	 7.500000000000000e+02  7.500000000000000e+02 -4.164132562731000e+02	0.000000000000000e+00 0.000000000000000e+00 0.000000000000000e+00	1.000000000000000e+00	8168	1	21
22	-2.045135634461000e+02  7.500000000000000e+02 -4.164132562731000e+02	2.011918930114746e-04 0.000000000000000e+00 0.000000000000000e+00	1.334838867187500e-01	8168	1	22
23	-7.105574115754000e+02 -7.500000000000000e+02  1.077775486825000e+02	-8.629020000000000e-05  2.097280000000000e-05  0.000000000000000e+00	1.000000000000000e+00	23	1	23
24	 7.500000000000000e+02 -7.500000000000000e+02  1.077775486825000e+02	0.000000000000000e+00 0.000000000000000e+00 0.000000000000000e+00	1.000000000000000e+00	23	1	24
25	7.500000000000000e+02 7.500000000000000e+02 1.077775486825000e+02	0.000000000000000e+00 0.000000000000000e+00 0.000000000000000e+00	1.000000000000000e+00	23	1	25
26	-6.094312522892001e+02  7.500000000000000e+02  1.077775486825000e+02	 4.316400000000000e-06 -6.759000000000001e-07  0.000000000000000e+00	1.000000000000000e+00	23	1	26
27	-7.364047273651000e+02 -7.500000000000000e+02 -1.894272067752000e+02	 3.192000000000000e-07 -2.452000000000000e-07  0.000000000000000e+00	1.000000000000000e+00	27	1	27
28	 7.500000000000000e+02 -7.500000000000000e+02 -1.894272067752000e+02	0.000000000000000e+00 0.000000000000000e+00 0.000000000000000e+00	1.000000000000000e+00	27	1	28
29	 7.500000000000000e+02  7.500000000000000e+02 -1.894272067752000e+02	0.000000000000000e+00 0.000000000000000e+00 0.000000000000000e+00	1.000000000000000e+00	27	1	29
30	 4.222964354808000e+02  7.500000000000000e+02 -1.894272067752000e+02	-1.901000000000000e-07  1.467000000000000e-07  0.000000000000000e+00	1.000000000000000e+00	27	1	30
32	4.199872981078000e+02 7.500000000000000e+02 7.500000000000000e+02	0.000000000000000e+00 0.000000000000000e+00 0.000000000000000e+00	1.000000000000000e+00	8168	1	32
33	7.500000000000000e+02 1.784012331796000e+02 7.500000000000000e+02	0.000000000000000e+00 0.000000000000000e+00 0.000000000000000e+00	1.000000000000000e+00	8168	1	33
34	7.500000000000000e+02 1.784012331796000e+02 9.471360338760000e+01	 0.000000000000000e+00 -0.000000000000000e+00  0.000000000000000e+00	7.500000000000000e-01	8168	1	34
36	-5.950127018922000e+02 -7.500000000000000e+02 -7.500000000000000e+02	0.000000000000000e+00 0.000000000000000e+00 0.000000000000000e+00	1.000000000000000e+00	491	1	36
37	 2.710127018922000e+02  7.500000000000000e+02 -7.500000000000000e+02	0.000000000000000e+00 0.000000000000000e+00 0.000000000000000e+00	1.000000000000000e+00	491	1	37
38	2.710127018922000e+02 7.500000000000000e+02 7.500000000000000e+02	0.000000000000000e+00 0.000000000000000e+00 0.000000000000000e+00	1.000000000000000e+00	491	1	38
39	-2.090650437236000e+02 -8.151904698980000e+01  7.500000000000000e+02	 7.131300000000001e-06  1.235170000000000e-05 -6.629200000000001e-05	1.000000000000000e+00	491	1	39
41	 2.450127018922000e+02 -7.500000000000000e+02  7.500000000000000e+02	0.000000000000000e+00 0.000000000000000e+00 0.000000000000000e+00	1.000000000000000e+00	729	1	41
42	 2.450127018922000e+02 -7.500000000000000e+02  7.354695826952001e+02	 2.500000000000000e-09 -4.400000000000001e-09  1.301000000000000e-07	1.000000000000000e+00	729	1	42
44	-7.500000000000000e+02  5.715767664980000e+01 -7.500000000000000e+02	0.000000000000000e+00 0.000000000000000e+00 0.000000000000000e+00	1.000000000000000e+00	1105	1	44
45	 7.500000000000000e+02  5.715767664980000e+01 -7.500000000000000e+02	0.000000000000000e+00 0.000000000000000e+00 0.000000000000000e+00	1.000000000000000e+00	1105	1	45
47	-7.500000000000000e+02  2.381569860407000e+02  7.500000000000000e+02	0.000000000000000e+00 0.000000000000000e+00 0.000000000000000e+00	1.000000000000000e+00	1074	1	47
48	-7.500000000000000e+02  2.381569860407000e+02 -7.500000000000000e+02	0.000000000000000e+00 0.000000000000000e+00 0.000000000000000e+00	1.000000000000000e+00	1074	1	48
49	 7.500000000000000e+02  2.381569860407000e+02 -7.500000000000000e+02	0.000000000000000e+00 0.000000000000000e+00 0.000000000000000e+00	1.000000000000000e+00	1074	1	49
50	7.500000000000000e+02 2.381569860407000e+02 7.500000000000000e+02	0.000000000000000e+00 0.000000000000000e+00 0.000000000000000e+00	1.000000000000000e+00	1074	1	50
52	 2.615691006071000e+02 -7.500000000000000e+02  1.518683640526000e+02	3.624000000000000e-07 1.835000000000000e-07 0.000000000000000e+00	1.000000000000000e+00	8168	1	52
53	 7.500000000000000e+02 -7.500000000000000e+02  1.518683640526000e+02	0.000000000000000e+00 0.000000000000000e+00 0.000000000000000e+00	1.000000000000000e+00	8168	1	53
54	7.500000000000000e+02 7.500000000000000e+02 1.518683640526000e+02	0.000000000000000e+00 0.000000000000000e+00 0.000000000000000e+00	1.000000000000000e+00	8168	1	54
55	-3.663494672708000e+02  7.500000000000000e+02  1.518683640526000e+02	-1.831630297851563e-06 -4.558385742187500e-07  0.000000000000000e+00	1.779785156250000e-01	8168	1	55
56	-7.500000000000000e+02  3.403479836873000e+02 -6.871609763177000e+02	-5.850000000000000e-08  0.000000000000000e+00 -1.920600000000000e-06	1.000000000000000e+00	8168	1	56
57	-7.500000000000000e+02  3.403479836873000e+02 -7.500000000000000e+02	0.000000000000000e+00 0.000000000000000e+00 0.000000000000000e+00	1.000000000000000e+00	8168	1	57
59	 3.129872981078000e+02 -7.500000000000000e+02  2.265589902430000e+01	-5.100000000000000e-09 -8.800000000000001e-09 -1.728000000000000e-07	1.000000000000000e+00	8168	1	59
60	 3.129872981078000e+02 -7.500000000000000e+02 -7.500000000000000e+02	0.000000000000000e+00 0.000000000000000e+00 0.000000000000000e+00	1.000000000000000e+00	8168	1	60
61	 7.500000000000000e+02  6.928203230300000e+00 -7.500000000000000e+02	0.000000000000000e+00 0.000000000000000e+00 0.000000000000000e+00	1.000000000000000e+00	8168	1	61
62	 7.500000000000000e+02  6.928203230300000e+00 -2.777313283840000e+02	6.360000000000000e-08 1.101000000000000e-07 1.058910000000000e-05	1.000000000000000e+00	8168	1	62
63	 5.470127018922000e+02 -7.500000000000000e+02  2.286190426598000e+02	-0.000000000000000e+00 -0.000000000000000e+00  0.000000000000000e+00	1.000000000000000e+00	8168	1	63
65	 5.470127018922000e+02 -7.500000000000000e+02 -7.500000000000000e+02	0.000000000000000e+00 0.000000000000000e+00 0.000000000000000e+00	1.000000000000000e+00	8168	1	65
66	-8.250000000000000e+01  3.403479836873000e+02 -7.500000000000000e+02	0.000000000000000e+00 0.000000000000000e+00 0.000000000000000e+00	7.500000000000000e-01	8168	1	66
67	-7.500000000000000e+02  7.500000000000000e+02 -6.793251553319001e+02	0.000000000000000e+00 0.000000000000000e+00 0.000000000000000e+00	1.000000000000000e+00	8168	1	67
68	-7.500000000000000e+02 -7.500000000000000e+02 -6.793251553319001e+02	0.000000000000000e+00 0.000000000000000e+00 0.000000000000000e+00	1.000000000000000e+00	8168	1	68
71	 4.460746529094000e+02 -7.500000000000000e+02  1.469693845670000e+01	-4.482400000000000e-06  1.146600000000000e-06  0.000000000000000e+00	1.000000000000000e+00	5009	1	71
72	 7.500000000000000e+02 -7.500000000000000e+02  1.469693845670000e+01	0.000000000000000e+00 0.000000000000000e+00 0.000000000000000e+00	1.000000000000000e+00	5009	1	72
73	7.500000000000000e+02 7.500000000000000e+02 1.469693845670000e+01	0.000000000000000e+00 0.000000000000000e+00 0.000000000000000e+00	1.000000000000000e+00	5009	1	73
74	6.225915438082001e+02 7.500000000000000e+02 1.469693845670000e+01	 2.790900000000000e-06 -8.781000000000000e-07  0.000000000000000e+00	1.000000000000000e+00	5009	1	74
75	 3.131453867488000e+02  6.910882722200000e+02 -7.500000000000000e+02	2.154000000000000e-07 0.000000000000000e+00 6.243000000000000e-07	1.000000000000000e+00	8168	1	75
76	 7.500000000000000e+02  6.910882722200000e+02 -7.500000000000000e+02	0.000000000000000e+00 0.000000000000000e+00 0.000000000000000e+00	1.000000000000000e+00	8168	1	76
77	7.500000000000000e+02 6.910882722200000e+02 7.500000000000000e+02	0.000000000000000e+00 0.000000000000000e+00 0.000000000000000e+00	1.000000000000000e+00	8168	1	77
78	-7.500000000000000e+02  6.910882722200000e+02  7.500000000000000e+02	-7.852406920000000e-02  0.000000000000000e+00  0.000000000000000e+00	1.000000000000000e+00	8168	1	78
79	-5.294331643250000e+01 -7.500000000000000e+02  9.471360338760000e+01	 3.044300000000000e-06 -2.973100000000000e-06  0.000000000000000e+00	1.000000000000000e+00	8168	1	79
80	 7.500000000000000e+02 -7.500000000000000e+02  9.471360338760000e+01	0.000000000000000e+00 0.000000000000000e+00 0.000000000000000e+00	1.000000000000000e+00	8168	1	80
83	 3.207152407271000e+02 -7.500000000000000e+02  3.592584956082000e+02	-1.913700000000000e-06  3.818000000000000e-07  0.000000000000000e+00	1.000000000000000e+00	8168	1	83
84	 7.500000000000000e+02 -7.500000000000000e+02  3.592584956082000e+02	0.000000000000000e+00 0.000000000000000e+00 0.000000000000000e+00	1.000000000000000e+00	8168	1	84
85	7.500000000000000e+02 7.500000000000000e+02 3.592584956082000e+02	0.000000000000000e+00 0.000000000000000e+00 0.000000000000000e+00	1.000000000000000e+00	8168	1	85
87	-2.960127018922000e+02 -7.500000000000000e+02 -4.865389015884000e+02	-1.200000000000000e-08 -2.090000000000000e-08  2.438000000000000e-07	1.000000000000000e+00	8168	1	87
88	-2.960127018922000e+02 -7.500000000000000e+02 -7.500000000000000e+02	0.000000000000000e+00 0.000000000000000e+00 0.000000000000000e+00	1.000000000000000e+00	8168	1	88
89	 5.700127018922000e+02  7.500000000000000e+02 -7.500000000000000e+02	0.000000000000000e+00 0.000000000000000e+00 0.000000000000000e+00	1.000000000000000e+00	8168	1	89
90	5.700127018922000e+02 7.500000000000000e+02 5.276902352818000e+02	 2.362500000000000e-08  4.087500000000000e-08 -4.089750000000000e-07	7.500000000000000e-01	8168	1	90
92	-7.500000000000000e+02  7.500000000000000e+02  3.804874067123000e+02	0.000000000000000e+00 0.000000000000000e+00 0.000000000000000e+00	1.000000000000000e+00	8006	1	92
93	-7.500000000000000e+02 -7.500000000000000e+02  3.804874067123000e+02	0.000000000000000e+00 0.000000000000000e+00 0.000000000000000e+00	1.000000000000000e+00	8006	1	93
94	 7.500000000000000e+02 -7.500000000000000e+02  3.804874067123000e+02	0.000000000000000e+00 0.000000000000000e+00 0.000000000000000e+00	1.000000000000000e+00	8006	1	94
95	7.500000000000000e+02 2.905281341102000e+02 3.804874067123000e+02	-1.183000000000000e-05 -1.154190000000000e-05  0.000000000000000e+00	1.000000000000000e+00	8006	1	95
97	 5.929872981078000e+02 -7.500000000000000e+02 -1.599354634270000e+01	 3.400000000000000e-09  5.900000000000000e-09 -7.660000000000000e-08	1.000000000000000e+00	97	1	97
98	 5.929872981078000e+02 -7.500000000000000e+02 -7.500000000000000e+02	0.000000000000000e+00 0.000000000000000e+00 0.000000000000000e+00	1.000000000000000e+00	97	1	98
99	 7.500000000000000e+02 -4.780460228890000e+02 -7.500000000000000e+02	0.000000000000000e+00 0.000000000000000e+00 0.000000000000000e+00	1.000000000000000e+00	97	1	99
100	 7.500000000000000e+02 -4.780460228890000e+02  1.888334143170000e+01	 7.660000000000000e-08  1.328000000000000e-07 -1.549000000000000e-06	1.000000000000000e+00	97	1	100
101	-7.500000000000000e+02 -5.525242076145000e+02 -1.159425144917000e+02	-0.000000000000000e+00 -0.000000000000000e+00  0.000000000000000e+00	1.779785156250000e-01	661	1	101
102	-7.500000000000000e+02 -5.525242076145000e+02  7.500000000000000e+02	0.000000000000000e+00 0.000000000000000e+00 0.000000000000000e+00	1.000000000000000e+00	661	1	102
103	-6.359872981078000e+02 -7.500000000000000e+02  7.500000000000000e+02	0.000000000000000e+00 0.000000000000000e+00 0.000000000000000e+00	1.000000000000000e+00	661	1	103
104	-6.359872981078000e+02 -7.500000000000000e+02 -1.159425144917000e+02	0.000000000000000e+00 0.000000000000000e+00 0.000000000000000e+00	7.500000000000000e-01	661	1	104
105	-6.365020017655000e+02 -7.500000000000000e+02  5.829785587824000e+02	-3.638700000000000e-06  1.095020000000000e-05  0.000000000000000e+00	1.000000000000000e+00	8190	1	105
106	 7.500000000000000e+02 -7.500000000000000e+02  5.829785587824000e+02	0.000000000000000e+00 0.000000000000000e+00 0.000000000000000e+00	1.000000000000000e+00	8190	1	106
107	7.500000000000000e+02 1.551789665200000e+01 5.829785587824000e+02	 8.260760000000001e-05 -1.354200000000000e-04  0.000000000000000e+00	1.000000000000000e+00	8190	1	107
108	-2.053998455714000e+02  6.910882722200000e+02 -4.164132562731000e+02	1.908343376312256e-04 0.000000000000000e+00 0.000000000000000e+00	1.001129150390625e-01	8168	0	108
112	 6.716164944535000e+02  1.374962648895000e+02 -5.942107735460000e+02	 1.470000000000000e-07 -2.546000000000000e-07 -3.283600000000000e-06	1.000000000000000e+00	0	0	112
113	 5.088482143265000e+02 -5.580318921100000e+00  2.286190426598000e+02	-9.370100000000000e-06  1.392700000000000e-06  0.000000000000000e+00	1.000000000000000e+00	8168	0	113
114	 2.990288404422000e+02  6.853718213322001e+02 -4.262112152443000e+02	-5.600000000000001e-09 -3.760000000000000e-08  0.000000000000000e+00	1.000000000000000e+00	646	0	114
116	-6.371292027908000e+02  2.207347146337000e+02 -1.159425144917000e+02	-6.690670000000001e-05  1.132312000000000e-04  0.000000000000000e+00	1.000000000000000e+00	661	0	116
117	-4.255275221662000e+02  2.977665199237000e+02 -4.164132562731000e+02	 4.233000000000000e-07 -3.473000000000000e-07  0.000000000000000e+00	1.000000000000000e+00	8168	0	117
118	-6.706148352294000e+02 -1.587794197067000e+02  1.077775486825000e+02	-4.519280000000000e-05  1.395900000000000e-06  0.000000000000000e+00	1.000000000000000e+00	23	0	118
119	-1.573280494198000e+02  1.726166319000000e-01 -1.894272067752000e+02	-3.230000000000000e-07  2.499000000000000e-07  0.000000000000000e+00	1.000000000000000e+00	27	0	119
122	-5.468387897763000e+02 -6.665603366158000e+02  3.744945042695000e+02	-1.431000000000000e-07 -2.478000000000000e-07 -7.457300000000001e-06	1.000000000000000e+00	491	0	122
123	 1.456014328572000e+02 -5.778146311864000e+02  7.444016434820001e+02	 4.100000000000000e-09 -7.200000000000000e-09  1.569000000000000e-07	1.000000000000000e+00	729	0	123
126	-7.304856954160000e+01 -2.663232170000000e-02  1.518683640526000e+02	-8.480000000000000e-08 -3.690000000000000e-08  0.000000000000000e+00	1.000000000000000e+00	8168	0	126
127	-2.078958164100000e+02  3.403479836873000e+02 -7.341060386354001e+02	-2.213000000000000e-07  0.000000000000000e+00 -2.336200000000000e-06	1.000000000000000e+00	8168	0	127
128	 5.325719387280000e+02 -3.696682458840000e+02 -2.697291007381000e+02	8.330000000000000e-08 1.443000000000000e-07 6.145500000000000e-06	1.000000000000000e+00	8168	0	128
130	-3.317763388561000e+02  5.855184791320000e+02 -6.793251553319001e+02	1.832060000000000e-05 3.357420000000000e-05 0.000000000000000e+00	1.000000000000000e+00	8168	0	130
131	5.570953366965000e+02 1.495697336172000e+02 1.469693845670000e+01	 4.838480000000000e-05 -4.301000000000000e-07  0.000000000000000e+00	1.000000000000000e+00	5009	0	131
132	-4.322765983030000e+01  6.910882722200000e+02 -5.579553373622000e+02	4.322870000000000e-05 0.000000000000000e+00 3.370990000000000e-05	1.000000000000000e+00	8168	0	132
133	-3.452880612684000e+02  6.910882722200000e+02  1.560425972491000e+02	-2.725874450683594e-07  0.000000000000000e+00 -3.620183120727539e-07	1.001129150390625e-01	8168	0	133
134	 3.699742830524000e+02 -1.694719878708000e+02  9.471360338760000e+01	 2.865700000000000e-06 -2.159000000000000e-06  0.000000000000000e+00	1.000000000000000e+00	8168	0	134
136	4.019765231862000e+02 2.348366887052000e+02 3.592584956082000e+02	 5.976530000000000e-05 -7.416000000000000e-07  0.000000000000000e+00	1.000000000000000e+00	8168	0	136
137	 1.551208048543000e+02  3.138615468170000e+01 -6.735754567830000e+01	-1.312010000000000e-05 -2.272460000000000e-05  1.801160000000000e-05	1.000000000000000e+00	8168	0	137
139	 6.777538708496000e+02 -6.031799892276000e+02  2.487192387200000e+00	 1.217000000000000e-07  2.108000000000000e-07 -1.940700000000000e-06	1.000000000000000e+00	97	0	139
141	 2.438368661870000e+02 -2.681878997764000e+02  5.829785587824000e+02	 7.645000000000000e-06 -1.403990000000000e-05  0.000000000000000e+00	1.000000000000000e+00	8190	0	141
143	 5.702105573471000e+02  3.131365001469000e+02 -6.190569683080000e+02	 1.883000000000000e-07 -3.262000000000000e-07 -2.522200000000000e-06	1.000000000000000e+00	0	0	143
144	 4.654792519207000e+02 -3.751958474594000e+02  2.286190426598000e+02	-3.251820000000000e-05  3.348900000000000e-06  0.000000000000000e+00	1.000000000000000e+00	8168	0	144
146	 5.245265654085000e+02  6.531135850344000e+02 -4.262112152443000e+02	1.310000000000000e-08 9.140000000000000e-08 0.000000000000000e+00	1.000000000000000e+00	646	0	146
147	 7.259035539250000e+01  7.229905258087000e+02 -4.262112152443000e+02	1.947000000000000e-07 7.750000000000000e-07 0.000000000000000e+00	1.000000000000000e+00	646	0	147
150	-7.500000000000000e+02  1.759273509556000e+02 -1.159425144917000e+02	-5.820700000000000e-05  1.781273000000000e-04  0.000000000000000e+00	1.000000000000000e+00	661	1	150
151	-2.467796823179000e+02  4.656888502922000e+02 -1.159425144917000e+02	-2.907090000000000e-05  4.585530000000000e-05  0.000000000000000e+00	1.000000000000000e+00	661	0	151
152	-5.875875423083000e+02  1.013214464934000e+02 -4.164132562731000e+02	 3.776000000000000e-07 -3.115000000000000e-07  0.000000000000000e+00	1.000000000000000e+00	8168	0	152
153	-6.814732082997000e+02 -6.131500376083001e+02  1.077775486825000e+02	-8.551340000000001e-05  7.659400000000000e-06  0.000000000000000e+00	1.000000000000000e+00	23	0	153
154	-6.508158316851001e+02  3.327279586188000e+02  1.077775486825000e+02	-1.941370000000000e-05  1.121200000000000e-06  0.000000000000000e+00	1.000000000000000e+00	23	0	154
155	-4.470765245163000e+02 -3.748393813509000e+02 -1.894272067752000e+02	-2.566000000000000e-07  1.980000000000000e-07  0.000000000000000e+00	1.000000000000000e+00	27	0	155
156	 1.325571328973000e+02  3.750786919417000e+02 -1.894272067752000e+02	-1.533000000000000e-07  1.185000000000000e-07  0.000000000000000e+00	1.000000000000000e+00	27	0	156
159	-5.950127018922000e+02 -7.500000000000000e+02  2.326824498302000e+02	-3.135206250000000e-06 -5.430290625000001e-06  1.132396875000000e-06	4.218750000000000e-01	491	1	159
160	-4.465394662550000e+02 -4.928368123122000e+02  5.350582179603000e+02	 3.345900000000000e-06  5.795300000000000e-06 -9.155800000000000e-06	1.000000000000000e+00	491	0	160
161	 9.393225371670000e+01 -4.883209877297000e+02  7.500000000000000e+02	 4.300000000000000e-09 -7.500000000000001e-09  1.601000000000000e-07	1.000000000000000e+00	729	1	161
162	 1.965565715996000e+02 -6.660715203950000e+02  7.392423900573000e+02	 3.000000000000000e-09 -5.200000000000000e-09  1.320000000000000e-07	1.000000000000000e+00	729	0	162
164	5.194180460035000e+02 5.495953221670000e+01 2.286190426598000e+02	-5.578500000000000e-06  9.780000000000000e-07  0.000000000000000e+00	1.000000000000000e+00	8168	0	164
167	 9.010442716170000e+01 -3.751132298330000e+02  1.518683640526000e+02	-2.957000000000000e-07 -1.288000000000000e-07  0.000000000000000e+00	1.000000000000000e+00	8168	0	167
168	-2.361997899612000e+02  3.750200312424000e+02  1.518683640526000e+02	1.001000000000000e-07 4.370000000000000e-08 0.000000000000000e+00	1.000000000000000e+00	8168	0	168
169	-4.953843836099000e+02  3.403479836873000e+02 -7.011841701287000e+02	-5.600000000000001e-08  0.000000000000000e+00 -6.669000000000000e-07	1.000000000000000e+00	8168	0	169
172	 6.453463140647000e+02 -1.743372980089000e+02 -2.747924116276000e+02	8.150000000000001e-08 1.412000000000000e-07 9.206300000000000e-06	1.000000000000000e+00	8168	0	172
174	 4.481368069656000e+02 -5.787419263433001e+02 -2.948634233539000e+02	-1.199107500000000e-05  2.076915000000000e-05  1.996237500000000e-05	7.500000000000000e-01	8168	0	174
177	 5.220998110057001e+02 -3.063864125379000e+02  1.469693845670000e+01	 1.815630000000000e-05 -2.385900000000000e-06  0.000000000000000e+00	1.000000000000000e+00	5009	0	177
179	 7.601078562300001e+00  6.910882722200000e+02 -6.001089983988001e+02	1.239910000000000e-05 0.000000000000000e+00 1.835670000000000e-05	1.000000000000000e+00	8168	0	179
181	 2.146407991272000e+02 -4.510303248901000e+02  9.471360338760000e+01	 1.536000000000000e-07 -7.660000000000000e-08  0.000000000000000e+00	1.000000000000000e+00	8168	0	181
183	 3.734289188843000e+02 -2.777563203416000e+02  3.592584956082000e+02	 2.987390000000000e-05 -1.958800000000000e-06  0.000000000000000e+00	1.000000000000000e+00	8168	0	183
185	-8.197117065170001e+01 -3.792691929616000e+02 -3.845326592065000e+02	 8.178000000000000e-07  1.416400000000000e-06 -4.408500000000000e-06	1.000000000000000e+00	8168	0	185
187	4.253735691471000e+02 7.500000000000000e+02 3.804874067123000e+02	6.440000000000001e-08 2.010000000000000e-08 0.000000000000000e+00	1.000000000000000e+00	8006	1	187
189	 6.312916165744000e+02 -6.836549742666000e+02 -9.199466946800001e+00	 1.098000000000000e-07  1.902000000000000e-07 -1.767300000000000e-06	1.000000000000000e+00	97	0	189
190	 7.227061181658000e+02 -5.253204129616000e+02  1.348147741260000e+01	 1.042000000000000e-07  1.804000000000000e-07 -1.726300000000000e-06	1.000000000000000e+00	97	0	190
191	-8.757730812490000e+01 -4.521412738161000e+02  5.829785587824000e+02	-3.075800000000000e-06  5.272000000000001e-06  0.000000000000000e+00	1.000000000000000e+00	8190	0	191
192	 5.783054063790000e+02 -9.204466591700000e+01  5.829785587824000e+02	 1.976420000000000e-05 -3.169380000000000e-05  0.000000000000000e+00	1.000000000000000e+00	8190	0	192
193	-2.663206533140000e+02  4.956466984045000e+02 -4.164132562731000e+02	-5.092875000000000e-07  2.885062500000000e-07  0.000000000000000e+00	5.625000000000000e-01	8168	0	193
194	-1.968389154560000e+02  6.910882722200000e+02 -4.176065808314000e+02	1.942340689845085e-05 0.000000000000000e+00 2.488457153679729e-05	3.167635202407837e-02	8168	0	194
195	-4.222830072656000e+02  6.910882722200000e+02 -1.007906332077000e+02	2.688360000000000e-05 0.000000000000000e+00 1.479171000000000e-04	1.000000000000000e+00	8168	0	195
198	6.016509352637000e+02 5.454976490000000e+01 9.471360338760000e+01	 4.028600000000000e-06 -4.724300000000000e-06  0.000000000000000e+00	1.000000000000000e+00	8168	0	198
201	 5.169865988048000e+02  4.053231005220000e+02 -6.369227453628000e+02	 1.663000000000000e-07 -2.880000000000000e-07 -1.959500000000000e-06	1.000000000000000e+00	0	0	201
204	 6.372762337322000e+02  6.369907762051000e+02 -4.262112152443000e+02	2.220000000000000e-08 1.558000000000000e-07 0.000000000000000e+00	1.000000000000000e+00	646	0	204
205	-2.401474573260000e+01  7.500000000000000e+02 -4.262112152443000e+02	-8.730000000000001e-08 -3.123000000000000e-07  0.000000000000000e+00	1.000000000000000e+00	646	1	205
209	-8.119875663140000e+01  5.678804095671001e+02 -1.159425144917000e+02	-1.380370000000000e-05  2.303260000000000e-05  0.000000000000000e+00	1.000000000000000e+00	661	0	209
210	-6.686248346973000e+02  3.105576620500000e+00 -4.164132562731000e+02	 4.207000000000000e-07 -3.469000000000000e-07  0.000000000000000e+00	1.000000000000000e+00	8168	0	210
212	-6.332133423976001e+02  5.596058400544000e+02  1.077775486825000e+02	-7.736500000000000e-06  6.862000000000000e-07  0.000000000000000e+00	1.000000000000000e+00	23	0	212
213	-5.917935865791001e+02 -5.624666338728000e+02 -1.894272067752000e+02	-3.420000000000000e-08  2.650000000000000e-08  0.000000000000000e+00	1.000000000000000e+00	27	0	213
214	 2.775080607951000e+02  5.625253155619000e+02 -1.894272067752000e+02	-4.610000000000000e-08  3.570000000000000e-08  0.000000000000000e+00	1.000000000000000e+00	27	0	214
216	-3.979874098394000e+02 -4.087421837885000e+02  5.996508900725000e+02	 3.572200000000000e-06  6.187200000000000e-06 -1.138510000000000e-05	1.000000000000000e+00	491	0	216
221	 1.722912390463000e+02 -5.624761959614000e+02  1.518683640526000e+02	1.070000000000000e-07 4.780000000000000e-08 0.000000000000000e+00	1.000000000000000e+00	8168	0	221
222	-3.123413780948000e+02  5.640246753689000e+02  1.518683640526000e+02	-4.073000000000000e-07 -1.486000000000000e-07  0.000000000000000e+00	1.000000000000000e+00	8168	0	222
223	-6.345769663655000e+02  3.403479836873000e+02 -6.916685741188001e+02	-7.190000000000000e-08  0.000000000000000e+00 -1.374100000000000e-06	1.000000000000000e+00	8168	0	223
226	 7.014586628323000e+02 -7.714785901150000e+01 -2.765653184365000e+02	7.010000000000000e-08 1.215000000000000e-07 1.008150000000000e-05	1.000000000000000e+00	8168	0	226
228	 5.236056553305000e+02 -7.094578061000000e+02 -5.506457019872000e+02	-1.098800000000000e-05  1.903180000000000e-05  1.122210000000000e-05	1.000000000000000e+00	8168	0	228
229	-4.934292924678000e+02  6.792014862334000e+02 -6.793251553319001e+02	2.668550000000000e-05 4.249750000000000e-05 0.000000000000000e+00	1.000000000000000e+00	8168	0	229
231	 4.874455737894000e+02 -5.372534241483000e+02  1.469693845670000e+01	 1.540500000000000e-06 -2.460000000000000e-07  0.000000000000000e+00	1.000000000000000e+00	5009	0	231
233	-4.753845995194000e+02  6.910882722200000e+02  4.327848284308000e+02	2.064955781250000e-05 0.000000000000000e+00 1.713605625000000e-05	4.218750000000000e-01	8168	0	233
234	 1.227763777131000e+02 -5.774478929459000e+02  9.471360338760000e+01	-9.513000000000000e-07  8.938000000000000e-07  0.000000000000000e+00	1.000000000000000e+00	8168	0	234
235	 3.520536988622000e+02 -5.364888235499001e+02  3.592584956082000e+02	 1.176330000000000e-05 -1.212800000000000e-06  0.000000000000000e+00	1.000000000000000e+00	8168	0	235
237	-2.086987829176000e+02 -5.987678561279000e+02 -4.619032491845000e+02	-1.130000000000000e-08 -1.950000000000000e-08  1.103000000000000e-07	1.000000000000000e+00	8168	0	237
238	4.430111527086000e+02 5.300268641741001e+02 4.554448523747000e+02	 8.672681250000000e-06  1.502156250000000e-05 -1.819096875000000e-05	5.625000000000000e-01	8168	0	238
241	-2.513189289012000e+02 -5.513211036441000e+02  5.829785587824000e+02	-8.604099999999999e-06  1.376210000000000e-05  0.000000000000000e+00	1.000000000000000e+00	8190	0	241
243	-2.203987201918000e+02  6.047485911461000e+02 -4.164132562731000e+02	 6.241433318138122e-05 -1.083884237937927e-05  0.000000000000000e+00	7.508468627929688e-02	8168	0	243
246	 7.170015337528000e+02  5.888707091960000e+01 -5.867305659532000e+02	 1.418000000000000e-07 -2.456000000000000e-07 -3.500400000000000e-06	1.000000000000000e+00	0	0	246
247	 6.220465670275000e+02  2.233538977187000e+02 -6.048829088586000e+02	 1.746000000000000e-07 -3.025000000000000e-07 -2.962200000000000e-06	1.000000000000000e+00	0	0	247
248	 4.838077899371000e+02 -1.942200669420000e+02  2.286190426598000e+02	-2.215910000000000e-05  2.573600000000000e-06  0.000000000000000e+00	1.000000000000000e+00	8168	0	248
249	5.502861663825000e+02 1.783572711923000e+02 2.286190426598000e+02	 3.273000000000000e-07 -1.525000000000000e-07  0.000000000000000e+00	1.000000000000000e+00	8168	0	249
250	 4.117765537872000e+02  6.692342693438001e+02 -4.262112152443000e+02	2.300000000000000e-09 1.640000000000000e-08 0.000000000000000e+00	1.000000000000000e+00	646	0	250
251	 1.864210267339000e+02  7.024611496165001e+02 -4.262112152443000e+02	1.330000000000000e-08 7.500000000000000e-08 0.000000000000000e+00	1.000000000000000e+00	646	0	251
255	-4.243620303573000e+02  3.525384647027000e+02 -1.159425144917000e+02	-4.599820000000000e-05  7.290510000000000e-05  0.000000000000000e+00	1.000000000000000e+00	661	0	255
256	-5.065483126589000e+02  1.995358192568000e+02 -4.164132562731000e+02	 3.966000000000000e-07 -3.272000000000000e-07  0.000000000000000e+00	1.000000000000000e+00	8168	0	256
257	-3.449252837694000e+02  3.961547471379000e+02 -4.164132562731000e+02	 2.413125000000000e-07 -1.979437500000000e-07  0.000000000000000e+00	5.625000000000000e-01	8168	0	257
258	-6.764905237397001e+02 -4.258747113698000e+02  1.077775486825000e+02	-7.941020000000000e-05  1.053500000000000e-06  0.000000000000000e+00	1.000000000000000e+00	23	0	258
259	-6.610763451527000e+02  8.926564637780001e+01  1.077775486825000e+02	-2.429870000000000e-05  9.500000000000000e-07  0.000000000000000e+00	1.000000000000000e+00	23	0	259
260	-3.022634817331000e+02 -1.872860961940000e+02 -1.894272067752000e+02	-3.805000000000000e-07  2.939000000000000e-07  0.000000000000000e+00	1.000000000000000e+00	27	0	260
261	-1.236630596930000e+01  1.876108235156000e+02 -1.894272067752000e+02	-2.226000000000000e-07  1.721000000000000e-07  0.000000000000000e+00	1.000000000000000e+00	27	0	261
262	-5.854571150139000e+02 -7.334492380306000e+02  2.768836958368000e+02	 4.208625000000000e-07  7.289437500000000e-07 -2.494068750000000e-06	5.625000000000000e-01	491	0	262
263	-4.944925430044000e+02 -5.758939776213000e+02  4.658142184609000e+02	 2.010200000000000e-06  3.481700000000000e-06 -6.674600000000000e-06	1.000000000000000e+00	491	0	263
268	 8.558909182200001e+00 -1.875563985754000e+02  1.518683640526000e+02	-1.540000000000000e-07 -6.700000000000000e-08  0.000000000000000e+00	1.000000000000000e+00	8168	0	268
269	-1.545536695784000e+02  1.875273532736000e+02  1.518683640526000e+02	7.150000000000000e-08 3.110000000000000e-08 0.000000000000000e+00	1.000000000000000e+00	8168	0	269
270	-3.567318697329000e+02  3.403479836873000e+02 -7.150293222008000e+02	-4.690000000000000e-08  0.000000000000000e+00 -4.059000000000000e-07	1.000000000000000e+00	8168	0	270
273	 5.892231646816000e+02 -2.715454442213000e+02 -2.725654176505000e+02	8.780000000000001e-08 1.520000000000000e-07 7.923700000000000e-06	1.000000000000000e+00	8168	0	273
274	 4.412512115025000e+02 -5.668157251609000e+02  1.530332836526000e+02	-6.359600000000000e-06  1.101520000000000e-05  9.841500000000001e-06	1.000000000000000e+00	8168	0	274
277	 5.470127018922000e+02 -7.500000000000000e+02 -6.793251553319001e+02	0.000000000000000e+00 0.000000000000000e+00 0.000000000000000e+00	1.000000000000000e+00	8168	1	277
278	 5.511795291161001e+02 -5.857527617730000e+01  1.469693845670000e+01	 3.493860000000000e-05 -2.864200000000000e-06  0.000000000000000e+00	1.000000000000000e+00	5009	0	278
279	5.610193115612000e+02 4.060537813512000e+02 1.469693845670000e+01	 6.042680000000000e-05 -1.665400000000000e-06  0.000000000000000e+00	1.000000000000000e+00	5009	0	279
281	-4.009460184902000e+02  6.910882722200000e+02  1.190458680101000e+02	 8.362425000000000e-06  0.000000000000000e+00 -4.597425000000000e-06	7.500000000000000e-01	8168	0	281
282	 2.837833790709000e+02 -3.044201888945000e+02  9.471360338760000e+01	 2.007100000000000e-06 -1.100400000000000e-06  0.000000000000000e+00	1.000000000000000e+00	8168	0	282
283	 4.728552067905000e+02 -5.439068564560000e+01  9.471360338760000e+01	 3.024700000000000e-06 -3.362100000000000e-06  0.000000000000000e+00	1.000000000000000e+00	8168	0	283
284	 3.901870655641000e+02 -9.927900099800000e+00  3.592584956082000e+02	 4.768660000000000e-05 -2.834900000000000e-06  0.000000000000000e+00	1.000000000000000e+00	8168	0	284
286	 4.672629698810000e+01 -1.563586402040000e+02 -2.630765751391000e+02	-1.460500000000000e-06 -2.529700000000000e-06  4.190200000000000e-06	1.000000000000000e+00	8168	0	286
287	2.444933625886000e+02 1.861839654799000e+02 1.193155281209000e+02	-1.557110000000000e-05 -2.696990000000000e-05  4.104530000000000e-05	1.000000000000000e+00	8168	0	287
290	 7.833541008800000e+01 -3.594959232178000e+02  5.829785587824000e+02	 2.554100000000000e-06 -4.625100000000000e-06  0.000000000000000e+00	1.000000000000000e+00	8190	0	290
291	 4.111959585179000e+02 -1.795912651217000e+02  5.829785587824000e+02	 1.087410000000000e-05 -2.119100000000000e-05  0.000000000000000e+00	1.000000000000000e+00	8190	0	291
292	 4.500645421319000e+02 -5.820808615948000e+02  2.286190426598000e+02	-1.272830000000000e-05  2.204600000000000e-05  0.000000000000000e+00	1.000000000000000e+00	8168	0	292
297	-4.626297795700000e+00  6.128308747321000e+02 -1.159425144917000e+02	-7.841300000000001e-06  1.346830000000000e-05  0.000000000000000e+00	1.000000000000000e+00	661	0	297
298	-7.091098187287000e+02 -4.603065054680000e+01 -4.164132562731000e+02	 4.967000000000000e-07 -4.108000000000000e-07  0.000000000000000e+00	1.000000000000000e+00	8168	0	298
300	-6.222606670083001e+02  6.680662134599000e+02  1.077775486825000e+02	-6.791000000000000e-07  4.440000000000000e-08  0.000000000000000e+00	1.000000000000000e+00	23	0	300
301	-6.643154669775000e+02 -6.561540913282000e+02 -1.894272067752000e+02	-1.284000000000000e-07  9.930000000000001e-08  0.000000000000000e+00	1.000000000000000e+00	27	0	301
302	 3.499537829469000e+02  6.562716090222000e+02 -1.894272067752000e+02	-4.930000000000000e-08  3.810000000000000e-08  0.000000000000000e+00	1.000000000000000e+00	27	0	302
305	 2.140029395312000e+02 -6.560562479927000e+02  1.518683640526000e+02	4.194000000000000e-07 1.994000000000000e-07 0.000000000000000e+00	1.000000000000000e+00	8168	0	305
306	-3.516878506031000e+02  6.910882722200000e+02  1.518683640526000e+02	 3.543750000000000e-09 -2.554875000000000e-07 -1.579275000000000e-06	5.625000000000000e-01	8168	0	306
307	-7.048490623846001e+02  3.403479836873000e+02 -6.885371419735001e+02	-6.190000000000001e-08  0.000000000000000e+00 -1.741000000000000e-06	1.000000000000000e+00	8168	0	307
313	 4.732928671276000e+02 -6.435932356661000e+02  1.469693845670000e+01	-3.185000000000000e-06  5.463000000000001e-07  0.000000000000000e+00	1.000000000000000e+00	5009	0	313
314	5.871727968965000e+02 6.353235103799000e+02 1.469693845670000e+01	 1.249920000000000e-05 -2.995900000000000e-06  0.000000000000000e+00	1.000000000000000e+00	5009	0	314
315	-5.077963353065000e+02  6.910882722200000e+02  4.729041140956000e+02	2.299511250000000e-05 0.000000000000000e+00 1.599305625000000e-05	5.625000000000000e-01	8168	0	315
316	 5.829192492060000e+01 -6.428091553975000e+02  9.471360338760000e+01	-6.419000000000001e-07  6.622000000000000e-07  0.000000000000000e+00	1.000000000000000e+00	8168	0	316
317	 3.379262573135000e+02 -6.553355479053000e+02  3.592584956082000e+02	 4.426000000000000e-06 -6.122000000000000e-07  0.000000000000000e+00	1.000000000000000e+00	8168	0	317
319	-2.677125255470000e+02 -7.009826567069000e+02 -4.809498456891000e+02	-5.900000000000000e-09 -1.020000000000000e-08  1.007000000000000e-07	1.000000000000000e+00	8168	0	319
320	4.925189113069000e+02 6.157768174351000e+02 4.987316935423000e+02	 2.724764062500000e-06  4.719420703125000e-06 -1.472519882812500e-05	3.164062500000000e-01	8168	0	320
322	4.861597403719000e+02 5.738441721948000e+02 3.804874067123000e+02	2.211800000000000e-06 8.618000000000001e-07 0.000000000000000e+00	1.000000000000000e+00	8006	0	322
323	-3.314047244432000e+02 -6.018962632764001e+02  5.829785587824000e+02	-1.115290000000000e-05  1.793610000000000e-05  0.000000000000000e+00	1.000000000000000e+00	8190	0	323
328	 4.954536613530000e+02 -1.012112274401000e+02  2.286190426598000e+02	-1.567980000000000e-05  2.061800000000000e-06  0.000000000000000e+00	1.000000000000000e+00	8168	0	328
333	-5.174550632412000e+02  2.941736432206000e+02 -1.159425144917000e+02	-5.547150000000000e-05  8.917880000000001e-05  0.000000000000000e+00	1.000000000000000e+00	661	0	333
334	-4.660318153142000e+02  2.486456122502000e+02 -4.164132562731000e+02	 4.172000000000000e-07 -3.441000000000000e-07  0.000000000000000e+00	1.000000000000000e+00	8168	0	334
335	-3.853039395086000e+02  3.470246065344000e+02 -4.164132562731000e+02	 2.630812500000000e-07 -2.155500000000000e-07  0.000000000000000e+00	5.625000000000000e-01	8168	0	335
336	-6.740687682670000e+02 -2.982039074479000e+02  1.077775486825000e+02	-6.210120000000001e-05  1.213100000000000e-06  0.000000000000000e+00	1.000000000000000e+00	23	0	336
337	-6.660764586229001e+02 -3.298918220070000e+01  1.077775486825000e+02	-3.273180000000000e-05  1.299600000000000e-06  0.000000000000000e+00	1.000000000000000e+00	23	0	337
338	-2.298142582239000e+02 -9.354242726970000e+01 -1.894272067752000e+02	-3.799000000000000e-07  2.938000000000000e-07  0.000000000000000e+00	1.000000000000000e+00	27	0	338
339	-8.483280312700001e+01  9.388061094330000e+01 -1.894272067752000e+02	-2.523000000000000e-07  1.952000000000000e-07  0.000000000000000e+00	1.000000000000000e+00	27	0	339
342	-3.226436313910000e+01 -9.380002356320000e+01  1.518683640526000e+02	-1.464000000000000e-07 -6.370000000000001e-08  0.000000000000000e+00	1.000000000000000e+00	8168	0	342
343	-1.137928039469000e+02  9.375398139550001e+01  1.518683640526000e+02	3.000000000000000e-09 1.300000000000000e-09 0.000000000000000e+00	1.000000000000000e+00	8168	0	343
344	-2.841743231399000e+02  3.403479836873000e+02 -7.240977321903000e+02	-7.200000000000000e-08  0.000000000000000e+00 -5.535000000000000e-07	1.000000000000000e+00	8168	0	344
349	-1.666209524414000e+02  4.860497472969000e+02 -6.793251553319001e+02	 2.270433750000000e-04 -3.932507250000000e-04  0.000000000000000e+00	7.500000000000000e-01	8168	0	349
350	5.562548163865000e+02 2.525887779400000e+01 1.469693845670000e+01	 4.202870000000000e-05 -1.479500000000000e-06  0.000000000000000e+00	1.000000000000000e+00	5009	0	350
351	5.595330254976000e+02 3.005615790741000e+02 1.469693845670000e+01	 5.339130000000000e-05 -8.634000000000001e-07  0.000000000000000e+00	1.000000000000000e+00	5009	0	351
352	-4.201548176067000e+02  6.910882722200000e+02  3.592584956082000e+02	 2.589340000000000e-05  0.000000000000000e+00 -2.893404000000000e-04	1.000000000000000e+00	8168	0	352
354	 3.247097123053000e+02 -2.349833125400000e+02  9.471360338760000e+01	 2.641100000000000e-06 -1.693900000000000e-06  0.000000000000000e+00	1.000000000000000e+00	8168	0	354
355	 4.191175078587000e+02 -1.091191581457000e+02  9.471360338760000e+01	 2.909200000000000e-06 -2.605500000000000e-06  0.000000000000000e+00	1.000000000000000e+00	8168	0	355
356	3.962381556215000e+02 9.807673088920001e+01 3.592584956082000e+02	 5.343390000000000e-05 -3.171400000000000e-06  0.000000000000000e+00	1.000000000000000e+00	8168	0	356
358	 1.031811183431000e+02 -5.857602128480000e+01 -1.728431832827000e+02	-9.607200000000000e-06 -1.664010000000000e-05  9.317800000000001e-06	1.000000000000000e+00	8168	0	358
359	2.016332726686000e+02 1.119481121214000e+02 3.191056625960000e+01	-1.454670000000000e-05 -2.519560000000000e-05  2.959550000000000e-05	1.000000000000000e+00	8168	0	359
362	 1.611610635694000e+02 -3.137698264995000e+02  5.829785587824000e+02	 5.280600000000000e-06 -9.572300000000000e-06  0.000000000000000e+00	1.000000000000000e+00	8190	0	362
363	 3.268221420846000e+02 -2.235608626402000e+02  5.829785587824000e+02	 9.320100000000001e-06 -1.761990000000000e-05  0.000000000000000e+00	1.000000000000000e+00	8190	0	363
364	 4.553394171845000e+02 -4.614076819690000e+02  2.286190426598000e+02	-2.344850000000000e-05  2.957300000000000e-06  0.000000000000000e+00	1.000000000000000e+00	8168	0	364
365	 4.738073444085000e+02 -2.857677710498000e+02  2.286190426598000e+02	-3.008730000000000e-05  3.011400000000000e-06  0.000000000000000e+00	1.000000000000000e+00	8168	0	365
367	5.950274581724000e+02 2.650631476966000e+02 2.286190426598000e+02	-4.676000000000000e-07  2.363000000000000e-07  0.000000000000000e+00	1.000000000000000e+00	8168	0	367
374	-1.643019003451000e+02  5.174852655865000e+02 -1.159425144917000e+02	-2.128070000000000e-05  3.437870000000000e-05  0.000000000000000e+00	1.000000000000000e+00	661	0	374
375	-3.310282855139000e+02  4.118420150947000e+02 -1.159425144917000e+02	-3.697800000000000e-05  5.804050000000000e-05  0.000000000000000e+00	1.000000000000000e+00	661	0	375
376	-6.281071239312000e+02  5.221423061910000e+01 -4.164132562731000e+02	 3.911000000000000e-07 -3.227000000000000e-07  0.000000000000000e+00	1.000000000000000e+00	8168	0	376
377	-5.470677250166000e+02  1.504284639006000e+02 -4.164132562731000e+02	 3.804000000000000e-07 -3.139000000000000e-07  0.000000000000000e+00	1.000000000000000e+00	8168	0	377
378	-6.891066418560000e+02 -6.617432098228001e+02  1.077775486825000e+02	-8.243760000000000e-05  1.942360000000000e-05  0.000000000000000e+00	1.000000000000000e+00	23	0	378
379	-6.775856951825000e+02 -5.331784064225001e+02  1.077775486825000e+02	-8.658300000000001e-05  1.867700000000000e-06  0.000000000000000e+00	1.000000000000000e+00	23	0	379
380	-6.425467784023000e+02  4.470794747823000e+02  1.077775486825000e+02	-1.478780000000000e-05  1.134700000000000e-06  0.000000000000000e+00	1.000000000000000e+00	23	0	380
381	-6.565197409097000e+02  2.131147113802000e+02  1.077775486825000e+02	-2.059860000000000e-05  9.052000000000000e-07  0.000000000000000e+00	1.000000000000000e+00	23	0	381
382	-5.194298214142000e+02 -4.686570796647000e+02 -1.894272067752000e+02	-1.323000000000000e-07  1.021000000000000e-07  0.000000000000000e+00	1.000000000000000e+00	27	0	382
383	-3.746829968907000e+02 -2.810527056607000e+02 -1.894272067752000e+02	-3.360000000000000e-07  2.594000000000000e-07  0.000000000000000e+00	1.000000000000000e+00	27	0	383
384	 2.050292501261000e+02  4.688045944245000e+02 -1.894272067752000e+02	-1.000000000000000e-07  7.730000000000000e-08  0.000000000000000e+00	1.000000000000000e+00	27	0	384
385	 6.009139699030001e+01  2.813478601496000e+02 -1.894272067752000e+02	-1.977000000000000e-07  1.529000000000000e-07  0.000000000000000e+00	1.000000000000000e+00	27	0	385
388	5.508626321277001e+02 1.312746143770000e+01 9.471360338760000e+01	 4.385200000000000e-06 -5.227400000000000e-06  0.000000000000000e+00	1.000000000000000e+00	8168	0	388
390	 1.310088533137000e+02 -4.688778340041000e+02  1.518683640526000e+02	-3.253000000000000e-07 -1.425000000000000e-07  0.000000000000000e+00	1.000000000000000e+00	8168	0	390
391	 4.936717802440000e+01 -2.813192530358000e+02  1.518683640526000e+02	-1.801000000000000e-07 -7.830000000000001e-08  0.000000000000000e+00	1.000000000000000e+00	8168	0	391
392	-2.772373810324000e+02  4.686679120759000e+02  1.518683640526000e+02	1.137000000000000e-07 4.810000000000000e-08 0.000000000000000e+00	1.000000000000000e+00	8168	0	392
393	-1.953441592852000e+02  2.812878655363000e+02  1.518683640526000e+02	1.135000000000000e-07 4.940000000000000e-08 0.000000000000000e+00	1.000000000000000e+00	8168	0	393
394	-5.643054494978001e+02  3.403479836873000e+02 -6.959212941789000e+02	-6.710000000000000e-08  0.000000000000000e+00 -9.807000000000000e-07	1.000000000000000e+00	8168	0	394
395	-4.271783411979000e+02  3.403479836873000e+02 -7.074511140584000e+02	-4.780000000000000e-08  0.000000000000000e+00 -4.820000000000000e-07	1.000000000000000e+00	8168	0	395
400	 5.020489293218000e+02 -6.721204614081000e+02 -4.622472590755000e+02	-2.071590000000000e-05  3.588100000000000e-05  3.444840000000000e-05	1.000000000000000e+00	8168	0	400
401	 4.326983973154000e+02 -5.520018164410001e+02 -2.626161093831000e+02	-5.945372314453125e-07  1.029774792480469e-06 -1.161643524169922e-06	1.334838867187500e-01	8168	0	401
402	-4.570117749764000e+02  6.572734432045000e+02 -6.793251553319001e+02	2.288460000000000e-05 3.884740000000000e-05 0.000000000000000e+00	1.000000000000000e+00	8168	0	402
403	-3.912134980128000e+02  6.190721274082000e+02 -6.793251553319001e+02	1.837700000000000e-05 3.209620000000000e-05 0.000000000000000e+00	1.000000000000000e+00	8168	0	403
406	 5.041763565230000e+02 -4.298728386569000e+02  1.469693845670000e+01	 8.783000000000000e-06 -1.388700000000000e-06  0.000000000000000e+00	1.000000000000000e+00	5009	0	406
407	 5.388996531979000e+02 -1.677159525767000e+02  1.469693845670000e+01	 2.791800000000000e-05 -3.135400000000000e-06  0.000000000000000e+00	1.000000000000000e+00	5009	0	407
408	5.791891766755000e+02 5.966075931016001e+02 1.469693845670000e+01	 2.033910000000000e-05 -2.904900000000000e-06  0.000000000000000e+00	1.000000000000000e+00	5009	0	408
409	5.659977043287000e+02 4.978718521348000e+02 1.469693845670000e+01	 4.103990000000000e-05 -3.001000000000000e-06  0.000000000000000e+00	1.000000000000000e+00	5009	0	409
412	 1.662336828961000e+02 -5.265150391775001e+02  9.471360338760000e+01	-5.494000000000000e-07  4.169000000000000e-07  0.000000000000000e+00	1.000000000000000e+00	8168	0	412
413	 2.475835116292000e+02 -3.773352536929000e+02  9.471360338760000e+01	 7.527000000000000e-07 -3.565000000000000e-07  0.000000000000000e+00	1.000000000000000e+00	8168	0	413
414	 3.640852371208000e+02 -4.067288297206000e+02  3.592584956082000e+02	 2.065360000000000e-05 -1.682600000000000e-06  0.000000000000000e+00	1.000000000000000e+00	8168	0	414
415	 3.819485720371000e+02 -1.425229475439000e+02  3.592584956082000e+02	 3.953900000000000e-05 -2.373100000000000e-06  0.000000000000000e+00	1.000000000000000e+00	8168	0	415
416	-8.132625707990000e+01  6.910882722200000e+02  3.592584956082000e+02	0.000000000000000e+00 0.000000000000000e+00 0.000000000000000e+00	1.000000000000000e+00	8168	0	416
418	-1.456726412670000e+02 -4.896033765842000e+02 -4.282953364256000e+02	 1.268000000000000e-07  2.197000000000000e-07 -7.828000000000000e-07	1.000000000000000e+00	8168	0	418
419	-1.728786556580000e+01 -2.672344221514000e+02 -3.319418043007000e+02	 1.632000000000000e-06  2.826700000000000e-06 -7.108100000000001e-06	1.000000000000000e+00	8168	0	419
424	4.528680909258000e+02 6.617214415081000e+02 3.804874067123000e+02	1.542700000000000e-06 5.303000000000000e-07 0.000000000000000e+00	1.000000000000000e+00	8006	0	424
426	-1.701569545898000e+02 -5.008355463033000e+02  5.829785587824000e+02	-5.906900000000000e-06  9.690900000000001e-06  0.000000000000000e+00	1.000000000000000e+00	8190	0	426
427	-4.644905870100001e+00 -4.053470792069000e+02  5.829785587824000e+02	-2.501000000000000e-07  4.228000000000000e-07  0.000000000000000e+00	1.000000000000000e+00	8190	0	427
428	 6.515569844811000e+02 -4.453335511110000e+01  5.829785587824000e+02	 3.311950000000000e-05 -5.108120000000000e-05  0.000000000000000e+00	1.000000000000000e+00	8190	0	428
429	 4.968948232020000e+02 -1.363387757429000e+02  5.829785587824000e+02	 1.078650000000000e-05 -2.042030000000000e-05  0.000000000000000e+00	1.000000000000000e+00	8190	0	429
430	-2.389534194583000e+02  5.501389188405000e+02 -4.164132562731000e+02	-6.020000000000000e-07  2.424000000000000e-07  0.000000000000000e+00	1.000000000000000e+00	8168	0	430
431	-3.046464253782000e+02  4.453675952172000e+02 -4.164132562731000e+02	 8.595000000000001e-08 -6.986250000000001e-08  0.000000000000000e+00	5.625000000000000e-01	8168	0	431
432	-2.121324239303000e+02  6.910882722200000e+02 -4.152919631536000e+02	1.369837648065844e-04 0.000000000000000e+00 1.582653060740741e-04	2.106995884773663e-02	8168	0	432
433	-4.440514489345000e+02  6.910882722200000e+02  1.468602782790000e+01	5.785450000000000e-05 0.000000000000000e+00 3.458750000000000e-05	1.000000000000000e+00	8168	0	433
434	6.636824390818000e+02 1.102833134906000e+02 9.471360338760000e+01	 2.201500000000000e-06 -2.428600000000000e-06  0.000000000000000e+00	1.000000000000000e+00	8168	0	434
436	 4.903093002647000e+02  4.515295370022000e+02 -6.475009752599000e+02	 1.823000000000000e-07 -3.158000000000000e-07 -1.604000000000000e-06	1.000000000000000e+00	0	0	436
438	5.189524273793000e+02 6.615610102952000e+02 5.126967742029000e+02	 9.172828125000001e-07  1.588781250000000e-06 -1.000949062500000e-05	4.218750000000000e-01	8168	0	438
439	 1.285529939379000e+02 -1.463064367140000e+01 -1.231723896044000e+02	-1.335120000000000e-05 -2.312490000000000e-05  9.200900000000000e-06	1.000000000000000e+00	8168	0	439
440	 1.793020350745000e+02  7.326927401250001e+01 -1.547114900380000e+01	-1.308350000000000e-05 -2.266120000000000e-05  2.580540000000000e-05	1.000000000000000e+00	8168	0	440
441	-1.139324838101000e+02 -4.346278112285000e+02 -4.070303802986000e+02	 4.580000000000000e-07  7.934000000000000e-07 -2.643000000000000e-06	1.000000000000000e+00	8168	0	441
442	-4.973551640610000e+01 -3.234354019930000e+02 -3.598418313559000e+02	 1.161200000000000e-06  2.011200000000000e-06 -5.664300000000000e-06	1.000000000000000e+00	8168	0	442
444	5.700127018922000e+02 7.500000000000000e+02 3.592584956082000e+02	 0.000000000000000e+00 -0.000000000000000e+00  0.000000000000000e+00	1.000000000000000e+00	8168	1	444
445	-2.391629185217000e+02 -6.515332868030000e+02 -4.731313425553000e+02	-1.100000000000000e-08 -1.900000000000000e-08  1.403000000000000e-07	1.000000000000000e+00	8168	0	445
446	-1.773136760034000e+02 -5.444072563516000e+02 -4.468757846381000e+02	 1.240000000000000e-08  2.140000000000000e-08 -8.280000000000000e-08	1.000000000000000e+00	8168	0	446
447	4.654208025431000e+02 5.688415162672001e+02 4.785192253152000e+02	-4.759312500000000e-07 -8.243437500000000e-07 -2.632522500000000e-05	5.625000000000000e-01	8168	0	447
448	4.160806723152000e+02 4.833819038604000e+02 4.243496228259000e+02	 3.982416675567627e-07  6.897729789733887e-07 -4.153922863426208e-05	7.508468627929688e-02	8168	0	448
449	 7.640744722650000e+01 -1.049493799640000e+02 -2.193697111286000e+02	-5.228700000000000e-06 -9.056400000000000e-06  9.548800000000001e-06	1.000000000000000e+00	8168	0	449
450	 1.516420006140000e+01 -2.110257956745000e+02 -3.007003710195000e+02	 1.537200000000000e-06  2.662500000000000e-06 -5.469800000000001e-06	1.000000000000000e+00	8168	0	450
451	2.233825412073000e+02 1.496189502580000e+02 7.689801972950001e+01	-1.687690000000000e-05 -2.923160000000000e-05  3.154010000000000e-05	1.000000000000000e+00	8168	0	451
452	2.726079232583000e+02 2.348798129922000e+02 1.736763158830000e+02	4.662275625000000e-05 8.075295000000001e-05 1.752954750000000e-04	5.625000000000000e-01	8168	0	452
453	 3.302295113244000e+02 -7.023079677411000e+02  3.592584956082000e+02	 1.403900000000000e-06 -2.373000000000000e-07  0.000000000000000e+00	1.000000000000000e+00	8168	0	453
455	-3.744806477018000e+02 -3.680272774446000e+02  6.276957844171001e+02	 3.500300000000000e-06  6.062700000000000e-06 -1.211490000000000e-05	1.000000000000000e+00	491	0	455
459	 3.455406377820000e+02 -5.962178561828000e+02  3.592584956082000e+02	 8.070500000000000e-06 -9.449000000000001e-07  0.000000000000000e+00	1.000000000000000e+00	8168	0	459
460	3.996906252364000e+02 1.485780641835000e+02 3.592584956082000e+02	 5.784260000000000e-05 -2.110000000000000e-06  0.000000000000000e+00	1.000000000000000e+00	8168	0	460
465	 4.210145682480000e+01  6.393564645332000e+02 -1.159425144917000e+02	-4.700500000000000e-06  8.373500000000000e-06  0.000000000000000e+00	1.000000000000000e+00	661	0	465
471	 3.581908304899000e+02 -4.742842356054000e+02  3.592584956082000e+02	 1.592160000000000e-05 -1.464200000000000e-06  0.000000000000000e+00	1.000000000000000e+00	8168	0	471
479	7.499643212083000e+02 5.715767664980000e+01 6.580962442277000e+02	 3.790871191406250e-06 -4.946165332031250e-06  0.000000000000000e+00	2.373046875000000e-01	1105	0	479
483	 5.137699995628000e+02 -3.703786999599000e+02  1.469693845670000e+01	 1.315710000000000e-05 -1.859000000000000e-06  0.000000000000000e+00	1.000000000000000e+00	5009	0	483
484	-6.213130209198000e+02  9.437368322560000e+01  6.580962442277000e+02	4.842450000000000e-05 2.781980000000000e-05 0.000000000000000e+00	1.000000000000000e+00	1105	0	484
486	-3.791432483348000e+02 -6.306853648306001e+02  5.829785587824000e+02	-1.223350000000000e-05  2.087620000000000e-05  0.000000000000000e+00	1.000000000000000e+00	8190	0	486
487	5.264762562969000e+02 6.745926642480000e+02 2.286190426598000e+02	 1.167032812500000e-06  2.021371875000000e-06 -2.640853125000000e-06	4.218750000000000e-01	8168	0	487
488	 4.621744157431000e+02  5.002605864587000e+02 -6.607397722491000e+02	 1.401000000000000e-07 -2.427000000000000e-07 -1.119400000000000e-06	1.000000000000000e+00	0	0	488
490	5.055228862959000e+02 5.344214834190000e+02 3.804874067123000e+02	2.683900000000000e-06 1.742700000000000e-06 0.000000000000000e+00	1.000000000000000e+00	8006	0	490
491	-5.204814311767000e+02 -6.209080523680000e+02  4.240576058815000e+02	-6.874000000000000e-07 -1.190600000000000e-06 -9.497800000000001e-06	1.000000000000000e+00	491	0	491
494	 8.630348022900000e+00 -6.869500434905000e+02  9.471360338760000e+01	 1.162600000000000e-06 -1.218000000000000e-06  0.000000000000000e+00	1.000000000000000e+00	8168	0	494
495	 5.302343920055000e+02 -2.450813341126000e+02  1.469693845670000e+01	 2.206880000000000e-05 -2.632600000000000e-06  0.000000000000000e+00	1.000000000000000e+00	5009	0	495
496	 3.441725218382000e+02 -6.959856080534000e+02  1.900797736790000e+01	-1.236937500000000e-07 -2.142562500000000e-07 -1.211630625000000e-05	5.625000000000000e-01	8168	0	496
497	-4.701774262288000e+02 -5.337789599740000e+02  5.016187785422000e+02	 2.788700000000000e-06  4.830100000000001e-06 -7.940200000000001e-06	1.000000000000000e+00	491	0	497
499	 5.032114056487000e+02 -4.205221809146000e+02 -2.678371655023000e+02	9.010000000000001e-08 1.560000000000000e-07 4.916700000000000e-06	1.000000000000000e+00	8168	0	499
501	-5.128589737255001e+02  1.070110577685000e+02  6.580962442277000e+02	-5.806010000000000e-05  2.202500000000000e-05  0.000000000000000e+00	1.000000000000000e+00	1105	0	501
503	-4.281147899355000e+02  1.109522253574000e+02  6.580962442277000e+02	-1.816860000000000e-05  3.530140000000000e-05  0.000000000000000e+00	1.000000000000000e+00	1105	0	503
505	5.308825711675000e+02 1.200149168589000e+02 2.286190426598000e+02	-3.972000000000000e-07  5.730000000000000e-08  0.000000000000000e+00	1.000000000000000e+00	8168	0	505
507	-5.691478945971000e+02 -7.052008396369000e+02  3.237090901535000e+02	 4.492000000000000e-07  7.781000000000000e-07 -4.710500000000000e-06	1.000000000000000e+00	491	0	507
512	 9.271337062330001e+01  6.673693489554000e+02 -1.159425144917000e+02	-1.866300000000000e-06  3.413400000000000e-06  0.000000000000000e+00	1.000000000000000e+00	661	0	512
519	-3.570673322889000e+02  1.111784919325000e+02  6.580962442277000e+02	-4.569100000000000e-06  4.216210000000000e-05  0.000000000000000e+00	1.000000000000000e+00	1105	0	519
521	-5.941907155264000e+02 -7.485762778512001e+02  2.417855563753000e+02	 9.039528808593751e-08  1.565677001953125e-07 -2.500954101562500e-07	1.779785156250000e-01	491	0	521
523	 5.027930631610000e+01  6.910882722200000e+02 -6.299969578672000e+02	3.645500000000000e-06 0.000000000000000e+00 5.180700000000000e-06	1.000000000000000e+00	8168	0	523
527	5.579861416377000e+02 2.217008780043000e+02 1.469693845670000e+01	 5.116820000000000e-05 -8.195000000000001e-07  0.000000000000000e+00	1.000000000000000e+00	5009	0	527
529	-3.498581969416000e+02 -3.253799417211000e+02  6.545570502146001e+02	 2.954400000000000e-06  5.117200000000000e-06 -1.133600000000000e-05	1.000000000000000e+00	491	0	529
530	-5.402392076906000e+02  6.910882722200000e+02  5.114347355160000e+02	2.151112500000000e-05 0.000000000000000e+00 1.669087500000000e-05	7.500000000000000e-01	8168	0	530
531	5.429238018500000e+02 7.030806488056000e+02 5.214403659597000e+02	 4.760437500000000e-07  8.245546875000000e-07 -5.412698437500000e-06	4.218750000000000e-01	8168	0	531
535	 4.337607929460000e+02  5.494744247703001e+02 -6.752121330519000e+02	 6.000000000000001e-08 -1.039500000000000e-07 -1.258275000000000e-06	7.500000000000000e-01	0	0	535
537	-2.899497870527000e+02  1.091325535095000e+02  6.580962442277000e+02	-1.972200000000000e-06  4.849320000000000e-05  0.000000000000000e+00	1.000000000000000e+00	1105	0	537
538	-6.587197408323000e+02  1.521925189328000e+02  1.077775486825000e+02	-2.176110000000000e-05  8.008000000000000e-07  0.000000000000000e+00	1.000000000000000e+00	23	0	538
540	-7.096285837809000e+02 -6.557140931990000e+02 -1.159425144917000e+02	-2.580380000000000e-05  5.873180000000000e-05  0.000000000000000e+00	1.000000000000000e+00	661	0	540
545	-2.263189179733000e+02  1.054180019423000e+02  6.580962442277000e+02	-9.841000000000000e-07  5.482500000000000e-05  0.000000000000000e+00	1.000000000000000e+00	1105	0	545
547	-6.725572560335000e+02 -2.268093220495000e+02  1.077775486825000e+02	-5.293310000000000e-05  1.294500000000000e-06  0.000000000000000e+00	1.000000000000000e+00	23	0	547
553	5.568059920195000e+02 8.817731537440001e+01 1.469693845670000e+01	 4.574290000000000e-05 -3.153000000000000e-07  0.000000000000000e+00	1.000000000000000e+00	5009	0	553
560	-7.299786409801001e+02 -6.166608251610000e+02 -1.159425144917000e+02	 3.457450000000000e-05 -5.971710000000000e-05  0.000000000000000e+00	1.000000000000000e+00	661	0	560
566	-6.684653425606000e+02 -9.506288786620000e+01  1.077775486825000e+02	-3.855000000000000e-05  1.384200000000000e-06  0.000000000000000e+00	1.000000000000000e+00	23	0	566
567	-6.635549002375001e+02  2.833855392170000e+01  1.077775486825000e+02	-2.795830000000000e-05  1.143800000000000e-06  0.000000000000000e+00	1.000000000000000e+00	23	0	567
568	-1.606909784851000e+02  1.003012426513000e+02  6.580962442277000e+02	3.243900000000000e-06 6.070930000000001e-05 0.000000000000000e+00	1.000000000000000e+00	1105	0	568
571	-5.807749794922000e+02  2.552425878506000e+02 -1.159425144917000e+02	-6.226430000000001e-05  1.014847000000000e-04  0.000000000000000e+00	1.000000000000000e+00	661	0	571
572	-3.678972640238000e+02  6.910882722200000e+02  1.518683640526000e+02	 1.356908203125000e-06  0.000000000000000e+00 -1.366258007812500e-06	2.373046875000000e-01	8168	0	572
582	-4.262696713709000e+02 -6.573805120503000e+02  5.829785587824000e+02	-1.298290000000000e-05  2.358890000000000e-05  0.000000000000000e+00	1.000000000000000e+00	8190	0	582
583	-9.623683132980000e+01  9.454874113600000e+01  6.580962442277000e+02	6.045100000000000e-06 6.761060000000000e-05 0.000000000000000e+00	1.000000000000000e+00	1105	0	583
585	 4.038860853608000e+02  6.012189361693000e+02 -6.931911090094001e+02	-1.935700000000000e-06  3.352700000000000e-06 -2.031800000000000e-06	1.000000000000000e+00	0	0	585
589	 1.442079544050000e+02  6.946705012872001e+02 -1.159425144917000e+02	 3.924000000000000e-07 -7.802000000000001e-07  0.000000000000000e+00	1.000000000000000e+00	661	0	589
595	5.339527135383000e+02 4.924858692681000e+02 3.804874067123000e+02	2.654000000000000e-06 2.074900000000000e-06 0.000000000000000e+00	1.000000000000000e+00	8006	0	595
598	 9.634726114250000e+01  6.910882722200000e+02 -6.583321450715000e+02	1.663000000000000e-06 0.000000000000000e+00 2.839600000000000e-06	1.000000000000000e+00	8168	0	598
600	-3.331134374600000e+01  8.848028254580001e+01  6.580962442277000e+02	8.143600000000001e-06 7.555320000000000e-05 0.000000000000000e+00	1.000000000000000e+00	1105	0	600
602	-4.295606396356000e+02  6.910882722200000e+02  6.942122410890001e+01	 2.932490000000000e-05  0.000000000000000e+00 -1.181600000000000e-06	1.000000000000000e+00	8168	0	602
610	-5.728580766396000e+02  6.910882722200000e+02  5.490097444887000e+02	2.011630000000000e-05 0.000000000000000e+00 1.710940000000000e-05	1.000000000000000e+00	8168	0	610
611	-6.751735460019000e+02 -3.601725495549000e+02  1.077775486825000e+02	-6.742530000000001e-05  1.278400000000000e-06  0.000000000000000e+00	1.000000000000000e+00	23	0	611
615	 4.300000000000000e+02 -5.473280551918000e+02 -2.606506917860000e+02	0.000000000000000e+00 0.000000000000000e+00 0.000000000000000e+00	1.000000000000000e+00	8168	0	615
616	-3.241647581125000e+02 -2.808776002480000e+02  6.791037265850000e+02	 2.245700000000000e-06  3.889700000000000e-06 -9.961600000000000e-06	1.000000000000000e+00	491	0	616
618	2.806261706060000e+01 8.205898558240000e+01 6.580962442277000e+02	1.043680000000000e-05 8.322190000000000e-05 0.000000000000000e+00	1.000000000000000e+00	1105	0	618
620	 3.735165359771000e+02  6.538205387047000e+02 -7.080484573426000e+02	-4.128726695251465e-06  7.151170639801026e-06 -2.730214345550537e-06	7.508468627929688e-02	0	0	620
625	-6.876174915120000e+02  1.963122011635000e+02 -1.159425144917000e+02	-5.471120000000000e-05  1.429207000000000e-04  0.000000000000000e+00	1.000000000000000e+00	661	0	625
627	 5.160285126987001e+02 -6.752907893675000e+02  2.286190426598000e+02	-1.302760000000000e-05  2.627180000000000e-05  0.000000000000000e+00	1.000000000000000e+00	8168	0	627
630	-3.356106570460000e+02  6.910882722200000e+02  1.797641215483000e+02	 2.121788671875000e-06  0.000000000000000e+00 -1.587884765625000e-06	3.164062500000000e-01	8168	0	630
631	8.821975340660001e+01 7.505084918510001e+01 6.580962442277000e+02	1.344910000000000e-05 9.145030000000001e-05 0.000000000000000e+00	1.000000000000000e+00	1105	0	631
639	 1.464595799869000e+02  6.910882722200000e+02 -6.848807018293001e+02	6.866000000000000e-07 0.000000000000000e+00 1.333900000000000e-06	1.000000000000000e+00	8168	0	639
646	 3.690288320973000e+02 -3.421655342756000e+02  3.592584956082000e+02	 2.524590000000000e-05 -1.820800000000000e-06  0.000000000000000e+00	1.000000000000000e+00	8168	0	646
647	 3.775235687532000e+02 -2.129520999044000e+02  3.592584956082000e+02	 3.462800000000000e-05 -2.181300000000000e-06  0.000000000000000e+00	1.000000000000000e+00	8168	0	647
655	 1.972041019257000e+02  7.209102656225000e+02 -1.159425144917000e+02	 1.724200000000000e-06 -3.677100000000000e-06  0.000000000000000e+00	1.000000000000000e+00	661	0	655
660	-4.742332137616000e+02 -6.829570664687001e+02  5.829785587824000e+02	-1.365150000000000e-05  2.613890000000000e-05  0.000000000000000e+00	1.000000000000000e+00	8190	0	660
664	1.480316685042000e+02 6.709788323720001e+01 6.580962442277000e+02	1.637400000000000e-05 1.005453000000000e-04 0.000000000000000e+00	1.000000000000000e+00	1105	0	664
681	 3.354227492660000e+02  7.198009127411000e+02 -7.318835848452001e+02	-9.027788483619690e-07  1.563657362937927e-06 -7.365357215881347e-07	5.631351470947266e-02	0	0	681
688	-6.074814185370000e+02  6.910882722200000e+02  5.879481908875000e+02	1.781210000000000e-05 0.000000000000000e+00 1.500770000000000e-05	1.000000000000000e+00	8168	0	688
689	2.078881101245000e+02 5.790139854750000e+01 6.580962442277000e+02	1.851620000000000e-05 1.107765000000000e-04 0.000000000000000e+00	1.000000000000000e+00	1105	0	689
696	 4.690959879307000e+02 -4.796118177238000e+02 -2.650182513514000e+02	7.198242187500001e-08 1.246640625000000e-07 3.032374218750000e-06	3.164062500000000e-01	8168	0	696
703	2.683883954253000e+02 4.724279171040000e+01 6.580962442277000e+02	2.025490000000000e-05 1.223312000000000e-04 0.000000000000000e+00	1.000000000000000e+00	1105	0	703
707	 3.855863170682000e+02 -7.911644451950001e+01  3.592584956082000e+02	 4.341380000000000e-05 -2.685900000000000e-06  0.000000000000000e+00	1.000000000000000e+00	8168	0	707
708	 4.241181247561000e+02 -5.473280551918000e+02 -2.582875659838000e+02	-3.403839111328125e-10  0.000000000000000e+00  3.195604248046875e-08	1.001129150390625e-01	8168	0	708
710	3.347963200470000e+02 3.425891354410000e+01 6.580962442277000e+02	2.449930000000000e-05 1.360369000000000e-04 0.000000000000000e+00	1.000000000000000e+00	1105	0	710
712	-3.383104748827000e+02  6.910882722200000e+02  2.106002143482000e+02	 6.720468750000001e-06  0.000000000000000e+00 -2.552625000000000e-07	5.625000000000000e-01	8168	0	712
714	4.966672773837000e+02 3.715301313900000e+00 6.580962442277000e+02	7.179240000000001e-05 1.740388000000000e-04 0.000000000000000e+00	1.000000000000000e+00	1105	0	714
715	 5.678086048094000e+02 -4.628113745500000e+00  6.580962442277000e+02	7.152010000000000e-05 1.974705000000000e-04 0.000000000000000e+00	1.000000000000000e+00	1105	0	715
717	 6.189539539467000e+02 -4.761996032500000e+00  6.580962442277000e+02	7.702810000000000e-05 2.002952000000000e-04 0.000000000000000e+00	1.000000000000000e+00	1105	0	717
718	-5.292376589711000e+02  7.036242838437000e+02 -6.793251553319001e+02	5.549960000000000e-05 6.473920000000001e-05 0.000000000000000e+00	1.000000000000000e+00	8168	0	718
720	6.607203158298000e+02 2.666439204600000e+00 6.580962442277000e+02	6.300480000000000e-05 1.775936000000000e-04 0.000000000000000e+00	1.000000000000000e+00	1105	0	720
722	 1.997509659972000e+02  6.910882722200000e+02 -7.088963155726000e+02	9.600000000000000e-09 0.000000000000000e+00 3.500000000000000e-09	1.000000000000000e+00	8168	0	722
728	 4.750149981518000e+02 -6.252963190934000e+02 -3.693429632400000e+02	-1.834640000000000e-05  3.177700000000000e-05  3.048280000000000e-05	1.000000000000000e+00	8168	0	728
729	7.024542701361000e+02 2.074468461960000e+01 6.580962442277000e+02	3.081315000000000e-05 1.156644000000000e-04 0.000000000000000e+00	7.500000000000000e-01	1105	0	729
733	5.864348563120000e+02 4.346947177750000e+02 3.804874067123000e+02	1.520100000000000e-06 1.642500000000000e-06 0.000000000000000e+00	1.000000000000000e+00	8006	0	733
737	-6.469149123380000e+02  6.910882722200000e+02  6.315028044687000e+02	1.334610000000000e-05 0.000000000000000e+00 1.478030000000000e-05	1.000000000000000e+00	8168	0	737
740	-2.974134201723000e+02 -2.345429237650000e+02  7.011113268578000e+02	 1.585800000000000e-06  2.746700000000000e-06 -8.216300000000000e-06	1.000000000000000e+00	491	0	740
745	-5.803459051436000e+02  7.500000000000000e+02 -6.793251553319001e+02	1.756374000000000e-04 1.935608000000000e-04 0.000000000000000e+00	1.000000000000000e+00	8168	1	745
746	-8.308381223460000e+01  6.910882722200000e+02 -5.198907485660001e+02	1.709704000000000e-04 0.000000000000000e+00 1.414813000000000e-04	1.000000000000000e+00	8168	0	746
747	6.164902166699001e+02 4.090062382959000e+02 3.804874067123000e+02	2.552000000000000e-07 2.799000000000000e-07 0.000000000000000e+00	1.000000000000000e+00	8006	0	747
755	-2.672996891680000e+02  5.519760844069000e+02 -6.793251553319001e+02	-1.705725000000000e-05 -4.273695000000000e-05  0.000000000000000e+00	7.500000000000000e-01	8168	0	755
771	6.558323046305001e+02 3.773244140846000e+02 3.804874067123000e+02	-2.487700000000000e-06 -3.071300000000000e-06  0.000000000000000e+00	1.000000000000000e+00	8006	0	771
776	 2.558816477891000e+02  6.910882722200000e+02 -7.302420799460000e+02	-2.459000000000000e-07  0.000000000000000e+00 -6.647000000000001e-07	1.000000000000000e+00	8168	0	776
805	-1.013320858797000e+02  3.729661132433000e+02 -7.382952249499000e+02	-1.986746993436813e-05  3.441146564540863e-05 -1.663867037109375e-04	5.631351470947266e-02	8168	0	805
828	-1.383262401302000e+02  3.403479836873000e+02 -7.451661331790000e+02	-7.485642883300781e-07  0.000000000000000e+00 -1.664738620147705e-05	1.001129150390625e-01	8168	0	828
864	-2.695823327724000e+02 -1.863380663585000e+02  7.203503331139000e+02	 9.813000000000000e-07  1.699700000000000e-06 -6.061900000000000e-06	1.000000000000000e+00	491	0	864
865	 3.995718987567000e+02 -5.473280551918000e+02 -2.192930490866000e+02	-5.288625000000001e-07  0.000000000000000e+00  4.686187500000000e-07	5.625000000000000e-01	8168	0	865
909	-1.272672889664000e+02  6.910882722200000e+02  3.592584956082000e+02	0.000000000000000e+00 0.000000000000000e+00 0.000000000000000e+00	4.218750000000000e-01	8168	0	909
1000	-3.605506878141000e+02  6.910882722200000e+02  2.639303169646000e+02	1.061360000000000e-05 0.000000000000000e+00 4.985500000000000e-06	1.000000000000000e+00	8168	0	1000
1002	7.014916857817000e+02 3.402475433809000e+02 3.804874067123000e+02	-4.742800000000001e-06 -5.346700000000000e-06  0.000000000000000e+00	1.000000000000000e+00	8006	0	1002
1003	-4.476881041668000e+02  6.910882722200000e+02  3.967338586317000e+02	1.687040156250000e-05 0.000000000000000e+00 1.839438281250000e-05	4.218750000000000e-01	8168	0	1003
1011	6.940308300635000e+02 2.753426791672000e+02 1.615568127650000e+02	-1.689039843750000e-06  2.925492187500000e-06  4.227915234375000e-06	3.164062500000000e-01	8168	0	1011
1012	 3.845561765638000e+02 -5.473280551918000e+02 -1.623259564641000e+02	-2.509500000000000e-06  0.000000000000000e+00  1.350980000000000e-05	1.000000000000000e+00	8168	0	1012
1014	-3.328656559883000e+02  6.206161977424000e+02  1.518683640526000e+02	-1.116200000000000e-06 -4.193000000000000e-07  0.000000000000000e+00	1.000000000000000e+00	8168	0	1014
1015	-3.580708846215000e+02  6.863489386767001e+02  1.518683640526000e+02	-7.772000000000001e-07  1.469000000000000e-07  0.000000000000000e+00	1.000000000000000e+00	8168	0	1015
1020	-3.627666035501000e+02  6.863615335361001e+02  1.518683640526000e+02	2.017089843750000e-09 7.519710937500001e-07 0.000000000000000e+00	2.373046875000000e-01	8168	0	1020
1081	-5.241044217713001e+02 -7.085070210983000e+02  5.829785587824000e+02	-1.216230000000000e-05  2.485300000000000e-05  0.000000000000000e+00	1.000000000000000e+00	8190	0	1081
1396	-4.419168053118000e+02  6.910882722200000e+02 -3.793623652760000e+01	5.767760000000000e-05 0.000000000000000e+00 9.284660000000000e-05	1.000000000000000e+00	8168	0	1396
1705	 3.882494709374000e+02 -5.473280551918000e+02 -1.023419916177000e+02	6.300600000000000e-06 0.000000000000000e+00 2.685210000000000e-05	1.000000000000000e+00	8168	0	1705
1759	5.472396520499000e+02 7.105559206298000e+02 2.653218449990000e+02	-4.122298828125000e-06 -7.140023437500000e-06 -1.344248789062500e-05	3.164062500000000e-01	8168	0	1759
1801	-2.408098415805000e+02 -1.365026497539000e+02  7.363403950207000e+02	 3.733000000000000e-07  6.466000000000000e-07 -3.393300000000000e-06	1.000000000000000e+00	491	0	1801
3478	2.966294377173000e+02 2.764862965100000e+02 2.286190426598000e+02	-4.546050000000000e-05 -7.873980000000001e-05  0.000000000000000e+00	1.000000000000000e+00	8168	0	3478
4128	-6.641241040624001e+02 -7.115977648796000e+02 -1.159425144917000e+02	1.423100000000000e-06 2.949600000000000e-06 0.000000000000000e+00	1.000000000000000e+00	661	0	4128
4213	-3.231394633345000e+02  6.910882722200000e+02 -2.755995708780000e+02	9.766710000000001e-05 0.000000000000000e+00 7.900900000000001e-06	1.000000000000000e+00	8168	0	4213
4214	4.324715648328000e+02 7.348736202723001e+02 2.286190426598000e+02	 4.463550000000001e-06 -3.923700000000000e-06  0.000000000000000e+00	7.500000000000000e-01	8168	0	4214
4220	 4.300000000000000e+02 -5.473280551918000e+02  8.956488194300000e+00	0.000000000000000e+00 0.000000000000000e+00 0.000000000000000e+00	5.625000000000000e-01	8168	0	4220
4225	-2.326193932732000e+02  6.910882722200000e+02 -4.002319935582000e+02	9.531233135311605e-05 0.000000000000000e+00 9.042424366092682e-05	4.223513603210449e-02	8168	0	4225
4234	5.654983463182000e+02 7.421809067823000e+02 3.230297420987000e+02	-7.775250000000000e-07 -1.346775000000000e-06 -9.356775000000000e-06	7.500000000000000e-01	8168	0	4234
4235	5.228873041685000e+02 6.715312943537000e+02 2.286190426598000e+02	3.839431640625000e-06 3.318405468750000e-06 0.000000000000000e+00	3.164062500000000e-01	8168	0	4235
4236	5.421312408424001e+02 3.896664223511000e+02 2.286190426598000e+02	 4.424710000000000e-05 -2.738620000000000e-05  0.000000000000000e+00	1.000000000000000e+00	8168	0	4236
4240	5.278165988753000e+02 5.399874669905000e+02 2.286190426598000e+02	2.250900000000000e-06 2.180000000000000e-08 0.000000000000000e+00	1.000000000000000e+00	8168	0	4240
4244	4.884031905039000e+02 3.542227499867000e+02 2.286190426598000e+02	 3.287530000000000e-05 -5.443570000000000e-05  0.000000000000000e+00	1.000000000000000e+00	8168	0	4244
4245	3.661429635302000e+02 2.914349215419000e+02 2.286190426598000e+02	-3.992300000000000e-06 -8.016140000000001e-05  0.000000000000000e+00	1.000000000000000e+00	8168	0	4245
4250	4.001954996280000e+02 2.101011574830000e+01 6.580962442277000e+02	5.300990000000000e-05 1.466179000000000e-04 0.000000000000000e+00	1.000000000000000e+00	1105	0	4250
4258	-2.623748697121000e+02  6.910882722200000e+02 -3.659222697049000e+02	 5.215400000000000e-05  0.000000000000000e+00 -9.192400000000000e-06	1.000000000000000e+00	8168	0	4258
4264	4.016091713407000e+02 3.085871778979000e+02 3.592584956082000e+02	5.528984062500000e-05 1.430716289062500e-05 0.000000000000000e+00	3.164062500000000e-01	8168	0	4264
4270	 4.278301690699000e+02 -5.435697977770001e+02  1.581011114450000e+01	 7.480982812500000e-06 -1.295745292968750e-05 -1.844766298828125e-05	2.373046875000000e-01	8168	0	4270
4273	-3.773743471928000e+02  6.910882722200000e+02 -1.874595885214000e+02	-5.121900000000000e-06  0.000000000000000e+00  1.810966000000000e-04	1.000000000000000e+00	8168	0	4273
4275	4.345479983246000e+02 3.237470321276000e+02 2.286190426598000e+02	 4.133390000000000e-05 -8.328320000000001e-05  0.000000000000000e+00	1.000000000000000e+00	8168	0	4275
4276	 3.884460039735000e+02 -6.193016875672000e+02  1.719783753150000e+01	 2.893232000000000e-04  5.011226000000000e-04 -3.304230000000000e-05	1.000000000000000e+00	8168	0	4276
4287	-5.791218481411000e+02 -7.309325815716001e+02  5.829785587824000e+02	-2.789600000000000e-06  7.283200000000000e-06  0.000000000000000e+00	1.000000000000000e+00	8190	0	4287
4288	3.759088373136000e+02 4.138022446044000e+02 3.592584956082000e+02	4.328480026337450e-05 7.497147522633747e-05 0.000000000000000e+00	2.106995884773663e-02	8168	0	4288
4292	5.239579486251000e+02 5.999384528079000e+02 2.286190426598000e+02	-3.291700000000000e-06 -1.900000000000000e-09  0.000000000000000e+00	1.000000000000000e+00	8168	0	4292
4296	5.841334823939001e+02 3.711318303824000e+02 2.286190426598000e+02	1.938895312500000e-06 4.401042187500000e-06 0.000000000000000e+00	4.218750000000000e-01	8168	0	4296
4297	5.299790658430001e+02 4.796384076161000e+02 2.286190426598000e+02	2.071350000000000e-05 1.173100000000000e-06 0.000000000000000e+00	1.000000000000000e+00	8168	0	4297
4303	3.760773606585000e+02 4.140941355999000e+02 3.628538685848000e+02	 5.255188242187500e-05  9.102255556640626e-05 -1.415733662109375e-05	2.373046875000000e-01	8168	0	4303
4307	-1.405118172958000e+02  4.408273986831000e+02 -7.060711463464000e+02	-2.610871741790772e-05  4.522162442321778e-05  2.924478451538086e-06	1.001129150390625e-01	8168	0	4307
4309	 4.448253625294000e+02 -5.301717529162000e+02  2.286190426598000e+02	-1.318810000000000e-05 -8.460000000000000e-07  0.000000000000000e+00	1.000000000000000e+00	8168	0	4309
4310	7.253928752316000e+02 2.210220235066000e+02 1.205831465179000e+02	 1.629397009162903e-05 -2.822198342170716e-05 -2.020308158798218e-05	7.508468627929688e-02	8168	0	4310
4312	6.482356125396000e+02 3.546623226621000e+02 2.286190426598000e+02	 9.844347656250001e-07 -1.705105371093750e-06  2.689018066406250e-06	2.373046875000000e-01	8168	0	4312
4315	6.385345807108000e+02 3.527678800698000e+02 2.286190426598000e+02	-1.627700000000000e-06 -6.686000000000000e-07  0.000000000000000e+00	1.000000000000000e+00	8168	0	4315
4317	6.045649536362000e+02 6.927041138809001e+02 1.469693845670000e+01	 1.944500000000000e-06 -5.989000000000000e-07  0.000000000000000e+00	1.000000000000000e+00	5009	0	4317
4318	 4.319294329198000e+02 -5.506699310386000e+02  7.470244000230001e+01	-2.310280000000000e-05  4.001520000000000e-05 -2.139930000000000e-04	1.000000000000000e+00	8168	0	4318
4319	 5.401786095190000e+02 -7.381630047860000e+02 -6.303574254728001e+02	 8.308940000000000e-05 -1.439150000000000e-04 -4.927239000000000e-04	1.000000000000000e+00	8168	0	4319
4320	-2.150910583036000e+02  5.108842488259000e+02 -6.793251553319001e+02	-2.422254700000000e-03 -4.955761400000001e-03  0.000000000000000e+00	1.000000000000000e+00	8168	0	4320
4321	-1.467939257545000e+02  6.910882722200000e+02 -4.553173491410000e+02	-3.429073575000000e-03  0.000000000000000e+00 -2.864940525000000e-03	7.500000000000000e-01	8168	0	4321
4322	-7.052310259060000e+02  6.910882722200000e+02  6.947589547367000e+02	-2.715974000000000e-04  0.000000000000000e+00  3.184916000000000e-04	1.000000000000000e+00	8168	0	4322
4323	-6.914796330581000e+02  7.963943754470000e+01  6.580962442277000e+02	-5.317527000000000e-04 -1.437937000000000e-04  0.000000000000000e+00	1.000000000000000e+00	1105	0	4323
0	 5.000000000000000e-01 -8.660254037844386e-01  0.000000000000000e+00	8.660254037844385e-01 5.000000000000000e-01 0.000000000000000e+00	5.632499999999998e+02 3.251925391210567e+02 0.000000000000000e+00	1	0	0.000000000000000e+00	0.000000000000000e+00	0.000000000000000e+00	9.294257366678012e+04
1	5.000000000000000e-01 8.660254037844386e-01 0.000000000000000e+00	0.000000000000000e+00 0.000000000000000e+00 1.000000000000000e+00	0.000000000000000e+00 0.000000000000000e+00 2.286190426597633e+02	1	0	0.000000000000000e+00	0.000000000000000e+00	0.000000000000000e+00	3.550740318322587e+05
3	-5.000000000000000e-01 -8.660254037844386e-01  0.000000000000000e+00	0.000000000000000e+00 0.000000000000000e+00 1.000000000000000e+00	0.000000000000000e+00 0.000000000000000e+00 6.580962442277471e+02	1	0	0.000000000000000e+00	0.000000000000000e+00	0.000000000000000e+00	1.210736514974700e+06
4	-1.000000000000000e+00  0.000000000000000e+00  0.000000000000000e+00	0.000000000000000e+00 0.000000000000000e+00 1.000000000000000e+00	-0.000000000000000e+00 -0.000000000000000e+00 -1.159425144917371e+02	1	0	0.000000000000000e+00	0.000000000000000e+00	0.000000000000000e+00	1.948857164338525e+06
7	-5.000000000000000e-01 -8.660254037844386e-01  0.000000000000000e+00	0.000000000000000e+00 0.000000000000000e+00 1.000000000000000e+00	-0.000000000000000e+00 -0.000000000000000e+00 -1.894272067752324e+02	1	0	0.000000000000000e+00	0.000000000000000e+00	0.000000000000000e+00	1.360980601806393e+06
9	-5.000000000000000e-01 -8.660254037844386e-01  0.000000000000000e+00	 8.660254037844385e-01 -5.000000000000000e-01  0.000000000000000e+00	-1.215000000000000e+02  7.014805770653952e+01 -0.000000000000000e+00	1	0	0.000000000000000e+00	0.000000000000000e+00	0.000000000000000e+00	2.457010322369674e+06
10	-5.000000000000000e-01  8.660254037844386e-01  0.000000000000000e+00	8.660254037844385e-01 5.000000000000000e-01 0.000000000000000e+00	-1.409999999999999e+02 -8.140638795573722e+01 -0.000000000000000e+00	1	0	0.000000000000000e+00	0.000000000000000e+00	0.000000000000000e+00	2.348042969240279e+03
12	1.000000000000000e+00 0.000000000000000e+00 0.000000000000000e+00	 0.000000000000000e+00 -1.000000000000000e+00  0.000000000000000e+00	0.000000000000000e+00 2.381569860407206e+02 0.000000000000000e+00	1	0	0.000000000000000e+00	0.000000000000000e+00	0.000000000000000e+00	2.250000000000000e+06
13	 5.000000000000000e-01 -8.660254037844386e-01  0.000000000000000e+00	0.000000000000000e+00 0.000000000000000e+00 1.000000000000000e+00	0.000000000000000e+00 0.000000000000000e+00 1.518683640525570e+02	1	0	0.000000000000000e+00	0.000000000000000e+00	0.000000000000000e+00	1.230777092792771e+06
15	5.000000000000000e-01 8.660254037844386e-01 0.000000000000000e+00	 8.660254037844385e-01 -5.000000000000000e-01  0.000000000000000e+00	 5.594999999999998e+02 -3.230274756115955e+02  0.000000000000000e+00	1	0	0.000000000000000e+00	0.000000000000000e+00	0.000000000000000e+00	4.857093882810215e+05
18	-5.000000000000000e-01 -8.660254037844386e-01  0.000000000000000e+00	0.000000000000000e+00 0.000000000000000e+00 1.000000000000000e+00	0.000000000000000e+00 0.000000000000000e+00 1.469693845669907e+01	1	0	0.000000000000000e+00	0.000000000000000e+00	0.000000000000000e+00	3.160243605279122e+05
21	-5.000000000000000e-01 -8.660254037844386e-01  0.000000000000000e+00	0.000000000000000e+00 0.000000000000000e+00 1.000000000000000e+00	0.000000000000000e+00 0.000000000000000e+00 3.592584956081994e+02	1	0	0.000000000000000e+00	0.000000000000000e+00	0.000000000000000e+00	1.353232782214891e+03
22	-5.000000000000000e-01 -8.660254037844386e-01  0.000000000000000e+00	 8.660254037844385e-01 -5.000000000000000e-01  0.000000000000000e+00	 1.027500000000000e+02 -5.932274015923404e+01  0.000000000000000e+00	1	0	0.000000000000000e+00	0.000000000000000e+00	0.000000000000000e+00	1.180891093169958e+06
24	5.000000000000000e-01 8.660254037844386e-01 0.000000000000000e+00	 8.660254037844385e-01 -5.000000000000000e-01  0.000000000000000e+00	 7.694999999999998e+02 -4.442710321414170e+02  0.000000000000000e+00	1	0	0.000000000000000e+00	0.000000000000000e+00	0.000000000000000e+00	2.358433733620732e+05
25	-5.000000000000000e-01  8.660254037844386e-01  0.000000000000000e+00	8.660254037844385e-01 5.000000000000000e-01 0.000000000000000e+00	-8.017499999999998e+02 -4.628905783227824e+02 -0.000000000000000e+00	1	0	0.000000000000000e+00	0.000000000000000e+00	0.000000000000000e+00	1.974568915210525e+05
26	1.000000000000000e+00 0.000000000000000e+00 0.000000000000000e+00	0.000000000000000e+00 0.000000000000000e+00 1.000000000000000e+00	0.000000000000000e+00 0.000000000000000e+00 5.829785587823964e+02	1	0	0.000000000000000e+00	0.000000000000000e+00	0.000000000000000e+00	5.170499010089774e+05
27	 5.000000000000000e-01 -8.660254037844386e-01  0.000000000000000e+00	0.000000000000000e+00 0.000000000000000e+00 1.000000000000000e+00	0.000000000000000e+00 0.000000000000000e+00 6.580962442277471e+02	1	0	0.000000000000000e+00	0.000000000000000e+00	0.000000000000000e+00	1.428858583610189e+04
28	1.000000000000000e+00 0.000000000000000e+00 0.000000000000000e+00	0.000000000000000e+00 0.000000000000000e+00 1.000000000000000e+00	0.000000000000000e+00 0.000000000000000e+00 2.286190426597633e+02	1	0	0.000000000000000e+00	0.000000000000000e+00	0.000000000000000e+00	3.923462286128849e+04
29	1.000000000000000e+00 0.000000000000000e+00 0.000000000000000e+00	 0.000000000000000e+00 -1.000000000000000e+00  0.000000000000000e+00	0.000000000000000e+00 5.715767664977295e+01 0.000000000000000e+00	1	0	0.000000000000000e+00	0.000000000000000e+00	0.000000000000000e+00	2.112144366341550e+06
43	5.000000000000000e-01 8.660254037844386e-01 0.000000000000000e+00	 0.000000000000000e+00  0.000000000000000e+00 -1.000000000000000e+00	-0.000000000000000e+00 -0.000000000000000e+00 -1.159425144917371e+02	1	0	0.000000000000000e+00	0.000000000000000e+00	0.000000000000000e+00	2.070389444057927e+03
55	-1.000000000000000e+00  0.000000000000000e+00  0.000000000000000e+00	0.000000000000000e+00 0.000000000000000e+00 1.000000000000000e+00	-0.000000000000000e+00 -0.000000000000000e+00 -4.262112152442729e+02	1	0	0.000000000000000e+00	0.000000000000000e+00	0.000000000000000e+00	5.554836720079726e+04
66	-5.000000000000000e-01 -8.660254037844386e-01  0.000000000000000e+00	0.000000000000000e+00 0.000000000000000e+00 1.000000000000000e+00	0.000000000000000e+00 0.000000000000000e+00 1.077775486824598e+02	1	0	0.000000000000000e+00	0.000000000000000e+00	0.000000000000000e+00	2.116277060742910e+06
76	-1.000000000000000e+00  0.000000000000000e+00  0.000000000000000e+00	0.000000000000000e+00 0.000000000000000e+00 1.000000000000000e+00	0.000000000000000e+00 0.000000000000000e+00 2.286190426597633e+02	1	0	0.000000000000000e+00	0.000000000000000e+00	0.000000000000000e+00	1.020041067204650e+03
106	-1.000000000000000e+00  0.000000000000000e+00  0.000000000000000e+00	 0.000000000000000e+00 -1.000000000000000e+00  0.000000000000000e+00	-0.000000000000000e+00 -5.473280551917652e+02 -0.000000000000000e+00	1	0	0.000000000000000e+00	0.000000000000000e+00	0.000000000000000e+00	7.814512977296191e+03
107	 5.000000000000000e-01 -8.660254037844386e-01  0.000000000000000e+00	0.000000000000000e+00 0.000000000000000e+00 1.000000000000000e+00	0.000000000000000e+00 0.000000000000000e+00 3.804874067123203e+02	1	0	0.000000000000000e+00	0.000000000000000e+00	0.000000000000000e+00	2.155989545671685e+06
108	5.000000000000000e-01 8.660254037844386e-01 0.000000000000000e+00	0.000000000000000e+00 0.000000000000000e+00 1.000000000000000e+00	-0.000000000000000e+00 -0.000000000000000e+00 -4.164132562731402e+02	1	0	0.000000000000000e+00	0.000000000000000e+00	0.000000000000000e+00	1.972027192494206e+06
113	 5.000000000000000e-01 -8.660254037844386e-01  0.000000000000000e+00	0.000000000000000e+00 0.000000000000000e+00 1.000000000000000e+00	-0.000000000000000e+00 -0.000000000000000e+00 -6.793251553318680e+02	1	0	0.000000000000000e+00	0.000000000000000e+00	0.000000000000000e+00	1.258424515574591e+06
208	1.000000000000000e+00 0.000000000000000e+00 0.000000000000000e+00	 0.000000000000000e+00 -1.000000000000000e+00  0.000000000000000e+00	0.000000000000000e+00 3.403479836872843e+02 0.000000000000000e+00	1	0	0.000000000000000e+00	0.000000000000000e+00	0.000000000000000e+00	2.501540362706917e+04
243	 5.000000000000000e-01 -8.660254037844386e-01  0.000000000000000e+00	0.000000000000000e+00 0.000000000000000e+00 1.000000000000000e+00	0.000000000000000e+00 0.000000000000000e+00 3.592584956081994e+02	1	0	0.000000000000000e+00	0.000000000000000e+00	0.000000000000000e+00	0.000000000000000e+00
246	1.000000000000000e+00 0.000000000000000e+00 0.000000000000000e+00	0.000000000000000e+00 0.000000000000000e+00 1.000000000000000e+00	0.000000000000000e+00 0.000000000000000e+00 3.592584956081994e+02	1	0	0.000000000000000e+00	0.000000000000000e+00	0.000000000000000e+00	0.000000000000000e+00
248	1.000000000000000e+00 0.000000000000000e+00 0.000000000000000e+00	0.000000000000000e+00 0.000000000000000e+00 1.000000000000000e+00	0.000000000000000e+00 0.000000000000000e+00 3.592584956081994e+02	1	0	0.000000000000000e+00	0.000000000000000e+00	0.000000000000000e+00	0.000000000000000e+00
297	-1.000000000000000e+00  0.000000000000000e+00  0.000000000000000e+00	0.000000000000000e+00 1.000000000000000e+00 0.000000000000000e+00	0.000000000000000e+00 6.910882722199819e+02 0.000000000000000e+00	1	0	0.000000000000000e+00	0.000000000000000e+00	0.000000000000000e+00	0.000000000000000e+00
319	5.000000000000000e-01 8.660254037844386e-01 0.000000000000000e+00	0.000000000000000e+00 0.000000000000000e+00 1.000000000000000e+00	0.000000000000000e+00 0.000000000000000e+00 3.592584956081994e+02	1	0	0.000000000000000e+00	0.000000000000000e+00	0.000000000000000e+00	1.353232782214895e+03
320	-1.000000000000000e+00  0.000000000000000e+00  0.000000000000000e+00	 0.000000000000000e+00 -1.000000000000000e+00  0.000000000000000e+00	0.000000000000000e+00 6.910882722199819e+02 0.000000000000000e+00	1	0	0.000000000000000e+00	0.000000000000000e+00	0.000000000000000e+00	1.635885409217840e+06
321	-5.000000000000000e-01 -8.660254037844386e-01  0.000000000000000e+00	0.000000000000000e+00 0.000000000000000e+00 1.000000000000000e+00	0.000000000000000e+00 0.000000000000000e+00 3.592584956081994e+02	1	0	0.000000000000000e+00	0.000000000000000e+00	0.000000000000000e+00	5.297520106872837e+05
323	-5.000000000000000e-01 -8.660254037844386e-01  0.000000000000000e+00	 0.000000000000000e+00  0.000000000000000e+00 -1.000000000000000e+00	0.000000000000000e+00 0.000000000000000e+00 1.518683640525570e+02	1	0	0.000000000000000e+00	0.000000000000000e+00	0.000000000000000e+00	3.841090837096995e+01
324	1.000000000000000e+00 0.000000000000000e+00 0.000000000000000e+00	 0.000000000000000e+00  0.000000000000000e+00 -1.000000000000000e+00	0.000000000000000e+00 0.000000000000000e+00 1.518683640525570e+02	1	0	0.000000000000000e+00	0.000000000000000e+00	0.000000000000000e+00	3.841090837096995e+01
325	-1.000000000000000e+00  0.000000000000000e+00  0.000000000000000e+00	 0.000000000000000e+00  0.000000000000000e+00 -1.000000000000000e+00	0.000000000000000e+00 0.000000000000000e+00 1.518683640525570e+02	1	0	0.000000000000000e+00	0.000000000000000e+00	0.000000000000000e+00	3.841090837096995e+01
327	1.000000000000000e+00 0.000000000000000e+00 0.000000000000000e+00	0.000000000000000e+00 0.000000000000000e+00 1.000000000000000e+00	0.000000000000000e+00 0.000000000000000e+00 1.518683640525570e+02	1	0	0.000000000000000e+00	0.000000000000000e+00	0.000000000000000e+00	1.106540818061975e+01
337	 5.000000000000000e-01 -8.660254037844386e-01  0.000000000000000e+00	8.660254037844385e-01 5.000000000000000e-01 0.000000000000000e+00	8.549999999999997e+01 4.936344801571300e+01 0.000000000000000e+00	1	0	0.000000000000000e+00	0.000000000000000e+00	0.000000000000000e+00	2.463220292108224e+05
340	-5.000000000000000e-01 -8.660254037844386e-01  0.000000000000000e+00	0.000000000000000e+00 0.000000000000000e+00 1.000000000000000e+00	0.000000000000000e+00 0.000000000000000e+00 9.471360338761622e+01	1	0	0.000000000000000e+00	0.000000000000000e+00	0.000000000000000e+00	3.982243132132650e+05
2428	-5.000000000000000e-01  8.660254037844386e-01  0.000000000000000e+00	8.660254037844385e-01 5.000000000000000e-01 0.000000000000000e+00	6.397499999999998e+02 3.693598347140630e+02 0.000000000000000e+00	1	0	0.000000000000000e+00	0.000000000000000e+00	0.000000000000000e+00	3.586407222644291e+05
2429	 5.000000000000000e-01 -8.660254037844386e-01  0.000000000000000e+00	 0.000000000000000e+00  0.000000000000000e+00 -1.000000000000000e+00	0.000000000000000e+00 0.000000000000000e+00 2.286190426597633e+02	1	0	0.000000000000000e+00	0.000000000000000e+00	0.000000000000000e+00	3.437916221591184e+04
2432	5.000000000000000e-01 8.660254037844386e-01 0.000000000000000e+00	0.000000000000000e+00 0.000000000000000e+00 1.000000000000000e+00	0.000000000000000e+00 0.000000000000000e+00 2.286190426597633e+02	1	0	0.000000000000000e+00	0.000000000000000e+00	0.000000000000000e+00	2.751018317770097e+03
0	0	1	1
0	246	0	0
0	1	2	1
0	2	681	0
0	112	246	0
0	247	112	0
0	201	143	0
0	143	247	0
0	436	201	0
0	488	436	0
0	535	488	0
0	585	535	0
0	620	585	0
0	681	620	0
1	4	5	1
1	63	4	1
1	5	6	1
1	6	4312	0
1	292	63	0
1	164	113	0
1	113	328	0
1	144	364	0
1	365	144	0
1	505	164	0
1	328	248	0
1	248	365	0
1	367	249	0
1	249	505	0
1	4309	292	0
1	364	4309	0
1	4315	367	0
1	4312	4315	0
3	10	11	1
3	479	10	0
3	11	12	1
3	12	13	1
3	13	479	0
4	15	16	1
4	104	15	1
4	16	17	1
4	17	655	0
4	101	104	0
4	150	101	1
4	571	116	0
4	116	625	0
4	625	150	0
4	374	151	0
4	151	375	0
4	297	209	0
4	209	374	0
4	255	333	0
4	375	255	0
4	465	297	0
4	333	571	0
4	512	465	0
4	589	512	0
4	655	589	0
7	27	28	1
7	301	27	0
7	28	29	1
7	29	30	1
7	30	302	0
7	119	338	0
7	339	119	0
7	155	382	0
7	383	155	0
7	384	156	0
7	156	385	0
7	213	301	0
7	382	213	0
7	302	214	0
7	214	384	0
7	338	260	0
7	260	383	0
7	261	339	0
7	385	261	0
9	36	37	1
9	159	36	1
9	37	38	1
9	38	39	1
9	39	1801	0
9	491	122	0
9	122	507	0
9	521	159	0
9	216	160	0
9	160	497	0
9	455	216	0
9	507	262	0
9	262	521	0
9	263	491	0
9	497	263	0
9	529	455	0
9	616	529	0
9	740	616	0
9	864	740	0
9	1801	864	0
10	41	42	1
10	161	41	1
10	42	162	0
10	123	161	0
10	162	123	0
12	47	48	1
12	50	47	1
12	48	49	1
12	49	50	1
13	52	53	1
13	305	52	0
13	53	54	1
13	54	55	1
13	55	306	0
13	126	342	0
13	343	126	0
13	167	390	0
13	391	167	0
13	392	168	0
13	168	393	0
13	221	305	0
13	390	221	0
13	222	392	0
13	1014	222	0
13	342	268	0
13	268	391	0
13	269	343	0
13	393	269	0
13	306	572	0
13	572	1015	0
13	1015	1014	0
15	59	60	1
15	496	59	0
15	60	61	1
15	61	62	1
15	62	226	0
15	273	128	0
15	128	499	0
15	226	172	0
15	172	273	0
15	4276	496	0
15	499	696	0
15	696	615	0
15	615	4220	0
15	4220	4276	0
18	71	72	1
18	313	71	0
18	72	73	1
18	73	74	1
18	74	4317	0
18	527	131	0
18	131	553	0
18	177	483	0
18	495	177	0
18	231	313	0
18	406	231	0
18	350	278	0
18	278	407	0
18	279	351	0
18	409	279	0
18	314	408	0
18	4317	314	0
18	553	350	0
18	351	527	0
18	483	406	0
18	407	495	0
18	408	409	0
21	352	416	0
21	909	352	0
21	416	444	0
21	444	909	0
22	87	88	1
22	319	87	0
22	88	89	1
22	89	90	1
22	90	531	0
22	137	439	0
22	440	137	0
22	185	441	0
22	442	185	0
22	237	445	0
22	446	237	0
22	447	238	0
22	238	448	0
22	449	286	0
22	286	450	0
22	287	451	0
22	452	287	0
22	445	319	0
22	438	320	0
22	320	447	0
22	439	358	0
22	358	449	0
22	359	440	0
22	451	359	0
22	441	418	0
22	418	446	0
22	419	442	0
22	450	419	0
22	531	438	0
22	444	4234	0
22	4288	444	0
22	448	4303	0
22	3478	452	0
22	1759	487	0
22	487	3478	0
22	4234	1759	0
22	4303	4288	0
24	97	98	1
24	189	97	0
24	98	99	1
24	99	100	1
24	100	190	0
24	139	189	0
24	190	139	0
25	101	102	1
25	104	101	0
25	102	103	1
25	103	104	1
26	105	106	1
26	4287	105	0
26	106	107	1
26	107	428	0
26	141	362	0
26	363	141	0
26	191	426	0
26	427	191	0
26	428	192	0
26	192	429	0
26	241	323	0
26	426	241	0
26	362	290	0
26	290	427	0
26	291	363	0
26	429	291	0
26	323	486	0
26	486	582	0
26	582	660	0
26	660	1081	0
26	1081	4287	0
27	10	479	0
27	4323	10	0
27	479	729	0
27	501	484	0
27	484	4323	0
27	503	501	0
27	519	503	0
27	537	519	0
27	545	537	0
27	568	545	0
27	583	568	0
27	600	583	0
27	618	600	0
27	631	618	0
27	664	631	0
27	689	664	0
27	703	689	0
27	710	703	0
27	4250	710	0
27	715	714	0
27	714	4250	0
27	717	715	0
27	720	717	0
27	729	720	0
28	6	4214	0
28	4312	6	0
28	487	3478	0
28	4235	487	0
28	3478	4236	0
28	4214	4235	0
28	4236	4296	0
28	4296	4315	0
28	4315	4312	0
29	10	44	1
29	479	10	0
29	45	13	1
29	13	479	0
29	44	45	1
43	101	104	0
43	560	101	0
43	104	4128	0
43	540	560	0
43	4128	540	0
55	7	8	1
55	204	7	0
55	8	205	1
55	114	250	0
55	251	114	0
55	146	204	0
55	250	146	0
55	205	147	0
55	147	251	0
66	23	24	1
66	378	23	0
66	24	25	1
66	25	26	1
66	26	300	0
66	118	547	0
66	566	118	0
66	153	378	0
66	379	153	0
66	380	154	0
66	154	381	0
66	300	212	0
66	212	380	0
66	258	379	0
66	611	258	0
66	538	259	0
66	259	567	0
66	547	336	0
66	336	611	0
66	337	566	0
66	567	337	0
66	381	538	0
76	292	63	0
76	63	627	0
76	627	292	0
106	708	615	0
106	615	4220	0
106	865	708	0
106	1012	865	0
106	1705	1012	0
106	4220	1705	0
107	92	93	1
107	187	92	1
107	93	94	1
107	94	95	1
107	95	1002	0
107	424	187	0
107	322	424	0
107	490	322	0
107	595	490	0
107	733	595	0
107	747	733	0
107	771	747	0
107	1002	771	0
108	18	19	1
108	298	18	0
108	19	20	1
108	20	21	1
108	21	22	1
108	22	108	0
108	108	243	0
108	117	334	0
108	335	117	0
108	152	376	0
108	377	152	0
108	430	193	0
108	193	431	0
108	210	298	0
108	376	210	0
108	243	430	0
108	334	256	0
108	256	377	0
108	257	335	0
108	431	257	0
113	67	68	1
113	745	67	1
113	68	277	1
113	130	403	0
113	755	130	0
113	402	229	0
113	229	718	0
113	277	349	0
113	349	4320	0
113	403	402	0
113	718	745	0
113	4320	755	0
208	56	57	1
208	307	56	0
208	57	66	1
208	66	828	0
208	127	344	0
208	828	127	0
208	169	394	0
208	395	169	0
208	223	307	0
208	394	223	0
208	344	270	0
208	270	395	0
243	416	352	0
243	352	909	0
243	909	416	0
246	352	416	0
246	909	352	0
246	416	909	0
248	416	352	0
248	352	909	0
248	909	416	0
297	416	352	0
297	352	909	0
297	909	416	0
319	416	444	0
319	909	416	0
319	444	909	0
320	75	76	1
320	776	75	0
320	76	77	1
320	77	78	1
320	78	4322	0
320	108	194	0
320	432	108	0
320	132	179	0
320	746	132	0
320	133	306	0
320	630	133	0
320	179	523	0
320	194	4321	0
320	1396	195	0
320	195	4273	0
320	315	233	0
320	233	1003	0
320	572	281	0
320	281	602	0
320	306	572	0
320	530	315	0
320	352	1000	0
320	1003	352	0
320	4225	432	0
320	602	433	0
320	433	1396	0
320	523	598	0
320	610	530	0
320	598	639	0
320	688	610	0
320	712	630	0
320	639	722	0
320	737	688	0
320	1000	712	0
320	722	776	0
320	4322	737	0
320	4321	746	0
320	4213	4258	0
320	4273	4213	0
320	4258	4225	0
321	83	84	1
321	453	83	0
321	84	85	1
321	85	444	1
321	136	460	0
321	4264	136	0
321	183	646	0
321	647	183	0
321	235	459	0
321	471	235	0
321	356	284	0
321	284	707	0
321	317	453	0
321	459	317	0
321	460	356	0
321	414	471	0
321	646	414	0
321	415	647	0
321	707	415	0
321	444	4288	0
321	4288	4264	0
323	572	306	0
323	306	1015	0
323	1015	572	0
324	572	306	0
324	306	1015	0
324	1015	572	0
325	572	306	0
325	306	1015	0
325	1015	572	0
327	1015	572	0
327	572	1020	0
327	1020	1015	0
337	63	65	1
337	292	63	0
337	65	66	1
337	66	805	0
337	174	401	0
337	728	174	0
337	228	400	0
337	4319	228	0
337	274	292	0
337	4318	274	0
337	349	277	0
337	277	4319	0
337	4307	349	0
337	400	728	0
337	401	615	0
337	615	4220	0
337	805	4307	0
337	4220	4270	0
337	4270	4318	0
340	80	34	1
340	34	434	0
340	79	80	1
340	494	79	0
340	134	354	0
340	355	134	0
340	181	412	0
340	413	181	0
340	198	388	0
340	434	198	0
340	234	316	0
340	412	234	0
340	354	282	0
340	282	413	0
340	283	355	0
340	388	283	0
340	316	494	0
2428	6	32	1
2428	4312	6	0
2428	32	33	1
2428	33	34	1
2428	34	4310	0
2428	4310	1011	0
2428	1011	4312	0
2429	3478	487	0
2429	487	4235	0
2429	4236	3478	0
2429	4235	4292	0
2429	4297	4236	0
2429	4292	4240	0
2429	4240	4297	0
2432	4236	3478	0
2432	3478	4245	0
2432	4244	4236	0
2432	4275	4244	0
2432	4245	4275	0
