455
44
520
0	 7.500000000000000e+02  1.732050807600000e+00 -5.811819513976001e+02	 1.033000000000000e-07 -1.789000000000000e-07 -3.367600000000000e-06	1.000000000000000e+00	0	1	0
1	 7.500000000000000e+02  1.732050807600000e+00 -7.500000000000000e+02	0.000000000000000e+00 0.000000000000000e+00 0.000000000000000e+00	1.000000000000000e+00	0	1	1
2	 3.179872981078000e+02  7.500000000000000e+02 -7.500000000000000e+02	-2.583128320000000e-02  4.474109490000000e-02  0.000000000000000e+00	1.000000000000000e+00	0	1	2
4	 7.500000000000000e+02 -7.500000000000000e+02  2.286190426598000e+02	0.000000000000000e+00 0.000000000000000e+00 0.000000000000000e+00	1.000000000000000e+00	8039	1	4
5	7.500000000000000e+02 7.500000000000000e+02 2.286190426598000e+02	0.000000000000000e+00 0.000000000000000e+00 0.000000000000000e+00	1.000000000000000e+00	8039	1	5
6	4.199872981078000e+02 7.500000000000000e+02 2.286190426598000e+02	0.000000000000000e+00 0.000000000000000e+00 0.000000000000000e+00	7.500000000000000e-01	8039	1	6
7	 7.500000000000000e+02  6.207998264646001e+02 -4.262112152443000e+02	5.550000000000000e-08 3.881000000000000e-07 0.000000000000000e+00	1.000000000000000e+00	646	1	7
8	 7.500000000000000e+02  7.500000000000000e+02 -4.262112152443000e+02	0.000000000000000e+00 0.000000000000000e+00 0.000000000000000e+00	1.000000000000000e+00	646	1	8
10	-7.500000000000000e+02  5.715767664980000e+01  6.580962442277000e+02	0.000000000000000e+00 0.000000000000000e+00 0.000000000000000e+00	1.000000000000000e+00	1105	1	10
11	-7.500000000000000e+02 -7.500000000000000e+02  6.580962442277000e+02	0.000000000000000e+00 0.000000000000000e+00 0.000000000000000e+00	1.000000000000000e+00	1105	1	11
12	 7.500000000000000e+02 -7.500000000000000e+02  6.580962442277000e+02	0.000000000000000e+00 0.000000000000000e+00 0.000000000000000e+00	1.000000000000000e+00	1105	1	12
13	7.500000000000000e+02 5.715767664980000e+01 6.580962442277000e+02	0.000000000000000e+00 0.000000000000000e+00 0.000000000000000e+00	4.218750000000000e-01	1105	1	13
15	 7.500000000000000e+02 -7.500000000000000e+02 -1.159425144917000e+02	0.000000000000000e+00 0.000000000000000e+00 0.000000000000000e+00	1.000000000000000e+00	661	1	15
16	 7.500000000000000e+02  7.500000000000000e+02 -1.159425144917000e+02	0.000000000000000e+00 0.000000000000000e+00 0.000000000000000e+00	1.000000000000000e+00	661	1	16
17	 2.513617348763000e+02  7.500000000000000e+02 -1.159425144917000e+02	 1.028600000000000e-05 -2.298180000000000e-05  0.000000000000000e+00	1.000000000000000e+00	661	1	17
18	-7.500000000000000e+02 -9.501010197360000e+01 -4.164132562731000e+02	 7.502000000000000e-07 -6.201000000000000e-07  0.000000000000000e+00	1.000000000000000e+00	8039	1	18
19	-7.500000000000000e+02 -7.500000000000000e+02 -4.164132562731000e+02	0.000000000000000e+00 0.000000000000000e+00 0.000000000000000e+00	1.000000000000000e+00	8039	1	19
20	 7.500000000000000e+02 -7.500000000000000e+02 -4.164132562731000e+02	0.000000000000000e+00 0.000000000000000e+00 0.000000000000000e+00	1.000000000000000e+00	8039	1	20
21	 7.500000000000000e+02  7.500000000000000e+02 -4.164132562731000e+02	0.000000000000000e+00 0.000000000000000e+00 0.000000000000000e+00	1.000000000000000e+00	8039	1	21
22	-2.070835347673000e+02  7.500000000000000e+02 -4.164132562731000e+02	4.362756741210938e-04 0.000000000000000e+00 0.000000000000000e+00	1.779785156250000e-01	8039	1	22
23	-6.378891043168001e+02 -7.500000000000000e+02  1.077775486825000e+02	-1.784085000000000e-04  3.387930000000000e-05  0.000000000000000e+00	1.000000000000000e+00	23	1	23
24	 7.500000000000000e+02 -7.500000000000000e+02  1.077775486825000e+02	0.000000000000000e+00 0.000000000000000e+00 0.000000000000000e+00	1.000000000000000e+00	23	1	24
25	7.500000000000000e+02 7.500000000000000e+02 1.077775486825000e+02	0.000000000000000e+00 0.000000000000000e+00 0.000000000000000e+00	1.000000000000000e+00	23	1	25
26	-6.125582668701001e+02  7.500000000000000e+02  1.077775486825000e+02	 9.812100000000000e-06 -1.137500000000000e-06  0.000000000000000e+00	1.000000000000000e+00	23	1	26
27	-7.365557009682000e+02 -7.500000000000000e+02 -1.894272067752000e+02	 2.989000000000000e-07 -2.305000000000000e-07  0.000000000000000e+00	1.000000000000000e+00	27	1	27
28	 7.500000000000000e+02 -7.500000000000000e+02 -1.894272067752000e+02	0.000000000000000e+00 0.000000000000000e+00 0.000000000000000e+00	1.000000000000000e+00	27	1	28
29	 7.500000000000000e+02  7.500000000000000e+02 -1.894272067752000e+02	0.000000000000000e+00 0.000000000000000e+00 0.000000000000000e+00	1.000000000000000e+00	27	1	29
30	 4.223836902370000e+02  7.500000000000000e+02 -1.894272067752000e+02	-1.706000000000000e-07  1.318000000000000e-07  0.000000000000000e+00	1.000000000000000e+00	27	1	30
32	4.199872981078000e+02 7.500000000000000e+02 7.500000000000000e+02	0.000000000000000e+00 0.000000000000000e+00 0.000000000000000e+00	1.000000000000000e+00	8039	1	32
33	7.500000000000000e+02 1.784012331796000e+02 7.500000000000000e+02	0.000000000000000e+00 0.000000000000000e+00 0.000000000000000e+00	1.000000000000000e+00	8039	1	33
34	7.500000000000000e+02 1.784012331796000e+02 9.471360338760000e+01	 0.000000000000000e+00 -0.000000000000000e+00  0.000000000000000e+00	7.500000000000000e-01	8039	1	34
36	-5.950127018922000e+02 -7.500000000000000e+02 -7.500000000000000e+02	0.000000000000000e+00 0.000000000000000e+00 0.000000000000000e+00	1.000000000000000e+00	491	1	36
37	 2.710127018922000e+02  7.500000000000000e+02 -7.500000000000000e+02	0.000000000000000e+00 0.000000000000000e+00 0.000000000000000e+00	1.000000000000000e+00	491	1	37
38	2.710127018922000e+02 7.500000000000000e+02 7.500000000000000e+02	0.000000000000000e+00 0.000000000000000e+00 0.000000000000000e+00	1.000000000000000e+00	491	1	38
39	-2.115214393191000e+02 -8.577364896460000e+01  7.500000000000000e+02	 1.207900000000000e-06  2.092200000000000e-06 -1.129990000000000e-05	1.000000000000000e+00	491	1	39
41	 2.450127018922000e+02 -7.500000000000000e+02  7.500000000000000e+02	0.000000000000000e+00 0.000000000000000e+00 0.000000000000000e+00	1.000000000000000e+00	729	1	41
42	 2.450127018922000e+02 -7.500000000000000e+02  7.354060950216000e+02	 2.700000000000000e-09 -4.600000000000000e-09  1.374000000000000e-07	1.000000000000000e+00	729	1	42
44	-7.500000000000000e+02  5.715767664980000e+01 -7.500000000000000e+02	0.000000000000000e+00 0.000000000000000e+00 0.000000000000000e+00	1.000000000000000e+00	1105	1	44
45	 7.500000000000000e+02  5.715767664980000e+01 -7.500000000000000e+02	0.000000000000000e+00 0.000000000000000e+00 0.000000000000000e+00	1.000000000000000e+00	1105	1	45
47	-7.500000000000000e+02  2.381569860407000e+02  7.500000000000000e+02	0.000000000000000e+00 0.000000000000000e+00 0.000000000000000e+00	1.000000000000000e+00	1074	1	47
48	-7.500000000000000e+02  2.381569860407000e+02 -7.500000000000000e+02	0.000000000000000e+00 0.000000000000000e+00 0.000000000000000e+00	1.000000000000000e+00	1074	1	48
49	 7.500000000000000e+02  2.381569860407000e+02 -7.500000000000000e+02	0.000000000000000e+00 0.000000000000000e+00 0.000000000000000e+00	1.000000000000000e+00	1074	1	49
50	7.500000000000000e+02 2.381569860407000e+02 7.500000000000000e+02	0.000000000000000e+00 0.000000000000000e+00 0.000000000000000e+00	1.000000000000000e+00	1074	1	50
52	 2.613989241514000e+02 -7.500000000000000e+02  1.518683640526000e+02	3.372000000000000e-07 1.710000000000000e-07 0.000000000000000e+00	1.000000000000000e+00	8039	1	52
53	 7.500000000000000e+02 -7.500000000000000e+02  1.518683640526000e+02	0.000000000000000e+00 0.000000000000000e+00 0.000000000000000e+00	1.000000000000000e+00	8039	1	53
54	7.500000000000000e+02 7.500000000000000e+02 1.518683640526000e+02	0.000000000000000e+00 0.000000000000000e+00 0.000000000000000e+00	1.000000000000000e+00	8039	1	54
55	-3.653027410200000e+02  7.500000000000000e+02  1.518683640526000e+02	-2.262462890625000e-06 -5.277418945312500e-07  0.000000000000000e+00	1.779785156250000e-01	8039	1	55
56	-7.500000000000000e+02  3.403479836873000e+02 -6.861192853551000e+02	-6.820000000000000e-08  0.000000000000000e+00 -2.156700000000000e-06	1.000000000000000e+00	8039	1	56
57	-7.500000000000000e+02  3.403479836873000e+02 -7.500000000000000e+02	0.000000000000000e+00 0.000000000000000e+00 0.000000000000000e+00	1.000000000000000e+00	8039	1	57
59	 3.129872981078000e+02 -7.500000000000000e+02 -4.188110123300000e+00	-1.532000000000000e-06 -2.653400000000000e-06  1.765646000000000e-04	1.000000000000000e+00	8039	1	59
60	 3.129872981078000e+02 -7.500000000000000e+02 -7.500000000000000e+02	0.000000000000000e+00 0.000000000000000e+00 0.000000000000000e+00	1.000000000000000e+00	8039	1	60
61	 7.500000000000000e+02  6.928203230300000e+00 -7.500000000000000e+02	0.000000000000000e+00 0.000000000000000e+00 0.000000000000000e+00	1.000000000000000e+00	8039	1	61
62	 7.500000000000000e+02  6.928203230300000e+00 -2.852068904096000e+02	3.023000000000000e-07 5.235000000000000e-07 3.277810000000000e-05	1.000000000000000e+00	8039	1	62
63	 5.470127018922000e+02 -7.500000000000000e+02  2.286190426598000e+02	-0.000000000000000e+00 -0.000000000000000e+00  0.000000000000000e+00	1.000000000000000e+00	8039	1	63
65	 5.470127018922000e+02 -7.500000000000000e+02 -7.500000000000000e+02	0.000000000000000e+00 0.000000000000000e+00 0.000000000000000e+00	1.000000000000000e+00	8039	1	65
66	-8.250000000000000e+01  3.403479836873000e+02 -7.500000000000000e+02	0.000000000000000e+00 0.000000000000000e+00 0.000000000000000e+00	7.500000000000000e-01	8039	1	66
67	-7.500000000000000e+02  7.500000000000000e+02 -6.793251553319001e+02	0.000000000000000e+00 1.464688623000000e-01 0.000000000000000e+00	1.000000000000000e+00	8039	1	67
68	-7.500000000000000e+02 -7.500000000000000e+02 -6.793251553319001e+02	0.000000000000000e+00 0.000000000000000e+00 0.000000000000000e+00	1.000000000000000e+00	8039	1	68
71	 4.496008673616000e+02 -7.500000000000000e+02  1.469693845670000e+01	-1.152020000000000e-05  2.802300000000000e-06  0.000000000000000e+00	1.000000000000000e+00	5009	1	71
72	 7.500000000000000e+02 -7.500000000000000e+02  1.469693845670000e+01	0.000000000000000e+00 0.000000000000000e+00 0.000000000000000e+00	1.000000000000000e+00	5009	1	72
73	7.500000000000000e+02 7.500000000000000e+02 1.469693845670000e+01	0.000000000000000e+00 0.000000000000000e+00 0.000000000000000e+00	1.000000000000000e+00	5009	1	73
74	5.898714786276000e+02 7.500000000000000e+02 1.469693845670000e+01	 3.692630000000000e-05 -1.216350000000000e-05  0.000000000000000e+00	1.000000000000000e+00	5009	1	74
75	 3.130613455693000e+02  6.910882722200000e+02 -7.500000000000000e+02	2.577000000000000e-07 0.000000000000000e+00 7.253000000000001e-07	1.000000000000000e+00	8039	1	75
76	 7.500000000000000e+02  6.910882722200000e+02 -7.500000000000000e+02	0.000000000000000e+00 0.000000000000000e+00 0.000000000000000e+00	1.000000000000000e+00	8039	1	76
77	7.500000000000000e+02 6.910882722200000e+02 7.500000000000000e+02	0.000000000000000e+00 0.000000000000000e+00 0.000000000000000e+00	1.000000000000000e+00	8039	1	77
78	-7.500000000000000e+02  6.910882722200000e+02  7.500000000000000e+02	-6.475932620000001e-02  0.000000000000000e+00  0.000000000000000e+00	1.000000000000000e+00	8039	1	78
79	-5.519002055180000e+01 -7.500000000000000e+02  9.471360338760000e+01	 8.999600000000001e-06 -8.915100000000000e-06  0.000000000000000e+00	1.000000000000000e+00	8039	1	79
80	 7.500000000000000e+02 -7.500000000000000e+02  9.471360338760000e+01	0.000000000000000e+00 0.000000000000000e+00 0.000000000000000e+00	1.000000000000000e+00	8039	1	80
83	 3.221155017825000e+02 -7.500000000000000e+02  3.592584956082000e+02	-4.802500000000000e-06  7.067000000000000e-07  0.000000000000000e+00	1.000000000000000e+00	8039	1	83
84	 7.500000000000000e+02 -7.500000000000000e+02  3.592584956082000e+02	0.000000000000000e+00 0.000000000000000e+00 0.000000000000000e+00	1.000000000000000e+00	8039	1	84
85	7.500000000000000e+02 7.500000000000000e+02 3.592584956082000e+02	0.000000000000000e+00 0.000000000000000e+00 0.000000000000000e+00	1.000000000000000e+00	8039	1	85
87	-2.960127018922000e+02 -7.500000000000000e+02 -4.867409334646000e+02	-3.240000000000000e-08 -5.610000000000000e-08  6.394000000000001e-07	1.000000000000000e+00	8039	1	87
88	-2.960127018922000e+02 -7.500000000000000e+02 -7.500000000000000e+02	0.000000000000000e+00 0.000000000000000e+00 0.000000000000000e+00	1.000000000000000e+00	8039	1	88
89	 5.700127018922000e+02  7.500000000000000e+02 -7.500000000000000e+02	0.000000000000000e+00 0.000000000000000e+00 0.000000000000000e+00	1.000000000000000e+00	8039	1	89
90	5.700127018922000e+02 7.500000000000000e+02 5.922746585539001e+02	 2.034000000000000e-06  3.523000000000000e-06 -3.172300000000000e-05	1.000000000000000e+00	8039	1	90
92	-7.500000000000000e+02  7.500000000000000e+02  3.804874067123000e+02	0.000000000000000e+00 0.000000000000000e+00 0.000000000000000e+00	1.000000000000000e+00	8006	1	92
93	-7.500000000000000e+02 -7.500000000000000e+02  3.804874067123000e+02	0.000000000000000e+00 0.000000000000000e+00 0.000000000000000e+00	1.000000000000000e+00	8006	1	93
94	 7.500000000000000e+02 -7.500000000000000e+02  3.804874067123000e+02	0.000000000000000e+00 0.000000000000000e+00 0.000000000000000e+00	1.000000000000000e+00	8006	1	94
95	7.500000000000000e+02 2.998019370434000e+02 3.804874067123000e+02	-2.106940000000000e-05 -2.167140000000000e-05  0.000000000000000e+00	1.000000000000000e+00	8006	1	95
97	 5.929872981078000e+02 -7.500000000000000e+02 -1.595128230250000e+01	 5.100000000000000e-09  8.800000000000001e-09 -1.001000000000000e-07	1.000000000000000e+00	97	1	97
98	 5.929872981078000e+02 -7.500000000000000e+02 -7.500000000000000e+02	0.000000000000000e+00 0.000000000000000e+00 0.000000000000000e+00	1.000000000000000e+00	97	1	98
99	 7.500000000000000e+02 -4.780460228890000e+02 -7.500000000000000e+02	0.000000000000000e+00 0.000000000000000e+00 0.000000000000000e+00	1.000000000000000e+00	97	1	99
100	 7.500000000000000e+02 -4.780460228890000e+02  1.940120708240000e+01	 2.560000000000000e-08  4.430000000000000e-08 -5.393000000000001e-07	1.000000000000000e+00	97	1	100
101	-7.500000000000000e+02 -5.525242076145000e+02 -1.159425144917000e+02	-0.000000000000000e+00 -0.000000000000000e+00  0.000000000000000e+00	1.779785156250000e-01	661	1	101
102	-7.500000000000000e+02 -5.525242076145000e+02  7.500000000000000e+02	0.000000000000000e+00 0.000000000000000e+00 0.000000000000000e+00	1.000000000000000e+00	661	1	102
103	-6.359872981078000e+02 -7.500000000000000e+02  7.500000000000000e+02	0.000000000000000e+00 0.000000000000000e+00 0.000000000000000e+00	1.000000000000000e+00	661	1	103
104	-6.359872981078000e+02 -7.500000000000000e+02 -1.159425144917000e+02	0.000000000000000e+00 0.000000000000000e+00 0.000000000000000e+00	7.500000000000000e-01	661	1	104
105	-5.841307046753000e+02 -7.500000000000000e+02  5.829785587824000e+02	-9.449760000000000e-05  2.856411000000000e-04  0.000000000000000e+00	1.000000000000000e+00	105	1	105
106	 7.500000000000000e+02 -7.500000000000000e+02  5.829785587824000e+02	0.000000000000000e+00 0.000000000000000e+00 0.000000000000000e+00	1.000000000000000e+00	105	1	106
107	7.500000000000000e+02 2.497885221770000e+01 5.829785587824000e+02	 7.204000000000000e-07 -2.284900000000000e-06  0.000000000000000e+00	1.000000000000000e+00	105	1	107
108	-2.079418105200000e+02  6.910882722200000e+02 -4.164132562731000e+02	2.383305408325196e-05 0.000000000000000e+00 0.000000000000000e+00	1.334838867187500e-01	8039	0	108
112	 6.715551145769000e+02  1.376025779544000e+02 -5.928494382698000e+02	 1.280000000000000e-07 -2.216000000000000e-07 -2.813800000000000e-06	1.000000000000000e+00	0	0	112
113	 5.157576817584001e+02 -6.426554435800000e+00  2.286190426598000e+02	-2.383150000000000e-05  2.222300000000000e-06  0.000000000000000e+00	1.000000000000000e+00	8039	0	113
114	 2.990317150668000e+02  6.853911620292000e+02 -4.262112152443000e+02	-6.300000000000000e-09 -4.210000000000000e-08  0.000000000000000e+00	1.000000000000000e+00	646	0	114
116	-5.775899313604000e+02  1.417581133944000e+02 -1.159425144917000e+02	8.773000000000001e-07 1.386400000000000e-06 0.000000000000000e+00	1.000000000000000e+00	661	0	116
117	-4.257766571518000e+02  2.979711657604000e+02 -4.164132562731000e+02	 5.621000000000000e-07 -4.623000000000000e-07  0.000000000000000e+00	1.000000000000000e+00	8039	0	117
118	-6.321836078788000e+02 -1.584629306917000e+02  1.077775486825000e+02	-1.286530000000000e-04 -4.108600000000000e-06  0.000000000000000e+00	1.000000000000000e+00	23	0	118
119	-1.571830623925000e+02  6.050030850000000e-02 -1.894272067752000e+02	-2.861000000000000e-07  2.212000000000000e-07  0.000000000000000e+00	1.000000000000000e+00	27	0	119
122	-5.464711065456000e+02 -6.659234905793001e+02  3.818817684916000e+02	-3.718600000000000e-06 -6.440900000000000e-06 -2.831490000000000e-05	1.000000000000000e+00	491	0	122
123	 1.455994276809000e+02 -5.778111581193000e+02  7.443257254842000e+02	 4.200000000000000e-09 -7.300000000000000e-09  1.600000000000000e-07	1.000000000000000e+00	729	0	123
126	-7.300590869090000e+01 -8.074164900000000e-03  1.518683640526000e+02	-8.930000000000000e-08 -3.890000000000000e-08  0.000000000000000e+00	1.000000000000000e+00	8039	0	126
127	-2.081470727235000e+02  3.403479836873000e+02 -7.339543640442000e+02	 2.692000000000000e-07  0.000000000000000e+00 -4.571000000000000e-07	1.000000000000000e+00	8039	0	127
128	 5.325296597716000e+02 -3.697414751846000e+02 -2.723164762298000e+02	1.753000000000000e-07 3.036000000000000e-07 8.147900000000000e-06	1.000000000000000e+00	8039	0	128
130	-3.323599874422000e+02  5.846978112107000e+02 -6.793251553319001e+02	-1.248760000000000e-05 -2.482320000000000e-05  0.000000000000000e+00	1.000000000000000e+00	8039	0	130
131	5.193083259840000e+02 1.493013217184000e+02 1.469693845670000e+01	1.401689000000000e-04 3.455400000000000e-06 0.000000000000000e+00	1.000000000000000e+00	5009	0	131
132	-4.763340562960000e+01  6.910882722200000e+02 -5.567068194333000e+02	8.356360000000000e-05 0.000000000000000e+00 7.279400000000001e-05	1.000000000000000e+00	8039	0	132
133	-3.446170099885000e+02  6.910882722200000e+02  1.559152778677000e+02	-5.188218750000001e-07  0.000000000000000e+00  1.143492187500000e-06	4.218750000000000e-01	8039	0	133
134	 3.676723050587000e+02 -1.677430198952000e+02  9.471360338760000e+01	 1.225320000000000e-05 -9.199400000000000e-06  0.000000000000000e+00	1.000000000000000e+00	8039	0	134
136	3.549521403154000e+02 2.298724912333000e+02 3.592584956082000e+02	3.391874000000000e-04 9.832690000000000e-05 0.000000000000000e+00	1.000000000000000e+00	8039	0	136
137	 1.628080611617000e+02  4.470087317700000e+01 -8.062650275400000e+01	-3.047183000000000e-04 -5.277876000000000e-04  6.685151000000000e-04	1.000000000000000e+00	8039	0	137
139	 6.776905874331001e+02 -6.032895993203000e+02  3.496810783200000e+00	 1.825000000000000e-07  3.162000000000000e-07 -2.925600000000000e-06	1.000000000000000e+00	97	0	139
141	 2.382393716361000e+02 -2.583182309548000e+02  5.829785587824000e+02	 1.800530000000000e-05 -3.048130000000000e-05  0.000000000000000e+00	1.000000000000000e+00	105	0	141
143	 5.701384804075000e+02  3.132613410683000e+02 -6.180983021014000e+02	 1.420000000000000e-07 -2.460000000000000e-07 -1.874500000000000e-06	1.000000000000000e+00	0	0	143
144	 4.879861056146000e+02 -3.771154434023000e+02  2.286190426598000e+02	-4.490530000000000e-05  4.418900000000000e-06  0.000000000000000e+00	1.000000000000000e+00	8039	0	144
146	 5.245200419510001e+02  6.530680167808000e+02 -4.262112152443000e+02	1.330000000000000e-08 9.310000000000001e-08 0.000000000000000e+00	1.000000000000000e+00	646	0	146
147	 7.248925402260001e+01  7.225911443656000e+02 -4.262112152443000e+02	2.222000000000000e-07 8.700000000000000e-07 0.000000000000000e+00	1.000000000000000e+00	646	0	147
150	-7.500000000000000e+02 -2.077691879472000e+02 -1.159425144917000e+02	0.000000000000000e+00 0.000000000000000e+00 0.000000000000000e+00	1.000000000000000e+00	661	1	150
151	-2.359572890168000e+02  4.497608635703000e+02 -1.159425144917000e+02	-1.415910000000000e-05  1.909610000000000e-05  0.000000000000000e+00	1.000000000000000e+00	661	0	151
152	-5.878159476327000e+02  1.015098942472000e+02 -4.164132562731000e+02	 5.331000000000000e-07 -4.398000000000000e-07  0.000000000000000e+00	1.000000000000000e+00	8039	0	152
153	-6.186227001522000e+02 -6.147635763384001e+02  1.077775486825000e+02	-1.951081000000000e-04 -1.457700000000000e-06  0.000000000000000e+00	1.000000000000000e+00	23	0	153
154	-6.353225641220000e+02  3.320889242192000e+02  1.077775486825000e+02	-5.371320000000000e-05  1.031700000000000e-06  0.000000000000000e+00	1.000000000000000e+00	23	0	154
155	-4.469520658820000e+02 -3.749354601863000e+02 -1.894272067752000e+02	-2.625000000000000e-07  2.027000000000000e-07  0.000000000000000e+00	1.000000000000000e+00	27	0	155
156	 1.326273444651000e+02  3.750244181838000e+02 -1.894272067752000e+02	-1.479000000000000e-07  1.143000000000000e-07  0.000000000000000e+00	1.000000000000000e+00	27	0	156
159	-5.950127018922000e+02 -7.500000000000000e+02  2.315622449624000e+02	-1.732270000000000e-05 -3.000380000000000e-05  4.885500000000000e-06	1.000000000000000e+00	491	1	159
160	-4.489805880856000e+02 -4.970649593502000e+02  5.416754272475000e+02	 7.983000000000000e-06  1.382700000000000e-05 -2.171710000000000e-05	1.000000000000000e+00	491	0	160
161	 9.393018666960000e+01 -4.883174074992000e+02  7.500000000000000e+02	 4.300000000000000e-09 -7.400000000000000e-09  1.561000000000000e-07	1.000000000000000e+00	729	1	161
162	 1.965551263124000e+02 -6.660690170841000e+02  7.391784647273000e+02	 3.100000000000000e-09 -5.300000000000000e-09  1.361000000000000e-07	1.000000000000000e+00	729	0	162
164	5.234764841424001e+02 5.435069279430000e+01 2.286190426598000e+02	-1.290680000000000e-05  1.593200000000000e-06  0.000000000000000e+00	1.000000000000000e+00	8039	0	164
167	 9.026122021830000e+01 -3.750449164141000e+02  1.518683640526000e+02	-3.449000000000000e-07 -1.504000000000000e-07  0.000000000000000e+00	1.000000000000000e+00	8039	0	167
168	-2.362364621531000e+02  3.750040213623000e+02  1.518683640526000e+02	5.860000000000000e-08 2.560000000000000e-08 0.000000000000000e+00	1.000000000000000e+00	8039	0	168
169	-4.953216515505000e+02  3.403479836873000e+02 -7.004449014804001e+02	-1.879000000000000e-07  0.000000000000000e+00 -2.212300000000000e-06	1.000000000000000e+00	8039	0	169
172	 6.452813500998001e+02 -1.744498188969000e+02 -2.806167141633000e+02	3.597000000000000e-07 6.230000000000000e-07 2.531320000000000e-05	1.000000000000000e+00	8039	0	172
174	 4.561397584552000e+02 -5.926034449338000e+02 -3.145084794042000e+02	-2.826700000000000e-05  4.895990000000000e-05  5.946210000000000e-05	1.000000000000000e+00	8039	0	174
177	 5.081759880344000e+02 -3.049302493715000e+02  1.469693845670000e+01	 4.783900000000000e-05 -3.723000000000000e-06  0.000000000000000e+00	1.000000000000000e+00	5009	0	177
179	 7.407322117900001e+00  6.910882722200000e+02 -6.019671253190000e+02	2.826800000000000e-06 0.000000000000000e+00 7.495100000000000e-06	1.000000000000000e+00	8039	0	179
181	 2.145675293245000e+02 -4.509939668514000e+02  9.471360338760000e+01	 1.418000000000000e-07 -6.980000000000000e-08  0.000000000000000e+00	1.000000000000000e+00	8039	0	181
183	 3.509093267505000e+02 -2.768836951755000e+02  3.592584956082000e+02	 7.829300000000000e-05 -9.779000000000000e-07  0.000000000000000e+00	1.000000000000000e+00	8039	0	183
185	-8.266745690640001e+01 -3.804751961314000e+02 -3.809426099703000e+02	 2.892800000000000e-06  5.010500000000001e-06 -1.415040000000000e-05	1.000000000000000e+00	8039	0	185
187	4.254387875903000e+02 7.500000000000000e+02 3.804874067123000e+02	-4.012000000000000e-07 -1.216000000000000e-07  0.000000000000000e+00	1.000000000000000e+00	8006	1	187
189	 6.312264320127000e+02 -6.837678772393000e+02 -8.152670690400001e+00	 2.073000000000000e-07  3.591000000000000e-07 -3.328700000000000e-06	1.000000000000000e+00	97	0	189
190	 7.226621744628001e+02 -5.253965256879001e+02  1.421544136920000e+01	 9.130000000000000e-08  1.581000000000000e-07 -1.546600000000000e-06	1.000000000000000e+00	97	0	190
191	-8.522301701850000e+01 -4.559896768047000e+02  5.829785587824000e+02	-8.714700000000000e-06  1.363300000000000e-05  0.000000000000000e+00	1.000000000000000e+00	105	0	191
192	 5.656669157062000e+02 -7.183284704370000e+01  5.829785587824000e+02	 4.150390000000000e-05 -6.602860000000000e-05  0.000000000000000e+00	1.000000000000000e+00	105	0	192
193	-2.656502822691000e+02  4.952882643302000e+02 -4.164132562731000e+02	-2.324025000000000e-06  1.236543750000000e-06  0.000000000000000e+00	5.625000000000000e-01	8039	0	193
194	-1.985308305086000e+02  6.910882722200000e+02 -4.178953699064000e+02	2.100344396484375e-04 0.000000000000000e+00 2.740521251953125e-04	2.373046875000000e-01	8039	0	194
195	-3.688524517680000e+02  6.910882722200000e+02 -2.020654997517000e+02	-9.594490000000000e-05  0.000000000000000e+00  1.953825000000000e-04	1.000000000000000e+00	8039	0	195
198	5.992709547860001e+02 5.737063012890000e+01 9.471360338760000e+01	 5.982900000000000e-06 -7.161500000000000e-06  0.000000000000000e+00	1.000000000000000e+00	8039	0	198
201	 5.169258129031000e+02  4.054283847923000e+02 -6.362127770668001e+02	 1.128000000000000e-07 -1.954000000000000e-07 -1.306100000000000e-06	1.000000000000000e+00	0	0	201
202	 4.623706758505000e+02 -5.766753316871000e+02  2.286190426598000e+02	-1.176331992187500e-05 -5.766820312500000e-07  0.000000000000000e+00	3.164062500000000e-01	8039	0	202
204	 6.372649592598000e+02  6.369117923306001e+02 -4.262112152443000e+02	2.370000000000000e-08 1.653000000000000e-07 0.000000000000000e+00	1.000000000000000e+00	646	0	204
205	-2.397139758010000e+01  7.500000000000000e+02 -4.262112152443000e+02	-8.630000000000000e-08 -3.037000000000000e-07  0.000000000000000e+00	1.000000000000000e+00	646	1	205
209	-7.726693589990001e+01  5.616904898582001e+02 -1.159425144917000e+02	-8.105600000000001e-06  1.197370000000000e-05  0.000000000000000e+00	1.000000000000000e+00	661	0	209
210	-6.688456169973000e+02  3.287669333400000e+00 -4.164132562731000e+02	 4.818000000000000e-07 -3.974000000000000e-07  0.000000000000000e+00	1.000000000000000e+00	8039	0	210
212	-6.278750680257000e+02  5.592575827977000e+02  1.077775486825000e+02	-1.714450000000000e-05  6.964000000000000e-07  0.000000000000000e+00	1.000000000000000e+00	23	0	212
213	-5.917713852941000e+02 -5.624837938799001e+02 -1.894272067752000e+02	-5.410000000000000e-08  4.180000000000000e-08  0.000000000000000e+00	1.000000000000000e+00	27	0	213
214	 2.775304275402000e+02  5.625080261037000e+02 -1.894272067752000e+02	-5.380000000000000e-08  4.160000000000000e-08  0.000000000000000e+00	1.000000000000000e+00	27	0	214
216	-4.002556828909000e+02 -4.126709479591000e+02  6.068044045248000e+02	 6.511800000000000e-06  1.127890000000000e-05 -2.039890000000000e-05	1.000000000000000e+00	491	0	216
221	 1.722530401611000e+02 -5.624932837552000e+02  1.518683640526000e+02	5.110000000000000e-08 2.290000000000000e-08 0.000000000000000e+00	1.000000000000000e+00	8039	0	221
222	-3.121147129141000e+02  5.641068244341001e+02  1.518683640526000e+02	-4.939000000000000e-07 -1.778000000000000e-07  0.000000000000000e+00	1.000000000000000e+00	8039	0	222
223	-6.345292242985000e+02  3.403479836873000e+02 -6.907790855776000e+02	-1.204000000000000e-07  0.000000000000000e+00 -2.228600000000000e-06	1.000000000000000e+00	8039	0	223
226	 7.014000153276000e+02 -7.724943946930000e+01 -2.834142266599000e+02	3.165000000000000e-07 5.482000000000000e-07 2.987930000000000e-05	1.000000000000000e+00	8039	0	226
228	 5.237480176869000e+02 -7.097043849343000e+02 -5.495097725778000e+02	-1.829200000000000e-06  3.168300000000000e-06  2.844000000000000e-07	1.000000000000000e+00	8039	0	228
229	-5.019724647490000e+02  6.665996912392001e+02 -6.793251553319001e+02	-9.691800000000001e-06 -2.190170000000000e-05  0.000000000000000e+00	1.000000000000000e+00	8039	0	229
231	 4.865585581636000e+02 -5.371350721535000e+02  1.469693845670000e+01	 2.803600000000000e-06 -2.723000000000000e-07  0.000000000000000e+00	1.000000000000000e+00	5009	0	231
233	-4.685732241621000e+02  6.910882722200000e+02  4.370689125302000e+02	-1.088530000000000e-05  0.000000000000000e+00 -9.801900000000000e-06	1.000000000000000e+00	8039	0	233
234	 1.232609352395000e+02 -5.779038568383000e+02  9.471360338760000e+01	-1.060700000000000e-06  1.000300000000000e-06  0.000000000000000e+00	1.000000000000000e+00	8039	0	234
235	 3.428088994409000e+02 -5.357641303171000e+02  3.592584956082000e+02	 3.224430000000000e-05 -1.739800000000000e-06  0.000000000000000e+00	1.000000000000000e+00	8039	0	235
237	-2.086908820288000e+02 -5.987541713871000e+02 -4.619803836726000e+02	-2.140000000000000e-08 -3.710000000000000e-08  2.095000000000000e-07	1.000000000000000e+00	8039	0	237
238	4.276864252951000e+02 5.034836576816000e+02 5.133474017398000e+02	 4.263600000000000e-06  7.384800000000000e-06 -1.858910000000000e-05	1.000000000000000e+00	8039	0	238
241	-2.447211796685000e+02 -5.614326981752000e+02  5.829785587824000e+02	-2.216040000000000e-05  3.259750000000000e-05  0.000000000000000e+00	1.000000000000000e+00	105	0	241
242	7.099387777655000e+02 1.234868266470000e+01 5.829785587824000e+02	 1.337020000000000e-05 -2.551460000000000e-05  0.000000000000000e+00	1.000000000000000e+00	105	0	242
243	-2.207826623180000e+02  6.048478925477000e+02 -4.164132562731000e+02	 4.186819995117188e-06 -6.109112548828126e-07  0.000000000000000e+00	1.779785156250000e-01	8039	0	243
244	-2.173958717426000e+02  6.910882722200000e+02 -4.145531981484000e+02	3.821699917968751e-04 0.000000000000000e+00 4.289981800781250e-04	2.373046875000000e-01	8039	0	244
246	 7.169406281735000e+02  5.899256247730001e+01 -5.852381679312000e+02	 1.300000000000000e-07 -2.251000000000000e-07 -3.154400000000000e-06	1.000000000000000e+00	0	0	246
247	 6.219764343392001e+02  2.234753710982000e+02 -6.037017588326000e+02	 1.424000000000000e-07 -2.466000000000000e-07 -2.378100000000000e-06	1.000000000000000e+00	0	0	247
248	 5.016664626303000e+02 -1.957494105371000e+02  2.286190426598000e+02	-6.123340000000000e-05  3.913400000000001e-06  0.000000000000000e+00	1.000000000000000e+00	8039	0	248
249	5.482824289534000e+02 1.793402217103000e+02 2.286190426598000e+02	 3.289000000000000e-07 -1.199000000000000e-07  0.000000000000000e+00	1.000000000000000e+00	8039	0	249
250	 4.117754068724000e+02  6.692262534177000e+02 -4.262112152443000e+02	2.200000000000000e-09 1.530000000000000e-08 0.000000000000000e+00	1.000000000000000e+00	646	0	250
251	 1.864149166701000e+02  7.024266605127000e+02 -4.262112152443000e+02	1.150000000000000e-08 6.500000000000000e-08 0.000000000000000e+00	1.000000000000000e+00	646	0	251
254	-7.032767169182000e+02 -6.933065582080000e+01 -1.159425144917000e+02	-3.631200000000000e-06  5.924400000000000e-06  0.000000000000000e+00	1.000000000000000e+00	661	0	254
255	-4.005643094514000e+02  3.203641047065000e+02 -1.159425144917000e+02	-4.576600000000000e-06 -7.168000000000001e-07  0.000000000000000e+00	1.000000000000000e+00	661	0	255
256	-5.067916677715000e+02  1.997365636014000e+02 -4.164132562731000e+02	 5.634000000000000e-07 -4.647000000000000e-07  0.000000000000000e+00	1.000000000000000e+00	8039	0	256
257	-3.450592523416000e+02  3.962647431531000e+02 -4.164132562731000e+02	 2.943000000000000e-07 -2.418750000000000e-07  0.000000000000000e+00	5.625000000000000e-01	8039	0	257
258	-6.236063215581000e+02 -4.256569766354000e+02  1.077775486825000e+02	-1.657027000000000e-04 -4.564500000000000e-06  0.000000000000000e+00	1.000000000000000e+00	23	0	258
259	-6.371179503405000e+02  8.890257474290000e+01  1.077775486825000e+02	-9.271320000000001e-05 -5.198000000000000e-07  0.000000000000000e+00	1.000000000000000e+00	23	0	259
260	-3.020895745901000e+02 -1.874204681843000e+02 -1.894272067752000e+02	-3.454000000000000e-07  2.669000000000000e-07  0.000000000000000e+00	1.000000000000000e+00	27	0	260
261	-1.227128296090000e+01  1.875373742132000e+02 -1.894272067752000e+02	-1.810000000000000e-07  1.399000000000000e-07  0.000000000000000e+00	1.000000000000000e+00	27	0	261
262	-5.856291172860000e+02 -7.337471547049000e+02  2.798975504127000e+02	-5.110000000000001e-07 -8.851000000000000e-07 -1.358070000000000e-05	1.000000000000000e+00	491	0	262
263	-4.963569314979000e+02 -5.791231932172000e+02  4.712426384899000e+02	 6.475200000000000e-06  1.121540000000000e-05 -1.766470000000000e-05	1.000000000000000e+00	491	0	263
268	 8.638226659200001e+00 -1.875218644758000e+02  1.518683640526000e+02	-1.668000000000000e-07 -7.260000000000000e-08  0.000000000000000e+00	1.000000000000000e+00	8039	0	268
269	-1.545919344857000e+02  1.875107054498000e+02  1.518683640526000e+02	7.540000000000000e-08 3.280000000000000e-08 0.000000000000000e+00	1.000000000000000e+00	8039	0	269
270	-3.566508045525000e+02  3.403479836873000e+02 -7.143256301938001e+02	-2.057000000000000e-07  0.000000000000000e+00 -1.794700000000000e-06	1.000000000000000e+00	8039	0	270
273	 5.891612333627000e+02 -2.716527124123000e+02 -2.769931913741000e+02	3.369000000000000e-07 5.835000000000000e-07 1.854510000000000e-05	1.000000000000000e+00	8039	0	273
274	 4.507329055570000e+02 -5.832385010050000e+02  1.467688445401000e+02	-1.331890000000000e-05  2.306910000000000e-05  2.139600000000000e-05	1.000000000000000e+00	8039	0	274
277	 5.470127018922000e+02 -7.500000000000000e+02 -6.793251553319001e+02	0.000000000000000e+00 0.000000000000000e+00 0.000000000000000e+00	1.000000000000000e+00	8039	1	277
278	 5.240357966154000e+02 -5.718433877460000e+01  1.469693845670000e+01	 9.798090000000000e-05 -1.936500000000000e-06  0.000000000000000e+00	1.000000000000000e+00	5009	0	278
279	5.176672766778000e+02 4.073079039395000e+02 1.469693845670000e+01	 9.358890000000001e-05 -4.638300000000000e-06  0.000000000000000e+00	1.000000000000000e+00	5009	0	279
281	-4.050107722688000e+02  6.910882722200000e+02  1.112042413548000e+02	-5.817400000000000e-06  0.000000000000000e+00  4.704830000000000e-05	1.000000000000000e+00	8039	0	281
282	 2.822080943775000e+02 -3.035644997754000e+02  9.471360338760000e+01	 8.013200000000000e-06 -4.312200000000000e-06  0.000000000000000e+00	1.000000000000000e+00	8039	0	282
283	 4.710287067099000e+02 -5.237332755280000e+01  9.471360338760000e+01	 6.896300000000000e-06 -7.634800000000000e-06  0.000000000000000e+00	1.000000000000000e+00	8039	0	283
284	 3.539592384698000e+02 -8.647870826200000e+00  3.592584956082000e+02	 1.310873000000000e-04 -1.121200000000000e-06  0.000000000000000e+00	1.000000000000000e+00	8039	0	284
286	 4.475074164970000e+01 -1.597804024232000e+02 -2.567744328682000e+02	 1.383560000000000e-05  2.396390000000000e-05 -4.654650000000000e-05	1.000000000000000e+00	8039	0	286
287	2.566762114806000e+02 2.072852787418000e+02 9.122459946210000e+01	-5.069082000000000e-04 -8.779907000000001e-04  1.152441000000000e-03	1.000000000000000e+00	8039	0	287
290	 7.647274747710000e+01 -3.562862118607000e+02  5.829785587824000e+02	 5.603900000000000e-06 -9.186900000000000e-06  0.000000000000000e+00	1.000000000000000e+00	105	0	290
291	 4.037338502613000e+02 -1.653477480431000e+02  5.829785587824000e+02	 2.161180000000000e-05 -4.020320000000000e-05  0.000000000000000e+00	1.000000000000000e+00	105	0	291
292	 4.657221925249000e+02 -6.092007076027000e+02  2.286190426598000e+02	-1.478496311759949e-05  2.560830801773071e-05  0.000000000000000e+00	7.508468627929688e-02	8039	0	292
297	-2.910046857800000e+00  6.100194858444000e+02 -1.159425144917000e+02	-3.409100000000000e-06  5.230300000000001e-06  0.000000000000000e+00	1.000000000000000e+00	661	0	297
298	-7.093488947035000e+02 -4.583306853590000e+01 -4.164132562731000e+02	 4.935000000000000e-07 -4.075000000000000e-07  0.000000000000000e+00	1.000000000000000e+00	8039	0	298
300	-6.220563504473000e+02  6.680703465032000e+02  1.077775486825000e+02	 2.540000000000000e-08 -8.470000000000000e-08  0.000000000000000e+00	1.000000000000000e+00	23	0	300
301	-6.642449036838000e+02 -6.562086404809000e+02 -1.894272067752000e+02	-1.601000000000000e-07  1.237000000000000e-07  0.000000000000000e+00	1.000000000000000e+00	27	0	301
302	 3.499751665780000e+02  6.562550926587001e+02 -1.894272067752000e+02	-4.330000000000000e-08  3.350000000000000e-08  0.000000000000000e+00	1.000000000000000e+00	27	0	302
305	 2.138077458737000e+02 -6.561490093873000e+02  1.518683640526000e+02	3.824000000000000e-07 1.817000000000000e-07 0.000000000000000e+00	1.000000000000000e+00	8039	0	305
306	-3.515611463258000e+02  6.910882722200000e+02  1.518683640526000e+02	-1.003781250000000e-06 -1.296000000000000e-07  7.690500000000000e-07	5.625000000000000e-01	8039	0	306
307	-7.048128525303000e+02  3.403479836873000e+02 -6.875480518111000e+02	-8.060000000000001e-08  0.000000000000000e+00 -2.181000000000000e-06	1.000000000000000e+00	8039	0	307
313	 4.753985154869000e+02 -6.439466900736001e+02  1.469693845670000e+01	-6.516100000000000e-06  1.106900000000000e-06  0.000000000000000e+00	1.000000000000000e+00	5009	0	313
314	5.554156323041000e+02 6.453975940486000e+02 1.469693845670000e+01	 2.883820000000000e-05 -9.404700000000000e-06  0.000000000000000e+00	1.000000000000000e+00	5009	0	314
315	-5.041163461734000e+02  6.910882722200000e+02  4.798335423031000e+02	-2.426400000000000e-06  0.000000000000000e+00 -1.408230000000000e-05	1.000000000000000e+00	8039	0	315
316	 5.866978920190000e+01 -6.432063452429001e+02  9.471360338760000e+01	-9.549000000000000e-07  1.024500000000000e-06  0.000000000000000e+00	1.000000000000000e+00	8039	0	316
317	 3.344769629195000e+02 -6.549442242008000e+02  3.592584956082000e+02	 1.173460000000000e-05 -1.034400000000000e-06  0.000000000000000e+00	1.000000000000000e+00	8039	0	317
319	-2.677093043697000e+02 -7.009770774641000e+02 -4.810050334597000e+02	-7.100000000000000e-09 -1.240000000000000e-08  1.224000000000000e-07	1.000000000000000e+00	8039	0	319
320	4.832739017148000e+02 5.997639911051000e+02 5.589156948248000e+02	 4.279000000000000e-06  7.411400000000000e-06 -2.969230000000000e-05	1.000000000000000e+00	8039	0	320
322	4.849476881054000e+02 5.733760485149000e+02 3.804874067123000e+02	1.505770000000000e-05 5.621500000000000e-06 0.000000000000000e+00	1.000000000000000e+00	8006	0	322
323	-3.228938526008000e+02 -6.150165739019001e+02  5.829785587824000e+02	-2.768300000000000e-05  4.094810000000000e-05  0.000000000000000e+00	1.000000000000000e+00	105	0	323
328	 5.076564477361000e+02 -1.024582667437000e+02  2.286190426598000e+02	-4.534980000000000e-05  3.271700000000000e-06  0.000000000000000e+00	1.000000000000000e+00	8039	0	328
332	-6.567269361389000e+02  2.222152457180000e+01 -1.159425144917000e+02	-1.842680000000000e-05 -1.824810000000000e-05  0.000000000000000e+00	1.000000000000000e+00	661	0	332
333	-4.844096920287000e+02  2.446456643333000e+02 -1.159425144917000e+02	1.078920000000000e-05 4.760800000000000e-06 0.000000000000000e+00	1.000000000000000e+00	661	0	333
334	-4.662821016661000e+02  2.488520267715000e+02 -4.164132562731000e+02	 5.702000000000001e-07 -4.703000000000000e-07  0.000000000000000e+00	1.000000000000000e+00	8039	0	334
335	-3.854509622788000e+02  3.471451926567000e+02 -4.164132562731000e+02	 3.209625000000000e-07 -2.635875000000000e-07  0.000000000000000e+00	5.625000000000000e-01	8039	0	335
336	-6.275072809900000e+02 -2.977579536280000e+02  1.077775486825000e+02	-1.474416000000000e-04 -4.851900000000000e-06  0.000000000000000e+00	1.000000000000000e+00	23	0	336
337	-6.355410888289000e+02 -3.306791315640000e+01  1.077775486825000e+02	-1.113836000000000e-04 -2.262500000000000e-06  0.000000000000000e+00	1.000000000000000e+00	23	0	337
338	-2.296421344253000e+02 -9.367548649480000e+01 -1.894272067752000e+02	-3.391000000000000e-07  2.621000000000000e-07  0.000000000000000e+00	1.000000000000000e+00	27	0	338
339	-8.472274725190000e+01  9.379551739520001e+01 -1.894272067752000e+02	-2.146000000000000e-07  1.658000000000000e-07  0.000000000000000e+00	1.000000000000000e+00	27	0	339
342	-3.219127104800000e+01 -9.376820577490000e+01  1.518683640526000e+02	-1.489000000000000e-07 -6.480000000000000e-08  0.000000000000000e+00	1.000000000000000e+00	8039	0	342
343	-1.137945119768000e+02  9.375323623650000e+01  1.518683640526000e+02	-1.100000000000000e-09 -5.000000000000000e-10  0.000000000000000e+00	1.000000000000000e+00	8039	0	343
344	-2.840721764329000e+02  3.403479836873000e+02 -7.233345479289001e+02	-1.966000000000000e-07  0.000000000000000e+00 -1.440500000000000e-06	1.000000000000000e+00	8039	0	344
346	 4.300000000000000e+02 -5.473280551918000e+02 -1.496480299100000e+00	0.000000000000000e+00 0.000000000000000e+00 0.000000000000000e+00	1.000000000000000e+00	8039	0	346
349	-1.641377424116000e+02  4.817487013594000e+02 -6.793251553319001e+02	-1.328784187500000e-04  2.301521062500000e-04  0.000000000000000e+00	5.625000000000000e-01	8039	0	349
350	5.237254630545000e+02 2.556562012760000e+01 1.469693845670000e+01	1.181866000000000e-04 2.051000000000000e-06 0.000000000000000e+00	1.000000000000000e+00	5009	0	350
351	5.159439992388001e+02 3.005146673225000e+02 1.469693845670000e+01	1.575129000000000e-04 2.600000000000000e-06 0.000000000000000e+00	1.000000000000000e+00	5009	0	351
352	-4.097854511085000e+02  6.910882722200000e+02  3.592584956082000e+02	-2.363000000000000e-05  0.000000000000000e+00  0.000000000000000e+00	1.000000000000000e+00	8039	0	352
354	 3.225386425377000e+02 -2.336002870379000e+02  9.471360338760000e+01	 1.182620000000000e-05 -7.486800000000000e-06  0.000000000000000e+00	1.000000000000000e+00	8039	0	354
355	 4.170115970627000e+02 -1.072452386830000e+02  9.471360338760000e+01	 1.005780000000000e-05 -8.931400000000001e-06  0.000000000000000e+00	1.000000000000000e+00	8039	0	355
356	3.545374420328000e+02 9.943163600260000e+01 3.592584956082000e+02	 1.435587000000000e-04 -1.265300000000000e-06  0.000000000000000e+00	1.000000000000000e+00	8039	0	356
358	 1.059757594854000e+02 -5.373556083750000e+01 -1.762059468717000e+02	-3.193900000000000e-06 -5.531900000000000e-06  5.659500000000001e-06	1.000000000000000e+00	8039	0	358
359	2.118381569798000e+02 1.296234902338000e+02 1.011932472120000e+01	-5.181840000000000e-04 -8.975211000000000e-04  1.123231700000000e-03	1.000000000000000e+00	8039	0	359
362	 1.572708771449000e+02 -3.070397034995000e+02  5.829785587824000e+02	 1.243880000000000e-05 -2.055040000000000e-05  0.000000000000000e+00	1.000000000000000e+00	105	0	362
363	 3.199198089101000e+02 -2.109331522743000e+02  5.829785587824000e+02	 2.245540000000000e-05 -3.988090000000000e-05  0.000000000000000e+00	1.000000000000000e+00	105	0	363
364	 4.781689894695000e+02 -4.636883279566000e+02  2.286190426598000e+02	-3.111420000000000e-05  3.838700000000000e-06  0.000000000000000e+00	1.000000000000000e+00	8039	0	364
365	 4.958289053649000e+02 -2.875043850770000e+02  2.286190426598000e+02	-5.684880000000000e-05  4.162700000000000e-06  0.000000000000000e+00	1.000000000000000e+00	8039	0	365
367	5.884851302346000e+02 2.680337249633000e+02 2.286190426598000e+02	-6.840000000000000e-08  3.400000000000000e-08  0.000000000000000e+00	1.000000000000000e+00	8039	0	367
373	-7.488565766960000e+02 -1.959505764168000e+02 -1.159425144917000e+02	-3.015000000000000e-08  8.775000000000001e-09  0.000000000000000e+00	7.500000000000000e-01	661	0	373
374	-1.573048055416000e+02  5.068695314492000e+02 -1.159425144917000e+02	-1.237810000000000e-05  1.746220000000000e-05  0.000000000000000e+00	1.000000000000000e+00	661	0	374
375	-3.152525529062000e+02  3.892864549111000e+02 -1.159425144917000e+02	-1.120800000000000e-05  1.373310000000000e-05  0.000000000000000e+00	1.000000000000000e+00	661	0	375
376	-6.283304270600000e+02  5.239848059240000e+01 -4.164132562731000e+02	 5.094000000000000e-07 -4.202000000000000e-07  0.000000000000000e+00	1.000000000000000e+00	8039	0	376
377	-5.473030534344000e+02  1.506226064365000e+02 -4.164132562731000e+02	 5.508000000000000e-07 -4.543000000000000e-07  0.000000000000000e+00	1.000000000000000e+00	8039	0	377
378	-6.227087724887000e+02 -6.700602640705000e+02  1.077775486825000e+02	-1.868458000000000e-04  1.552360000000000e-05  0.000000000000000e+00	1.000000000000000e+00	23	0	378
379	-6.207171396927000e+02 -5.331525860801000e+02  1.077775486825000e+02	-1.884871000000000e-04 -4.959900000000001e-06  0.000000000000000e+00	1.000000000000000e+00	23	0	379
380	-6.318518010319000e+02  4.464823795932000e+02  1.077775486825000e+02	-3.550590000000000e-05  1.150900000000000e-06  0.000000000000000e+00	1.000000000000000e+00	23	0	380
381	-6.368103926751000e+02  2.125084336621000e+02  1.077775486825000e+02	-7.295880000000000e-05  7.566000000000000e-07  0.000000000000000e+00	1.000000000000000e+00	23	0	381
382	-5.193606437883000e+02 -4.687104682593000e+02 -1.894272067752000e+02	-1.547000000000000e-07  1.195000000000000e-07  0.000000000000000e+00	1.000000000000000e+00	27	0	382
383	-3.745262930049000e+02 -2.811737359452000e+02 -1.894272067752000e+02	-3.182000000000000e-07  2.459000000000000e-07  0.000000000000000e+00	1.000000000000000e+00	27	0	383
384	 2.050772813106000e+02  4.687674624103000e+02 -1.894272067752000e+02	-1.080000000000000e-07  8.350000000000000e-08  0.000000000000000e+00	1.000000000000000e+00	27	0	384
385	 6.017783981720000e+01  2.812810434467000e+02 -1.894272067752000e+02	-1.704000000000000e-07  1.317000000000000e-07  0.000000000000000e+00	1.000000000000000e+00	27	0	385
388	5.483433348026000e+02 1.612165585640000e+01 9.471360338760000e+01	 6.592800000000001e-06 -7.790700000000000e-06  0.000000000000000e+00	1.000000000000000e+00	8039	0	388
390	 1.311846966300000e+02 -4.688008739031000e+02  1.518683640526000e+02	-3.940000000000000e-07 -1.723000000000000e-07  0.000000000000000e+00	1.000000000000000e+00	8039	0	390
391	 4.946317955310001e+01 -2.812774941253000e+02  1.518683640526000e+02	-2.104000000000000e-07 -9.160000000000000e-08  0.000000000000000e+00	1.000000000000000e+00	8039	0	391
392	-2.772674866100000e+02  4.686544871956000e+02  1.518683640526000e+02	3.760000000000000e-08 1.790000000000000e-08 0.000000000000000e+00	1.000000000000000e+00	8039	0	392
393	-1.954012130427000e+02  2.812630190028000e+02  1.518683640526000e+02	1.122000000000000e-07 4.890000000000000e-08 0.000000000000000e+00	1.000000000000000e+00	8039	0	393
394	-5.642497356092000e+02  3.403479836873000e+02 -6.951211810190000e+02	-1.576000000000000e-07  0.000000000000000e+00 -2.254200000000000e-06	1.000000000000000e+00	8039	0	394
395	-4.271078715769000e+02  3.403479836873000e+02 -7.067427965737000e+02	-2.055000000000000e-07  0.000000000000000e+00 -2.070700000000000e-06	1.000000000000000e+00	8039	0	395
400	 5.075725378484000e+02 -6.816876320172000e+02 -4.821720630557000e+02	-4.753300000000000e-06  8.233000000000001e-06  3.211700000000000e-06	1.000000000000000e+00	8039	0	400
401	 4.333917088789000e+02 -5.532026672945000e+02 -2.637123821077000e+02	-4.726687500000001e-06  8.186906250000000e-06  4.586850000000001e-06	5.625000000000000e-01	8039	0	401
402	-4.621229416592000e+02  6.485862226511000e+02 -6.793251553319001e+02	-1.109770000000000e-05 -2.407290000000000e-05  0.000000000000000e+00	1.000000000000000e+00	8039	0	402
403	-3.932422885016000e+02  6.157514367482000e+02 -6.793251553319001e+02	-1.251530000000000e-05 -2.558950000000000e-05  0.000000000000000e+00	1.000000000000000e+00	8039	0	403
406	 4.973472203971000e+02 -4.289915210244000e+02  1.469693845670000e+01	 2.436620000000000e-05 -2.432600000000000e-06  0.000000000000000e+00	1.000000000000000e+00	5009	0	406
407	 5.173283105895000e+02 -1.658715848045000e+02  1.469693845670000e+01	 7.663930000000000e-05 -4.477600000000000e-06  0.000000000000000e+00	1.000000000000000e+00	5009	0	407
408	5.445810838254000e+02 6.022261515314000e+02 1.469693845670000e+01	 3.237290000000000e-05 -5.780800000000001e-06  0.000000000000000e+00	1.000000000000000e+00	5009	0	408
409	5.269353960981000e+02 5.017588532994000e+02 1.469693845670000e+01	 5.465020000000000e-05 -6.348000000000000e-06  0.000000000000000e+00	1.000000000000000e+00	5009	0	409
412	 1.665045498492000e+02 -5.267190002041000e+02  9.471360338760000e+01	-5.317000000000000e-07  4.003000000000000e-07  0.000000000000000e+00	1.000000000000000e+00	8039	0	412
413	 2.472050233246000e+02 -3.771576509287000e+02  9.471360338760000e+01	 8.731000000000001e-07 -4.043000000000000e-07  0.000000000000000e+00	1.000000000000000e+00	8039	0	413
414	 3.483277697935000e+02 -4.058522839024000e+02  3.592584956082000e+02	 5.478370000000000e-05 -1.659100000000000e-06  0.000000000000000e+00	1.000000000000000e+00	8039	0	414
415	 3.522793718768000e+02 -1.414973847512000e+02  3.592584956082000e+02	 1.020790000000000e-04 -1.009800000000000e-06  0.000000000000000e+00	1.000000000000000e+00	8039	0	415
416	-8.132625707990000e+01  6.910882722200000e+02  3.592584956082000e+02	0.000000000000000e+00 0.000000000000000e+00 0.000000000000000e+00	1.000000000000000e+00	8039	0	416
418	-1.457296097143000e+02 -4.897020488292000e+02 -4.279536747260000e+02	 9.500000000000000e-08  1.645000000000000e-07 -5.490000000000001e-07	1.000000000000000e+00	8039	0	418
419	-1.887502897800000e+01 -2.699834698211000e+02 -3.252455830694000e+02	 7.882200000000001e-06  1.365240000000000e-05 -3.201550000000000e-05	1.000000000000000e+00	8039	0	419
420	3.729773229102000e+02 4.087247127146000e+02 4.424324019051000e+02	 2.477067000000000e-04  4.290406000000000e-04 -6.741947000000001e-04	1.000000000000000e+00	8039	0	420
421	3.143754728667000e+02 3.072233310216000e+02 1.891584637598000e+02	-1.533361000000000e-04 -2.655859000000000e-04  9.899228000000001e-04	1.000000000000000e+00	8039	0	421
424	4.522548525855000e+02 6.615120117967000e+02 3.804874067123000e+02	1.251500000000000e-06 4.331000000000000e-07 0.000000000000000e+00	1.000000000000000e+00	8006	0	424
426	-1.656378225162000e+02 -5.079281793190000e+02  5.829785587824000e+02	-1.577200000000000e-05  2.373550000000000e-05  0.000000000000000e+00	1.000000000000000e+00	105	0	426
427	-4.410464828500000e+00 -4.057277411586000e+02  5.829785587824000e+02	-1.551200000000000e-06  2.469100000000000e-06  0.000000000000000e+00	1.000000000000000e+00	105	0	427
428	 6.391202374389001e+02 -2.548329650260000e+01  5.829785587824000e+02	 3.056210000000000e-05 -5.002610000000000e-05  0.000000000000000e+00	1.000000000000000e+00	105	0	428
429	 4.878989940494000e+02 -1.206500612785000e+02  5.829785587824000e+02	 3.402830000000000e-05 -5.638160000000000e-05  0.000000000000000e+00	1.000000000000000e+00	105	0	429
430	-2.379015389224000e+02  5.497750137021001e+02 -4.164132562731000e+02	-1.406000000000000e-06  5.571000000000000e-07  0.000000000000000e+00	1.000000000000000e+00	8039	0	430
431	-3.046994280522000e+02  4.454107040695000e+02 -4.164132562731000e+02	 1.316250000000000e-07 -1.072125000000000e-07  0.000000000000000e+00	5.625000000000000e-01	8039	0	431
432	-2.493887879658000e+02  6.910882722200000e+02 -3.860538435131000e+02	1.060910500000000e-03 0.000000000000000e+00 7.181470000000001e-05	1.000000000000000e+00	8039	0	432
433	-4.404327263933000e+02  6.910882722200000e+02 -1.670167137960000e+01	-1.442645000000000e-04  0.000000000000000e+00  2.941048000000000e-04	1.000000000000000e+00	8039	0	433
434	6.622434948471000e+02 1.119338172973000e+02 9.471360338760000e+01	 1.138350000000000e-05 -1.450330000000000e-05  0.000000000000000e+00	1.000000000000000e+00	8039	0	434
436	 4.902427467524000e+02  4.516448110670000e+02 -6.469160596676001e+02	 1.089000000000000e-07 -1.885000000000000e-07 -9.569000000000001e-07	1.000000000000000e+00	0	0	436
438	5.120975276463000e+02 6.496879756768001e+02 5.742805644953000e+02	 2.841300000000000e-06  4.921300000000000e-06 -2.541550000000000e-05	1.000000000000000e+00	8039	0	438
439	 1.346118472458000e+02 -4.136401906400000e+00 -1.302828816565000e+02	-1.250056000000000e-04 -2.165161000000000e-04  2.851540000000000e-04	1.000000000000000e+00	8039	0	439
440	 1.881437781883000e+02  8.858362231310001e+01 -3.393375332580000e+01	-4.410874000000000e-04 -7.639858000000001e-04  9.523075000000001e-04	1.000000000000000e+00	8039	0	440
441	-1.141998777900000e+02 -4.350909511873000e+02 -4.055451716975000e+02	 5.972000000000000e-07  1.034400000000000e-06 -3.129100000000000e-06	1.000000000000000e+00	8039	0	441
442	-5.084742096230000e+01 -3.253612771775000e+02 -3.546042122933000e+02	 5.248800000000000e-06  9.091300000000001e-06 -2.383920000000000e-05	1.000000000000000e+00	8039	0	442
444	5.700127018922000e+02 7.500000000000000e+02 3.592584956082000e+02	 0.000000000000000e+00 -0.000000000000000e+00  0.000000000000000e+00	1.000000000000000e+00	8039	1	444
445	-2.391557179780000e+02 -6.515208150954001e+02 -4.732245995966000e+02	-1.890000000000000e-08 -3.280000000000000e-08  2.478000000000000e-07	1.000000000000000e+00	8039	0	445
446	-1.773161600035000e+02 -5.444115587660000e+02 -4.468612548407000e+02	-3.200000000000000e-09 -5.600000000000001e-09  2.950000000000000e-08	1.000000000000000e+00	8039	0	446
447	4.548482992100000e+02 5.505294033311001e+02 5.386196764642000e+02	 6.348200000000000e-06  1.099550000000000e-05 -3.191810000000000e-05	1.000000000000000e+00	8039	0	447
448	3.998548685317000e+02 4.552779873137000e+02 4.804739006132000e+02	-1.758560000000000e-05 -3.045910000000000e-05  5.044410000000000e-05	1.000000000000000e+00	8039	0	448
449	 7.626261047060001e+01 -1.052002445840000e+02 -2.179758212041000e+02	 1.804750000000000e-05  3.125910000000000e-05 -5.378900000000000e-05	1.000000000000000e+00	8039	0	449
450	 1.295424243290000e+01 -2.148535545696000e+02 -2.924300958121000e+02	 1.078870000000000e-05  1.868660000000000e-05 -4.006740000000000e-05	1.000000000000000e+00	8039	0	450
451	2.349677669676000e+02 1.696851498919000e+02 5.252229270600000e+01	-5.373241000000000e-04 -9.306726000000000e-04  1.187570600000000e-03	1.000000000000000e+00	8039	0	451
452	2.784816468463000e+02 2.450534006764000e+02 1.289655264035000e+02	-4.443290000000000e-04 -7.696004000000000e-04  1.046979300000000e-03	1.000000000000000e+00	8039	0	452
453	 3.291557542947000e+02 -7.021537264695000e+02  3.592584956082000e+02	 3.444500000000000e-06 -4.026000000000000e-07  0.000000000000000e+00	1.000000000000000e+00	8039	0	453
455	-3.765608772665000e+02 -3.716303407421000e+02  6.349170319073000e+02	 5.627600000000000e-06  9.747200000000000e-06 -1.968320000000000e-05	1.000000000000000e+00	491	0	455
459	 3.391855549801000e+02 -5.956293574649001e+02  3.592584956082000e+02	 2.200730000000000e-05 -1.497000000000000e-06  0.000000000000000e+00	1.000000000000000e+00	8039	0	459
460	3.554719713893000e+02 1.493490286594000e+02 3.592584956082000e+02	 1.190297000000000e-04 -2.208000000000000e-07  0.000000000000000e+00	1.000000000000000e+00	8039	0	460
465	 4.262654243250000e+01  6.384249525648000e+02 -1.159425144917000e+02	 1.910000000000000e-08 -4.020000000000000e-08  0.000000000000000e+00	1.000000000000000e+00	661	0	465
468	-6.433596349430001e+02  9.067273271060000e+01  6.580962442277000e+02	-8.340820000000000e-05 -1.647000000000000e-07  0.000000000000000e+00	1.000000000000000e+00	1105	0	468
471	 3.458678833937000e+02 -4.734645633763000e+02  3.592584956082000e+02	 4.299220000000000e-05 -1.789600000000000e-06  0.000000000000000e+00	1.000000000000000e+00	8039	0	471
479	7.497683574648000e+02 5.715767664980000e+01 6.580962442277000e+02	 1.589625000000000e-06 -1.823702343750000e-06  0.000000000000000e+00	3.164062500000000e-01	1105	0	479
483	 5.033210812040000e+02 -3.692105297861000e+02  1.469693845670000e+01	 3.710420000000000e-05 -3.136900000000000e-06  0.000000000000000e+00	1.000000000000000e+00	5009	0	483
484	-5.636739082900000e+02  1.011539334345000e+02  6.580962442277000e+02	-5.866350000000001e-05  2.780690000000000e-05  0.000000000000000e+00	1.000000000000000e+00	1105	0	484
486	-3.698351876431000e+02 -6.458855141687001e+02  5.829785587824000e+02	-2.984950000000000e-05  4.665960000000000e-05  0.000000000000000e+00	1.000000000000000e+00	105	0	486
487	5.196490283374001e+02 6.627675585473000e+02 2.286190426598000e+02	1.584105342407227e-05 2.743750612792969e-05 0.000000000000000e+00	1.334838867187500e-01	8039	0	487
488	 4.621097799182000e+02  5.003725389915000e+02 -6.602246254019000e+02	 5.770000000000000e-08 -1.000000000000000e-07 -4.618000000000000e-07	1.000000000000000e+00	0	0	488
490	5.040468683009000e+02 5.334752518123000e+02 3.804874067123000e+02	1.369220000000000e-05 8.942700000000000e-06 0.000000000000000e+00	1.000000000000000e+00	8006	0	490
491	-5.208285173850001e+02 -6.215092233154000e+02  4.308495513789000e+02	 2.741200000000000e-06  4.747900000000000e-06 -1.860650000000000e-05	1.000000000000000e+00	491	0	491
494	 7.967631115300001e+00 -6.862434960996001e+02  9.471360338760000e+01	 1.623300000000000e-06 -1.758900000000000e-06  0.000000000000000e+00	1.000000000000000e+00	8039	0	494
495	 5.131097604329000e+02 -2.435227420211000e+02  1.469693845670000e+01	 6.157740000000000e-05 -3.857700000000000e-06  0.000000000000000e+00	1.000000000000000e+00	5009	0	495
496	 3.413763526377000e+02 -7.008287151754000e+02 -3.202847502900000e+00	1.330390000000000e-05 2.304300000000000e-05 1.283483000000000e-04	1.000000000000000e+00	8039	0	496
497	-4.723820806078000e+02 -5.375975333717000e+02  5.077358390891000e+02	 7.551100000000000e-06  1.307880000000000e-05 -2.058170000000000e-05	1.000000000000000e+00	491	0	497
499	 5.031837339018000e+02 -4.205701097862000e+02 -2.692010188151000e+02	1.410000000000000e-08 2.440000000000000e-08 5.609000000000000e-07	1.000000000000000e+00	8039	0	499
501	-4.917453063773000e+02  1.051730231500000e+02  6.580962442277000e+02	-2.174100000000000e-05  4.729290000000000e-05  0.000000000000000e+00	1.000000000000000e+00	1105	0	501
503	-4.245511763979000e+02  1.056104877276000e+02  6.580962442277000e+02	3.017000000000000e-06 6.246070000000000e-05 0.000000000000000e+00	1.000000000000000e+00	1105	0	503
505	5.313145320471000e+02 1.199552128215000e+02 2.286190426598000e+02	-5.622000000000000e-07  3.180000000000000e-08  0.000000000000000e+00	1.000000000000000e+00	8039	0	505
507	-5.690720324548000e+02 -7.050694425520001e+02  3.293695730869000e+02	-2.682700000000000e-06 -4.646600000000001e-06 -2.402840000000000e-05	1.000000000000000e+00	491	0	507
512	 9.218541392080000e+01  6.682803905313000e+02 -1.159425144917000e+02	 3.313300000000000e-06 -5.661500000000000e-06  0.000000000000000e+00	1.000000000000000e+00	661	0	512
519	-3.543231586065000e+02  1.032149234573000e+02  6.580962442277000e+02	-4.991800000000000e-06  7.931710000000001e-05  0.000000000000000e+00	1.000000000000000e+00	1105	0	519
521	-5.942700297529000e+02 -7.487136541214001e+02  2.420955293527000e+02	 2.664562500000000e-07  4.615312500000000e-07 -1.499118750000000e-06	5.625000000000000e-01	491	0	521
523	 4.972341179500000e+01  6.910882722200000e+02 -6.306926205339000e+02	-1.085700000000000e-06  0.000000000000000e+00 -2.018700000000000e-06	1.000000000000000e+00	8039	0	523
527	5.185746649567000e+02 2.215849303960000e+02 1.469693845670000e+01	1.458273000000000e-04 3.746900000000000e-06 0.000000000000000e+00	1.000000000000000e+00	5009	0	527
529	-3.515240809691000e+02 -3.282653374963000e+02  6.610974860042001e+02	 4.294200000000000e-06  7.437800000000000e-06 -1.739740000000000e-05	1.000000000000000e+00	491	0	529
530	-5.357688942917000e+02  6.910882722200000e+02  5.161248607060000e+02	-5.309600000000000e-06  0.000000000000000e+00 -5.832700000000000e-06	1.000000000000000e+00	8039	0	530
531	5.370078467199000e+02 6.928339139450001e+02 5.838097741888000e+02	 1.859200000000000e-06  3.220300000000000e-06 -2.702000000000000e-05	1.000000000000000e+00	8039	0	531
535	 4.338130798670000e+02  5.493838611667001e+02 -6.751469163601000e+02	-8.448000000000002e-07  1.463175000000000e-06  5.626050000000000e-06	7.500000000000000e-01	0	0	535
537	-2.886343031854000e+02  9.861652179000001e+01  6.580962442277000e+02	5.176300000000000e-06 9.560240000000000e-05 0.000000000000000e+00	1.000000000000000e+00	1105	0	537
538	-6.372179747319000e+02  1.517196047348000e+02  1.077775486825000e+02	-8.270560000000000e-05  1.816000000000000e-07  0.000000000000000e+00	1.000000000000000e+00	23	0	538
540	-7.104254641934000e+02 -6.582750117827001e+02 -1.159425144917000e+02	3.595000000000000e-06 5.149000000000000e-06 0.000000000000000e+00	1.000000000000000e+00	661	0	540
545	-2.251142437466000e+02  9.228272119560000e+01  6.580962442277000e+02	7.661700000000000e-06 1.131305000000000e-04 0.000000000000000e+00	1.000000000000000e+00	1105	0	545
547	-6.298880761386000e+02 -2.263670916829000e+02  1.077775486825000e+02	-1.379003000000000e-04 -4.629100000000000e-06  0.000000000000000e+00	1.000000000000000e+00	23	0	547
553	5.215278785459000e+02 8.770249876350000e+01 1.469693845670000e+01	1.298565000000000e-04 4.637900000000000e-06 0.000000000000000e+00	1.000000000000000e+00	5009	0	553
560	-7.316864551082000e+02 -6.166667766568000e+02 -1.159425144917000e+02	3.437400000000000e-06 3.761400000000000e-06 0.000000000000000e+00	1.000000000000000e+00	661	0	560
566	-6.340763039483001e+02 -9.494230031960001e+01  1.077775486825000e+02	-1.202189000000000e-04 -3.234500000000000e-06  0.000000000000000e+00	1.000000000000000e+00	23	0	566
567	-6.365529722598001e+02  2.810074687510000e+01  1.077775486825000e+02	-1.022157000000000e-04 -1.341500000000000e-06  0.000000000000000e+00	1.000000000000000e+00	23	0	567
568	-1.612903990630000e+02  8.448479949730000e+01  6.580962442277000e+02	1.459380000000000e-05 1.314974000000000e-04 0.000000000000000e+00	1.000000000000000e+00	1105	0	568
571	-5.348663672820001e+02  1.925716106683000e+02 -1.159425144917000e+02	5.708900000000001e-06 1.423000000000000e-06 0.000000000000000e+00	1.000000000000000e+00	661	0	571
572	-3.674817729028000e+02  6.910882722200000e+02  1.518683640526000e+02	-1.778231250000000e-06 -7.854187500000001e-07  1.010306250000000e-06	5.625000000000000e-01	8039	0	572
582	-4.163936023833000e+02 -6.745946208333000e+02  5.829785587824000e+02	-3.115650000000000e-05  5.207100000000000e-05  0.000000000000000e+00	1.000000000000000e+00	105	0	582
583	-9.832154120980000e+01  7.589436708150001e+01  6.580962442277000e+02	2.137590000000000e-05 1.501516000000000e-04 0.000000000000000e+00	1.000000000000000e+00	1105	0	583
585	 4.050940546319000e+02  5.991266720177000e+02 -6.923245459112001e+02	-2.637700000000000e-06  4.568700000000000e-06  2.356200000000000e-06	1.000000000000000e+00	0	0	585
589	 1.428147852591000e+02  6.972577364569000e+02 -1.159425144917000e+02	 6.122100000000000e-06 -1.110340000000000e-05  0.000000000000000e+00	1.000000000000000e+00	661	0	589
595	5.324263002337000e+02 4.912710783254000e+02 3.804874067123000e+02	6.733900000000000e-06 5.264400000000000e-06 0.000000000000000e+00	1.000000000000000e+00	8006	0	595
598	 9.623619883620000e+01  6.910882722200000e+02 -6.585189423046000e+02	-2.077600000000000e-06  0.000000000000000e+00 -3.586500000000000e-06	1.000000000000000e+00	8039	0	598
600	-3.646176752160000e+01  6.676865415320000e+01  6.580962442277000e+02	2.736740000000000e-05 1.687862000000000e-04 0.000000000000000e+00	1.000000000000000e+00	1105	0	600
602	-4.345508683647000e+02  6.910882722200000e+02  4.732016603240000e+01	-8.141680000000001e-05  0.000000000000000e+00 -8.497500000000000e-06	1.000000000000000e+00	8039	0	602
610	-5.688779583777000e+02  6.910882722200000e+02  5.528280817535000e+02	-3.259900000000000e-06  0.000000000000000e+00 -3.556300000000000e-06	1.000000000000000e+00	8039	0	610
611	-6.254966752146000e+02 -3.597655500036000e+02  1.077775486825000e+02	-1.579691000000000e-04 -4.819600000000000e-06  0.000000000000000e+00	1.000000000000000e+00	23	0	611
615	 4.300000000000000e+02 -5.473280551918000e+02 -2.606506917860000e+02	0.000000000000000e+00 0.000000000000000e+00 0.000000000000000e+00	1.000000000000000e+00	8039	0	615
616	-3.253940979891000e+02 -2.830068793741000e+02  6.847094403272000e+02	 3.068000000000000e-06  5.313900000000000e-06 -1.450100000000000e-05	1.000000000000000e+00	491	0	616
618	2.380479474830000e+01 5.706329217490000e+01 6.580962442277000e+02	3.399510000000000e-05 1.870582000000000e-04 0.000000000000000e+00	1.000000000000000e+00	1105	0	618
620	 3.759340486510000e+02  6.496332839256000e+02 -7.066007168773000e+02	-4.144269225311279e-06  7.178080991363525e-06  5.421189434051514e-07	7.508468627929688e-02	0	0	620
625	-6.165633418510000e+02  8.778019879890000e+01 -1.159425144917000e+02	-1.327680000000000e-05 -1.201970000000000e-05  0.000000000000000e+00	1.000000000000000e+00	661	0	625
627	 5.231640601501000e+02 -6.919013643755001e+02  2.286190426598000e+02	2.338100000000000e-06 1.444400000000000e-06 0.000000000000000e+00	1.000000000000000e+00	8039	0	627
630	-3.329704351793000e+02  6.910882722200000e+02  1.808278892914000e+02	-1.060440000000000e-05  0.000000000000000e+00 -3.268600000000000e-06	1.000000000000000e+00	8039	0	630
631	8.258114697870000e+01 4.652200274730000e+01 6.580962442277000e+02	4.212080000000000e-05 2.048107000000000e-04 0.000000000000000e+00	1.000000000000000e+00	1105	0	631
639	 1.465518318268000e+02  6.910882722200000e+02 -6.846859654682000e+02	-7.400000000000000e-07  0.000000000000000e+00 -1.480800000000000e-06	1.000000000000000e+00	8039	0	639
646	 3.499483028007000e+02 -3.412932422338000e+02  3.592584956082000e+02	 6.636210000000001e-05 -1.297600000000000e-06  0.000000000000000e+00	1.000000000000000e+00	8039	0	646
647	 3.515802876224000e+02 -2.120023748752000e+02  3.592584956082000e+02	 8.981320000000000e-05 -9.081000000000000e-07  0.000000000000000e+00	1.000000000000000e+00	8039	0	647
655	 1.952646397482000e+02  7.248924188559000e+02 -1.159425144917000e+02	 6.648500000000000e-06 -1.336950000000000e-05  0.000000000000000e+00	1.000000000000000e+00	661	0	655
660	-4.639214110364000e+02 -7.022310246497000e+02  5.829785587824000e+02	-3.120930000000000e-05  5.630210000000000e-05  0.000000000000000e+00	1.000000000000000e+00	105	0	660
664	1.412459896996000e+02 3.462215160490000e+01 6.580962442277000e+02	5.028380000000000e-05 2.224830000000000e-04 0.000000000000000e+00	1.000000000000000e+00	1105	0	664
681	 3.359841204312000e+02  7.188285893610000e+02 -7.312839965655000e+02	-1.608927797412872e-06  2.786741851615906e-06 -2.728446101188660e-07	5.631351470947266e-02	0	0	681
683	-7.339691427028000e+02 -1.446620387669000e+02 -1.159425144917000e+02	-1.095000000000000e-06  3.197000000000000e-06  0.000000000000000e+00	1.000000000000000e+00	661	0	683
688	-6.045406605330001e+02  6.910882722200000e+02  5.912821124171001e+02	-4.795000000000000e-07  0.000000000000000e+00 -2.150300000000000e-06	1.000000000000000e+00	8039	0	688
689	2.005846913894000e+02 2.094409112320000e+01 6.580962442277000e+02	5.700230000000000e-05 2.401102000000000e-04 0.000000000000000e+00	1.000000000000000e+00	1105	0	689
696	 4.690726386619000e+02 -4.796522598436000e+02 -2.659116157579000e+02	4.050000000000001e-08 7.017890625000000e-08 1.437876562500000e-06	3.164062500000000e-01	8039	0	696
703	2.602939299066000e+02 5.524725810800001e+00 6.580962442277000e+02	6.743690000000000e-05 2.552113000000000e-04 0.000000000000000e+00	1.000000000000000e+00	1105	0	703
707	 3.529071814770000e+02 -7.788918424460000e+01  3.592584956082000e+02	 1.111159000000000e-04 -1.400300000000000e-06  0.000000000000000e+00	1.000000000000000e+00	8039	0	707
708	 4.240473317380000e+02 -5.473280551918000e+02 -2.581421942324000e+02	-3.924544921875000e-07  0.000000000000000e+00 -1.146798632812500e-06	2.373046875000000e-01	8039	0	708
710	 3.244846026497000e+02 -1.246156026950000e+01  6.580962442277000e+02	7.873530000000000e-05 2.683945000000000e-04 0.000000000000000e+00	1.000000000000000e+00	1105	0	710
712	-3.340935261851000e+02  6.910882722200000e+02  2.133834024421000e+02	-1.625980000000000e-05  0.000000000000000e+00 -1.006330000000000e-05	1.000000000000000e+00	8039	0	712
714	 4.386513064635000e+02 -4.342071503800000e+01  6.580962442277000e+02	1.381692000000000e-04 2.675322000000000e-04 0.000000000000000e+00	1.000000000000000e+00	1105	0	714
715	 5.014215624310000e+02 -5.460700625410000e+01  6.580962442277000e+02	1.744043000000000e-04 2.444014000000000e-04 0.000000000000000e+00	1.000000000000000e+00	1105	0	715
717	 5.518728533313000e+02 -5.437760418460000e+01  6.580962442277000e+02	1.662223000000000e-04 2.036620000000000e-04 0.000000000000000e+00	1.000000000000000e+00	1105	0	717
718	-5.441792789199001e+02  6.848982363495001e+02 -6.793251553319001e+02	-8.299400000000001e-06 -1.881860000000000e-05  0.000000000000000e+00	1.000000000000000e+00	8039	0	718
720	 6.074835148948000e+02 -4.024221949290000e+01  6.580962442277000e+02	7.431100000000000e-05 1.183499000000000e-04 0.000000000000000e+00	1.000000000000000e+00	1105	0	720
722	 1.998259382594000e+02  6.910882722200000e+02 -7.087113241334000e+02	-1.205000000000000e-07  0.000000000000000e+00 -3.035000000000000e-07	1.000000000000000e+00	8039	0	722
724	-6.214928861935000e+02  7.159746080139000e+02 -6.793251553319001e+02	-1.818960000000000e-05 -7.061600000000000e-06  0.000000000000000e+00	1.000000000000000e+00	8039	0	724
728	 4.861316751095000e+02 -6.445509683954000e+02 -4.042368421979000e+02	-4.478950000000000e-05  7.757770000000000e-05  1.327786000000000e-04	1.000000000000000e+00	8039	0	728
729	6.870742995739000e+02 2.511317035100000e+00 6.580962442277000e+02	-3.542590000000000e-05 -7.316200000000000e-06  0.000000000000000e+00	1.000000000000000e+00	1105	0	729
733	5.855158858760000e+02 4.336869045505000e+02 3.804874067123000e+02	1.908300000000000e-06 2.051300000000000e-06 0.000000000000000e+00	1.000000000000000e+00	8006	0	733
737	-6.434665414699000e+02  6.910882722200000e+02  6.324388387613001e+02	-2.846500000000000e-06  0.000000000000000e+00  4.565100000000001e-06	1.000000000000000e+00	8039	0	737
740	-2.982383185361000e+02 -2.359716896424000e+02  7.055260475440000e+02	 1.947900000000000e-06  3.373900000000000e-06 -1.088520000000000e-05	1.000000000000000e+00	491	0	740
745	-7.341171652653001e+02  7.493391997088000e+02 -6.793251553319001e+02	-3.555400000000000e-06 -1.474200000000000e-06  0.000000000000000e+00	1.000000000000000e+00	8039	0	745
746	-9.054873933670001e+01  6.910882722200000e+02 -5.153761602258000e+02	1.153054000000000e-04 0.000000000000000e+00 8.034200000000000e-05	1.000000000000000e+00	8039	0	746
747	6.155525707404000e+02 4.078064352026000e+02 3.804874067123000e+02	5.581100000000000e-06 7.687700000000001e-06 0.000000000000000e+00	1.000000000000000e+00	8006	0	747
753	5.748091876531000e+02 4.093610248416000e+02 2.286190426598000e+02	-3.767444472656251e-05 -5.719693183593750e-05  0.000000000000000e+00	2.373046875000000e-01	8039	0	753
755	-2.754354346668000e+02  5.560117593574000e+02 -6.793251553319001e+02	 8.004900000000000e-06 -3.948210000000000e-05  0.000000000000000e+00	1.000000000000000e+00	8039	0	755
771	6.572520302405001e+02 3.791732226947000e+02 3.804874067123000e+02	-4.979500000000000e-06 -6.870300000000000e-06  0.000000000000000e+00	1.000000000000000e+00	8006	0	771
776	 2.560631811666000e+02  6.910882722200000e+02 -7.297485351521000e+02	-4.783000000000000e-07  0.000000000000000e+00 -1.303900000000000e-06	1.000000000000000e+00	8039	0	776
805	-1.119989470423000e+02  3.914416587343000e+02 -7.284911384383000e+02	 4.645046250000000e-05 -8.045455781250001e-05 -2.010466406250000e-05	4.218750000000000e-01	8039	0	805
828	-1.440408758439000e+02  3.403479836873000e+02 -7.446434509173000e+02	3.542247070312500e-06 0.000000000000000e+00 7.141209960937500e-07	2.373046875000000e-01	8039	0	828
864	-2.700413210448000e+02 -1.871330573665000e+02  7.232857030242001e+02	 9.392000000000000e-07  1.626700000000000e-06 -6.320200000000000e-06	1.000000000000000e+00	491	0	864
865	 4.026801537159000e+02 -5.473280551918000e+02 -2.233222630001000e+02	-1.082610000000000e-05  0.000000000000000e+00 -3.094500000000000e-06	1.000000000000000e+00	8039	0	865
909	-1.272672889664000e+02  6.910882722200000e+02  3.592584956082000e+02	0.000000000000000e+00 0.000000000000000e+00 0.000000000000000e+00	4.218750000000000e-01	8039	0	909
1000	-3.547415161755000e+02  6.910882722200000e+02  2.681247508078000e+02	-1.306890000000000e-05  0.000000000000000e+00 -2.197020000000000e-05	1.000000000000000e+00	8039	0	1000
1002	7.046297529562000e+02 3.439119382747000e+02 3.804874067123000e+02	-8.761000000000000e-06 -1.083160000000000e-05  0.000000000000000e+00	1.000000000000000e+00	8006	0	1002
1003	-4.386136879182000e+02  6.910882722200000e+02  3.986387934762000e+02	-2.257350000000000e-05  0.000000000000000e+00  1.031400000000000e-06	1.000000000000000e+00	8039	0	1003
1011	6.941732500066000e+02 2.750960005897000e+02 1.582860670892000e+02	 1.380150201959610e-05 -2.390490115957260e-05  4.667165550470352e-05	5.631351470947266e-02	8039	0	1011
1012	 3.887003280142000e+02 -5.473280551918000e+02 -1.694832417199000e+02	-2.971960000000000e-05  0.000000000000000e+00  1.768490000000000e-05	1.000000000000000e+00	8039	0	1012
1014	-3.323039024880000e+02  6.208268702742000e+02  1.518683640526000e+02	-1.164400000000000e-06 -4.360000000000000e-07  0.000000000000000e+00	1.000000000000000e+00	8039	0	1014
1015	-3.577044000550000e+02  6.863339450939001e+02  1.518683640526000e+02	-6.623000000000000e-07  6.627000000000000e-07  0.000000000000000e+00	1.000000000000000e+00	8039	0	1015
1020	-3.621118134681000e+02  6.864151461753000e+02  1.518683640526000e+02	-6.461900000000000e-06 -9.427000000000000e-07  0.000000000000000e+00	1.000000000000000e+00	8039	0	1020
1081	-5.163426161675001e+02 -7.275739033758000e+02  5.829785587824000e+02	-1.763330000000000e-05  4.267540000000000e-05  0.000000000000000e+00	1.000000000000000e+00	105	0	1081
1396	-4.191559345568000e+02  6.910882722200000e+02 -1.011208724337000e+02	-1.929917000000000e-04  0.000000000000000e+00  1.865242000000000e-04	1.000000000000000e+00	8039	0	1396
1705	 3.915098465942000e+02 -5.473280551918000e+02 -1.119703197030000e+02	-2.460120000000000e-05  0.000000000000000e+00  6.453600000000001e-05	1.000000000000000e+00	8039	0	1705
1759	5.294129750453001e+02 6.796792103278000e+02 2.396506614978000e+02	 2.484530000000000e-05  4.303330000000000e-05 -9.813340000000000e-05	1.000000000000000e+00	8039	0	1759
1801	-2.409277353217000e+02 -1.367068477036000e+02  7.374264830826000e+02	 3.760000000000000e-08  6.510000000000001e-08 -3.520000000000000e-07	1.000000000000000e+00	491	0	1801
1886	3.260211260688000e+02 3.273941940550000e+02 3.592584956082000e+02	4.381701000000000e-04 7.589328000000000e-04 0.000000000000000e+00	1.000000000000000e+00	8039	0	1886
2264	6.422274012823000e+02 3.650688498224000e+02 2.286190426598000e+02	-5.183220000000000e-05 -1.386307000000000e-04 -1.329730000000000e-05	1.000000000000000e+00	8039	0	2264
2820	-7.154517984010000e+02  7.241851413560001e+01  6.580962442277000e+02	2.127040000000000e-05 1.011350000000000e-05 0.000000000000000e+00	1.000000000000000e+00	1105	0	2820
2827	6.413715928386000e+02 3.665511535284000e+02 2.233290231986000e+02	 5.338482187500000e-05 -9.246525468750000e-05  7.260894843750000e-05	4.218750000000000e-01	8039	0	2827
2939	6.212299400082001e+02 3.224266001466000e+02 2.286190426598000e+02	-7.912000000000000e-07  4.132000000000000e-07  0.000000000000000e+00	1.000000000000000e+00	8039	0	2939
3478	3.348618316547000e+02 3.427067453046000e+02 2.286190426598000e+02	-5.562574000000000e-04 -9.634661000000000e-04  0.000000000000000e+00	1.000000000000000e+00	8039	0	3478
4128	-6.662127988893001e+02 -7.112436652610000e+02 -1.159425144917000e+02	 3.589630000000000e-05 -3.661510000000000e-05  0.000000000000000e+00	1.000000000000000e+00	661	0	4128
4210	 4.278235001021000e+02 -5.435582467859000e+02  5.617515811000001e+00	-1.650825000000000e-06  2.859300000000000e-06  9.615825000000000e-06	7.500000000000000e-01	8039	0	4210
4212	 3.775068942857000e+02 -6.382487813361000e+02  9.248273892000001e-01	2.945471000000000e-04 5.101706000000000e-04 1.022126000000000e-04	1.000000000000000e+00	8039	0	4212
4213	-3.293440697184000e+02  6.910882722200000e+02 -2.679531848939000e+02	4.855290000000000e-05 0.000000000000000e+00 3.328700000000000e-05	1.000000000000000e+00	8039	0	4213
4214	4.365622218253000e+02 7.257550350570000e+02 2.286190426598000e+02	-1.772988000000000e-04  2.632192000000000e-04  0.000000000000000e+00	1.000000000000000e+00	8039	0	4214
4217	7.301777546274001e+02 2.127343692850000e+02 1.135350426092000e+02	-1.076028750000000e-04  1.863736500000000e-04 -2.397955050000000e-03	7.500000000000000e-01	8039	0	4217
4220	 4.388127593306000e+02 -5.625922021072000e+02  8.263912591960000e+01	-3.228390000000000e-05  5.591740000000000e-05 -9.064400000000001e-05	1.000000000000000e+00	8039	0	4220
4223	-2.132473946364000e+02  5.065255193558000e+02 -6.793251553319001e+02	2.692377827355936e-05 2.631240705952384e-05 0.000000000000000e+00	1.781794801354408e-02	8039	0	4223
4224	-6.895039317135000e+02  6.910882722200000e+02  6.799183831363000e+02	-1.432364000000000e-04  0.000000000000000e+00  1.554953000000000e-04	1.000000000000000e+00	8039	0	4224
4225	-2.957541306154000e+02  6.910882722200000e+02 -3.216215469209000e+02	 2.227114000000000e-04  0.000000000000000e+00 -6.849510000000001e-05	1.000000000000000e+00	8039	0	4225
4230	6.602493862597000e+02 3.338538561882000e+02 1.963862111119000e+02	-4.186814000000000e-04  7.251774000000001e-04  6.247718000000000e-04	1.000000000000000e+00	8039	0	4230
4233	 5.390765397295000e+02 -7.362541639171001e+02 -6.229268203983000e+02	 7.524710000000000e-05 -1.303318000000000e-04 -4.253611000000000e-04	1.000000000000000e+00	8039	0	4233
4234	5.586781578426001e+02 7.303679938255000e+02 3.059277371250000e+02	1.705234000000000e-04 2.953552000000000e-04 5.106020000000000e-04	1.000000000000000e+00	8039	0	4234
4235	4.868247331405000e+02 6.812036640268000e+02 2.286190426598000e+02	 8.311882500000000e-05 -4.467909375000000e-05  0.000000000000000e+00	5.625000000000000e-01	8039	0	4235
4236	5.168504620047000e+02 4.345772175719000e+02 2.286190426598000e+02	 1.035480000000000e-04 -6.755300000000001e-05  0.000000000000000e+00	1.000000000000000e+00	8039	0	4236
4237	5.060996549527000e+02 5.981293731933000e+02 2.286190426598000e+02	2.873860000000000e-05 9.703800000000000e-06 0.000000000000000e+00	1.000000000000000e+00	8039	0	4237
4238	-1.477472498599000e+02  6.910882722200000e+02 -4.568155467395000e+02	-3.167787375000000e-04  0.000000000000000e+00  6.426655312500000e-04	5.625000000000000e-01	8039	0	4238
4240	5.053794193825000e+02 5.393900544552000e+02 2.286190426598000e+02	6.735500000000001e-05 7.333000000000000e-07 0.000000000000000e+00	1.000000000000000e+00	8039	0	4240
4244	4.625973543535000e+02 3.999497288305000e+02 2.286190426598000e+02	 3.025965000000000e-05 -4.696035000000001e-05  0.000000000000000e+00	7.500000000000000e-01	8039	0	4244
4245	4.096795432606000e+02 3.645636997881000e+02 2.286190426598000e+02	 1.540089000000000e-04 -5.359863000000000e-04  0.000000000000000e+00	1.000000000000000e+00	8039	0	4245
4246	3.476869514045000e+02 3.649205043245000e+02 4.054807320654000e+02	-6.547673000000000e-04 -1.134090300000000e-03 -2.131880400000000e-03	1.000000000000000e+00	8039	0	4246
0	 5.000000000000000e-01 -8.660254037844386e-01  0.000000000000000e+00	8.660254037844385e-01 5.000000000000000e-01 0.000000000000000e+00	5.632499999999998e+02 3.251925391210567e+02 0.000000000000000e+00	1	0	0.000000000000000e+00	0.000000000000000e+00	0.000000000000000e+00	9.362046487842817e+04
1	5.000000000000000e-01 8.660254037844386e-01 0.000000000000000e+00	0.000000000000000e+00 0.000000000000000e+00 1.000000000000000e+00	0.000000000000000e+00 0.000000000000000e+00 2.286190426597633e+02	1	0	0.000000000000000e+00	0.000000000000000e+00	0.000000000000000e+00	3.446649113581887e+05
3	-5.000000000000000e-01 -8.660254037844386e-01  0.000000000000000e+00	0.000000000000000e+00 0.000000000000000e+00 1.000000000000000e+00	0.000000000000000e+00 0.000000000000000e+00 6.580962442277471e+02	1	0	0.000000000000000e+00	0.000000000000000e+00	0.000000000000000e+00	1.210736514974700e+06
4	-1.000000000000000e+00  0.000000000000000e+00  0.000000000000000e+00	0.000000000000000e+00 0.000000000000000e+00 1.000000000000000e+00	-0.000000000000000e+00 -0.000000000000000e+00 -1.159425144917371e+02	1	0	0.000000000000000e+00	0.000000000000000e+00	0.000000000000000e+00	1.890635091942603e+06
7	-5.000000000000000e-01 -8.660254037844386e-01  0.000000000000000e+00	0.000000000000000e+00 0.000000000000000e+00 1.000000000000000e+00	-0.000000000000000e+00 -0.000000000000000e+00 -1.894272067752324e+02	1	0	0.000000000000000e+00	0.000000000000000e+00	0.000000000000000e+00	1.360775827910074e+06
9	-5.000000000000000e-01 -8.660254037844386e-01  0.000000000000000e+00	 8.660254037844385e-01 -5.000000000000000e-01  0.000000000000000e+00	-1.215000000000000e+02  7.014805770653952e+01 -0.000000000000000e+00	1	0	0.000000000000000e+00	0.000000000000000e+00	0.000000000000000e+00	2.462112312614721e+06
10	-5.000000000000000e-01  8.660254037844386e-01  0.000000000000000e+00	8.660254037844385e-01 5.000000000000000e-01 0.000000000000000e+00	-1.409999999999999e+02 -8.140638795573722e+01 -0.000000000000000e+00	1	0	0.000000000000000e+00	0.000000000000000e+00	0.000000000000000e+00	2.365311586648039e+03
12	1.000000000000000e+00 0.000000000000000e+00 0.000000000000000e+00	 0.000000000000000e+00 -1.000000000000000e+00  0.000000000000000e+00	0.000000000000000e+00 2.381569860407206e+02 0.000000000000000e+00	1	0	0.000000000000000e+00	0.000000000000000e+00	0.000000000000000e+00	2.250000000000000e+06
13	 5.000000000000000e-01 -8.660254037844386e-01  0.000000000000000e+00	0.000000000000000e+00 0.000000000000000e+00 1.000000000000000e+00	0.000000000000000e+00 0.000000000000000e+00 1.518683640525570e+02	1	0	0.000000000000000e+00	0.000000000000000e+00	0.000000000000000e+00	1.230653641977703e+06
15	5.000000000000000e-01 8.660254037844386e-01 0.000000000000000e+00	 8.660254037844385e-01 -5.000000000000000e-01  0.000000000000000e+00	 5.594999999999998e+02 -3.230274756115955e+02  0.000000000000000e+00	1	0	0.000000000000000e+00	0.000000000000000e+00	0.000000000000000e+00	4.787890825397072e+05
18	-5.000000000000000e-01 -8.660254037844386e-01  0.000000000000000e+00	0.000000000000000e+00 0.000000000000000e+00 1.000000000000000e+00	0.000000000000000e+00 0.000000000000000e+00 1.469693845669907e+01	1	0	0.000000000000000e+00	0.000000000000000e+00	0.000000000000000e+00	3.527842177728739e+05
21	-5.000000000000000e-01 -8.660254037844386e-01  0.000000000000000e+00	0.000000000000000e+00 0.000000000000000e+00 1.000000000000000e+00	0.000000000000000e+00 0.000000000000000e+00 3.592584956081994e+02	1	0	0.000000000000000e+00	0.000000000000000e+00	0.000000000000000e+00	1.353232782214891e+03
22	-5.000000000000000e-01 -8.660254037844386e-01  0.000000000000000e+00	 8.660254037844385e-01 -5.000000000000000e-01  0.000000000000000e+00	 1.027500000000000e+02 -5.932274015923404e+01  0.000000000000000e+00	1	0	0.000000000000000e+00	0.000000000000000e+00	0.000000000000000e+00	1.198738823818648e+06
24	5.000000000000000e-01 8.660254037844386e-01 0.000000000000000e+00	 8.660254037844385e-01 -5.000000000000000e-01  0.000000000000000e+00	 7.694999999999998e+02 -4.442710321414170e+02  0.000000000000000e+00	1	0	0.000000000000000e+00	0.000000000000000e+00	0.000000000000000e+00	2.360965621135304e+05
25	-5.000000000000000e-01  8.660254037844386e-01  0.000000000000000e+00	8.660254037844385e-01 5.000000000000000e-01 0.000000000000000e+00	-8.017499999999998e+02 -4.628905783227824e+02 -0.000000000000000e+00	1	0	0.000000000000000e+00	0.000000000000000e+00	0.000000000000000e+00	1.974568915210525e+05
26	1.000000000000000e+00 0.000000000000000e+00 0.000000000000000e+00	0.000000000000000e+00 0.000000000000000e+00 1.000000000000000e+00	0.000000000000000e+00 0.000000000000000e+00 5.829785587823964e+02	1	0	0.000000000000000e+00	0.000000000000000e+00	0.000000000000000e+00	5.198979277007480e+05
27	 5.000000000000000e-01 -8.660254037844386e-01  0.000000000000000e+00	 0.000000000000000e+00  0.000000000000000e+00 -1.000000000000000e+00	0.000000000000000e+00 0.000000000000000e+00 6.580962442277471e+02	1	0	0.000000000000000e+00	0.000000000000000e+00	0.000000000000000e+00	2.023921841892977e+04
28	1.000000000000000e+00 0.000000000000000e+00 0.000000000000000e+00	0.000000000000000e+00 0.000000000000000e+00 1.000000000000000e+00	0.000000000000000e+00 0.000000000000000e+00 2.286190426597633e+02	1	0	0.000000000000000e+00	0.000000000000000e+00	0.000000000000000e+00	2.586898689099190e+04
29	1.000000000000000e+00 0.000000000000000e+00 0.000000000000000e+00	 0.000000000000000e+00 -1.000000000000000e+00  0.000000000000000e+00	0.000000000000000e+00 5.715767664977295e+01 0.000000000000000e+00	1	0	0.000000000000000e+00	0.000000000000000e+00	0.000000000000000e+00	2.112144366341550e+06
43	5.000000000000000e-01 8.660254037844386e-01 0.000000000000000e+00	 0.000000000000000e+00  0.000000000000000e+00 -1.000000000000000e+00	-0.000000000000000e+00 -0.000000000000000e+00 -1.159425144917371e+02	1	0	0.000000000000000e+00	0.000000000000000e+00	0.000000000000000e+00	2.365572805240279e+03
55	-1.000000000000000e+00  0.000000000000000e+00  0.000000000000000e+00	0.000000000000000e+00 0.000000000000000e+00 1.000000000000000e+00	-0.000000000000000e+00 -0.000000000000000e+00 -4.262112152442729e+02	1	0	0.000000000000000e+00	0.000000000000000e+00	0.000000000000000e+00	5.561965327410026e+04
66	-5.000000000000000e-01 -8.660254037844386e-01  0.000000000000000e+00	0.000000000000000e+00 0.000000000000000e+00 1.000000000000000e+00	0.000000000000000e+00 0.000000000000000e+00 1.077775486824598e+02	1	0	0.000000000000000e+00	0.000000000000000e+00	0.000000000000000e+00	2.068914748165357e+06
76	-1.000000000000000e+00  0.000000000000000e+00  0.000000000000000e+00	0.000000000000000e+00 0.000000000000000e+00 1.000000000000000e+00	0.000000000000000e+00 0.000000000000000e+00 2.286190426597633e+02	1	0	0.000000000000000e+00	0.000000000000000e+00	0.000000000000000e+00	6.824979007681854e+02
106	-1.000000000000000e+00  0.000000000000000e+00  0.000000000000000e+00	 0.000000000000000e+00 -1.000000000000000e+00  0.000000000000000e+00	-0.000000000000000e+00 -5.473280551917652e+02 -0.000000000000000e+00	1	0	0.000000000000000e+00	0.000000000000000e+00	0.000000000000000e+00	6.854493829018356e+03
107	 5.000000000000000e-01 -8.660254037844386e-01  0.000000000000000e+00	0.000000000000000e+00 0.000000000000000e+00 1.000000000000000e+00	0.000000000000000e+00 0.000000000000000e+00 3.804874067123203e+02	1	0	0.000000000000000e+00	0.000000000000000e+00	0.000000000000000e+00	2.156132280560784e+06
108	5.000000000000000e-01 8.660254037844386e-01 0.000000000000000e+00	0.000000000000000e+00 0.000000000000000e+00 1.000000000000000e+00	-0.000000000000000e+00 -0.000000000000000e+00 -4.164132562731402e+02	1	0	0.000000000000000e+00	0.000000000000000e+00	0.000000000000000e+00	1.972393218925989e+06
113	 5.000000000000000e-01 -8.660254037844386e-01  0.000000000000000e+00	0.000000000000000e+00 0.000000000000000e+00 1.000000000000000e+00	-0.000000000000000e+00 -0.000000000000000e+00 -6.793251553318680e+02	1	0	0.000000000000000e+00	0.000000000000000e+00	0.000000000000000e+00	1.250536994687971e+06
208	1.000000000000000e+00 0.000000000000000e+00 0.000000000000000e+00	 0.000000000000000e+00 -1.000000000000000e+00  0.000000000000000e+00	0.000000000000000e+00 3.403479836872843e+02 0.000000000000000e+00	1	0	0.000000000000000e+00	0.000000000000000e+00	0.000000000000000e+00	2.541946535541207e+04
243	 5.000000000000000e-01 -8.660254037844386e-01  0.000000000000000e+00	0.000000000000000e+00 0.000000000000000e+00 1.000000000000000e+00	0.000000000000000e+00 0.000000000000000e+00 3.592584956081994e+02	1	0	0.000000000000000e+00	0.000000000000000e+00	0.000000000000000e+00	0.000000000000000e+00
246	1.000000000000000e+00 0.000000000000000e+00 0.000000000000000e+00	0.000000000000000e+00 0.000000000000000e+00 1.000000000000000e+00	0.000000000000000e+00 0.000000000000000e+00 3.592584956081994e+02	1	0	0.000000000000000e+00	0.000000000000000e+00	0.000000000000000e+00	0.000000000000000e+00
248	1.000000000000000e+00 0.000000000000000e+00 0.000000000000000e+00	0.000000000000000e+00 0.000000000000000e+00 1.000000000000000e+00	0.000000000000000e+00 0.000000000000000e+00 3.592584956081994e+02	1	0	0.000000000000000e+00	0.000000000000000e+00	0.000000000000000e+00	0.000000000000000e+00
297	-1.000000000000000e+00  0.000000000000000e+00  0.000000000000000e+00	0.000000000000000e+00 1.000000000000000e+00 0.000000000000000e+00	0.000000000000000e+00 6.910882722199819e+02 0.000000000000000e+00	1	0	0.000000000000000e+00	0.000000000000000e+00	0.000000000000000e+00	0.000000000000000e+00
319	5.000000000000000e-01 8.660254037844386e-01 0.000000000000000e+00	0.000000000000000e+00 0.000000000000000e+00 1.000000000000000e+00	0.000000000000000e+00 0.000000000000000e+00 3.592584956081994e+02	1	0	0.000000000000000e+00	0.000000000000000e+00	0.000000000000000e+00	1.353232782214895e+03
320	-1.000000000000000e+00  0.000000000000000e+00  0.000000000000000e+00	 0.000000000000000e+00 -1.000000000000000e+00  0.000000000000000e+00	0.000000000000000e+00 6.910882722199819e+02 0.000000000000000e+00	1	0	0.000000000000000e+00	0.000000000000000e+00	0.000000000000000e+00	1.631813067573322e+06
321	-5.000000000000000e-01 -8.660254037844386e-01  0.000000000000000e+00	0.000000000000000e+00 0.000000000000000e+00 1.000000000000000e+00	0.000000000000000e+00 0.000000000000000e+00 3.592584956081994e+02	1	0	0.000000000000000e+00	0.000000000000000e+00	0.000000000000000e+00	5.616782749270693e+05
323	-5.000000000000000e-01 -8.660254037844386e-01  0.000000000000000e+00	 0.000000000000000e+00  0.000000000000000e+00 -1.000000000000000e+00	0.000000000000000e+00 0.000000000000000e+00 1.518683640525570e+02	1	0	0.000000000000000e+00	0.000000000000000e+00	0.000000000000000e+00	3.784593339976948e+01
324	1.000000000000000e+00 0.000000000000000e+00 0.000000000000000e+00	 0.000000000000000e+00  0.000000000000000e+00 -1.000000000000000e+00	0.000000000000000e+00 0.000000000000000e+00 1.518683640525570e+02	1	0	0.000000000000000e+00	0.000000000000000e+00	0.000000000000000e+00	3.784593339976948e+01
325	-1.000000000000000e+00  0.000000000000000e+00  0.000000000000000e+00	 0.000000000000000e+00  0.000000000000000e+00 -1.000000000000000e+00	0.000000000000000e+00 0.000000000000000e+00 1.518683640525570e+02	1	0	0.000000000000000e+00	0.000000000000000e+00	0.000000000000000e+00	3.784593339976948e+01
327	1.000000000000000e+00 0.000000000000000e+00 0.000000000000000e+00	0.000000000000000e+00 0.000000000000000e+00 1.000000000000000e+00	0.000000000000000e+00 0.000000000000000e+00 1.518683640525570e+02	1	0	0.000000000000000e+00	0.000000000000000e+00	0.000000000000000e+00	1.008017594867307e+01
337	 5.000000000000000e-01 -8.660254037844386e-01  0.000000000000000e+00	8.660254037844385e-01 5.000000000000000e-01 0.000000000000000e+00	8.549999999999997e+01 4.936344801571300e+01 0.000000000000000e+00	1	0	0.000000000000000e+00	0.000000000000000e+00	0.000000000000000e+00	2.420598109814803e+05
340	-5.000000000000000e-01 -8.660254037844386e-01  0.000000000000000e+00	0.000000000000000e+00 0.000000000000000e+00 1.000000000000000e+00	0.000000000000000e+00 0.000000000000000e+00 9.471360338761622e+01	1	0	0.000000000000000e+00	0.000000000000000e+00	0.000000000000000e+00	4.001463791087053e+05
2428	-5.000000000000000e-01  8.660254037844386e-01  0.000000000000000e+00	8.660254037844385e-01 5.000000000000000e-01 0.000000000000000e+00	6.397499999999998e+02 3.693598347140630e+02 0.000000000000000e+00	1	0	0.000000000000000e+00	0.000000000000000e+00	0.000000000000000e+00	3.599193028633222e+05
2429	 5.000000000000000e-01 -8.660254037844386e-01  0.000000000000000e+00	 0.000000000000000e+00  0.000000000000000e+00 -1.000000000000000e+00	0.000000000000000e+00 0.000000000000000e+00 2.286190426597633e+02	1	0	0.000000000000000e+00	0.000000000000000e+00	0.000000000000000e+00	1.880535447852808e+04
2432	5.000000000000000e-01 8.660254037844386e-01 0.000000000000000e+00	0.000000000000000e+00 0.000000000000000e+00 1.000000000000000e+00	0.000000000000000e+00 0.000000000000000e+00 2.286190426597633e+02	1	0	0.000000000000000e+00	0.000000000000000e+00	0.000000000000000e+00	1.404215076985669e+03
0	0	1	1
0	246	0	0
0	1	2	1
0	2	681	0
0	112	246	0
0	247	112	0
0	201	143	0
0	143	247	0
0	436	201	0
0	488	436	0
0	535	488	0
0	585	535	0
0	620	585	0
0	681	620	0
1	4	5	1
1	63	4	1
1	5	6	1
1	6	2264	0
1	292	63	0
1	164	113	0
1	113	328	0
1	144	364	0
1	365	144	0
1	505	164	0
1	202	292	0
1	364	202	0
1	328	248	0
1	248	365	0
1	367	249	0
1	249	505	0
1	2939	367	0
1	2264	2939	0
3	10	11	1
3	479	10	0
3	11	12	1
3	12	13	1
3	13	479	0
4	15	16	1
4	104	15	1
4	16	17	1
4	17	655	0
4	101	104	0
4	150	101	1
4	571	116	0
4	116	625	0
4	373	150	0
4	374	151	0
4	151	375	0
4	297	209	0
4	209	374	0
4	332	254	0
4	254	683	0
4	255	333	0
4	375	255	0
4	465	297	0
4	625	332	0
4	333	571	0
4	683	373	0
4	512	465	0
4	589	512	0
4	655	589	0
7	27	28	1
7	301	27	0
7	28	29	1
7	29	30	1
7	30	302	0
7	119	338	0
7	339	119	0
7	155	382	0
7	383	155	0
7	384	156	0
7	156	385	0
7	213	301	0
7	382	213	0
7	302	214	0
7	214	384	0
7	338	260	0
7	260	383	0
7	261	339	0
7	385	261	0
9	36	37	1
9	159	36	1
9	37	38	1
9	38	39	1
9	39	1801	0
9	491	122	0
9	122	507	0
9	521	159	0
9	216	160	0
9	160	497	0
9	455	216	0
9	507	262	0
9	262	521	0
9	263	491	0
9	497	263	0
9	529	455	0
9	616	529	0
9	740	616	0
9	864	740	0
9	1801	864	0
10	41	42	1
10	161	41	1
10	42	162	0
10	123	161	0
10	162	123	0
12	47	48	1
12	50	47	1
12	48	49	1
12	49	50	1
13	52	53	1
13	305	52	0
13	53	54	1
13	54	55	1
13	55	306	0
13	126	342	0
13	343	126	0
13	167	390	0
13	391	167	0
13	392	168	0
13	168	393	0
13	221	305	0
13	390	221	0
13	222	392	0
13	1014	222	0
13	342	268	0
13	268	391	0
13	269	343	0
13	393	269	0
13	306	572	0
13	572	1015	0
13	1015	1014	0
15	59	60	1
15	496	59	0
15	60	61	1
15	61	62	1
15	62	226	0
15	273	128	0
15	128	499	0
15	226	172	0
15	172	273	0
15	615	346	0
15	346	4212	0
15	4212	496	0
15	499	696	0
15	696	615	0
18	71	72	1
18	313	71	0
18	72	73	1
18	73	74	1
18	74	314	0
18	527	131	0
18	131	553	0
18	177	483	0
18	495	177	0
18	231	313	0
18	406	231	0
18	350	278	0
18	278	407	0
18	279	351	0
18	409	279	0
18	314	408	0
18	553	350	0
18	351	527	0
18	483	406	0
18	407	495	0
18	408	409	0
21	352	416	0
21	909	352	0
21	416	444	0
21	444	909	0
22	87	88	1
22	319	87	0
22	88	89	1
22	89	90	1
22	90	531	0
22	137	439	0
22	440	137	0
22	185	441	0
22	442	185	0
22	237	445	0
22	446	237	0
22	447	238	0
22	238	448	0
22	449	286	0
22	286	450	0
22	287	451	0
22	452	287	0
22	445	319	0
22	438	320	0
22	320	447	0
22	439	358	0
22	358	449	0
22	359	440	0
22	451	359	0
22	441	418	0
22	418	446	0
22	419	442	0
22	450	419	0
22	448	420	0
22	420	4246	0
22	421	452	0
22	3478	421	0
22	531	438	0
22	1886	444	0
22	444	4234	0
22	1759	487	0
22	487	3478	0
22	4234	1759	0
22	4246	1886	0
24	97	98	1
24	189	97	0
24	98	99	1
24	99	100	1
24	100	190	0
24	139	189	0
24	190	139	0
25	101	102	1
25	104	101	0
25	102	103	1
25	103	104	1
26	105	106	1
26	1081	105	0
26	106	107	1
26	107	242	0
26	141	362	0
26	363	141	0
26	191	426	0
26	427	191	0
26	428	192	0
26	192	429	0
26	241	323	0
26	426	241	0
26	242	428	0
26	362	290	0
26	290	427	0
26	291	363	0
26	429	291	0
26	323	486	0
26	486	582	0
26	582	660	0
26	660	1081	0
27	10	479	0
27	2820	10	0
27	484	468	0
27	468	2820	0
27	479	729	0
27	501	484	0
27	503	501	0
27	519	503	0
27	537	519	0
27	545	537	0
27	568	545	0
27	583	568	0
27	600	583	0
27	618	600	0
27	631	618	0
27	664	631	0
27	689	664	0
27	703	689	0
27	710	703	0
27	714	710	0
27	715	714	0
27	717	715	0
27	720	717	0
27	729	720	0
28	2264	6	0
28	6	4214	0
28	487	3478	0
28	4235	487	0
28	753	2264	0
28	4236	753	0
28	3478	4236	0
28	4214	4235	0
29	10	44	1
29	479	10	0
29	45	13	1
29	13	479	0
29	44	45	1
43	101	104	0
43	560	101	0
43	104	4128	0
43	540	560	0
43	4128	540	0
55	7	8	1
55	204	7	0
55	8	205	1
55	114	250	0
55	251	114	0
55	146	204	0
55	250	146	0
55	205	147	0
55	147	251	0
66	23	24	1
66	378	23	0
66	24	25	1
66	25	26	1
66	26	300	0
66	118	547	0
66	566	118	0
66	153	378	0
66	379	153	0
66	380	154	0
66	154	381	0
66	300	212	0
66	212	380	0
66	258	379	0
66	611	258	0
66	538	259	0
66	259	567	0
66	547	336	0
66	336	611	0
66	337	566	0
66	567	337	0
66	381	538	0
76	292	63	0
76	63	627	0
76	627	292	0
106	615	346	0
106	346	1705	0
106	708	615	0
106	865	708	0
106	1012	865	0
106	1705	1012	0
107	92	93	1
107	187	92	1
107	93	94	1
107	94	95	1
107	95	1002	0
107	424	187	0
107	322	424	0
107	490	322	0
107	595	490	0
107	733	595	0
107	747	733	0
107	771	747	0
107	1002	771	0
108	18	19	1
108	298	18	0
108	19	20	1
108	20	21	1
108	21	22	1
108	22	108	0
108	108	243	0
108	117	334	0
108	335	117	0
108	152	376	0
108	377	152	0
108	430	193	0
108	193	431	0
108	210	298	0
108	376	210	0
108	243	430	0
108	334	256	0
108	256	377	0
108	257	335	0
108	431	257	0
113	67	68	1
113	745	67	0
113	68	277	1
113	130	403	0
113	755	130	0
113	402	229	0
113	229	718	0
113	277	349	0
113	349	4223	0
113	403	402	0
113	718	724	0
113	724	745	0
113	4223	755	0
208	56	57	1
208	307	56	0
208	57	66	1
208	66	828	0
208	127	344	0
208	828	127	0
208	169	394	0
208	395	169	0
208	223	307	0
208	394	223	0
208	344	270	0
208	270	395	0
243	416	352	0
243	352	909	0
243	909	416	0
246	352	416	0
246	909	352	0
246	416	909	0
248	416	352	0
248	352	909	0
248	909	416	0
297	416	352	0
297	352	909	0
297	909	416	0
319	416	444	0
319	909	416	0
319	444	909	0
320	75	76	1
320	776	75	0
320	76	77	1
320	77	78	1
320	78	4224	0
320	108	194	0
320	244	108	0
320	132	179	0
320	746	132	0
320	133	306	0
320	630	133	0
320	179	523	0
320	194	4238	0
320	1396	195	0
320	195	4213	0
320	315	233	0
320	233	1003	0
320	432	244	0
320	572	281	0
320	281	602	0
320	306	572	0
320	530	315	0
320	352	1000	0
320	1003	352	0
320	4225	432	0
320	602	433	0
320	433	1396	0
320	523	598	0
320	610	530	0
320	598	639	0
320	688	610	0
320	712	630	0
320	639	722	0
320	737	688	0
320	1000	712	0
320	722	776	0
320	4224	737	0
320	4238	746	0
320	4213	4225	0
321	83	84	1
321	453	83	0
321	84	85	1
321	85	444	1
321	136	460	0
321	1886	136	0
321	183	646	0
321	647	183	0
321	235	459	0
321	471	235	0
321	356	284	0
321	284	707	0
321	317	453	0
321	459	317	0
321	460	356	0
321	414	471	0
321	646	414	0
321	415	647	0
321	707	415	0
321	444	1886	0
323	572	306	0
323	306	1015	0
323	1015	572	0
324	572	306	0
324	306	1015	0
324	1015	572	0
325	572	306	0
325	306	1015	0
325	1015	572	0
327	1015	572	0
327	572	1020	0
327	1020	1015	0
337	63	65	1
337	292	63	0
337	65	66	1
337	66	805	0
337	174	401	0
337	728	174	0
337	228	400	0
337	4233	228	0
337	274	292	0
337	4220	274	0
337	349	277	0
337	277	4233	0
337	615	346	0
337	346	4210	0
337	805	349	0
337	400	728	0
337	401	615	0
337	4210	4220	0
340	80	34	1
340	34	434	0
340	79	80	1
340	494	79	0
340	134	354	0
340	355	134	0
340	181	412	0
340	413	181	0
340	198	388	0
340	434	198	0
340	234	316	0
340	412	234	0
340	354	282	0
340	282	413	0
340	283	355	0
340	388	283	0
340	316	494	0
2428	6	32	1
2428	2264	6	0
2428	32	33	1
2428	33	34	1
2428	34	4217	0
2428	4217	1011	0
2428	1011	4230	0
2428	2827	2264	0
2428	4230	2827	0
2429	3478	487	0
2429	487	4237	0
2429	4236	3478	0
2429	4240	4236	0
2429	4237	4240	0
2432	4236	3478	0
2432	3478	4245	0
2432	4244	4236	0
2432	4245	4244	0
