458
42
516
0	 7.500000000000000e+02  1.732050807600000e+00 -5.810962811753001e+02	 1.341000000000000e-07 -2.322000000000000e-07 -4.366200000000000e-06	1.000000000000000e+00	0	1	0
1	 7.500000000000000e+02  1.732050807600000e+00 -7.500000000000000e+02	0.000000000000000e+00 0.000000000000000e+00 0.000000000000000e+00	1.000000000000000e+00	0	1	1
2	 3.179872981078000e+02  7.500000000000000e+02 -7.500000000000000e+02	-2.553694230000000e-02  4.423128150000000e-02  0.000000000000000e+00	1.000000000000000e+00	0	1	2
4	 7.500000000000000e+02 -7.500000000000000e+02  2.286190426598000e+02	0.000000000000000e+00 0.000000000000000e+00 0.000000000000000e+00	1.000000000000000e+00	7973	1	4
5	7.500000000000000e+02 7.500000000000000e+02 2.286190426598000e+02	0.000000000000000e+00 0.000000000000000e+00 0.000000000000000e+00	1.000000000000000e+00	7973	1	5
6	4.199872981078000e+02 7.500000000000000e+02 2.286190426598000e+02	0.000000000000000e+00 0.000000000000000e+00 0.000000000000000e+00	7.500000000000000e-01	7973	1	6
7	 7.500000000000000e+02  6.207904006401001e+02 -4.262112152443000e+02	5.440000000000000e-08 3.806000000000000e-07 0.000000000000000e+00	1.000000000000000e+00	646	1	7
8	 7.500000000000000e+02  7.500000000000000e+02 -4.262112152443000e+02	0.000000000000000e+00 0.000000000000000e+00 0.000000000000000e+00	1.000000000000000e+00	646	1	8
10	-7.500000000000000e+02  5.715767664980000e+01  6.580962442277000e+02	0.000000000000000e+00 0.000000000000000e+00 0.000000000000000e+00	1.000000000000000e+00	1105	1	10
11	-7.500000000000000e+02 -7.500000000000000e+02  6.580962442277000e+02	0.000000000000000e+00 0.000000000000000e+00 0.000000000000000e+00	1.000000000000000e+00	1105	1	11
12	 7.500000000000000e+02 -7.500000000000000e+02  6.580962442277000e+02	0.000000000000000e+00 0.000000000000000e+00 0.000000000000000e+00	1.000000000000000e+00	1105	1	12
13	7.500000000000000e+02 5.715767664980000e+01 6.580962442277000e+02	0.000000000000000e+00 0.000000000000000e+00 0.000000000000000e+00	4.218750000000000e-01	1105	1	13
15	 7.500000000000000e+02 -7.500000000000000e+02 -1.159425144917000e+02	0.000000000000000e+00 0.000000000000000e+00 0.000000000000000e+00	1.000000000000000e+00	661	1	15
16	 7.500000000000000e+02  7.500000000000000e+02 -1.159425144917000e+02	0.000000000000000e+00 0.000000000000000e+00 0.000000000000000e+00	1.000000000000000e+00	661	1	16
17	 2.511347798901000e+02  7.500000000000000e+02 -1.159425144917000e+02	 9.620500000000000e-06 -2.175750000000000e-05  0.000000000000000e+00	1.000000000000000e+00	661	1	17
18	-7.500000000000000e+02 -9.499506894160001e+01 -4.164132562731000e+02	 7.489000000000000e-07 -6.190000000000000e-07  0.000000000000000e+00	1.000000000000000e+00	8007	1	18
19	-7.500000000000000e+02 -7.500000000000000e+02 -4.164132562731000e+02	0.000000000000000e+00 0.000000000000000e+00 0.000000000000000e+00	1.000000000000000e+00	8007	1	19
20	 7.500000000000000e+02 -7.500000000000000e+02 -4.164132562731000e+02	0.000000000000000e+00 0.000000000000000e+00 0.000000000000000e+00	1.000000000000000e+00	8007	1	20
21	 7.500000000000000e+02  7.500000000000000e+02 -4.164132562731000e+02	0.000000000000000e+00 0.000000000000000e+00 0.000000000000000e+00	1.000000000000000e+00	8007	1	21
22	-2.083673306405000e+02  7.500000000000000e+02 -4.164132562731000e+02	-2.546250820312500e-05  6.214297851562500e-07  0.000000000000000e+00	2.373046875000000e-01	8007	1	22
23	-6.334946334291001e+02 -7.500000000000000e+02  1.077775486825000e+02	-1.931451000000000e-04  3.745060000000000e-05  0.000000000000000e+00	1.000000000000000e+00	23	1	23
24	 7.500000000000000e+02 -7.500000000000000e+02  1.077775486825000e+02	0.000000000000000e+00 0.000000000000000e+00 0.000000000000000e+00	1.000000000000000e+00	23	1	24
25	7.500000000000000e+02 7.500000000000000e+02 1.077775486825000e+02	0.000000000000000e+00 0.000000000000000e+00 0.000000000000000e+00	1.000000000000000e+00	23	1	25
26	-6.128036239992000e+02  7.500000000000000e+02  1.077775486825000e+02	 1.041450000000000e-05 -1.176400000000000e-06  0.000000000000000e+00	1.000000000000000e+00	23	1	26
27	-7.365629193502000e+02 -7.500000000000000e+02 -1.894272067752000e+02	 2.963000000000000e-07 -2.285000000000000e-07  0.000000000000000e+00	1.000000000000000e+00	27	1	27
28	 7.500000000000000e+02 -7.500000000000000e+02 -1.894272067752000e+02	0.000000000000000e+00 0.000000000000000e+00 0.000000000000000e+00	1.000000000000000e+00	27	1	28
29	 7.500000000000000e+02  7.500000000000000e+02 -1.894272067752000e+02	0.000000000000000e+00 0.000000000000000e+00 0.000000000000000e+00	1.000000000000000e+00	27	1	29
30	 4.223877533084000e+02  7.500000000000000e+02 -1.894272067752000e+02	-1.634000000000000e-07  1.262000000000000e-07  0.000000000000000e+00	1.000000000000000e+00	27	1	30
32	4.199872981078000e+02 7.500000000000000e+02 7.500000000000000e+02	0.000000000000000e+00 0.000000000000000e+00 0.000000000000000e+00	1.000000000000000e+00	7973	1	32
33	7.500000000000000e+02 1.784012331796000e+02 7.500000000000000e+02	0.000000000000000e+00 0.000000000000000e+00 0.000000000000000e+00	1.000000000000000e+00	7973	1	33
34	7.500000000000000e+02 1.784012331796000e+02 9.471360338760000e+01	 0.000000000000000e+00 -0.000000000000000e+00  0.000000000000000e+00	7.500000000000000e-01	7973	1	34
36	-5.950127018922000e+02 -7.500000000000000e+02 -7.500000000000000e+02	0.000000000000000e+00 0.000000000000000e+00 0.000000000000000e+00	1.000000000000000e+00	491	1	36
37	 2.710127018922000e+02  7.500000000000000e+02 -7.500000000000000e+02	0.000000000000000e+00 0.000000000000000e+00 0.000000000000000e+00	1.000000000000000e+00	491	1	37
38	2.710127018922000e+02 7.500000000000000e+02 7.500000000000000e+02	0.000000000000000e+00 0.000000000000000e+00 0.000000000000000e+00	1.000000000000000e+00	491	1	38
39	-2.115446289392000e+02 -8.581381456490000e+01  7.500000000000000e+02	 6.964000000000000e-07  1.206200000000000e-06 -6.512700000000000e-06	1.000000000000000e+00	491	1	39
41	 2.450127018922000e+02 -7.500000000000000e+02  7.500000000000000e+02	0.000000000000000e+00 0.000000000000000e+00 0.000000000000000e+00	1.000000000000000e+00	729	1	41
42	 2.450127018922000e+02 -7.500000000000000e+02  7.354027016363000e+02	 2.900000000000000e-09 -5.000000000000000e-09  1.475000000000000e-07	1.000000000000000e+00	729	1	42
44	-7.500000000000000e+02  5.715767664980000e+01 -7.500000000000000e+02	0.000000000000000e+00 0.000000000000000e+00 0.000000000000000e+00	1.000000000000000e+00	1105	1	44
45	 7.500000000000000e+02  5.715767664980000e+01 -7.500000000000000e+02	0.000000000000000e+00 0.000000000000000e+00 0.000000000000000e+00	1.000000000000000e+00	1105	1	45
47	-7.500000000000000e+02  2.381569860407000e+02  7.500000000000000e+02	0.000000000000000e+00 0.000000000000000e+00 0.000000000000000e+00	1.000000000000000e+00	1074	1	47
48	-7.500000000000000e+02  2.381569860407000e+02 -7.500000000000000e+02	0.000000000000000e+00 0.000000000000000e+00 0.000000000000000e+00	1.000000000000000e+00	1074	1	48
49	 7.500000000000000e+02  2.381569860407000e+02 -7.500000000000000e+02	0.000000000000000e+00 0.000000000000000e+00 0.000000000000000e+00	1.000000000000000e+00	1074	1	49
50	7.500000000000000e+02 2.381569860407000e+02 7.500000000000000e+02	0.000000000000000e+00 0.000000000000000e+00 0.000000000000000e+00	1.000000000000000e+00	1074	1	50
52	 2.613907892701000e+02 -7.500000000000000e+02  1.518683640526000e+02	3.329000000000000e-07 1.688000000000000e-07 0.000000000000000e+00	1.000000000000000e+00	8007	1	52
53	 7.500000000000000e+02 -7.500000000000000e+02  1.518683640526000e+02	0.000000000000000e+00 0.000000000000000e+00 0.000000000000000e+00	1.000000000000000e+00	8007	1	53
54	7.500000000000000e+02 7.500000000000000e+02 1.518683640526000e+02	0.000000000000000e+00 0.000000000000000e+00 0.000000000000000e+00	1.000000000000000e+00	8007	1	54
55	-3.652478115330000e+02  7.500000000000000e+02  1.518683640526000e+02	-2.265061376953125e-06 -5.272969482421875e-07  0.000000000000000e+00	1.779785156250000e-01	8007	1	55
56	-7.500000000000000e+02  3.403479836873000e+02 -6.860659453806001e+02	-7.450000000000000e-08  0.000000000000000e+00 -2.356900000000000e-06	1.000000000000000e+00	7973	1	56
57	-7.500000000000000e+02  3.403479836873000e+02 -7.500000000000000e+02	0.000000000000000e+00 0.000000000000000e+00 0.000000000000000e+00	1.000000000000000e+00	7973	1	57
59	 3.129872981078000e+02 -7.500000000000000e+02 -7.573085547500000e+00	-2.537700000000000e-06 -4.395400000000000e-06  1.570136000000000e-04	1.000000000000000e+00	7973	1	59
60	 3.129872981078000e+02 -7.500000000000000e+02 -7.500000000000000e+02	0.000000000000000e+00 0.000000000000000e+00 0.000000000000000e+00	1.000000000000000e+00	7973	1	60
61	 7.500000000000000e+02  6.928203230300000e+00 -7.500000000000000e+02	0.000000000000000e+00 0.000000000000000e+00 0.000000000000000e+00	1.000000000000000e+00	7973	1	61
62	 7.500000000000000e+02  6.928203230300000e+00 -2.860497414044000e+02	2.344000000000000e-07 4.060000000000000e-07 2.424310000000000e-05	1.000000000000000e+00	7973	1	62
63	 5.470127018922000e+02 -7.500000000000000e+02  2.286190426598000e+02	-0.000000000000000e+00 -0.000000000000000e+00  0.000000000000000e+00	1.000000000000000e+00	7973	1	63
65	 5.470127018922000e+02 -7.500000000000000e+02 -7.500000000000000e+02	0.000000000000000e+00 0.000000000000000e+00 0.000000000000000e+00	1.000000000000000e+00	7973	1	65
66	-8.250000000000000e+01  3.403479836873000e+02 -7.500000000000000e+02	0.000000000000000e+00 0.000000000000000e+00 0.000000000000000e+00	7.500000000000000e-01	7973	1	66
67	-7.500000000000000e+02  7.500000000000000e+02 -6.793251553319001e+02	0.000000000000000e+00 1.458732011000000e-01 0.000000000000000e+00	1.000000000000000e+00	7973	1	67
68	-7.500000000000000e+02 -7.500000000000000e+02 -6.793251553319001e+02	0.000000000000000e+00 0.000000000000000e+00 0.000000000000000e+00	1.000000000000000e+00	7973	1	68
71	 4.498957938783000e+02 -7.500000000000000e+02  1.469693845670000e+01	-1.452630000000000e-05  3.516900000000000e-06  0.000000000000000e+00	1.000000000000000e+00	5009	1	71
72	 7.500000000000000e+02 -7.500000000000000e+02  1.469693845670000e+01	0.000000000000000e+00 0.000000000000000e+00 0.000000000000000e+00	1.000000000000000e+00	5009	1	72
73	7.500000000000000e+02 7.500000000000000e+02 1.469693845670000e+01	0.000000000000000e+00 0.000000000000000e+00 0.000000000000000e+00	1.000000000000000e+00	5009	1	73
74	5.848367438858000e+02 7.500000000000000e+02 1.469693845670000e+01	 1.425629000000000e-04 -4.555390000000000e-05  0.000000000000000e+00	1.000000000000000e+00	5009	1	74
75	 3.130548462467000e+02  6.910882722200000e+02 -7.500000000000000e+02	2.657000000000000e-07 0.000000000000000e+00 7.464000000000001e-07	1.000000000000000e+00	8007	1	75
76	 7.500000000000000e+02  6.910882722200000e+02 -7.500000000000000e+02	0.000000000000000e+00 0.000000000000000e+00 0.000000000000000e+00	1.000000000000000e+00	8007	1	76
77	7.500000000000000e+02 6.910882722200000e+02 7.500000000000000e+02	0.000000000000000e+00 0.000000000000000e+00 0.000000000000000e+00	1.000000000000000e+00	8007	1	77
78	-7.500000000000000e+02  6.910882722200000e+02  7.500000000000000e+02	-6.227966510000000e-02  0.000000000000000e+00  0.000000000000000e+00	1.000000000000000e+00	8007	1	78
79	-5.541806470190000e+01 -7.500000000000000e+02  9.471360338760000e+01	 9.084400000000001e-06 -9.019900000000000e-06  0.000000000000000e+00	1.000000000000000e+00	7973	1	79
80	 7.500000000000000e+02 -7.500000000000000e+02  9.471360338760000e+01	0.000000000000000e+00 0.000000000000000e+00 0.000000000000000e+00	1.000000000000000e+00	7973	1	80
83	 3.222376609266000e+02 -7.500000000000000e+02  3.592584956082000e+02	-5.321200000000000e-06  7.598000000000000e-07  0.000000000000000e+00	1.000000000000000e+00	8007	1	83
84	 7.500000000000000e+02 -7.500000000000000e+02  3.592584956082000e+02	0.000000000000000e+00 0.000000000000000e+00 0.000000000000000e+00	1.000000000000000e+00	8007	1	84
85	7.500000000000000e+02 7.500000000000000e+02 3.592584956082000e+02	0.000000000000000e+00 0.000000000000000e+00 0.000000000000000e+00	1.000000000000000e+00	8007	1	85
86	4.385030641959000e+02 7.500000000000000e+02 3.592584956082000e+02	2.101892000000000e-04 4.410000000000000e-07 0.000000000000000e+00	1.000000000000000e+00	8007	1	86
87	-2.960127018922000e+02 -7.500000000000000e+02 -4.867568092884000e+02	-3.670000000000000e-08 -6.360000000000000e-08  7.229000000000000e-07	1.000000000000000e+00	8007	1	87
88	-2.960127018922000e+02 -7.500000000000000e+02 -7.500000000000000e+02	0.000000000000000e+00 0.000000000000000e+00 0.000000000000000e+00	1.000000000000000e+00	8007	1	88
89	 5.700127018922000e+02  7.500000000000000e+02 -7.500000000000000e+02	0.000000000000000e+00 0.000000000000000e+00 0.000000000000000e+00	1.000000000000000e+00	8007	1	89
90	5.700127018922000e+02 7.500000000000000e+02 6.189294028102000e+02	 0.000000000000000e+00 -0.000000000000000e+00 -3.919350000000000e-04	1.000000000000000e+00	8007	1	90
92	-7.500000000000000e+02  7.500000000000000e+02  3.804874067123000e+02	0.000000000000000e+00 0.000000000000000e+00 0.000000000000000e+00	1.000000000000000e+00	8006	1	92
93	-7.500000000000000e+02 -7.500000000000000e+02  3.804874067123000e+02	0.000000000000000e+00 0.000000000000000e+00 0.000000000000000e+00	1.000000000000000e+00	8006	1	93
94	 7.500000000000000e+02 -7.500000000000000e+02  3.804874067123000e+02	0.000000000000000e+00 0.000000000000000e+00 0.000000000000000e+00	1.000000000000000e+00	8006	1	94
95	7.500000000000000e+02 3.004147069470000e+02 3.804874067123000e+02	-1.186150000000000e-05 -1.223010000000000e-05  0.000000000000000e+00	1.000000000000000e+00	8006	1	95
97	 5.929872981078000e+02 -7.500000000000000e+02 -1.594875956470000e+01	 5.400000000000000e-09  9.400000000000000e-09 -1.048000000000000e-07	1.000000000000000e+00	97	1	97
98	 5.929872981078000e+02 -7.500000000000000e+02 -7.500000000000000e+02	0.000000000000000e+00 0.000000000000000e+00 0.000000000000000e+00	1.000000000000000e+00	97	1	98
99	 7.500000000000000e+02 -4.780460228890000e+02 -7.500000000000000e+02	0.000000000000000e+00 0.000000000000000e+00 0.000000000000000e+00	1.000000000000000e+00	97	1	99
100	 7.500000000000000e+02 -4.780460228890000e+02  1.941468192170000e+01	 2.510000000000000e-08  4.350000000000000e-08 -5.330000000000000e-07	1.000000000000000e+00	97	1	100
101	-7.500000000000000e+02 -5.525242076145000e+02 -1.159425144917000e+02	-0.000000000000000e+00 -0.000000000000000e+00  0.000000000000000e+00	1.779785156250000e-01	661	1	101
102	-7.500000000000000e+02 -5.525242076145000e+02  7.500000000000000e+02	0.000000000000000e+00 0.000000000000000e+00 0.000000000000000e+00	1.000000000000000e+00	661	1	102
103	-6.359872981078000e+02 -7.500000000000000e+02  7.500000000000000e+02	0.000000000000000e+00 0.000000000000000e+00 0.000000000000000e+00	1.000000000000000e+00	661	1	103
104	-6.359872981078000e+02 -7.500000000000000e+02 -1.159425144917000e+02	0.000000000000000e+00 0.000000000000000e+00 0.000000000000000e+00	7.500000000000000e-01	661	1	104
105	-5.770087793182000e+02 -7.500000000000000e+02  5.829785587824000e+02	-7.275110000000000e-05  2.164363000000000e-04  0.000000000000000e+00	1.000000000000000e+00	105	1	105
106	 7.500000000000000e+02 -7.500000000000000e+02  5.829785587824000e+02	0.000000000000000e+00 0.000000000000000e+00 0.000000000000000e+00	1.000000000000000e+00	105	1	106
107	7.500000000000000e+02 2.502958779290000e+01 5.829785587824000e+02	 5.840000000000000e-07 -1.952900000000000e-06  0.000000000000000e+00	1.000000000000000e+00	105	1	107
108	-2.098051295855000e+02  6.910882722200000e+02 -4.164132562731000e+02	-2.989855687500000e-04  0.000000000000000e+00  0.000000000000000e+00	5.625000000000000e-01	8007	0	108
112	 6.715517922150000e+02  1.376083324539000e+02 -5.927764299427000e+02	 1.783000000000000e-07 -3.089000000000000e-07 -3.916000000000000e-06	1.000000000000000e+00	0	0	112
113	 5.163542058208001e+02 -6.480458778700000e+00  2.286190426598000e+02	-2.498060000000000e-05  2.183000000000000e-06  0.000000000000000e+00	1.000000000000000e+00	7973	0	113
114	 2.990318710169000e+02  6.853922115508000e+02 -4.262112152443000e+02	-5.600000000000001e-09 -3.780000000000000e-08  0.000000000000000e+00	1.000000000000000e+00	646	0	114
116	-5.769684071808000e+02  1.411551534281000e+02 -1.159425144917000e+02	-1.557620000000000e-05  1.948190000000000e-05  0.000000000000000e+00	1.000000000000000e+00	661	0	116
117	-4.257902899417000e+02  2.979823775261000e+02 -4.164132562731000e+02	 5.590000000000001e-07 -4.598000000000000e-07  0.000000000000000e+00	1.000000000000000e+00	8007	0	117
118	-6.289275462624000e+02 -1.583533514101000e+02  1.077775486825000e+02	-1.406806000000000e-04 -4.975600000000000e-06  0.000000000000000e+00	1.000000000000000e+00	23	0	118
119	-1.571760633099000e+02  5.508989920000000e-02 -1.894272067752000e+02	-2.832000000000000e-07  2.189000000000000e-07  0.000000000000000e+00	1.000000000000000e+00	27	0	119
122	-5.464645241773001e+02 -6.659120895829001e+02  3.827715126894000e+02	-4.227600000000000e-06 -7.322500000000001e-06 -3.150210000000000e-05	1.000000000000000e+00	491	0	122
123	 1.455993239004000e+02 -5.778109783660000e+02  7.443218031163000e+02	 4.400000000000001e-09 -7.600000000000000e-09  1.665000000000000e-07	1.000000000000000e+00	729	0	123
126	-7.300372262130000e+01 -7.122903800000000e-03  1.518683640526000e+02	-9.120000000000001e-08 -3.970000000000000e-08  0.000000000000000e+00	1.000000000000000e+00	8007	0	126
127	-2.081565657909000e+02  3.403479836873000e+02 -7.339633144888001e+02	 2.876000000000000e-07  0.000000000000000e+00 -1.068000000000000e-07	1.000000000000000e+00	7973	0	127
128	 5.325259270592001e+02 -3.697479404322000e+02 -2.724858071154000e+02	1.242000000000000e-07 2.150000000000000e-07 5.497900000000000e-06	1.000000000000000e+00	7973	0	128
130	-3.320388256793000e+02  5.853341664237000e+02 -6.793251553319001e+02	-1.369160000000000e-05 -2.697990000000000e-05  0.000000000000000e+00	1.000000000000000e+00	7973	0	130
131	5.156934174104000e+02 1.492060607221000e+02 1.469693845670000e+01	1.512601000000000e-04 4.215600000000000e-06 0.000000000000000e+00	1.000000000000000e+00	5009	0	131
132	-4.811678303320000e+01  6.910882722200000e+02 -5.568799692241000e+02	-1.992970000000000e-05  0.000000000000000e+00 -3.319640000000000e-05	1.000000000000000e+00	8007	0	132
133	-3.445735712138000e+02  6.910882722200000e+02  1.558658893062000e+02	-2.923720312500000e-06  0.000000000000000e+00  2.951817187500000e-06	4.218750000000000e-01	8007	0	133
134	 3.673402641857000e+02 -1.674935629698000e+02  9.471360338760000e+01	 1.039360000000000e-05 -7.803500000000001e-06  0.000000000000000e+00	1.000000000000000e+00	7973	0	134
136	3.469063457992000e+02 2.269034259186000e+02 3.592584956082000e+02	1.670551875000000e-04 6.563086875000001e-05 0.000000000000000e+00	5.625000000000000e-01	8007	0	136
137	 1.618521509464000e+02  4.304518811650000e+01 -7.832439968200001e+01	 6.040800000000000e-05  1.046297000000000e-04 -1.386210000000000e-04	1.000000000000000e+00	8007	0	137
139	 6.776856762065000e+02 -6.032981058144001e+02  3.575567273900000e+00	 2.056000000000000e-07  3.561000000000000e-07 -3.299200000000000e-06	1.000000000000000e+00	97	0	139
141	 2.377810153135000e+02 -2.575448160036000e+02  5.829785587824000e+02	 1.992510000000000e-05 -3.351250000000000e-05  0.000000000000000e+00	1.000000000000000e+00	105	0	141
143	 5.701346804772000e+02  3.132679227407000e+02 -6.180481821747001e+02	 2.190000000000000e-07 -3.794000000000000e-07 -2.888000000000000e-06	1.000000000000000e+00	0	0	143
144	 4.890493427977000e+02 -3.772219330346000e+02  2.286190426598000e+02	-4.108060000000000e-05  4.183700000000000e-06  0.000000000000000e+00	1.000000000000000e+00	7973	0	144
146	 5.245197204265000e+02  6.530657741252001e+02 -4.262112152443000e+02	1.290000000000000e-08 8.970000000000000e-08 0.000000000000000e+00	1.000000000000000e+00	646	0	146
147	 7.248384229510000e+01  7.225699623000000e+02 -4.262112152443000e+02	2.297000000000000e-07 8.988000000000001e-07 0.000000000000000e+00	1.000000000000000e+00	646	0	147
150	-7.500000000000000e+02 -2.077457959113000e+02 -1.159425144917000e+02	0.000000000000000e+00 0.000000000000000e+00 0.000000000000000e+00	1.000000000000000e+00	661	1	150
151	-2.355627479159000e+02  4.492307598271000e+02 -1.159425144917000e+02	-1.879900000000000e-06  2.611900000000000e-06  0.000000000000000e+00	1.000000000000000e+00	661	0	151
152	-5.878288803440000e+02  1.015205625228000e+02 -4.164132562731000e+02	 5.313000000000000e-07 -4.383000000000000e-07  0.000000000000000e+00	1.000000000000000e+00	8007	0	152
153	-6.137376299707000e+02 -6.147298850176001e+02  1.077775486825000e+02	-2.101739000000000e-04 -1.081500000000000e-06  0.000000000000000e+00	1.000000000000000e+00	23	0	153
154	-6.339649183237000e+02  3.320656147959000e+02  1.077775486825000e+02	-5.839400000000000e-05  8.835000000000000e-07  0.000000000000000e+00	1.000000000000000e+00	23	0	154
155	-4.469456523573000e+02 -3.749404134017000e+02 -1.894272067752000e+02	-2.662000000000000e-07  2.056000000000000e-07  0.000000000000000e+00	1.000000000000000e+00	27	0	155
156	 1.326308879790000e+02  3.750216796501000e+02 -1.894272067752000e+02	-1.287000000000000e-07  9.950000000000000e-08  0.000000000000000e+00	1.000000000000000e+00	27	0	156
159	-5.950127018922000e+02 -7.500000000000000e+02  2.313958641604000e+02	-2.113050000000000e-05 -3.659910000000000e-05  5.729500000000000e-06	1.000000000000000e+00	491	1	159
160	-4.491735346732000e+02 -4.973991526432000e+02  5.422003467600000e+02	 7.260300000000001e-06  1.257530000000000e-05 -1.967040000000000e-05	1.000000000000000e+00	491	0	160
161	 9.393008168020000e+01 -4.883172256522000e+02  7.500000000000000e+02	 4.500000000000000e-09 -7.699999999999999e-09  1.624000000000000e-07	1.000000000000000e+00	729	1	161
162	 1.965550507677000e+02 -6.660688862369000e+02  7.391751188288000e+02	 3.200000000000000e-09 -5.600000000000001e-09  1.434000000000000e-07	1.000000000000000e+00	729	0	162
164	5.237918113758000e+02 5.431249308230000e+01 2.286190426598000e+02	-1.271890000000000e-05  1.511100000000000e-06  0.000000000000000e+00	1.000000000000000e+00	7973	0	164
167	 9.026966288900000e+01 -3.750412359931000e+02  1.518683640526000e+02	-3.526000000000000e-07 -1.537000000000000e-07  0.000000000000000e+00	1.000000000000000e+00	8007	0	167
168	-2.362378366332000e+02  3.750034218611000e+02  1.518683640526000e+02	5.130000000000000e-08 2.240000000000000e-08 0.000000000000000e+00	1.000000000000000e+00	8007	0	168
169	-4.953168967835000e+02  3.403479836873000e+02 -7.003889480717000e+02	-2.180000000000000e-07  0.000000000000000e+00 -2.565000000000000e-06	1.000000000000000e+00	7973	0	169
172	 6.452724473372000e+02 -1.744652389340000e+02 -2.812282980708000e+02	2.671000000000000e-07 4.627000000000000e-07 1.785030000000000e-05	1.000000000000000e+00	7973	0	172
174	 4.569529893810000e+02 -5.940120022155000e+02 -3.157138959252000e+02	-2.998180000000000e-05  5.193010000000000e-05  6.879060000000000e-05	1.000000000000000e+00	7973	0	174
177	 5.069659186703000e+02 -3.048390815405000e+02  1.469693845670000e+01	 5.172130000000000e-05 -3.767500000000000e-06  0.000000000000000e+00	1.000000000000000e+00	5009	0	177
179	 7.415943449300000e+00  6.910882722200000e+02 -6.020487724230001e+02	-1.586900000000000e-05  0.000000000000000e+00 -1.648840000000000e-05	1.000000000000000e+00	8007	0	179
181	 2.145642659876000e+02 -4.509923771157000e+02  9.471360338760000e+01	 1.188000000000000e-07 -5.630000000000000e-08  0.000000000000000e+00	1.000000000000000e+00	7973	0	181
183	 3.489631778955000e+02 -2.768637152630000e+02  3.592584956082000e+02	 8.188020000000001e-05 -6.622000000000000e-07  0.000000000000000e+00	1.000000000000000e+00	8007	0	183
185	-8.274183872640000e+01 -3.806040292228000e+02 -3.805811992033000e+02	 2.815300000000000e-06  4.876200000000000e-06 -1.359700000000000e-05	1.000000000000000e+00	8007	0	185
187	4.243205334916000e+02 7.500000000000000e+02 3.804874067123000e+02	2.679686000000000e-04 7.694320000000000e-05 0.000000000000000e+00	1.000000000000000e+00	8006	1	187
189	 6.312208550553000e+02 -6.837775368129001e+02 -8.063126169900000e+00	 2.328000000000000e-07  4.031000000000000e-07 -3.738400000000000e-06	1.000000000000000e+00	97	0	189
190	 7.226597296182000e+02 -5.254007602830001e+02  1.425690726120000e+01	 1.031000000000000e-07  1.785000000000000e-07 -1.750500000000000e-06	1.000000000000000e+00	97	0	190
191	-8.500343174840000e+01 -4.563319278180000e+02  5.829785587824000e+02	-9.158400000000000e-06  1.422090000000000e-05  0.000000000000000e+00	1.000000000000000e+00	105	0	191
192	 5.646812624622000e+02 -7.026599278850000e+01  5.829785587824000e+02	 4.098490000000000e-05 -6.511830000000000e-05  0.000000000000000e+00	1.000000000000000e+00	105	0	192
193	-2.655655413861000e+02  4.952436073523000e+02 -4.164132562731000e+02	-7.525350000000001e-06  3.920793750000000e-06  0.000000000000000e+00	5.625000000000000e-01	8007	0	193
194	-2.018708187866000e+02  6.910882722200000e+02 -4.176850071703000e+02	-8.474358032226563e-06  0.000000000000000e+00  1.431488542785645e-04	1.001129150390625e-01	8007	0	194
195	-3.668873607896000e+02  6.910882722200000e+02 -2.066325372226000e+02	-1.196721000000000e-04  0.000000000000000e+00  1.505850000000000e-04	1.000000000000000e+00	8007	0	195
198	5.991261522254000e+02 5.754403208040000e+01 9.471360338760000e+01	 5.802300000000000e-06 -6.946700000000000e-06  0.000000000000000e+00	1.000000000000000e+00	7973	0	198
201	 5.169227673817001e+02  4.054336597900000e+02 -6.361774870321000e+02	 1.761000000000000e-07 -3.050000000000000e-07 -2.045700000000000e-06	1.000000000000000e+00	0	0	201
202	 4.626307628242000e+02 -5.766632278177000e+02  2.286190426598000e+02	-1.007592539062500e-05 -4.586941406250000e-07  0.000000000000000e+00	3.164062500000000e-01	7973	0	202
204	 6.372643848542000e+02  6.369077790628000e+02 -4.262112152443000e+02	2.280000000000000e-08 1.590000000000000e-07 0.000000000000000e+00	1.000000000000000e+00	646	0	204
205	-2.396928498800000e+01  7.500000000000000e+02 -4.262112152443000e+02	-8.100000000000000e-08 -2.849000000000000e-07  0.000000000000000e+00	1.000000000000000e+00	646	1	205
209	-7.710663842510000e+01  5.614547661231001e+02 -1.159425144917000e+02	 1.161700000000000e-06 -1.825600000000000e-06  0.000000000000000e+00	1.000000000000000e+00	661	0	209
210	-6.688573048045000e+02  3.297309131100000e+00 -4.164132562731000e+02	 4.805000000000000e-07 -3.963000000000000e-07  0.000000000000000e+00	1.000000000000000e+00	8007	0	210
212	-6.274424415937000e+02  5.592408995248001e+02  1.077775486825000e+02	-1.850150000000000e-05  6.754000000000000e-07  0.000000000000000e+00	1.000000000000000e+00	23	0	212
213	-5.917700542606000e+02 -5.624848223084000e+02 -1.894272067752000e+02	-5.590000000000000e-08  4.320000000000000e-08  0.000000000000000e+00	1.000000000000000e+00	27	0	213
214	 2.775319770380000e+02  5.625068285728000e+02 -1.894272067752000e+02	-5.790000000000000e-08  4.470000000000000e-08  0.000000000000000e+00	1.000000000000000e+00	27	0	214
216	-4.004158186245000e+02 -4.129483111858000e+02  6.073059932157000e+02	 6.332100000000000e-06  1.096750000000000e-05 -1.986930000000000e-05	1.000000000000000e+00	491	0	216
221	 1.722518911164000e+02 -5.624938007504001e+02  1.518683640526000e+02	4.230000000000000e-08 1.910000000000000e-08 0.000000000000000e+00	1.000000000000000e+00	8007	0	221
222	-3.121027127331000e+02  5.641111435933000e+02  1.518683640526000e+02	-5.043000000000000e-07 -1.815000000000000e-07  0.000000000000000e+00	1.000000000000000e+00	8007	0	222
223	-6.345262229473000e+02  3.403479836873000e+02 -6.907235384013001e+02	-1.342000000000000e-07  0.000000000000000e+00 -2.483300000000000e-06	1.000000000000000e+00	7973	0	223
226	 7.013918519450000e+02 -7.726357886280000e+01 -2.841700019757000e+02	2.416000000000000e-07 4.185000000000000e-07 2.173880000000000e-05	1.000000000000000e+00	7973	0	226
228	 5.240279202266000e+02 -7.101891903543001e+02 -5.494612222225001e+02	 9.710500000000000e-06 -1.681900000000000e-05 -3.583890000000000e-05	1.000000000000000e+00	7973	0	228
229	-5.017070887240000e+02  6.672006475954000e+02 -6.793251553319001e+02	-1.061480000000000e-05 -2.406210000000000e-05  0.000000000000000e+00	1.000000000000000e+00	7973	0	229
231	 4.864883927443000e+02 -5.371284946211000e+02  1.469693845670000e+01	 2.807800000000000e-06 -2.523000000000000e-07  0.000000000000000e+00	1.000000000000000e+00	5009	0	231
233	-4.679508150634000e+02  6.910882722200000e+02  4.376047740258000e+02	-5.226810000000000e-05  0.000000000000000e+00 -4.373180000000000e-05	1.000000000000000e+00	8007	0	233
234	 1.232870116677000e+02 -5.779284580963000e+02  9.471360338760000e+01	-1.105200000000000e-06  1.043500000000000e-06  0.000000000000000e+00	1.000000000000000e+00	7973	0	234
235	 3.419999913340000e+02 -5.357222316133000e+02  3.592584956082000e+02	 3.437140000000000e-05 -1.706600000000000e-06  0.000000000000000e+00	1.000000000000000e+00	8007	0	235
237	-2.086903555465000e+02 -5.987532594931000e+02 -4.619855303837000e+02	-2.350000000000000e-08 -4.070000000000000e-08  2.298000000000000e-07	1.000000000000000e+00	8007	0	237
238	4.219302987881000e+02 4.935137541168000e+02 5.357746272060000e+02	 7.189890000000000e-05  1.245325000000000e-04 -2.541320000000000e-04	1.000000000000000e+00	8007	0	238
241	-2.441616589723000e+02 -5.622532523461000e+02  5.829785587824000e+02	-2.326830000000000e-05  3.402440000000000e-05  0.000000000000000e+00	1.000000000000000e+00	105	0	241
242	7.096239620935000e+02 1.295613364210000e+01 5.829785587824000e+02	 1.282080000000000e-05 -2.504110000000000e-05  0.000000000000000e+00	1.000000000000000e+00	105	0	242
243	-2.214965187728000e+02  6.049521624878000e+02 -4.164132562731000e+02	 2.638428266601562e-05 -3.513082324218750e-06  0.000000000000000e+00	1.779785156250000e-01	8007	0	243
244	-2.206248397896000e+02  6.910882722200000e+02 -4.139349134411000e+02	 1.056426519012451e-05  0.000000000000000e+00 -5.524475728271485e-04	1.001129150390625e-01	8007	0	244
246	 7.169372928163000e+02  5.899833948560000e+01 -5.851572926848000e+02	 1.734000000000000e-07 -3.003000000000000e-07 -4.196900000000000e-06	1.000000000000000e+00	0	0	246
247	 6.219726816905001e+02  2.234818708765000e+02 -6.036391223644000e+02	 2.093000000000000e-07 -3.625000000000000e-07 -3.491200000000000e-06	1.000000000000000e+00	0	0	247
248	 5.031724160348000e+02 -1.958446690551000e+02  2.286190426598000e+02	-6.249230000000000e-05  3.916900000000001e-06  0.000000000000000e+00	1.000000000000000e+00	7973	0	248
249	5.482381090647000e+02 1.793594650181000e+02 2.286190426598000e+02	 8.928700000000000e-06 -4.006300000000000e-06  0.000000000000000e+00	1.000000000000000e+00	7973	0	249
250	 4.117753579748000e+02  6.692259117709000e+02 -4.262112152443000e+02	2.200000000000000e-09 1.560000000000000e-08 0.000000000000000e+00	1.000000000000000e+00	646	0	250
251	 1.864146402514000e+02  7.024250957695000e+02 -4.262112152443000e+02	1.290000000000000e-08 7.360000000000000e-08 0.000000000000000e+00	1.000000000000000e+00	646	0	251
254	-7.028791339764000e+02 -6.962756445600000e+01 -1.159425144917000e+02	-1.625070000000000e-05  1.240940000000000e-05  0.000000000000000e+00	1.000000000000000e+00	661	0	254
255	-3.999134591138000e+02  3.197662464029000e+02 -1.159425144917000e+02	-8.331800000000000e-06  3.130300000000000e-06  0.000000000000000e+00	1.000000000000000e+00	661	0	255
256	-5.068053338126000e+02  1.997478355143000e+02 -4.164132562731000e+02	 5.610000000000000e-07 -4.627000000000000e-07  0.000000000000000e+00	1.000000000000000e+00	8007	0	256
257	-3.450663824136000e+02  3.962706029632000e+02 -4.164132562731000e+02	 2.914312500000000e-07 -2.395125000000000e-07  0.000000000000000e+00	5.625000000000000e-01	8007	0	257
258	-6.194121200459000e+02 -4.255319332229000e+02  1.077775486825000e+02	-1.812770000000000e-04 -5.816900000000000e-06  0.000000000000000e+00	1.000000000000000e+00	23	0	258
259	-6.347724800487000e+02  8.892042046550000e+01  1.077775486825000e+02	-1.012640000000000e-04 -9.727000000000000e-07  0.000000000000000e+00	1.000000000000000e+00	23	0	259
260	-3.020811586337000e+02 -1.874269714080000e+02 -1.894272067752000e+02	-3.464000000000000e-07  2.677000000000000e-07  0.000000000000000e+00	1.000000000000000e+00	27	0	260
261	-1.226689630640000e+01  1.875339838264000e+02 -1.894272067752000e+02	-1.712000000000000e-07  1.323000000000000e-07  0.000000000000000e+00	1.000000000000000e+00	27	0	261
262	-5.856646451168000e+02 -7.338086907129000e+02  2.803192635906000e+02	-7.220000000000000e-08 -1.250000000000000e-07 -1.502730000000000e-05	1.000000000000000e+00	491	0	262
263	-4.965590332912000e+02 -5.794732437914000e+02  4.717826454067000e+02	 6.078200000000001e-06  1.052780000000000e-05 -1.665360000000000e-05	1.000000000000000e+00	491	0	263
268	 8.642306076200001e+00 -1.875200879064000e+02  1.518683640526000e+02	-1.719000000000000e-07 -7.490000000000000e-08  0.000000000000000e+00	1.000000000000000e+00	8007	0	268
269	-1.545937060565000e+02  1.875099344626000e+02  1.518683640526000e+02	7.140000000000000e-08 3.110000000000000e-08 0.000000000000000e+00	1.000000000000000e+00	8007	0	269
270	-3.566455678364000e+02  3.403479836873000e+02 -7.142799671726000e+02	-2.483000000000000e-07  0.000000000000000e+00 -2.164000000000000e-06	1.000000000000000e+00	7973	0	270
273	 5.891534754802000e+02 -2.716661494588000e+02 -2.774095243659000e+02	2.415000000000000e-07 4.183000000000000e-07 1.261410000000000e-05	1.000000000000000e+00	7973	0	273
274	 4.509479607130000e+02 -5.836109874617000e+02  1.462508203247000e+02	-4.521600000000000e-06  7.831700000000000e-06  1.834700000000000e-05	1.000000000000000e+00	7973	0	274
277	 5.470127018922000e+02 -7.500000000000000e+02 -6.793251553319001e+02	0.000000000000000e+00 0.000000000000000e+00 0.000000000000000e+00	1.000000000000000e+00	7973	1	277
278	 5.215239061131000e+02 -5.714293355380000e+01  1.469693845670000e+01	 1.076386000000000e-04 -1.428700000000000e-06  0.000000000000000e+00	1.000000000000000e+00	5009	0	278
279	5.134864243939001e+02 4.076215008120000e+02 1.469693845670000e+01	 2.431773000000000e-04 -1.955680000000000e-05  0.000000000000000e+00	1.000000000000000e+00	5009	0	279
281	-4.060610455911000e+02  6.910882722200000e+02  1.096719129379000e+02	3.888860000000000e-05 0.000000000000000e+00 6.911660000000001e-05	1.000000000000000e+00	8007	0	281
282	 2.820150076575000e+02 -3.034607992639000e+02  9.471360338760000e+01	 6.501400000000000e-06 -3.479300000000000e-06  0.000000000000000e+00	1.000000000000000e+00	7973	0	282
283	 4.708304554813000e+02 -5.215327974520000e+01  9.471360338760000e+01	 6.291500000000000e-06 -6.961100000000000e-06  0.000000000000000e+00	1.000000000000000e+00	7973	0	283
284	 3.506942933502000e+02 -8.625755960700001e+00  3.592584956082000e+02	 1.352747000000000e-04 -7.431000000000000e-07  0.000000000000000e+00	1.000000000000000e+00	8007	0	284
286	 4.439727961070000e+01 -1.603926166333000e+02 -2.555933446782000e+02	 1.434550000000000e-05  2.484710000000000e-05 -4.760010000000000e-05	1.000000000000000e+00	8007	0	286
287	2.597092222365000e+02 2.125386074709000e+02 8.589820174130000e+01	 8.351930000000001e-05  1.446596000000000e-04 -2.277042000000000e-04	1.000000000000000e+00	8007	0	287
290	 7.632877265480001e+01 -3.560511394578000e+02  5.829785587824000e+02	 6.381800000000000e-06 -1.037820000000000e-05  0.000000000000000e+00	1.000000000000000e+00	105	0	290
291	 4.031901232725000e+02 -1.643390553966000e+02  5.829785587824000e+02	 2.348170000000000e-05 -4.344700000000000e-05  0.000000000000000e+00	1.000000000000000e+00	105	0	291
292	 4.660037306057000e+02 -6.096883458629001e+02  2.286190426598000e+02	-1.001071835746765e-05  1.733906633148193e-05  0.000000000000000e+00	7.508468627929688e-02	7973	0	292
297	-2.856197366000000e+00  6.099376922788000e+02 -1.159425144917000e+02	 3.173500000000000e-06 -4.998400000000000e-06  0.000000000000000e+00	1.000000000000000e+00	661	0	297
298	-7.093608680639001e+02 -4.582318295200000e+01 -4.164132562731000e+02	 4.927000000000001e-07 -4.068000000000000e-07  0.000000000000000e+00	1.000000000000000e+00	8007	0	298
300	-6.220579424559000e+02  6.680725452659000e+02  1.077775486825000e+02	 1.122000000000000e-07 -9.670000000000000e-08  0.000000000000000e+00	1.000000000000000e+00	23	0	300
301	-6.642409899604000e+02 -6.562116648182000e+02 -1.894272067752000e+02	-1.631000000000000e-07  1.261000000000000e-07  0.000000000000000e+00	1.000000000000000e+00	27	0	301
302	 3.499763022310000e+02  6.562542152667000e+02 -1.894272067752000e+02	-4.360000000000000e-08  3.370000000000000e-08  0.000000000000000e+00	1.000000000000000e+00	27	0	302
305	 2.137985399765000e+02 -6.561533837234000e+02  1.518683640526000e+02	3.758000000000000e-07 1.786000000000000e-07 0.000000000000000e+00	1.000000000000000e+00	8007	0	305
306	-3.515335817378000e+02  6.910882722200000e+02  1.518683640526000e+02	-1.287000000000000e-06 -1.191937500000000e-07  1.349156250000000e-06	5.625000000000000e-01	8007	0	306
307	-7.048108555161000e+02  3.403479836873000e+02 -6.874940093141000e+02	-8.840000000000000e-08  0.000000000000000e+00 -2.394400000000000e-06	1.000000000000000e+00	7973	0	307
313	 4.755649812779000e+02 -6.439752135248000e+02  1.469693845670000e+01	-7.945300000000000e-06  1.395500000000000e-06  0.000000000000000e+00	1.000000000000000e+00	5009	0	313
314	5.517870383341000e+02 6.465695422392000e+02 1.469693845670000e+01	 1.907924000000000e-04 -6.079120000000000e-05  0.000000000000000e+00	1.000000000000000e+00	5009	0	314
315	-5.036906795945000e+02  6.910882722200000e+02  4.804931208037000e+02	-4.174110000000000e-05  0.000000000000000e+00 -4.843030000000000e-05	1.000000000000000e+00	8007	0	315
316	 5.869341474730000e+01 -6.432317347276000e+02  9.471360338760000e+01	-1.005100000000000e-06  1.082200000000000e-06  0.000000000000000e+00	1.000000000000000e+00	7973	0	316
317	 3.341833073725000e+02 -6.549189904730000e+02  3.592584956082000e+02	 1.242930000000000e-05 -1.040300000000000e-06  0.000000000000000e+00	1.000000000000000e+00	8007	0	317
319	-2.677091309104000e+02 -7.009767770239000e+02 -4.810080094992000e+02	-7.500000000000001e-09 -1.300000000000000e-08  1.284000000000000e-07	1.000000000000000e+00	8007	0	319
320	4.795169577194000e+02 5.932567732239000e+02 5.829167672101000e+02	 4.792960000000000e-05  8.301650000000000e-05 -3.331470000000000e-04	1.000000000000000e+00	8007	0	320
322	4.818645241166000e+02 5.722656145378000e+02 3.804874067123000e+02	5.715590000000000e-05 2.109600000000000e-05 0.000000000000000e+00	1.000000000000000e+00	8006	0	322
323	-3.221979073124000e+02 -6.160430920364000e+02  5.829785587824000e+02	-2.890900000000000e-05  4.252320000000000e-05  0.000000000000000e+00	1.000000000000000e+00	105	0	323
328	 5.087983703602000e+02 -1.025380169488000e+02  2.286190426598000e+02	-4.840660000000001e-05  3.272300000000000e-06  0.000000000000000e+00	1.000000000000000e+00	7973	0	328
332	-6.557578067880000e+02  2.240020819430000e+01 -1.159425144917000e+02	-3.759860000000000e-05 -9.801100000000000e-06  0.000000000000000e+00	1.000000000000000e+00	661	0	332
333	-4.839997648089000e+02  2.438323630144000e+02 -1.159425144917000e+02	-2.029100000000000e-06  1.811170000000000e-05  0.000000000000000e+00	1.000000000000000e+00	661	0	333
334	-4.662959315893000e+02  2.488634323800000e+02 -4.164132562731000e+02	 5.674000000000001e-07 -4.679000000000000e-07  0.000000000000000e+00	1.000000000000000e+00	8007	0	334
335	-3.854587369907000e+02  3.471515776020000e+02 -4.164132562731000e+02	 3.182062500000000e-07 -2.613375000000000e-07  0.000000000000000e+00	5.625000000000000e-01	8007	0	335
336	-6.237738236669001e+02 -2.976279197389000e+02  1.077775486825000e+02	-1.614380000000000e-04 -5.932100000000000e-06  0.000000000000000e+00	1.000000000000000e+00	23	0	336
337	-6.327228424779000e+02 -3.300542576560000e+01  1.077775486825000e+02	-1.217111000000000e-04 -2.923800000000000e-06  0.000000000000000e+00	1.000000000000000e+00	23	0	337
338	-2.296338682822000e+02 -9.368187540290000e+01 -1.894272067752000e+02	-3.381000000000000e-07  2.613000000000000e-07  0.000000000000000e+00	1.000000000000000e+00	27	0	338
339	-8.471747309120001e+01  9.379144068880001e+01 -1.894272067752000e+02	-2.100000000000000e-07  1.623000000000000e-07  0.000000000000000e+00	1.000000000000000e+00	27	0	339
342	-3.218764914380000e+01 -9.376662873910000e+01  1.518683640526000e+02	-1.523000000000000e-07 -6.630000000000000e-08  0.000000000000000e+00	1.000000000000000e+00	8007	0	342
343	-1.137944353827000e+02  9.375326959380000e+01  1.518683640526000e+02	-3.500000000000000e-09 -1.500000000000000e-09  0.000000000000000e+00	1.000000000000000e+00	8007	0	343
344	-2.840673048476000e+02  3.403479836873000e+02 -7.232988511251000e+02	-2.152000000000000e-07  0.000000000000000e+00 -1.578500000000000e-06	1.000000000000000e+00	7973	0	344
346	 4.300000000000000e+02 -5.473280551918000e+02 -1.496480299100000e+00	0.000000000000000e+00 0.000000000000000e+00 0.000000000000000e+00	1.000000000000000e+00	7973	0	346
349	-1.643330892632000e+02  4.820870520314000e+02 -6.793251553319001e+02	-1.080165750000000e-04  1.870902000000000e-04  0.000000000000000e+00	7.500000000000000e-01	7973	0	349
350	5.206618172119000e+02 2.550315019030000e+01 1.469693845670000e+01	1.298310000000000e-04 3.023500000000000e-06 0.000000000000000e+00	1.000000000000000e+00	5009	0	350
351	5.119307457041000e+02 3.004436347594000e+02 1.469693845670000e+01	1.683127000000000e-04 3.281200000000000e-06 0.000000000000000e+00	1.000000000000000e+00	5009	0	351
352	-4.087594937549000e+02  6.910882722200000e+02  3.592584956082000e+02	-8.497870000000001e-05  0.000000000000000e+00  0.000000000000000e+00	1.000000000000000e+00	8007	0	352
354	 3.222414416860000e+02 -2.334122882118000e+02  9.471360338760000e+01	 9.562000000000001e-06 -6.036700000000000e-06  0.000000000000000e+00	1.000000000000000e+00	7973	0	354
355	 4.167178738172000e+02 -1.069842631727000e+02  9.471360338760000e+01	 9.067800000000000e-06 -8.082900000000000e-06  0.000000000000000e+00	1.000000000000000e+00	7973	0	355
356	3.511251483175000e+02 9.946374300200000e+01 3.592584956082000e+02	 1.302110000000000e-04 -1.247500000000000e-06  0.000000000000000e+00	1.000000000000000e+00	8007	0	356
358	 1.051105000949000e+02 -5.523423406370000e+01 -1.739330161168000e+02	 2.936950000000000e-05  5.086940000000000e-05 -7.606520000000000e-05	1.000000000000000e+00	8007	0	358
359	2.120429568187000e+02 1.299782139603000e+02 1.001764123130000e+01	 9.684950000000000e-05  1.677483000000000e-04 -2.259513000000000e-04	1.000000000000000e+00	8007	0	359
362	 1.569532826631000e+02 -3.065169507896000e+02  5.829785587824000e+02	 1.385720000000000e-05 -2.272450000000000e-05  0.000000000000000e+00	1.000000000000000e+00	105	0	362
363	 3.193502392987000e+02 -2.099238344746000e+02  5.829785587824000e+02	 2.469990000000000e-05 -4.367490000000000e-05  0.000000000000000e+00	1.000000000000000e+00	105	0	363
364	 4.788945333925000e+02 -4.637792993002000e+02  2.286190426598000e+02	-2.751300000000000e-05  3.514200000000000e-06  0.000000000000000e+00	1.000000000000000e+00	7973	0	364
365	 4.971889259811000e+02 -2.876053451005000e+02  2.286190426598000e+02	-5.461310000000000e-05  4.115400000000000e-06  0.000000000000000e+00	1.000000000000000e+00	7973	0	365
367	5.884847742114000e+02 2.680338511361000e+02 2.286190426598000e+02	 2.710000000000000e-07 -1.212000000000000e-07  0.000000000000000e+00	1.000000000000000e+00	7973	0	367
373	-7.488442910185000e+02 -1.959605629989000e+02 -1.159425144917000e+02	-9.164250000000001e-07  2.692500000000000e-07  0.000000000000000e+00	7.500000000000000e-01	661	0	373
374	-1.570241097762000e+02  5.064746463165000e+02 -1.159425144917000e+02	-4.480000000000000e-07  6.279000000000001e-07  0.000000000000000e+00	1.000000000000000e+00	661	0	374
375	-3.147468368818000e+02  3.886579005144000e+02 -1.159425144917000e+02	-3.337900000000000e-06  3.694100000000000e-06  0.000000000000000e+00	1.000000000000000e+00	661	0	375
376	-6.283427829084001e+02  5.240867350720000e+01 -4.164132562731000e+02	 5.077000000000000e-07 -4.189000000000000e-07  0.000000000000000e+00	1.000000000000000e+00	8007	0	376
377	-5.473164157535000e+02  1.506336285560000e+02 -4.164132562731000e+02	 5.488000000000000e-07 -4.527000000000000e-07  0.000000000000000e+00	1.000000000000000e+00	8007	0	377
378	-6.180711285117001e+02 -6.704559113606000e+02  1.077775486825000e+02	-2.017241000000000e-04  1.769380000000000e-05  0.000000000000000e+00	1.000000000000000e+00	23	0	378
379	-6.159347665974000e+02 -5.330179576425001e+02  1.077775486825000e+02	-2.069303000000000e-04 -6.193400000000000e-06  0.000000000000000e+00	1.000000000000000e+00	23	0	379
380	-6.309550040657000e+02  4.464551356269000e+02  1.077775486825000e+02	-3.847740000000000e-05  1.090700000000000e-06  0.000000000000000e+00	1.000000000000000e+00	23	0	380
381	-6.349653141689000e+02  2.124930587122000e+02  1.077775486825000e+02	-7.949820000000000e-05  5.007000000000000e-07  0.000000000000000e+00	1.000000000000000e+00	23	0	381
382	-5.193568537530000e+02 -4.687133948297000e+02 -1.894272067752000e+02	-1.580000000000000e-07  1.220000000000000e-07  0.000000000000000e+00	1.000000000000000e+00	27	0	382
383	-3.745185308771000e+02 -2.811797326029000e+02 -1.894272067752000e+02	-3.210000000000000e-07  2.480000000000000e-07  0.000000000000000e+00	1.000000000000000e+00	27	0	383
384	 2.050800494417000e+02  4.687653229438000e+02 -1.894272067752000e+02	-1.005000000000000e-07  7.760000000000001e-08  0.000000000000000e+00	1.000000000000000e+00	27	0	384
385	 6.018187656390000e+01  2.812779236984000e+02 -1.894272067752000e+02	-1.521000000000000e-07  1.175000000000000e-07  0.000000000000000e+00	1.000000000000000e+00	27	0	385
388	5.481782084589000e+02 1.631665217080000e+01 9.471360338760000e+01	 6.465800000000000e-06 -7.652400000000000e-06  0.000000000000000e+00	1.000000000000000e+00	7973	0	388
390	 1.311943432590000e+02 -4.687966561899000e+02  1.518683640526000e+02	-4.031000000000000e-07 -1.763000000000000e-07  0.000000000000000e+00	1.000000000000000e+00	8007	0	390
391	 4.946834259930000e+01 -2.812752469101000e+02  1.518683640526000e+02	-2.168000000000000e-07 -9.440000000000000e-08  0.000000000000000e+00	1.000000000000000e+00	8007	0	391
392	-2.772683583298000e+02  4.686540680083000e+02  1.518683640526000e+02	2.860000000000000e-08 1.440000000000000e-08 0.000000000000000e+00	1.000000000000000e+00	8007	0	392
393	-1.954038857118000e+02  2.812618553126000e+02  1.518683640526000e+02	1.066000000000000e-07 4.640000000000000e-08 0.000000000000000e+00	1.000000000000000e+00	8007	0	393
394	-5.642457778863001e+02  3.403479836873000e+02 -6.950645667630000e+02	-1.791000000000000e-07  0.000000000000000e+00 -2.561300000000000e-06	1.000000000000000e+00	7973	0	394
395	-4.271026401299000e+02  3.403479836873000e+02 -7.066901086462000e+02	-2.438000000000000e-07  0.000000000000000e+00 -2.454300000000000e-06	1.000000000000000e+00	7973	0	395
400	 5.080320141037000e+02 -6.824834682363000e+02 -4.817561994810000e+02	-4.472100000000000e-06  7.745900000000000e-06  2.263390000000000e-05	1.000000000000000e+00	7973	0	400
401	 4.335004373366000e+02 -5.533909905074000e+02 -2.638022065138000e+02	-5.610150000000000e-06  9.717131249999999e-06  5.785200000000000e-06	5.625000000000000e-01	7973	0	401
402	-4.618316332901000e+02  6.492185657098000e+02 -6.793251553319001e+02	-1.190190000000000e-05 -2.586050000000000e-05  0.000000000000000e+00	1.000000000000000e+00	7973	0	402
403	-3.929212099724000e+02  6.164080759896000e+02 -6.793251553319001e+02	-1.348490000000000e-05 -2.757680000000000e-05  0.000000000000000e+00	1.000000000000000e+00	7973	0	403
406	 4.967291789129000e+02 -4.289314407944000e+02  1.469693845670000e+01	 2.644020000000000e-05 -2.501300000000000e-06  0.000000000000000e+00	1.000000000000000e+00	5009	0	406
407	 5.153802768260000e+02 -1.657626692335000e+02  1.469693845670000e+01	 8.342440000000001e-05 -4.453500000000000e-06  0.000000000000000e+00	1.000000000000000e+00	5009	0	407
408	5.410394976380001e+02 6.028572677571000e+02 1.469693845670000e+01	 2.227147000000000e-04 -3.978310000000000e-05  0.000000000000000e+00	1.000000000000000e+00	5009	0	408
409	5.231277737624000e+02 5.022232737557000e+02 1.469693845670000e+01	 2.594886000000000e-04 -3.214840000000000e-05  0.000000000000000e+00	1.000000000000000e+00	5009	0	409
412	 1.665181307211000e+02 -5.267291451446000e+02  9.471360338760000e+01	-6.374000000000000e-07  4.680000000000000e-07  0.000000000000000e+00	1.000000000000000e+00	7973	0	412
413	 2.471840309376000e+02 -3.771479503312000e+02  9.471360338760000e+01	 8.230000000000000e-07 -3.792000000000000e-07  0.000000000000000e+00	1.000000000000000e+00	7973	0	413
414	 3.469579294040000e+02 -4.058138113260000e+02  3.592584956082000e+02	 5.800080000000000e-05 -1.503400000000000e-06  0.000000000000000e+00	1.000000000000000e+00	8007	0	414
415	 3.497519966420000e+02 -1.414775497190000e+02  3.592584956082000e+02	 1.061666000000000e-04 -6.087000000000000e-07  0.000000000000000e+00	1.000000000000000e+00	8007	0	415
416	-8.132625707990000e+01  6.910882722200000e+02  3.592584956082000e+02	0.000000000000000e+00 0.000000000000000e+00 0.000000000000000e+00	1.000000000000000e+00	8007	0	416
418	-1.457318537902000e+02 -4.897059356828000e+02 -4.279407260737000e+02	 8.760000000000000e-08  1.516000000000000e-07 -5.038000000000001e-07	1.000000000000000e+00	8007	0	418
419	-1.908697520010000e+01 -2.703505714464000e+02 -3.243884100119000e+02	 8.102000000000000e-06  1.403310000000000e-05 -3.262720000000000e-05	1.000000000000000e+00	8007	0	419
420	3.652311551169000e+02 3.953079565326000e+02 4.635110211186000e+02	 8.550990000000001e-05  1.481075000000000e-04 -2.088479000000000e-04	1.000000000000000e+00	8007	0	420
421	3.243056301301000e+02 3.244228679291000e+02 1.635213970722000e+02	 5.818120000000000e-05  1.007728000000000e-04 -2.051926000000000e-04	1.000000000000000e+00	8007	0	421
424	4.499262576753000e+02 6.608234657406000e+02 3.804874067123000e+02	1.537308000000000e-04 4.427870000000000e-05 0.000000000000000e+00	1.000000000000000e+00	8006	0	424
426	-1.652394951406000e+02 -5.085256613085000e+02  5.829785587824000e+02	-1.662530000000000e-05  2.485760000000000e-05  0.000000000000000e+00	1.000000000000000e+00	105	0	426
427	-4.372567590900000e+00 -4.057878013716000e+02  5.829785587824000e+02	-1.428900000000000e-06  2.250000000000000e-06  0.000000000000000e+00	1.000000000000000e+00	105	0	427
428	 6.383581029720000e+02 -2.422778960320000e+01  5.829785587824000e+02	 3.420980000000000e-05 -5.662050000000000e-05  0.000000000000000e+00	1.000000000000000e+00	105	0	428
429	 4.870604447349000e+02 -1.192620508931000e+02  5.829785587824000e+02	 3.546650000000000e-05 -5.868430000000000e-05  0.000000000000000e+00	1.000000000000000e+00	105	0	429
430	-2.378326787551000e+02  5.497495688467001e+02 -4.164132562731000e+02	-2.963160000000000e-05  9.529300000000000e-06  0.000000000000000e+00	1.000000000000000e+00	8007	0	430
431	-3.047025563597000e+02  4.454132553587000e+02 -4.164132562731000e+02	 1.179000000000000e-07 -9.646874999999999e-08  0.000000000000000e+00	5.625000000000000e-01	8007	0	431
432	-2.602319387088000e+02  6.910882722200000e+02 -3.739626080685000e+02	 7.405847000000000e-04  0.000000000000000e+00 -9.449382000000001e-04	1.000000000000000e+00	8007	0	432
433	-4.399245366715000e+02  6.910882722200000e+02 -2.171583753020000e+01	-5.086120000000000e-05  0.000000000000000e+00  2.024480000000000e-04	1.000000000000000e+00	8007	0	433
434	6.620492856736000e+02 1.121783084277000e+02 9.471360338760000e+01	 1.028000000000000e-06 -8.562000000000001e-07  0.000000000000000e+00	1.000000000000000e+00	7973	0	434
436	 4.902397933432000e+02  4.516499265218000e+02 -6.468901538304000e+02	 1.653000000000000e-07 -2.863000000000000e-07 -1.443900000000000e-06	1.000000000000000e+00	0	0	436
438	5.091112564491000e+02 6.445156022381000e+02 5.991252511693000e+02	 4.138550000000000e-05  7.168170000000000e-05 -3.563678000000000e-04	1.000000000000000e+00	8007	0	438
439	 1.335413703022000e+02 -5.990522361100000e+00 -1.276351169548000e+02	 4.317670000000000e-05  7.478430000000000e-05 -1.047775000000000e-04	1.000000000000000e+00	8007	0	439
440	 1.876230071120000e+02  8.768162034990000e+01 -3.258117685440000e+01	 7.778670000000000e-05  1.347305000000000e-04 -1.761128000000000e-04	1.000000000000000e+00	8007	0	440
441	-1.142142021110000e+02 -4.351157616391000e+02 -4.054705553744000e+02	 5.533000000000001e-07  9.584000000000000e-07 -2.867700000000000e-06	1.000000000000000e+00	8007	0	441
442	-5.098700777860000e+01 -3.256030486353000e+02 -3.539741213605000e+02	 5.314400000000000e-06  9.204900000000001e-06 -2.385050000000000e-05	1.000000000000000e+00	8007	0	442
443	3.150923181647000e+02 3.084649434989000e+02 3.592584956082000e+02	1.243964144531250e-04 2.154609175781250e-04 0.000000000000000e+00	3.164062500000000e-01	8007	0	443
444	4.857226936485000e+02 6.040054231515001e+02 3.592584956082000e+02	6.507448000000000e-04 1.127123100000000e-03 0.000000000000000e+00	1.000000000000000e+00	8007	0	444
445	-2.391552533035000e+02 -6.515200102555000e+02 -4.732306838116000e+02	-2.070000000000000e-08 -3.580000000000000e-08  2.714000000000000e-07	1.000000000000000e+00	8007	0	445
446	-1.773160691357000e+02 -5.444114013784000e+02 -4.468620584192000e+02	-5.600000000000001e-09 -9.600000000000000e-09  4.590000000000000e-08	1.000000000000000e+00	8007	0	446
447	4.501805199116000e+02 5.424445724277000e+02 5.618324853070001e+02	 5.722150000000000e-05  9.911050000000000e-05 -3.010241000000000e-04	1.000000000000000e+00	8007	0	447
448	3.930040486907000e+02 4.434120192757000e+02 5.025651149975000e+02	 6.388920000000000e-05  1.106593000000000e-04 -2.139776000000000e-04	1.000000000000000e+00	8007	0	448
449	 7.573335882030000e+01 -1.061169353324000e+02 -2.164211645425000e+02	 1.982400000000000e-05  3.433610000000000e-05 -5.744350000000000e-05	1.000000000000000e+00	8007	0	449
450	 1.267292930830000e+01 -2.153408031943000e+02 -2.913877944731000e+02	 1.100730000000000e-05  1.906520000000000e-05 -4.060080000000000e-05	1.000000000000000e+00	8007	0	450
451	2.362548983753000e+02 1.719145268861000e+02 5.030226399500000e+01	 1.180513000000000e-04  2.044709000000000e-04 -2.919642000000000e-04	1.000000000000000e+00	8007	0	451
452	2.843719084749000e+02 2.552556330869000e+02 1.178430463148000e+02	 5.133530000000000e-05  8.891530000000001e-05 -1.778184000000000e-04	1.000000000000000e+00	8007	0	452
453	 3.290705799189000e+02 -7.021439775175000e+02  3.592584956082000e+02	 3.540600000000000e-06 -3.962000000000000e-07  0.000000000000000e+00	1.000000000000000e+00	8007	0	453
455	-3.766980567765000e+02 -3.718679426232000e+02  6.353974319231000e+02	 5.589800000000000e-06  9.681900000000000e-06 -1.959370000000000e-05	1.000000000000000e+00	491	0	455
459	 3.386335738315000e+02 -5.955930095221000e+02  3.592584956082000e+02	 2.344450000000000e-05 -1.493100000000000e-06  0.000000000000000e+00	1.000000000000000e+00	8007	0	459
460	3.528012243088000e+02 1.493370376441000e+02 3.592584956082000e+02	2.064088000000000e-04 1.386740000000000e-05 0.000000000000000e+00	1.000000000000000e+00	8007	0	460
463	4.504394533531000e+02 6.667076741294001e+02 3.592584956082000e+02	 7.220941000000000e-04 -5.229661000000001e-04  0.000000000000000e+00	1.000000000000000e+00	8007	0	463
465	 4.260262400060000e+01  6.384639112368001e+02 -1.159425144917000e+02	 4.826600000000001e-06 -7.821000000000000e-06  0.000000000000000e+00	1.000000000000000e+00	661	0	465
468	-6.415847997501000e+02  9.079889176840000e+01  6.580962442277000e+02	-7.594270000000001e-05  1.162270000000000e-05  0.000000000000000e+00	1.000000000000000e+00	1105	0	468
471	 3.447905434978000e+02 -4.734220538609000e+02  3.592584956082000e+02	 4.572280000000000e-05 -1.706100000000000e-06  0.000000000000000e+00	1.000000000000000e+00	8007	0	471
479	7.497254542037000e+02 5.715767664980000e+01 6.580962442277000e+02	 1.071066796875000e-06 -1.194401953125000e-06  0.000000000000000e+00	3.164062500000000e-01	1105	0	479
483	 5.023825694020000e+02 -3.691333370117000e+02  1.469693845670000e+01	 4.008790000000000e-05 -3.205800000000000e-06  0.000000000000000e+00	1.000000000000000e+00	5009	0	483
484	-5.622573411990001e+02  1.010267103107000e+02  6.580962442277000e+02	-6.260420000000000e-05  3.965490000000000e-05  0.000000000000000e+00	1.000000000000000e+00	1105	0	484
486	-3.690886237628000e+02 -6.470492226261000e+02  5.829785587824000e+02	-3.105350000000000e-05  4.827200000000000e-05  0.000000000000000e+00	1.000000000000000e+00	105	0	486
487	4.623076887963000e+02 6.181775220648000e+02 2.286190426598000e+02	-9.257193000000001e-04 -1.024866900000000e-03  0.000000000000000e+00	1.000000000000000e+00	7973	0	487
488	 4.621082809881000e+02  5.003751352145000e+02 -6.602126589431000e+02	 7.120000000000000e-08 -1.234000000000000e-07 -5.685000000000000e-07	1.000000000000000e+00	0	0	488
490	5.008255219181000e+02 5.313745791272000e+02 3.804874067123000e+02	6.108780000000001e-05 2.885250000000000e-05 0.000000000000000e+00	1.000000000000000e+00	8006	0	490
491	-5.209720673760000e+02 -6.217578591933001e+02  4.314665213551000e+02	 2.901600000000000e-06  5.025700000000000e-06 -1.876670000000000e-05	1.000000000000000e+00	491	0	491
494	 7.928020333000000e+00 -6.862005370000001e+02  9.471360338760000e+01	 1.621900000000000e-06 -1.761500000000000e-06  0.000000000000000e+00	1.000000000000000e+00	7973	0	494
495	 5.115414674632000e+02 -2.434285433225000e+02  1.469693845670000e+01	 6.739820000000001e-05 -3.875700000000000e-06  0.000000000000000e+00	1.000000000000000e+00	5009	0	495
496	 3.411268983198000e+02 -7.012607827280000e+02 -5.753902374100000e+00	1.130080000000000e-05 1.957350000000000e-05 1.149763000000000e-04	1.000000000000000e+00	7973	0	496
497	-4.725813440891000e+02 -5.379426678454000e+02  5.082779312819000e+02	 6.765100000000000e-06  1.171750000000000e-05 -1.847410000000000e-05	1.000000000000000e+00	491	0	497
499	 5.031834260246000e+02 -4.205706430452000e+02 -2.692131695696000e+02	1.140000000000000e-08 1.970000000000000e-08 4.471000000000000e-07	1.000000000000000e+00	7973	0	499
501	-4.912483920559000e+02  1.048168793266000e+02  6.580962442277000e+02	-2.121760000000000e-05  5.936820000000001e-05  0.000000000000000e+00	1.000000000000000e+00	1105	0	501
503	-4.246322191315000e+02  1.050844889477000e+02  6.580962442277000e+02	5.165000000000001e-06 7.240570000000000e-05 0.000000000000000e+00	1.000000000000000e+00	1105	0	503
505	5.313196778327000e+02 1.199556641785000e+02 2.286190426598000e+02	 4.108000000000000e-07 -1.044000000000000e-07  0.000000000000000e+00	1.000000000000000e+00	7973	0	505
507	-5.690853129677000e+02 -7.050924450752000e+02  3.301155497466000e+02	-2.699300000000000e-06 -4.675300000000000e-06 -2.719750000000000e-05	1.000000000000000e+00	491	0	507
512	 9.208924406500000e+01  6.684439365020000e+02 -1.159425144917000e+02	 6.627600000000000e-06 -1.121150000000000e-05  0.000000000000000e+00	1.000000000000000e+00	661	0	512
519	-3.541274526838000e+02  1.024427736743000e+02  6.580962442277000e+02	-5.516700000000000e-06  8.563130000000000e-05  0.000000000000000e+00	1.000000000000000e+00	1105	0	519
521	-5.942836021720000e+02 -7.487371622408000e+02  2.421516155787000e+02	 3.523500000000000e-07  6.102562500000000e-07 -1.864743750000000e-06	5.625000000000000e-01	491	0	521
523	 4.979628657180000e+01  6.910882722200000e+02 -6.305725307011000e+02	-6.891800000000001e-06  0.000000000000000e+00 -1.088480000000000e-05	1.000000000000000e+00	8007	0	523
527	5.147981863185000e+02 2.214821962100000e+02 1.469693845670000e+01	1.566028000000000e-04 4.472200000000000e-06 0.000000000000000e+00	1.000000000000000e+00	5009	0	527
529	-3.516303593077000e+02 -3.284494169785000e+02  6.615289700116000e+02	 4.244400000000000e-06  7.351400000000000e-06 -1.725670000000000e-05	1.000000000000000e+00	491	0	529
530	-5.352788889107001e+02  6.910882722200000e+02  5.165854643353000e+02	-4.234010000000000e-05  0.000000000000000e+00 -3.863270000000000e-05	1.000000000000000e+00	8007	0	530
531	5.347616254948000e+02 6.889433446583000e+02 6.093985060919000e+02	 2.759440000000000e-05  4.779490000000000e-05 -3.741583000000000e-04	1.000000000000000e+00	8007	0	531
535	 4.338313700498000e+02  5.493521816408000e+02 -6.752687975016000e+02	-5.522250000000000e-07  9.564750000000000e-07  3.665475000000000e-06	7.500000000000000e-01	0	0	535
537	-2.886580596031000e+02  9.756462104890001e+01  6.580962442277000e+02	6.180600000000001e-06 9.663460000000000e-05 0.000000000000000e+00	1.000000000000000e+00	1105	0	537
538	-6.351261007157000e+02  1.517192495461000e+02  1.077775486825000e+02	-9.024890000000000e-05 -1.673000000000000e-07  0.000000000000000e+00	1.000000000000000e+00	23	0	538
540	-7.105088398839000e+02 -6.585124700164000e+02 -1.159425144917000e+02	-2.665200000000000e-06  1.307180000000000e-05  0.000000000000000e+00	1.000000000000000e+00	661	0	540
545	-2.251498985449000e+02  9.086876995300000e+01  6.580962442277000e+02	7.452300000000001e-06 1.080752000000000e-04 0.000000000000000e+00	1.000000000000000e+00	1105	0	545
547	-6.263969288367000e+02 -2.262438987727000e+02  1.077775486825000e+02	-1.509093000000000e-04 -5.583800000000000e-06  0.000000000000000e+00	1.000000000000000e+00	23	0	547
553	5.181377107746000e+02 8.757377637760000e+01 1.469693845670000e+01	1.425516000000000e-04 5.722200000000000e-06 0.000000000000000e+00	1.000000000000000e+00	5009	0	553
560	-7.317727381476001e+02 -6.168804112933000e+02 -1.159425144917000e+02	-1.120400000000000e-06  1.522900000000000e-05  0.000000000000000e+00	1.000000000000000e+00	661	0	560
566	-6.310342040140000e+02 -9.485512559870000e+01  1.077775486825000e+02	-1.313911000000000e-04 -3.994300000000000e-06  0.000000000000000e+00	1.000000000000000e+00	23	0	566
567	-6.339668743542001e+02  2.813971130300000e+01  1.077775486825000e+02	-1.116815000000000e-04 -1.898700000000000e-06  0.000000000000000e+00	1.000000000000000e+00	23	0	567
568	-1.614738799081000e+02  8.262596653150000e+01  6.580962442277000e+02	1.373370000000000e-05 1.192425000000000e-04 0.000000000000000e+00	1.000000000000000e+00	1105	0	568
571	-5.343102868213000e+02  1.919083091714000e+02 -1.159425144917000e+02	-1.145740000000000e-05  1.619080000000000e-05  0.000000000000000e+00	1.000000000000000e+00	661	0	571
572	-3.675916119351000e+02  6.910882722200000e+02  1.518683640526000e+02	 2.343768750000000e-06 -3.102750000000000e-07 -2.377912500000000e-06	5.625000000000000e-01	8007	0	572
577	5.242841278380000e+02 4.652312286914000e+02 2.286190426598000e+02	-1.087062100000000e-03 -7.415143000000001e-04  0.000000000000000e+00	1.000000000000000e+00	7973	0	577
582	-4.156144249845000e+02 -6.758938683895000e+02  5.829785587824000e+02	-3.226810000000000e-05  5.367270000000000e-05  0.000000000000000e+00	1.000000000000000e+00	105	0	582
583	-9.867180271690000e+01  7.349425885150001e+01  6.580962442277000e+02	1.990840000000000e-05 1.302835000000000e-04 0.000000000000000e+00	1.000000000000000e+00	1105	0	583
585	 4.051597017141000e+02  5.990129679359001e+02 -6.924444914401000e+02	-1.786300000000000e-06  3.094000000000000e-06  1.669700000000000e-06	1.000000000000000e+00	0	0	585
589	 1.426544779706000e+02  6.975475900403001e+02 -1.159425144917000e+02	 8.251400000000000e-06 -1.486360000000000e-05  0.000000000000000e+00	1.000000000000000e+00	661	0	589
595	5.298106469288000e+02 4.891767104938000e+02 3.804874067123000e+02	5.033330000000000e-05 4.622650000000000e-05 0.000000000000000e+00	1.000000000000000e+00	8006	0	595
598	 9.629730370390000e+01  6.910882722200000e+02 -6.584135564841000e+02	-3.091900000000000e-06  0.000000000000000e+00 -5.317400000000000e-06	1.000000000000000e+00	8007	0	598
600	-3.697737559020000e+01  6.372050713070000e+01  6.580962442277000e+02	2.507010000000000e-05 1.416890000000000e-04 0.000000000000000e+00	1.000000000000000e+00	1105	0	600
602	-4.351498530356000e+02  6.910882722200000e+02  4.431857831190000e+01	2.105660000000000e-05 0.000000000000000e+00 1.539429000000000e-04	1.000000000000000e+00	8007	0	602
610	-5.684611598795000e+02  6.910882722200000e+02  5.532238702793001e+02	-3.649000000000000e-05  0.000000000000000e+00 -3.406400000000000e-05	1.000000000000000e+00	8007	0	610
611	-6.214953389456000e+02 -3.596361454761000e+02  1.077775486825000e+02	-1.730314000000000e-04 -5.910800000000000e-06  0.000000000000000e+00	1.000000000000000e+00	23	0	611
615	 4.300000000000000e+02 -5.473280551918000e+02 -2.606506917860000e+02	0.000000000000000e+00 0.000000000000000e+00 0.000000000000000e+00	1.000000000000000e+00	7973	0	615
616	-3.254704942902000e+02 -2.831392016490000e+02  6.850713980956000e+02	 2.989800000000000e-06  5.178500000000000e-06 -1.419340000000000e-05	1.000000000000000e+00	491	0	616
618	2.308861031600000e+01 5.326678162850000e+01 6.580962442277000e+02	3.057110000000000e-05 1.538874000000000e-04 0.000000000000000e+00	1.000000000000000e+00	1105	0	618
620	 3.760377829000000e+02  6.494536109360000e+02 -7.067213566973001e+02	-2.741431997680664e-06  4.748295492553711e-06  7.583628398895264e-07	7.508468627929688e-02	0	0	620
625	-6.156231664433001e+02  8.766011624620000e+01 -1.159425144917000e+02	-3.300530000000000e-05  8.957000000000001e-07  0.000000000000000e+00	1.000000000000000e+00	661	0	625
627	 5.231622676142000e+02 -6.918898162629000e+02  2.286190426598000e+02	5.170000000000000e-07 1.686000000000000e-06 0.000000000000000e+00	1.000000000000000e+00	7973	0	627
630	-3.327094513685000e+02  6.910882722200000e+02  1.809897174326000e+02	-1.869480000000000e-05  0.000000000000000e+00 -9.125300000000001e-06	1.000000000000000e+00	8007	0	630
631	8.160133350800000e+01 4.188928686560000e+01 6.580962442277000e+02	3.735330000000000e-05 1.672557000000000e-04 0.000000000000000e+00	1.000000000000000e+00	1105	0	631
639	 1.465703457154000e+02  6.910882722200000e+02 -6.846490251055001e+02	-8.094000000000000e-07  0.000000000000000e+00 -1.610300000000000e-06	1.000000000000000e+00	8007	0	639
646	 3.482933937302000e+02 -3.412646129119000e+02  3.592584956082000e+02	 6.985740000000001e-05 -1.054100000000000e-06  0.000000000000000e+00	1.000000000000000e+00	8007	0	646
647	 3.493542264258000e+02 -2.119846777046000e+02  3.592584956082000e+02	 9.342920000000000e-05 -5.436000000000000e-07  0.000000000000000e+00	1.000000000000000e+00	8007	0	647
655	 1.950999449750000e+02  7.252230441501000e+02 -1.159425144917000e+02	 7.415500000000000e-06 -1.486230000000000e-05  0.000000000000000e+00	1.000000000000000e+00	661	0	655
660	-4.631414049275000e+02 -7.036343226962000e+02  5.829785587824000e+02	-3.255500000000000e-05  5.846270000000001e-05  0.000000000000000e+00	1.000000000000000e+00	105	0	660
664	1.399606475076000e+02 2.906308934030000e+01 6.580962442277000e+02	4.425520000000000e-05 1.825615000000000e-04 0.000000000000000e+00	1.000000000000000e+00	1105	0	664
675	4.385447515598000e+02 7.301309923860000e+02 3.592584956082000e+02	2.816852000000000e-04 4.490170000000000e-05 0.000000000000000e+00	1.000000000000000e+00	8007	0	675
681	 3.360351643612000e+02  7.187401786808000e+02 -7.313441610898001e+02	-1.707054096794128e-06  2.956707301712036e-06 -4.675260618209839e-07	5.631351470947266e-02	0	0	681
683	-7.338029033561000e+02 -1.447728706247000e+02 -1.159425144917000e+02	-8.306400000000001e-06  3.124000000000000e-06  0.000000000000000e+00	1.000000000000000e+00	661	0	683
688	-6.042316378408000e+02  6.910882722200000e+02  5.916148951312000e+02	-2.867160000000000e-05  0.000000000000000e+00 -2.877790000000000e-05	1.000000000000000e+00	8007	0	688
689	1.989786104534000e+02 1.438390536940000e+01 6.580962442277000e+02	5.073840000000000e-05 2.001611000000000e-04 0.000000000000000e+00	1.000000000000000e+00	1105	0	689
696	 4.690717438452000e+02 -4.796538097115000e+02 -2.659433190948000e+02	3.451992187500000e-08 5.980078125000001e-08 1.220695312500000e-06	3.164062500000000e-01	7973	0	696
703	 2.582386307155000e+02 -2.022501157700000e+00  6.580962442277000e+02	6.187920000000001e-05 2.182919000000000e-04 0.000000000000000e+00	1.000000000000000e+00	1105	0	703
707	 3.501226294872000e+02 -7.786178565120001e+01  3.592584956082000e+02	 1.182857000000000e-04 -8.411000000000000e-07  0.000000000000000e+00	1.000000000000000e+00	8007	0	707
708	 4.240278592622000e+02 -5.473280551918000e+02 -2.581425065530000e+02	-4.791418945312500e-07  0.000000000000000e+00 -5.892987304687500e-07	2.373046875000000e-01	7973	0	708
710	 3.219462844803000e+02 -2.102521339170000e+01  6.580962442277000e+02	7.590860000000001e-05 2.387181000000000e-04 0.000000000000000e+00	1.000000000000000e+00	1105	0	710
712	-3.337366757554000e+02  6.910882722200000e+02  2.138335918346000e+02	-3.008320000000000e-05  0.000000000000000e+00 -2.616340000000000e-05	1.000000000000000e+00	8007	0	712
714	 4.343213538525000e+02 -5.296600395370000e+01  6.580962442277000e+02	1.613566000000000e-04 2.542822000000000e-04 0.000000000000000e+00	1.000000000000000e+00	1105	0	714
715	 4.972178608181000e+02 -6.367065587760001e+01  6.580962442277000e+02	1.440828000000000e-04 2.412478000000000e-04 0.000000000000000e+00	1.000000000000000e+00	1105	0	715
717	 5.487664932411000e+02 -6.162675854480000e+01  6.580962442277000e+02	8.731820000000001e-05 1.827458000000000e-04 0.000000000000000e+00	1.000000000000000e+00	1105	0	717
718	-5.439401292699000e+02  6.854474121019000e+02 -6.793251553319001e+02	-9.482200000000000e-06 -2.173120000000000e-05  0.000000000000000e+00	1.000000000000000e+00	7973	0	718
720	 6.073005133521000e+02 -4.401605789940000e+01  6.580962442277000e+02	-6.992300000000000e-06  7.307980000000000e-05  0.000000000000000e+00	1.000000000000000e+00	1105	0	720
722	 1.998286899006000e+02  6.910882722200000e+02 -7.087043523499000e+02	-1.170000000000000e-07  0.000000000000000e+00 -2.963000000000000e-07	1.000000000000000e+00	8007	0	722
724	-6.210008130467000e+02  7.162724046174001e+02 -6.793251553319001e+02	-2.059220000000000e-05 -1.143720000000000e-05  0.000000000000000e+00	1.000000000000000e+00	7973	0	724
728	 4.876957302555000e+02 -6.472599913742000e+02 -4.071922512879000e+02	-3.349230000000000e-05  5.801040000000000e-05  1.131506000000000e-04	1.000000000000000e+00	7973	0	728
729	6.884320834866000e+02 2.193558236000000e+00 6.580962442277000e+02	-3.077590000000000e-05 -6.394000000000000e-06  0.000000000000000e+00	1.000000000000000e+00	1105	0	729
733	5.853949165707000e+02 4.335654314023000e+02 3.804874067123000e+02	3.913800000000001e-06 4.041100000000000e-06 0.000000000000000e+00	1.000000000000000e+00	8006	0	733
737	-6.431432809726000e+02  6.910882722200000e+02  6.325433600795001e+02	-2.552970000000000e-05  0.000000000000000e+00 -1.530840000000000e-05	1.000000000000000e+00	8007	0	737
740	-2.982866579603000e+02 -2.360554159810000e+02  7.057969475577000e+02	 1.855700000000000e-06  3.214100000000000e-06 -1.042700000000000e-05	1.000000000000000e+00	491	0	740
745	-7.339723405080000e+02  7.493929957622000e+02 -6.793251553319001e+02	-4.858700000000001e-06 -2.036600000000000e-06  0.000000000000000e+00	1.000000000000000e+00	7973	0	745
746	-9.131833093980001e+01  6.910882722200000e+02 -5.155028208796000e+02	-2.884070000000000e-05  0.000000000000000e+00 -4.375080000000000e-05	1.000000000000000e+00	8007	0	746
747	6.154071888982000e+02 4.076036071068000e+02 3.804874067123000e+02	6.681100000000000e-06 9.474700000000001e-06 0.000000000000000e+00	1.000000000000000e+00	8006	0	747
753	5.785111808143000e+02 4.147396885325000e+02 2.286190426598000e+02	 4.487400000000000e-06 -2.005620000000000e-05  0.000000000000000e+00	1.000000000000000e+00	7973	0	753
755	-2.757721704246000e+02  5.567718540328000e+02 -6.793251553319001e+02	 1.429720000000000e-05 -2.811640000000000e-05  0.000000000000000e+00	1.000000000000000e+00	7973	0	755
771	6.573829211776000e+02 3.793551376183000e+02 3.804874067123000e+02	-5.219300000000000e-06 -7.293000000000000e-06  0.000000000000000e+00	1.000000000000000e+00	8006	0	771
776	 2.560749551363000e+02  6.910882722200000e+02 -7.297164343903000e+02	-4.985000000000000e-07  0.000000000000000e+00 -1.359500000000000e-06	1.000000000000000e+00	8007	0	776
805	-1.130119308725000e+02  3.931961981956000e+02 -7.273808104337000e+02	 3.413507695312500e-05 -5.912367187500000e-05  5.388044062500000e-05	3.164062500000000e-01	7973	0	805
828	-1.441263745510000e+02  3.403479836873000e+02 -7.446365412664001e+02	 3.101073925781250e-06  0.000000000000000e+00 -1.699789746093750e-06	2.373046875000000e-01	7973	0	828
864	-2.700642780620000e+02 -1.871728200866000e+02  7.234406982952000e+02	 8.624000000000000e-07  1.493700000000000e-06 -5.839800000000000e-06	1.000000000000000e+00	491	0	864
865	 4.024963880442000e+02 -5.473280551918000e+02 -2.230811606014000e+02	-7.099523437500000e-06  0.000000000000000e+00  1.597092187500000e-06	4.218750000000000e-01	7973	0	865
909	-1.272672889664000e+02  6.910882722200000e+02  3.592584956082000e+02	0.000000000000000e+00 0.000000000000000e+00 0.000000000000000e+00	4.218750000000000e-01	8007	0	909
1000	-3.543246643476000e+02  6.910882722200000e+02  2.687977104760000e+02	-3.874160000000000e-05  0.000000000000000e+00 -4.422120000000000e-05	1.000000000000000e+00	8007	0	1000
1002	7.048591568706000e+02 3.441947819991000e+02 3.804874067123000e+02	-7.665700000000000e-06 -9.643000000000001e-06  0.000000000000000e+00	1.000000000000000e+00	8006	0	1002
1003	-4.377150073672000e+02  6.910882722200000e+02  3.988602383709000e+02	-6.501290000000000e-05  0.000000000000000e+00 -3.061640000000000e-05	1.000000000000000e+00	8007	0	1003
1011	6.937158883490000e+02 2.758881742180000e+02 1.564534681533000e+02	-7.164873984375000e-05  1.240992694335938e-04 -2.214753020507813e-04	2.373046875000000e-01	7973	0	1011
1012	 3.884221111134000e+02 -5.473280551918000e+02 -1.687318429593000e+02	-1.650090000000000e-05  0.000000000000000e+00  1.347410000000000e-05	1.000000000000000e+00	7973	0	1012
1014	-3.322756840806000e+02  6.208374353922001e+02  1.518683640526000e+02	-1.170600000000000e-06 -4.382000000000000e-07  0.000000000000000e+00	1.000000000000000e+00	8007	0	1014
1015	-3.576883067169000e+02  6.863179973091001e+02  1.518683640526000e+02	-6.777000000000000e-07  2.703000000000000e-07  0.000000000000000e+00	1.000000000000000e+00	8007	0	1015
1020	-3.620336831427000e+02  6.863496072289000e+02  1.518683640526000e+02	-2.572600000000000e-06  7.321000000000001e-07  0.000000000000000e+00	1.000000000000000e+00	8007	0	1020
1081	-5.156595923713001e+02 -7.293785932248001e+02  5.829785587824000e+02	-1.815130000000000e-05  4.163780000000000e-05  0.000000000000000e+00	1.000000000000000e+00	105	0	1081
1396	-4.170790942296000e+02  6.910882722200000e+02 -1.071700160282000e+02	-1.481183000000000e-04  0.000000000000000e+00  2.609626000000000e-04	1.000000000000000e+00	8007	0	1396
1615	3.534572248486000e+02 3.749149111032000e+02 1.925046641112000e+02	 5.277430000000000e-05  9.140780000000000e-05 -2.152024000000000e-04	1.000000000000000e+00	8007	0	1615
1675	3.862729853974000e+02 4.317534756626000e+02 2.190714965923000e+02	 1.136600000000000e-06  1.968700000000000e-06 -6.260500000000000e-06	1.000000000000000e+00	8007	0	1675
1705	 3.911344508585000e+02 -5.473280551918000e+02 -1.139112816871000e+02	-1.576820000000000e-05  0.000000000000000e+00  3.405600000000000e-05	1.000000000000000e+00	7973	0	1705
1759	4.781588875436000e+02 5.909045266792000e+02 3.230408424036000e+02	1.567161900000000e-03 2.714404000000000e-03 5.141942000000000e-04	1.000000000000000e+00	8007	0	1759
1801	-2.409283229138000e+02 -1.367078654429000e+02  7.374320120044000e+02	 8.400000000000001e-09  1.450000000000000e-08 -8.270000000000001e-08	1.000000000000000e+00	491	0	1801
1886	3.154922565950000e+02 3.091576571801000e+02 3.637942373716000e+02	 7.433490000000001e-05  1.287519000000000e-04 -6.680178000000000e-04	1.000000000000000e+00	8007	0	1886
2050	4.594850267961000e+02 5.585604510910000e+02 2.810345964628000e+02	 1.155866900000000e-03  2.002020200000000e-03 -3.331620800000000e-03	1.000000000000000e+00	8007	0	2050
2264	6.397667745924000e+02 3.693307802677000e+02 2.286190426598000e+02	 2.348200000000000e-06 -4.067300000000000e-06  0.000000000000000e+00	1.000000000000000e+00	7973	0	2264
2820	-7.150830603412001e+02  7.245332121440001e+01  6.580962442277000e+02	-2.842880000000000e-05 -4.224300000000000e-06  0.000000000000000e+00	1.000000000000000e+00	1105	0	2820
2827	6.390308504774000e+02 3.706054382255000e+02 2.229619450453000e+02	 2.285700000000000e-05 -3.958950000000000e-05  5.540228000000000e-04	1.000000000000000e+00	7973	0	2827
2939	6.212426442999000e+02 3.224198961836000e+02 2.286190426598000e+02	-7.030000000000000e-07  3.776000000000000e-07  0.000000000000000e+00	1.000000000000000e+00	7973	0	2939
3478	4.878373534739000e+02 5.116719113414000e+02 2.286190426598000e+02	-3.472577400000000e-03  5.239993000000000e-04  0.000000000000000e+00	1.000000000000000e+00	7973	0	3478
4128	-6.672379870447000e+02 -7.102458382202000e+02 -1.159425144917000e+02	 4.530670000000000e-05 -4.777600000000000e-05  0.000000000000000e+00	1.000000000000000e+00	661	0	4128
4210	 4.278588655836000e+02 -5.436195015967000e+02  5.445997482500000e+00	-7.167000000000001e-07  1.241400000000000e-06  4.433850000000000e-06	7.500000000000000e-01	7973	0	4210
4212	 3.731281675927000e+02 -6.458329584407001e+02 -1.249641447200000e+00	6.084163125000001e-05 1.053808101562500e-04 7.985767851562501e-05	3.164062500000000e-01	7973	0	4212
4213	-3.298990280743000e+02  6.910882722200000e+02 -2.683450563434000e+02	-1.537820000000000e-05  0.000000000000000e+00 -1.047440000000000e-05	1.000000000000000e+00	8007	0	4213
4214	4.273056056479000e+02 7.115766348434000e+02 2.286190426598000e+02	-4.813388000000000e-04  1.440915000000000e-04  0.000000000000000e+00	1.000000000000000e+00	7973	0	4214
4216	 5.423691459350000e+02 -7.419571251543000e+02 -6.419865278900000e+02	 4.975210000000000e-05 -8.617320000000000e-05 -3.131447000000000e-04	1.000000000000000e+00	7973	0	4216
4217	7.258999903684000e+02 2.201436743244000e+02 1.174619201737000e+02	 1.068388655273437e-04 -1.850503495605469e-04  3.328312148437500e-05	1.779785156250000e-01	7973	0	4217
4218	3.370813185195000e+02 3.465510093212000e+02 4.147113227393000e+02	 1.968220000000000e-04  3.409056000000000e-04 -1.373112000000000e-03	1.000000000000000e+00	8007	0	4218
4219	4.431710938728000e+02 5.303038903967000e+02 2.576921721555000e+02	 1.453282600000000e-03  2.517159300000000e-03 -4.287174000000000e-03	1.000000000000000e+00	8007	0	4219
4220	 4.394647736867000e+02 -5.637215240992000e+02  8.464600184190000e+01	-2.099240000000000e-05  3.635980000000000e-05 -8.112250000000001e-05	1.000000000000000e+00	7973	0	4220
4221	-1.651441615157000e+02  6.910882722200000e+02 -4.438222249445000e+02	-6.226511132812500e-05  0.000000000000000e+00  3.152352937500000e-04	3.164062500000000e-01	8007	0	4221
4223	-2.133901532077000e+02  5.069804178703000e+02 -6.793251553319001e+02	3.401614477214813e-05 2.925431479561329e-05 0.000000000000000e+00	3.167635202407837e-02	7973	0	4223
4224	-6.859847975738001e+02  6.910882722200000e+02  6.763910943401000e+02	-1.488716000000000e-04  0.000000000000000e+00  1.327831000000000e-04	1.000000000000000e+00	8007	0	4224
4225	-2.979149086802000e+02  6.910882722200000e+02 -3.193695914953000e+02	-3.719798437500001e-06  0.000000000000000e+00 -3.068136562500000e-05	4.218750000000000e-01	8007	0	4225
4230	6.670855885956000e+02 3.220132064117000e+02 1.852238976331000e+02	 5.014556437500000e-04 -8.685466312500000e-04  2.166946509375000e-03	4.218750000000000e-01	7973	0	4230
4231	4.147540575280000e+02 4.810841396469000e+02 2.379539936551000e+02	 9.940881000000000e-04  1.721811100000000e-03 -5.724759500000000e-03	1.000000000000000e+00	8007	0	4231
0	 5.000000000000000e-01 -8.660254037844386e-01  0.000000000000000e+00	8.660254037844385e-01 5.000000000000000e-01 0.000000000000000e+00	5.632499999999998e+02 3.251925391210567e+02 0.000000000000000e+00	1	0	0.000000000000000e+00	0.000000000000000e+00	0.000000000000000e+00	9.361901320564050e+04
1	5.000000000000000e-01 8.660254037844386e-01 0.000000000000000e+00	0.000000000000000e+00 0.000000000000000e+00 1.000000000000000e+00	0.000000000000000e+00 0.000000000000000e+00 2.286190426597633e+02	1	0	0.000000000000000e+00	0.000000000000000e+00	0.000000000000000e+00	3.441340071298676e+05
3	-5.000000000000000e-01 -8.660254037844386e-01  0.000000000000000e+00	0.000000000000000e+00 0.000000000000000e+00 1.000000000000000e+00	0.000000000000000e+00 0.000000000000000e+00 6.580962442277471e+02	1	0	0.000000000000000e+00	0.000000000000000e+00	0.000000000000000e+00	1.210736514974700e+06
4	-1.000000000000000e+00  0.000000000000000e+00  0.000000000000000e+00	0.000000000000000e+00 0.000000000000000e+00 1.000000000000000e+00	-0.000000000000000e+00 -0.000000000000000e+00 -1.159425144917371e+02	1	0	0.000000000000000e+00	0.000000000000000e+00	0.000000000000000e+00	1.889980899870592e+06
7	-5.000000000000000e-01 -8.660254037844386e-01  0.000000000000000e+00	0.000000000000000e+00 0.000000000000000e+00 1.000000000000000e+00	-0.000000000000000e+00 -0.000000000000000e+00 -1.894272067752324e+02	1	0	0.000000000000000e+00	0.000000000000000e+00	0.000000000000000e+00	1.360765557149865e+06
9	-5.000000000000000e-01 -8.660254037844386e-01  0.000000000000000e+00	 8.660254037844385e-01 -5.000000000000000e-01  0.000000000000000e+00	-1.215000000000000e+02  7.014805770653952e+01 -0.000000000000000e+00	1	0	0.000000000000000e+00	0.000000000000000e+00	0.000000000000000e+00	2.462541236599691e+06
10	-5.000000000000000e-01  8.660254037844386e-01  0.000000000000000e+00	8.660254037844385e-01 5.000000000000000e-01 0.000000000000000e+00	-1.409999999999999e+02 -8.140638795573722e+01 -0.000000000000000e+00	1	0	0.000000000000000e+00	0.000000000000000e+00	0.000000000000000e+00	2.366213574720436e+03
12	1.000000000000000e+00 0.000000000000000e+00 0.000000000000000e+00	 0.000000000000000e+00 -1.000000000000000e+00  0.000000000000000e+00	0.000000000000000e+00 2.381569860407206e+02 0.000000000000000e+00	1	0	0.000000000000000e+00	0.000000000000000e+00	0.000000000000000e+00	2.250000000000000e+06
13	 5.000000000000000e-01 -8.660254037844386e-01  0.000000000000000e+00	0.000000000000000e+00 0.000000000000000e+00 1.000000000000000e+00	0.000000000000000e+00 0.000000000000000e+00 1.518683640525570e+02	1	0	0.000000000000000e+00	0.000000000000000e+00	0.000000000000000e+00	1.230646802135364e+06
15	5.000000000000000e-01 8.660254037844386e-01 0.000000000000000e+00	 8.660254037844385e-01 -5.000000000000000e-01  0.000000000000000e+00	 5.594999999999998e+02 -3.230274756115955e+02  0.000000000000000e+00	1	0	0.000000000000000e+00	0.000000000000000e+00	0.000000000000000e+00	4.781023538933320e+05
18	-5.000000000000000e-01 -8.660254037844386e-01  0.000000000000000e+00	0.000000000000000e+00 0.000000000000000e+00 1.000000000000000e+00	0.000000000000000e+00 0.000000000000000e+00 1.469693845669907e+01	1	0	0.000000000000000e+00	0.000000000000000e+00	0.000000000000000e+00	3.564305334560930e+05
21	-5.000000000000000e-01 -8.660254037844386e-01  0.000000000000000e+00	0.000000000000000e+00 0.000000000000000e+00 1.000000000000000e+00	0.000000000000000e+00 0.000000000000000e+00 3.592584956081994e+02	1	0	0.000000000000000e+00	0.000000000000000e+00	0.000000000000000e+00	8.968314260409497e+02
22	-5.000000000000000e-01 -8.660254037844386e-01  0.000000000000000e+00	 8.660254037844385e-01 -5.000000000000000e-01  0.000000000000000e+00	 1.027500000000000e+02 -5.932274015923404e+01  0.000000000000000e+00	1	0	0.000000000000000e+00	0.000000000000000e+00	0.000000000000000e+00	1.229896916668172e+06
24	5.000000000000000e-01 8.660254037844386e-01 0.000000000000000e+00	 8.660254037844385e-01 -5.000000000000000e-01  0.000000000000000e+00	 7.694999999999998e+02 -4.442710321414170e+02  0.000000000000000e+00	1	0	0.000000000000000e+00	0.000000000000000e+00	0.000000000000000e+00	2.361150684308206e+05
25	-5.000000000000000e-01  8.660254037844386e-01  0.000000000000000e+00	8.660254037844385e-01 5.000000000000000e-01 0.000000000000000e+00	-8.017499999999998e+02 -4.628905783227824e+02 -0.000000000000000e+00	1	0	0.000000000000000e+00	0.000000000000000e+00	0.000000000000000e+00	1.974568915210525e+05
26	1.000000000000000e+00 0.000000000000000e+00 0.000000000000000e+00	0.000000000000000e+00 0.000000000000000e+00 1.000000000000000e+00	0.000000000000000e+00 0.000000000000000e+00 5.829785587823964e+02	1	0	0.000000000000000e+00	0.000000000000000e+00	0.000000000000000e+00	5.200169983228380e+05
27	 5.000000000000000e-01 -8.660254037844386e-01  0.000000000000000e+00	 0.000000000000000e+00  0.000000000000000e+00 -1.000000000000000e+00	0.000000000000000e+00 0.000000000000000e+00 6.580962442277471e+02	1	0	0.000000000000000e+00	0.000000000000000e+00	0.000000000000000e+00	2.578743722588778e+04
28	1.000000000000000e+00 0.000000000000000e+00 0.000000000000000e+00	0.000000000000000e+00 0.000000000000000e+00 1.000000000000000e+00	0.000000000000000e+00 0.000000000000000e+00 2.286190426597633e+02	1	0	0.000000000000000e+00	0.000000000000000e+00	0.000000000000000e+00	1.428446142928403e+04
29	1.000000000000000e+00 0.000000000000000e+00 0.000000000000000e+00	 0.000000000000000e+00 -1.000000000000000e+00  0.000000000000000e+00	0.000000000000000e+00 5.715767664977295e+01 0.000000000000000e+00	1	0	0.000000000000000e+00	0.000000000000000e+00	0.000000000000000e+00	2.112144366341550e+06
43	5.000000000000000e-01 8.660254037844386e-01 0.000000000000000e+00	 0.000000000000000e+00  0.000000000000000e+00 -1.000000000000000e+00	-0.000000000000000e+00 -0.000000000000000e+00 -1.159425144917371e+02	1	0	0.000000000000000e+00	0.000000000000000e+00	0.000000000000000e+00	2.395796137144855e+03
55	-1.000000000000000e+00  0.000000000000000e+00  0.000000000000000e+00	0.000000000000000e+00 0.000000000000000e+00 1.000000000000000e+00	-0.000000000000000e+00 -0.000000000000000e+00 -4.262112152442729e+02	1	0	0.000000000000000e+00	0.000000000000000e+00	0.000000000000000e+00	5.562333315698920e+04
66	-5.000000000000000e-01 -8.660254037844386e-01  0.000000000000000e+00	0.000000000000000e+00 0.000000000000000e+00 1.000000000000000e+00	0.000000000000000e+00 0.000000000000000e+00 1.077775486824598e+02	1	0	0.000000000000000e+00	0.000000000000000e+00	0.000000000000000e+00	2.065046110421670e+06
76	-1.000000000000000e+00  0.000000000000000e+00  0.000000000000000e+00	0.000000000000000e+00 0.000000000000000e+00 1.000000000000000e+00	0.000000000000000e+00 0.000000000000000e+00 2.286190426597633e+02	1	0	0.000000000000000e+00	0.000000000000000e+00	0.000000000000000e+00	6.804761601888029e+02
106	-1.000000000000000e+00  0.000000000000000e+00  0.000000000000000e+00	 0.000000000000000e+00 -1.000000000000000e+00  0.000000000000000e+00	-0.000000000000000e+00 -5.473280551917652e+02 -0.000000000000000e+00	1	0	0.000000000000000e+00	0.000000000000000e+00	0.000000000000000e+00	6.861117012404103e+03
107	 5.000000000000000e-01 -8.660254037844386e-01  0.000000000000000e+00	0.000000000000000e+00 0.000000000000000e+00 1.000000000000000e+00	0.000000000000000e+00 0.000000000000000e+00 3.804874067123203e+02	1	0	0.000000000000000e+00	0.000000000000000e+00	0.000000000000000e+00	2.155256882282756e+06
108	5.000000000000000e-01 8.660254037844386e-01 0.000000000000000e+00	0.000000000000000e+00 0.000000000000000e+00 1.000000000000000e+00	-0.000000000000000e+00 -0.000000000000000e+00 -4.164132562731402e+02	1	0	0.000000000000000e+00	0.000000000000000e+00	0.000000000000000e+00	1.972618243446940e+06
113	 5.000000000000000e-01 -8.660254037844386e-01  0.000000000000000e+00	0.000000000000000e+00 0.000000000000000e+00 1.000000000000000e+00	-0.000000000000000e+00 -0.000000000000000e+00 -6.793251553318680e+02	1	0	0.000000000000000e+00	0.000000000000000e+00	0.000000000000000e+00	1.250854656457576e+06
208	1.000000000000000e+00 0.000000000000000e+00 0.000000000000000e+00	 0.000000000000000e+00 -1.000000000000000e+00  0.000000000000000e+00	0.000000000000000e+00 3.403479836872843e+02 0.000000000000000e+00	1	0	0.000000000000000e+00	0.000000000000000e+00	0.000000000000000e+00	2.544425248493463e+04
243	 5.000000000000000e-01 -8.660254037844386e-01  0.000000000000000e+00	0.000000000000000e+00 0.000000000000000e+00 1.000000000000000e+00	0.000000000000000e+00 0.000000000000000e+00 3.592584956081994e+02	1	0	0.000000000000000e+00	0.000000000000000e+00	0.000000000000000e+00	0.000000000000000e+00
246	1.000000000000000e+00 0.000000000000000e+00 0.000000000000000e+00	0.000000000000000e+00 0.000000000000000e+00 1.000000000000000e+00	0.000000000000000e+00 0.000000000000000e+00 3.592584956081994e+02	1	0	0.000000000000000e+00	0.000000000000000e+00	0.000000000000000e+00	0.000000000000000e+00
248	1.000000000000000e+00 0.000000000000000e+00 0.000000000000000e+00	0.000000000000000e+00 0.000000000000000e+00 1.000000000000000e+00	0.000000000000000e+00 0.000000000000000e+00 3.592584956081994e+02	1	0	0.000000000000000e+00	0.000000000000000e+00	0.000000000000000e+00	0.000000000000000e+00
297	-1.000000000000000e+00  0.000000000000000e+00  0.000000000000000e+00	0.000000000000000e+00 1.000000000000000e+00 0.000000000000000e+00	0.000000000000000e+00 6.910882722199819e+02 0.000000000000000e+00	1	0	0.000000000000000e+00	0.000000000000000e+00	0.000000000000000e+00	0.000000000000000e+00
319	5.000000000000000e-01 8.660254037844386e-01 0.000000000000000e+00	0.000000000000000e+00 0.000000000000000e+00 1.000000000000000e+00	0.000000000000000e+00 0.000000000000000e+00 3.592584956081994e+02	1	0	0.000000000000000e+00	0.000000000000000e+00	0.000000000000000e+00	8.968314260409497e+02
320	-1.000000000000000e+00  0.000000000000000e+00  0.000000000000000e+00	 0.000000000000000e+00 -1.000000000000000e+00  0.000000000000000e+00	0.000000000000000e+00 6.910882722199819e+02 0.000000000000000e+00	1	0	0.000000000000000e+00	0.000000000000000e+00	0.000000000000000e+00	1.631900427995925e+06
321	-5.000000000000000e-01 -8.660254037844386e-01  0.000000000000000e+00	0.000000000000000e+00 0.000000000000000e+00 1.000000000000000e+00	0.000000000000000e+00 0.000000000000000e+00 3.592584956081994e+02	1	0	0.000000000000000e+00	0.000000000000000e+00	0.000000000000000e+00	5.757241809918022e+05
323	-5.000000000000000e-01 -8.660254037844386e-01  0.000000000000000e+00	 0.000000000000000e+00  0.000000000000000e+00 -1.000000000000000e+00	0.000000000000000e+00 0.000000000000000e+00 1.518683640525570e+02	1	0	0.000000000000000e+00	0.000000000000000e+00	0.000000000000000e+00	3.830060928432693e+01
324	1.000000000000000e+00 0.000000000000000e+00 0.000000000000000e+00	 0.000000000000000e+00  0.000000000000000e+00 -1.000000000000000e+00	0.000000000000000e+00 0.000000000000000e+00 1.518683640525570e+02	1	0	0.000000000000000e+00	0.000000000000000e+00	0.000000000000000e+00	3.830060928432693e+01
325	-1.000000000000000e+00  0.000000000000000e+00  0.000000000000000e+00	 0.000000000000000e+00  0.000000000000000e+00 -1.000000000000000e+00	0.000000000000000e+00 0.000000000000000e+00 1.518683640525570e+02	1	0	0.000000000000000e+00	0.000000000000000e+00	0.000000000000000e+00	3.830060928432693e+01
327	1.000000000000000e+00 0.000000000000000e+00 0.000000000000000e+00	0.000000000000000e+00 0.000000000000000e+00 1.000000000000000e+00	0.000000000000000e+00 0.000000000000000e+00 1.518683640525570e+02	1	0	0.000000000000000e+00	0.000000000000000e+00	0.000000000000000e+00	1.020779872935401e+01
337	 5.000000000000000e-01 -8.660254037844386e-01  0.000000000000000e+00	8.660254037844385e-01 5.000000000000000e-01 0.000000000000000e+00	8.549999999999997e+01 4.936344801571300e+01 0.000000000000000e+00	1	0	0.000000000000000e+00	0.000000000000000e+00	0.000000000000000e+00	2.416557336197526e+05
340	-5.000000000000000e-01 -8.660254037844386e-01  0.000000000000000e+00	0.000000000000000e+00 0.000000000000000e+00 1.000000000000000e+00	0.000000000000000e+00 0.000000000000000e+00 9.471360338761622e+01	1	0	0.000000000000000e+00	0.000000000000000e+00	0.000000000000000e+00	4.003579154082013e+05
2428	-5.000000000000000e-01  8.660254037844386e-01  0.000000000000000e+00	8.660254037844385e-01 5.000000000000000e-01 0.000000000000000e+00	6.397499999999998e+02 3.693598347140630e+02 0.000000000000000e+00	1	0	0.000000000000000e+00	0.000000000000000e+00	0.000000000000000e+00	3.603801646029176e+05
0	0	1	1
0	246	0	0
0	1	2	1
0	2	681	0
0	112	246	0
0	247	112	0
0	201	143	0
0	143	247	0
0	436	201	0
0	488	436	0
0	535	488	0
0	585	535	0
0	620	585	0
0	681	620	0
1	4	5	1
1	63	4	1
1	5	6	1
1	6	2264	0
1	292	63	0
1	164	113	0
1	113	328	0
1	144	364	0
1	365	144	0
1	505	164	0
1	202	292	0
1	364	202	0
1	328	248	0
1	248	365	0
1	367	249	0
1	249	505	0
1	2939	367	0
1	2264	2939	0
3	10	11	1
3	479	10	0
3	11	12	1
3	12	13	1
3	13	479	0
4	15	16	1
4	104	15	1
4	16	17	1
4	17	655	0
4	101	104	0
4	150	101	1
4	571	116	0
4	116	625	0
4	373	150	0
4	374	151	0
4	151	375	0
4	297	209	0
4	209	374	0
4	332	254	0
4	254	683	0
4	255	333	0
4	375	255	0
4	465	297	0
4	625	332	0
4	333	571	0
4	683	373	0
4	512	465	0
4	589	512	0
4	655	589	0
7	27	28	1
7	301	27	0
7	28	29	1
7	29	30	1
7	30	302	0
7	119	338	0
7	339	119	0
7	155	382	0
7	383	155	0
7	384	156	0
7	156	385	0
7	213	301	0
7	382	213	0
7	302	214	0
7	214	384	0
7	338	260	0
7	260	383	0
7	261	339	0
7	385	261	0
9	36	37	1
9	159	36	1
9	37	38	1
9	38	39	1
9	39	1801	0
9	491	122	0
9	122	507	0
9	521	159	0
9	216	160	0
9	160	497	0
9	455	216	0
9	507	262	0
9	262	521	0
9	263	491	0
9	497	263	0
9	529	455	0
9	616	529	0
9	740	616	0
9	864	740	0
9	1801	864	0
10	41	42	1
10	161	41	1
10	42	162	0
10	123	161	0
10	162	123	0
12	47	48	1
12	50	47	1
12	48	49	1
12	49	50	1
13	52	53	1
13	305	52	0
13	53	54	1
13	54	55	1
13	55	306	0
13	126	342	0
13	343	126	0
13	167	390	0
13	391	167	0
13	392	168	0
13	168	393	0
13	221	305	0
13	390	221	0
13	222	392	0
13	1014	222	0
13	342	268	0
13	268	391	0
13	269	343	0
13	393	269	0
13	306	572	0
13	572	1015	0
13	1015	1014	0
15	59	60	1
15	496	59	0
15	60	61	1
15	61	62	1
15	62	226	0
15	273	128	0
15	128	499	0
15	226	172	0
15	172	273	0
15	615	346	0
15	346	4212	0
15	4212	496	0
15	499	696	0
15	696	615	0
18	71	72	1
18	313	71	0
18	72	73	1
18	73	74	1
18	74	314	0
18	527	131	0
18	131	553	0
18	177	483	0
18	495	177	0
18	231	313	0
18	406	231	0
18	350	278	0
18	278	407	0
18	279	351	0
18	409	279	0
18	314	408	0
18	553	350	0
18	351	527	0
18	483	406	0
18	407	495	0
18	408	409	0
21	352	416	0
21	909	352	0
21	416	675	0
21	675	909	0
22	87	88	1
22	319	87	0
22	88	89	1
22	89	90	1
22	90	531	0
22	137	439	0
22	440	137	0
22	185	441	0
22	442	185	0
22	237	445	0
22	446	237	0
22	447	238	0
22	238	448	0
22	449	286	0
22	286	450	0
22	287	451	0
22	452	287	0
22	445	319	0
22	438	320	0
22	320	447	0
22	439	358	0
22	358	449	0
22	359	440	0
22	451	359	0
22	441	418	0
22	418	446	0
22	419	442	0
22	450	419	0
22	448	420	0
22	420	4218	0
22	421	452	0
22	1615	421	0
22	531	438	0
22	443	444	0
22	1886	443	0
22	444	1759	0
22	1675	1615	0
22	4231	1675	0
22	1759	2050	0
22	4218	1886	0
22	2050	4219	0
22	4219	4231	0
24	97	98	1
24	189	97	0
24	98	99	1
24	99	100	1
24	100	190	0
24	139	189	0
24	190	139	0
25	101	102	1
25	104	101	0
25	102	103	1
25	103	104	1
26	105	106	1
26	1081	105	0
26	106	107	1
26	107	242	0
26	141	362	0
26	363	141	0
26	191	426	0
26	427	191	0
26	428	192	0
26	192	429	0
26	241	323	0
26	426	241	0
26	242	428	0
26	362	290	0
26	290	427	0
26	291	363	0
26	429	291	0
26	323	486	0
26	486	582	0
26	582	660	0
26	660	1081	0
27	10	479	0
27	2820	10	0
27	484	468	0
27	468	2820	0
27	479	729	0
27	501	484	0
27	503	501	0
27	519	503	0
27	537	519	0
27	545	537	0
27	568	545	0
27	583	568	0
27	600	583	0
27	618	600	0
27	631	618	0
27	664	631	0
27	689	664	0
27	703	689	0
27	710	703	0
27	714	710	0
27	715	714	0
27	717	715	0
27	720	717	0
27	729	720	0
28	2264	6	0
28	6	4214	0
28	487	3478	0
28	4214	487	0
28	577	753	0
28	3478	577	0
28	753	2264	0
29	10	44	1
29	479	10	0
29	45	13	1
29	13	479	0
29	44	45	1
43	101	104	0
43	560	101	0
43	104	4128	0
43	540	560	0
43	4128	540	0
55	7	8	1
55	204	7	0
55	8	205	1
55	114	250	0
55	251	114	0
55	146	204	0
55	250	146	0
55	205	147	0
55	147	251	0
66	23	24	1
66	378	23	0
66	24	25	1
66	25	26	1
66	26	300	0
66	118	547	0
66	566	118	0
66	153	378	0
66	379	153	0
66	380	154	0
66	154	381	0
66	300	212	0
66	212	380	0
66	258	379	0
66	611	258	0
66	538	259	0
66	259	567	0
66	547	336	0
66	336	611	0
66	337	566	0
66	567	337	0
66	381	538	0
76	292	63	0
76	63	627	0
76	627	292	0
106	615	346	0
106	346	1705	0
106	708	615	0
106	865	708	0
106	1012	865	0
106	1705	1012	0
107	92	93	1
107	187	92	1
107	93	94	1
107	94	95	1
107	95	1002	0
107	424	187	0
107	322	424	0
107	490	322	0
107	595	490	0
107	733	595	0
107	747	733	0
107	771	747	0
107	1002	771	0
108	18	19	1
108	298	18	0
108	19	20	1
108	20	21	1
108	21	22	1
108	22	108	0
108	108	243	0
108	117	334	0
108	335	117	0
108	152	376	0
108	377	152	0
108	430	193	0
108	193	431	0
108	210	298	0
108	376	210	0
108	243	430	0
108	334	256	0
108	256	377	0
108	257	335	0
108	431	257	0
113	67	68	1
113	745	67	0
113	68	277	1
113	130	403	0
113	755	130	0
113	402	229	0
113	229	718	0
113	277	349	0
113	349	4223	0
113	403	402	0
113	718	724	0
113	724	745	0
113	4223	755	0
208	56	57	1
208	307	56	0
208	57	66	1
208	66	828	0
208	127	344	0
208	828	127	0
208	169	394	0
208	395	169	0
208	223	307	0
208	394	223	0
208	344	270	0
208	270	395	0
243	416	352	0
243	352	909	0
243	909	416	0
246	352	416	0
246	909	352	0
246	416	909	0
248	416	352	0
248	352	909	0
248	909	416	0
297	416	352	0
297	352	909	0
297	909	416	0
319	416	675	0
319	909	416	0
319	675	909	0
320	75	76	1
320	776	75	0
320	76	77	1
320	77	78	1
320	78	4224	0
320	108	194	0
320	244	108	0
320	132	179	0
320	746	132	0
320	133	306	0
320	630	133	0
320	179	523	0
320	194	4221	0
320	1396	195	0
320	195	4213	0
320	315	233	0
320	233	1003	0
320	432	244	0
320	572	281	0
320	281	602	0
320	306	572	0
320	530	315	0
320	352	1000	0
320	1003	352	0
320	4225	432	0
320	602	433	0
320	433	1396	0
320	523	598	0
320	610	530	0
320	598	639	0
320	688	610	0
320	712	630	0
320	639	722	0
320	737	688	0
320	1000	712	0
320	722	776	0
320	4224	737	0
320	4221	746	0
320	4213	4225	0
321	83	84	1
321	453	83	0
321	84	85	1
321	85	86	1
321	86	675	0
321	443	136	0
321	136	460	0
321	183	646	0
321	647	183	0
321	235	459	0
321	471	235	0
321	356	284	0
321	284	707	0
321	317	453	0
321	459	317	0
321	460	356	0
321	414	471	0
321	646	414	0
321	415	647	0
321	707	415	0
321	444	443	0
321	463	444	0
321	675	463	0
323	572	306	0
323	306	1015	0
323	1015	572	0
324	572	306	0
324	306	1015	0
324	1015	572	0
325	572	306	0
325	306	1015	0
325	1015	572	0
327	1015	572	0
327	572	1020	0
327	1020	1015	0
337	63	65	1
337	292	63	0
337	65	66	1
337	66	805	0
337	174	401	0
337	728	174	0
337	228	400	0
337	4216	228	0
337	274	292	0
337	4220	274	0
337	349	277	0
337	277	4216	0
337	615	346	0
337	346	4210	0
337	805	349	0
337	400	728	0
337	401	615	0
337	4210	4220	0
340	80	34	1
340	34	434	0
340	79	80	1
340	494	79	0
340	134	354	0
340	355	134	0
340	181	412	0
340	413	181	0
340	198	388	0
340	434	198	0
340	234	316	0
340	412	234	0
340	354	282	0
340	282	413	0
340	283	355	0
340	388	283	0
340	316	494	0
2428	6	32	1
2428	2264	6	0
2428	32	33	1
2428	33	34	1
2428	34	4217	0
2428	4217	1011	0
2428	1011	4230	0
2428	2827	2264	0
2428	4230	2827	0
