455
44
520
0	 7.500000000000000e+02  1.732050807600000e+00 -5.814916351859000e+02	 9.210000000000000e-08 -1.595000000000000e-07 -3.015100000000000e-06	1.000000000000000e+00	0	1	0
1	 7.500000000000000e+02  1.732050807600000e+00 -7.500000000000000e+02	0.000000000000000e+00 0.000000000000000e+00 0.000000000000000e+00	1.000000000000000e+00	0	1	1
2	 3.179872981078000e+02  7.500000000000000e+02 -7.500000000000000e+02	-2.608276420000000e-02  4.517667270000000e-02  0.000000000000000e+00	1.000000000000000e+00	0	1	2
4	 7.500000000000000e+02 -7.500000000000000e+02  2.286190426598000e+02	0.000000000000000e+00 0.000000000000000e+00 0.000000000000000e+00	1.000000000000000e+00	8058	1	4
5	7.500000000000000e+02 7.500000000000000e+02 2.286190426598000e+02	0.000000000000000e+00 0.000000000000000e+00 0.000000000000000e+00	1.000000000000000e+00	8058	1	5
6	4.199872981078000e+02 7.500000000000000e+02 2.286190426598000e+02	0.000000000000000e+00 0.000000000000000e+00 0.000000000000000e+00	7.500000000000000e-01	8058	1	6
7	 7.500000000000000e+02  6.208373525358001e+02 -4.262112152443000e+02	5.490000000000000e-08 3.848000000000000e-07 0.000000000000000e+00	1.000000000000000e+00	646	1	7
8	 7.500000000000000e+02  7.500000000000000e+02 -4.262112152443000e+02	0.000000000000000e+00 0.000000000000000e+00 0.000000000000000e+00	1.000000000000000e+00	646	1	8
10	-7.500000000000000e+02  5.715767664980000e+01  6.580962442277000e+02	0.000000000000000e+00 0.000000000000000e+00 0.000000000000000e+00	1.000000000000000e+00	1105	1	10
11	-7.500000000000000e+02 -7.500000000000000e+02  6.580962442277000e+02	0.000000000000000e+00 0.000000000000000e+00 0.000000000000000e+00	1.000000000000000e+00	1105	1	11
12	 7.500000000000000e+02 -7.500000000000000e+02  6.580962442277000e+02	0.000000000000000e+00 0.000000000000000e+00 0.000000000000000e+00	1.000000000000000e+00	1105	1	12
13	7.500000000000000e+02 5.715767664980000e+01 6.580962442277000e+02	0.000000000000000e+00 0.000000000000000e+00 0.000000000000000e+00	4.218750000000000e-01	1105	1	13
15	 7.500000000000000e+02 -7.500000000000000e+02 -1.159425144917000e+02	0.000000000000000e+00 0.000000000000000e+00 0.000000000000000e+00	1.000000000000000e+00	661	1	15
16	 7.500000000000000e+02  7.500000000000000e+02 -1.159425144917000e+02	0.000000000000000e+00 0.000000000000000e+00 0.000000000000000e+00	1.000000000000000e+00	661	1	16
17	 2.525115574679000e+02  7.500000000000000e+02 -1.159425144917000e+02	 1.292670000000000e-05 -2.791780000000000e-05  0.000000000000000e+00	1.000000000000000e+00	661	1	17
18	-7.500000000000000e+02 -9.507043716180000e+01 -4.164132562731000e+02	 7.510000000000000e-07 -6.213000000000000e-07  0.000000000000000e+00	1.000000000000000e+00	8058	1	18
19	-7.500000000000000e+02 -7.500000000000000e+02 -4.164132562731000e+02	0.000000000000000e+00 0.000000000000000e+00 0.000000000000000e+00	1.000000000000000e+00	8058	1	19
20	 7.500000000000000e+02 -7.500000000000000e+02 -4.164132562731000e+02	0.000000000000000e+00 0.000000000000000e+00 0.000000000000000e+00	1.000000000000000e+00	8058	1	20
21	 7.500000000000000e+02  7.500000000000000e+02 -4.164132562731000e+02	0.000000000000000e+00 0.000000000000000e+00 0.000000000000000e+00	1.000000000000000e+00	8058	1	21
22	-2.083346511960000e+02  7.500000000000000e+02 -4.164132562731000e+02	2.353961645507813e-04 0.000000000000000e+00 0.000000000000000e+00	1.779785156250000e-01	8058	1	22
23	-6.523656659746000e+02 -7.500000000000000e+02  1.077775486825000e+02	-1.347773000000000e-04  2.412100000000000e-05  0.000000000000000e+00	1.000000000000000e+00	23	1	23
24	 7.500000000000000e+02 -7.500000000000000e+02  1.077775486825000e+02	0.000000000000000e+00 0.000000000000000e+00 0.000000000000000e+00	1.000000000000000e+00	23	1	24
25	7.500000000000000e+02 7.500000000000000e+02 1.077775486825000e+02	0.000000000000000e+00 0.000000000000000e+00 0.000000000000000e+00	1.000000000000000e+00	23	1	25
26	-6.117036915587000e+02  7.500000000000000e+02  1.077775486825000e+02	 7.913500000000000e-06 -1.001000000000000e-06  0.000000000000000e+00	1.000000000000000e+00	23	1	26
27	-7.365263872798000e+02 -7.500000000000000e+02 -1.894272067752000e+02	 3.036000000000000e-07 -2.339000000000000e-07  0.000000000000000e+00	1.000000000000000e+00	27	1	27
28	 7.500000000000000e+02 -7.500000000000000e+02 -1.894272067752000e+02	0.000000000000000e+00 0.000000000000000e+00 0.000000000000000e+00	1.000000000000000e+00	27	1	28
29	 7.500000000000000e+02  7.500000000000000e+02 -1.894272067752000e+02	0.000000000000000e+00 0.000000000000000e+00 0.000000000000000e+00	1.000000000000000e+00	27	1	29
30	 4.223671231400000e+02  7.500000000000000e+02 -1.894272067752000e+02	-1.714000000000000e-07  1.324000000000000e-07  0.000000000000000e+00	1.000000000000000e+00	27	1	30
32	4.199872981078000e+02 7.500000000000000e+02 7.500000000000000e+02	0.000000000000000e+00 0.000000000000000e+00 0.000000000000000e+00	1.000000000000000e+00	8058	1	32
33	7.500000000000000e+02 1.784012331796000e+02 7.500000000000000e+02	0.000000000000000e+00 0.000000000000000e+00 0.000000000000000e+00	1.000000000000000e+00	8058	1	33
34	7.500000000000000e+02 1.784012331796000e+02 9.471360338760000e+01	 0.000000000000000e+00 -0.000000000000000e+00  0.000000000000000e+00	7.500000000000000e-01	8058	1	34
36	-5.950127018922000e+02 -7.500000000000000e+02 -7.500000000000000e+02	0.000000000000000e+00 0.000000000000000e+00 0.000000000000000e+00	1.000000000000000e+00	491	1	36
37	 2.710127018922000e+02  7.500000000000000e+02 -7.500000000000000e+02	0.000000000000000e+00 0.000000000000000e+00 0.000000000000000e+00	1.000000000000000e+00	491	1	37
38	2.710127018922000e+02 7.500000000000000e+02 7.500000000000000e+02	0.000000000000000e+00 0.000000000000000e+00 0.000000000000000e+00	1.000000000000000e+00	491	1	38
39	-2.113687271572000e+02 -8.550914374130001e+01  7.500000000000000e+02	 1.849000000000000e-06  3.202500000000000e-06 -1.731310000000000e-05	1.000000000000000e+00	491	1	39
41	 2.450127018922000e+02 -7.500000000000000e+02  7.500000000000000e+02	0.000000000000000e+00 0.000000000000000e+00 0.000000000000000e+00	1.000000000000000e+00	729	1	41
42	 2.450127018922000e+02 -7.500000000000000e+02  7.354191416206000e+02	 2.500000000000000e-09 -4.400000000000001e-09  1.307000000000000e-07	1.000000000000000e+00	729	1	42
44	-7.500000000000000e+02  5.715767664980000e+01 -7.500000000000000e+02	0.000000000000000e+00 0.000000000000000e+00 0.000000000000000e+00	1.000000000000000e+00	1105	1	44
45	 7.500000000000000e+02  5.715767664980000e+01 -7.500000000000000e+02	0.000000000000000e+00 0.000000000000000e+00 0.000000000000000e+00	1.000000000000000e+00	1105	1	45
47	-7.500000000000000e+02  2.381569860407000e+02  7.500000000000000e+02	0.000000000000000e+00 0.000000000000000e+00 0.000000000000000e+00	1.000000000000000e+00	1074	1	47
48	-7.500000000000000e+02  2.381569860407000e+02 -7.500000000000000e+02	0.000000000000000e+00 0.000000000000000e+00 0.000000000000000e+00	1.000000000000000e+00	1074	1	48
49	 7.500000000000000e+02  2.381569860407000e+02 -7.500000000000000e+02	0.000000000000000e+00 0.000000000000000e+00 0.000000000000000e+00	1.000000000000000e+00	1074	1	49
50	7.500000000000000e+02 2.381569860407000e+02 7.500000000000000e+02	0.000000000000000e+00 0.000000000000000e+00 0.000000000000000e+00	1.000000000000000e+00	1074	1	50
52	 2.614318837851000e+02 -7.500000000000000e+02  1.518683640526000e+02	3.405000000000000e-07 1.726000000000000e-07 0.000000000000000e+00	1.000000000000000e+00	8058	1	52
53	 7.500000000000000e+02 -7.500000000000000e+02  1.518683640526000e+02	0.000000000000000e+00 0.000000000000000e+00 0.000000000000000e+00	1.000000000000000e+00	8058	1	53
54	7.500000000000000e+02 7.500000000000000e+02 1.518683640526000e+02	0.000000000000000e+00 0.000000000000000e+00 0.000000000000000e+00	1.000000000000000e+00	8058	1	54
55	-3.655430230497000e+02  7.500000000000000e+02  1.518683640526000e+02	-2.267019140625000e-06 -5.351102050781251e-07  0.000000000000000e+00	1.779785156250000e-01	8058	1	55
56	-7.500000000000000e+02  3.403479836873000e+02 -6.863276378712001e+02	-6.690000000000000e-08  0.000000000000000e+00 -2.115900000000000e-06	1.000000000000000e+00	8058	1	56
57	-7.500000000000000e+02  3.403479836873000e+02 -7.500000000000000e+02	0.000000000000000e+00 0.000000000000000e+00 0.000000000000000e+00	1.000000000000000e+00	8058	1	57
59	 3.129872981078000e+02 -7.500000000000000e+02  3.706531097000000e+00	1.325700000000000e-06 2.296200000000000e-06 1.710464000000000e-04	1.000000000000000e+00	8058	1	59
60	 3.129872981078000e+02 -7.500000000000000e+02 -7.500000000000000e+02	0.000000000000000e+00 0.000000000000000e+00 0.000000000000000e+00	1.000000000000000e+00	8058	1	60
61	 7.500000000000000e+02  6.928203230300000e+00 -7.500000000000000e+02	0.000000000000000e+00 0.000000000000000e+00 0.000000000000000e+00	1.000000000000000e+00	8058	1	61
62	 7.500000000000000e+02  6.928203230300000e+00 -2.828978174622000e+02	1.530000000000000e-07 2.650000000000000e-07 1.904000000000000e-05	1.000000000000000e+00	8058	1	62
63	 5.470127018922000e+02 -7.500000000000000e+02  2.286190426598000e+02	-0.000000000000000e+00 -0.000000000000000e+00  0.000000000000000e+00	1.000000000000000e+00	8058	1	63
65	 5.470127018922000e+02 -7.500000000000000e+02 -7.500000000000000e+02	0.000000000000000e+00 0.000000000000000e+00 0.000000000000000e+00	1.000000000000000e+00	8058	1	65
66	-8.250000000000000e+01  3.403479836873000e+02 -7.500000000000000e+02	0.000000000000000e+00 0.000000000000000e+00 0.000000000000000e+00	7.500000000000000e-01	8058	1	66
67	-7.500000000000000e+02  7.500000000000000e+02 -6.793251553319001e+02	0.000000000000000e+00 1.475902959000000e-01 0.000000000000000e+00	1.000000000000000e+00	8058	1	67
68	-7.500000000000000e+02 -7.500000000000000e+02 -6.793251553319001e+02	0.000000000000000e+00 0.000000000000000e+00 0.000000000000000e+00	1.000000000000000e+00	8058	1	68
71	 4.486084153124000e+02 -7.500000000000000e+02  1.469693845670000e+01	-9.123900000000001e-06  2.255500000000000e-06  0.000000000000000e+00	1.000000000000000e+00	5009	1	71
72	 7.500000000000000e+02 -7.500000000000000e+02  1.469693845670000e+01	0.000000000000000e+00 0.000000000000000e+00 0.000000000000000e+00	1.000000000000000e+00	5009	1	72
73	7.500000000000000e+02 7.500000000000000e+02 1.469693845670000e+01	0.000000000000000e+00 0.000000000000000e+00 0.000000000000000e+00	1.000000000000000e+00	5009	1	73
74	5.981170149097001e+02 7.500000000000000e+02 1.469693845670000e+01	 1.177176000000000e-04 -3.793960000000000e-05  0.000000000000000e+00	1.000000000000000e+00	5009	1	74
75	 3.130804969290000e+02  6.910882722200000e+02 -7.500000000000000e+02	1.529000000000000e-07 0.000000000000000e+00 4.333000000000000e-07	1.000000000000000e+00	8058	1	75
76	 7.500000000000000e+02  6.910882722200000e+02 -7.500000000000000e+02	0.000000000000000e+00 0.000000000000000e+00 0.000000000000000e+00	1.000000000000000e+00	8058	1	76
77	7.500000000000000e+02 6.910882722200000e+02 7.500000000000000e+02	0.000000000000000e+00 0.000000000000000e+00 0.000000000000000e+00	1.000000000000000e+00	8058	1	77
78	-7.500000000000000e+02  6.910882722200000e+02  7.500000000000000e+02	-8.444585930000001e-02  0.000000000000000e+00  0.000000000000000e+00	1.000000000000000e+00	8058	1	78
79	-5.449872985370000e+01 -7.500000000000000e+02  9.471360338760000e+01	 5.790000000000000e-06 -5.701100000000000e-06  0.000000000000000e+00	1.000000000000000e+00	8058	1	79
80	 7.500000000000000e+02 -7.500000000000000e+02  9.471360338760000e+01	0.000000000000000e+00 0.000000000000000e+00 0.000000000000000e+00	1.000000000000000e+00	8058	1	80
83	 3.217120513481000e+02 -7.500000000000000e+02  3.592584956082000e+02	-3.613100000000000e-06  5.852000000000000e-07  0.000000000000000e+00	1.000000000000000e+00	8058	1	83
84	 7.500000000000000e+02 -7.500000000000000e+02  3.592584956082000e+02	0.000000000000000e+00 0.000000000000000e+00 0.000000000000000e+00	1.000000000000000e+00	8058	1	84
85	7.500000000000000e+02 7.500000000000000e+02 3.592584956082000e+02	0.000000000000000e+00 0.000000000000000e+00 0.000000000000000e+00	1.000000000000000e+00	8058	1	85
87	-2.960127018922000e+02 -7.500000000000000e+02 -4.866824993964000e+02	-2.780000000000000e-08 -4.810000000000000e-08  5.531000000000000e-07	1.000000000000000e+00	8058	1	87
88	-2.960127018922000e+02 -7.500000000000000e+02 -7.500000000000000e+02	0.000000000000000e+00 0.000000000000000e+00 0.000000000000000e+00	1.000000000000000e+00	8058	1	88
89	 5.700127018922000e+02  7.500000000000000e+02 -7.500000000000000e+02	0.000000000000000e+00 0.000000000000000e+00 0.000000000000000e+00	1.000000000000000e+00	8058	1	89
90	5.700127018922000e+02 7.500000000000000e+02 5.816151267504000e+02	 8.831100000000001e-06  1.529600000000000e-05 -1.344535000000000e-04	1.000000000000000e+00	8058	1	90
92	-7.500000000000000e+02  7.500000000000000e+02  3.804874067123000e+02	0.000000000000000e+00 0.000000000000000e+00 0.000000000000000e+00	1.000000000000000e+00	8006	1	92
93	-7.500000000000000e+02 -7.500000000000000e+02  3.804874067123000e+02	0.000000000000000e+00 0.000000000000000e+00 0.000000000000000e+00	1.000000000000000e+00	8006	1	93
94	 7.500000000000000e+02 -7.500000000000000e+02  3.804874067123000e+02	0.000000000000000e+00 0.000000000000000e+00 0.000000000000000e+00	1.000000000000000e+00	8006	1	94
95	7.500000000000000e+02 2.982698713139000e+02 3.804874067123000e+02	-1.311070000000000e-05 -1.348310000000000e-05  0.000000000000000e+00	1.000000000000000e+00	8006	1	95
97	 5.929872981078000e+02 -7.500000000000000e+02 -1.596054894320000e+01	 4.700000000000000e-09  8.100000000000000e-09 -9.460000000000000e-08	1.000000000000000e+00	97	1	97
98	 5.929872981078000e+02 -7.500000000000000e+02 -7.500000000000000e+02	0.000000000000000e+00 0.000000000000000e+00 0.000000000000000e+00	1.000000000000000e+00	97	1	98
99	 7.500000000000000e+02 -4.780460228890000e+02 -7.500000000000000e+02	0.000000000000000e+00 0.000000000000000e+00 0.000000000000000e+00	1.000000000000000e+00	97	1	99
100	 7.500000000000000e+02 -4.780460228890000e+02  1.933941217590000e+01	 3.530000000000000e-08  6.110000000000000e-08 -7.330000000000000e-07	1.000000000000000e+00	97	1	100
101	-7.500000000000000e+02 -5.525242076145000e+02 -1.159425144917000e+02	-0.000000000000000e+00 -0.000000000000000e+00  0.000000000000000e+00	1.779785156250000e-01	661	1	101
102	-7.500000000000000e+02 -5.525242076145000e+02  7.500000000000000e+02	0.000000000000000e+00 0.000000000000000e+00 0.000000000000000e+00	1.000000000000000e+00	661	1	102
103	-6.359872981078000e+02 -7.500000000000000e+02  7.500000000000000e+02	0.000000000000000e+00 0.000000000000000e+00 0.000000000000000e+00	1.000000000000000e+00	661	1	103
104	-6.359872981078000e+02 -7.500000000000000e+02 -1.159425144917000e+02	0.000000000000000e+00 0.000000000000000e+00 0.000000000000000e+00	7.500000000000000e-01	661	1	104
105	-5.960357564408000e+02 -7.500000000000000e+02  5.829785587824000e+02	-6.750200000000001e-05  1.957345000000000e-04  0.000000000000000e+00	1.000000000000000e+00	105	1	105
106	 7.500000000000000e+02 -7.500000000000000e+02  5.829785587824000e+02	0.000000000000000e+00 0.000000000000000e+00 0.000000000000000e+00	1.000000000000000e+00	105	1	106
107	7.500000000000000e+02 2.461919687470000e+01 5.829785587824000e+02	 2.195700000000000e-06 -5.668100000000000e-06  0.000000000000000e+00	1.000000000000000e+00	105	1	107
108	-2.097673307150000e+02  6.910882722200000e+02 -4.164132562731000e+02	2.114446835632324e-04 0.000000000000000e+00 0.000000000000000e+00	1.334838867187500e-01	8058	0	108
112	 6.715670220936000e+02  1.375819535303000e+02 -5.931117195744000e+02	 1.162000000000000e-07 -2.012000000000000e-07 -2.563200000000000e-06	1.000000000000000e+00	0	0	112
113	 5.137787197434001e+02 -6.223942120800000e+00  2.286190426598000e+02	-1.765420000000000e-05  1.963800000000000e-06  0.000000000000000e+00	1.000000000000000e+00	8058	0	113
114	 2.990311429989000e+02  6.853873092666000e+02 -4.262112152443000e+02	-5.700000000000001e-09 -3.860000000000000e-08  0.000000000000000e+00	1.000000000000000e+00	646	0	114
116	-5.783819184718001e+02  1.419088467954000e+02 -1.159425144917000e+02	-1.032930000000000e-05 -1.422800000000000e-06  0.000000000000000e+00	1.000000000000000e+00	661	0	116
117	-4.257223022043000e+02  2.979264773947000e+02 -4.164132562731000e+02	 5.556000000000000e-07 -4.567000000000000e-07  0.000000000000000e+00	1.000000000000000e+00	8058	0	117
118	-6.430718499224000e+02 -1.587486842657000e+02  1.077775486825000e+02	-9.801430000000001e-05 -2.015600000000000e-06  0.000000000000000e+00	1.000000000000000e+00	23	0	118
119	-1.572102404088000e+02  8.151111090000000e-02 -1.894272067752000e+02	-2.786000000000000e-07  2.154000000000000e-07  0.000000000000000e+00	1.000000000000000e+00	27	0	119
122	-5.467204796029000e+02 -6.663554173845000e+02  3.795420385558000e+02	-2.144600000000000e-06 -3.714500000000000e-06 -1.938650000000000e-05	1.000000000000000e+00	491	0	122
123	 1.455998331400000e+02 -5.778118603950001e+02  7.443410550586000e+02	 4.100000000000000e-09 -7.100000000000000e-09  1.551000000000000e-07	1.000000000000000e+00	729	0	123
126	-7.301448545340000e+01 -1.180720140000000e-02  1.518683640526000e+02	-8.860000000000000e-08 -3.860000000000000e-08  0.000000000000000e+00	1.000000000000000e+00	8058	0	126
127	-2.080018509662000e+02  3.403479836873000e+02 -7.340182049834000e+02	1.679800000000000e-06 0.000000000000000e+00 3.183100000000000e-06	1.000000000000000e+00	8058	0	127
128	 5.325404000929000e+02 -3.697228724023000e+02 -2.717821760687000e+02	8.220000000000001e-08 1.424000000000000e-07 4.411100000000000e-06	1.000000000000000e+00	8058	0	128
130	-3.332831642610000e+02  5.828538532571000e+02 -6.793251553319001e+02	-7.203000000000000e-06 -1.436910000000000e-05  0.000000000000000e+00	1.000000000000000e+00	8058	0	130
131	5.307382473149000e+02 1.495179790050000e+02 1.469693845670000e+01	1.000667000000000e-04 1.350300000000000e-06 0.000000000000000e+00	1.000000000000000e+00	5009	0	131
132	-4.727285936600000e+01  6.910882722200000e+02 -5.576163741617000e+02	3.065270000000000e-05 0.000000000000000e+00 1.819660000000000e-05	1.000000000000000e+00	8058	0	132
133	-3.447349012566000e+02  6.910882722200000e+02  1.559944036718000e+02	-1.612431562500000e-05  0.000000000000000e+00  7.283756250000001e-06	4.218750000000000e-01	8058	0	133
134	 3.684644543306000e+02 -1.683372302410000e+02  9.471360338760000e+01	 6.048800000000000e-06 -4.538100000000000e-06  0.000000000000000e+00	1.000000000000000e+00	8058	0	134
136	3.681405302915000e+02 2.333859854582000e+02 3.592584956082000e+02	1.298181750000000e-04 3.454500000000000e-05 0.000000000000000e+00	7.500000000000000e-01	8058	0	136
137	 1.591702515147000e+02  3.840000204000000e+01 -7.327548525140000e+01	 5.887800000000001e-06  1.019800000000000e-05 -1.600800000000000e-05	1.000000000000000e+00	8058	0	137
139	 6.777060414994000e+02 -6.032628320924000e+02  3.249565165900000e+00	 1.539000000000000e-07  2.666000000000000e-07 -2.458200000000000e-06	1.000000000000000e+00	97	0	139
141	 2.397906453126000e+02 -2.609740384531000e+02  5.829785587824000e+02	 1.430190000000000e-05 -2.476090000000000e-05  0.000000000000000e+00	1.000000000000000e+00	105	0	141
143	 5.701518106911000e+02  3.132382523399000e+02 -6.182744938202001e+02	 1.290000000000000e-07 -2.234000000000000e-07 -1.707700000000000e-06	1.000000000000000e+00	0	0	143
144	 4.835639432713000e+02 -3.767128124257000e+02  2.286190426598000e+02	-4.719360000000000e-05  3.973000000000000e-06  0.000000000000000e+00	1.000000000000000e+00	8058	0	144
146	 5.245213568454000e+02  6.530771945181000e+02 -4.262112152443000e+02	1.360000000000000e-08 9.510000000000000e-08 0.000000000000000e+00	1.000000000000000e+00	646	0	146
147	 7.251052112740000e+01  7.226746146979000e+02 -4.262112152443000e+02	2.159000000000000e-07 8.492000000000001e-07 0.000000000000000e+00	1.000000000000000e+00	646	0	147
150	-7.500000000000000e+02 -2.079086061769000e+02 -1.159425144917000e+02	 2.227950000000000e-05 -2.085200000000000e-06  0.000000000000000e+00	1.000000000000000e+00	661	1	150
151	-2.365477066167000e+02  4.505663596954000e+02 -1.159425144917000e+02	-2.030100000000000e-06  2.883600000000000e-06  0.000000000000000e+00	1.000000000000000e+00	661	0	151
152	-5.877642385688000e+02  1.014672363115000e+02 -4.164132562731000e+02	 5.309000000000000e-07 -4.380000000000000e-07  0.000000000000000e+00	1.000000000000000e+00	8058	0	152
153	-6.351114163324000e+02 -6.148916554590000e+02  1.077775486825000e+02	-1.512298000000000e-04 -5.701000000000001e-07  0.000000000000000e+00	1.000000000000000e+00	23	0	153
154	-6.398749875179000e+02  3.322072665934000e+02  1.077775486825000e+02	-4.112730000000000e-05  1.348000000000000e-06  0.000000000000000e+00	1.000000000000000e+00	23	0	154
155	-4.469771177760000e+02 -3.749161139465000e+02 -1.894272067752000e+02	-2.537000000000000e-07  1.959000000000000e-07  0.000000000000000e+00	1.000000000000000e+00	27	0	155
156	 1.326137336614000e+02  3.750349373237000e+02 -1.894272067752000e+02	-1.379000000000000e-07  1.066000000000000e-07  0.000000000000000e+00	1.000000000000000e+00	27	0	156
159	-5.950127018922000e+02 -7.500000000000000e+02  2.319547910100000e+02	-1.026990000000000e-05 -1.778790000000000e-05  3.148500000000000e-06	1.000000000000000e+00	491	1	159
160	-4.483555829854000e+02 -4.959824187616000e+02  5.399841031826001e+02	 5.631600000000000e-06  9.754300000000001e-06 -1.519590000000000e-05	1.000000000000000e+00	491	0	160
161	 9.393059855060001e+01 -4.883181208979000e+02  7.500000000000000e+02	 4.200000000000000e-09 -7.200000000000000e-09  1.526000000000000e-07	1.000000000000000e+00	729	1	161
162	 1.965554201222000e+02 -6.660695259777000e+02  7.391914593693000e+02	 3.000000000000000e-09 -5.100000000000000e-09  1.310000000000000e-07	1.000000000000000e+00	729	0	162
164	5.223662640404000e+02 5.449630407490000e+01 2.286190426598000e+02	-1.018860000000000e-05  1.412800000000000e-06  0.000000000000000e+00	1.000000000000000e+00	8058	0	164
167	 9.022821587360001e+01 -3.750593019790000e+02  1.518683640526000e+02	-3.353000000000000e-07 -1.461000000000000e-07  0.000000000000000e+00	1.000000000000000e+00	8058	0	167
168	-2.362306877405000e+02  3.750065405073000e+02  1.518683640526000e+02	5.990000000000000e-08 2.610000000000000e-08 0.000000000000000e+00	1.000000000000000e+00	8058	0	168
169	-4.953389925515000e+02  3.403479836873000e+02 -7.006491001313000e+02	-1.734000000000000e-07  0.000000000000000e+00 -2.041300000000000e-06	1.000000000000000e+00	8058	0	169
172	 6.453039749623000e+02 -1.744106314856000e+02 -2.789099194687000e+02	1.738000000000000e-07 3.010000000000000e-07 1.415810000000000e-05	1.000000000000000e+00	8058	0	172
174	 4.531232687268000e+02 -5.873787314637000e+02 -3.070902307623000e+02	-2.694360000000000e-05  4.666760000000000e-05  5.766420000000000e-05	1.000000000000000e+00	8058	0	174
177	 5.122028944530000e+02 -3.052755051338000e+02  1.469693845670000e+01	 3.622880000000000e-05 -3.387100000000000e-06  0.000000000000000e+00	1.000000000000000e+00	5009	0	177
179	 7.025779688000000e+00  6.910882722200000e+02 -6.020830816277000e+02	2.263700000000000e-06 0.000000000000000e+00 6.337600000000000e-06	1.000000000000000e+00	8058	0	179
181	 2.145819509387000e+02 -4.510011105144000e+02  9.471360338760000e+01	 1.518000000000000e-07 -7.550000000000001e-08  0.000000000000000e+00	1.000000000000000e+00	8058	0	181
183	 3.574763621315000e+02 -2.770157596879000e+02  3.592584956082000e+02	 5.847440000000000e-05 -1.621100000000000e-06  0.000000000000000e+00	1.000000000000000e+00	8058	0	183
185	-8.245137256890000e+01 -3.801009270800000e+02 -3.820185434149000e+02	 1.866800000000000e-06  3.233400000000000e-06 -9.450200000000000e-06	1.000000000000000e+00	8058	0	185
187	4.254038889094000e+02 7.500000000000000e+02 3.804874067123000e+02	-2.964000000000000e-07 -9.030000000000001e-08  0.000000000000000e+00	1.000000000000000e+00	8006	1	187
189	 6.312437490008000e+02 -6.837378833360000e+02 -8.430651958400000e+00	 1.717000000000000e-07  2.974000000000000e-07 -2.754000000000000e-06	1.000000000000000e+00	97	0	189
190	 7.226705419924000e+02 -5.253820327015001e+02  1.407425061540000e+01	 8.490000000000000e-08  1.470000000000000e-07 -1.426200000000000e-06	1.000000000000000e+00	97	0	190
191	-8.591983978630000e+01 -4.548869971608000e+02  5.829785587824000e+02	-5.863300000000000e-06  9.388600000000000e-06  0.000000000000000e+00	1.000000000000000e+00	105	0	191
192	 5.691121111460001e+02 -7.734405572850001e+01  5.829785587824000e+02	 3.010820000000000e-05 -4.846220000000001e-05  0.000000000000000e+00	1.000000000000000e+00	105	0	192
193	-2.658791435970000e+02  4.954092871066000e+02 -4.164132562731000e+02	-5.498493750000000e-06  2.839612500000000e-06  0.000000000000000e+00	5.625000000000000e-01	8058	0	193
194	-2.011787032043000e+02  6.910882722200000e+02 -4.172282246156000e+02	-1.521181627414227e-05  0.000000000000000e+00 -2.137064939818382e-05	4.223513603210449e-02	8058	0	194
195	-3.823041928559000e+02  6.910882722200000e+02 -1.804828596690000e+02	-9.770210000000000e-05  0.000000000000000e+00  2.665400000000000e-04	1.000000000000000e+00	8058	0	195
198	5.998255955292000e+02 5.670826971920000e+01 9.471360338760000e+01	 5.470300000000000e-06 -6.519000000000001e-06  0.000000000000000e+00	1.000000000000000e+00	8058	0	198
201	 5.169361441072000e+02  4.054104906218000e+02 -6.363325082024000e+02	 9.950000000000000e-08 -1.724000000000000e-07 -1.154100000000000e-06	1.000000000000000e+00	0	0	201
202	 4.612251169526000e+02 -5.767237216388000e+02  2.286190426598000e+02	-1.212402304687500e-05 -4.442660156250000e-07  0.000000000000000e+00	3.164062500000000e-01	8058	0	202
204	 6.372672530773000e+02  6.369278264375000e+02 -4.262112152443000e+02	2.360000000000000e-08 1.650000000000000e-07 0.000000000000000e+00	1.000000000000000e+00	646	0	204
205	-2.397992578300000e+01  7.500000000000000e+02 -4.262112152443000e+02	-8.710000000000001e-08 -3.074000000000000e-07  0.000000000000000e+00	1.000000000000000e+00	646	1	205
209	-7.777017671580001e+01  5.624340400895001e+02 -1.159425144917000e+02	-2.200100000000000e-06  3.210700000000000e-06  0.000000000000000e+00	1.000000000000000e+00	661	0	209
210	-6.687988282258000e+02  3.249078605700000e+00 -4.164132562731000e+02	 4.810000000000000e-07 -3.967000000000000e-07  0.000000000000000e+00	1.000000000000000e+00	8058	0	210
212	-6.293384071999001e+02  5.593271215696000e+02  1.077775486825000e+02	-1.334470000000000e-05  7.259000000000000e-07  0.000000000000000e+00	1.000000000000000e+00	23	0	212
213	-5.917765333133000e+02 -5.624798151774000e+02 -1.894272067752000e+02	-5.200000000000000e-08  4.020000000000000e-08  0.000000000000000e+00	1.000000000000000e+00	27	0	213
214	 2.775257680139000e+02  5.625116274284001e+02 -1.894272067752000e+02	-4.580000000000000e-08  3.540000000000000e-08  0.000000000000000e+00	1.000000000000000e+00	27	0	214
216	-3.997042790363000e+02 -4.117158884674000e+02  6.050698437049000e+02	 5.105900000000001e-06  8.843700000000000e-06 -1.611610000000000e-05	1.000000000000000e+00	491	0	216
221	 1.722586126617000e+02 -5.624907844170000e+02  1.518683640526000e+02	6.350000000000001e-08 2.840000000000000e-08 0.000000000000000e+00	1.000000000000000e+00	8058	0	221
222	-3.121628884296000e+02  5.640894545430000e+02  1.518683640526000e+02	-4.952000000000000e-07 -1.788000000000000e-07  0.000000000000000e+00	1.000000000000000e+00	8058	0	222
223	-6.345405651757001e+02  3.403479836873000e+02 -6.909889849314001e+02	-1.124000000000000e-07  0.000000000000000e+00 -2.080700000000000e-06	1.000000000000000e+00	8058	0	223
226	 7.014206947458000e+02 -7.721362166640000e+01 -2.813364166991000e+02	1.598000000000000e-07 2.769000000000000e-07 1.719840000000000e-05	1.000000000000000e+00	8058	0	226
228	 5.235853558813001e+02 -7.094226464226000e+02 -5.505279327813000e+02	 1.827800000000000e-06 -3.165800000000000e-06 -1.465690000000000e-05	1.000000000000000e+00	8058	0	228
229	-5.026329912028000e+02  6.651168864017001e+02 -6.793251553319001e+02	-5.046700000000000e-06 -1.125630000000000e-05  0.000000000000000e+00	1.000000000000000e+00	8058	0	229
231	 4.868000337449000e+02 -5.371612159230000e+02  1.469693845670000e+01	 2.294300000000000e-06 -2.724000000000000e-07  0.000000000000000e+00	1.000000000000000e+00	5009	0	231
233	-4.691714172708000e+02  6.910882722200000e+02  4.367167937022000e+02	-3.814100000000000e-06  0.000000000000000e+00  2.304900000000000e-06	1.000000000000000e+00	8058	0	233
234	 1.231601013284000e+02 -5.778088339337000e+02  9.471360338760000e+01	-1.019300000000000e-06  9.600000000000001e-07  0.000000000000000e+00	1.000000000000000e+00	8058	0	234
235	 3.455250116341000e+02 -5.359303032702001e+02  3.592584956082000e+02	 2.431520000000000e-05 -1.662700000000000e-06  0.000000000000000e+00	1.000000000000000e+00	8058	0	235
237	-2.086929077433000e+02 -5.987576800276000e+02 -4.619605877864000e+02	-1.980000000000000e-08 -3.420000000000000e-08  1.931000000000000e-07	1.000000000000000e+00	8058	0	237
238	4.304775111893000e+02 5.083179602587000e+02 5.016604553390000e+02	 2.367530000000000e-05  4.100680000000000e-05 -9.925090000000001e-05	1.000000000000000e+00	8058	0	238
241	-2.465414012444000e+02 -5.587274244261000e+02  5.829785587824000e+02	-1.600170000000000e-05  2.403850000000000e-05  0.000000000000000e+00	1.000000000000000e+00	105	0	241
242	7.113970290560001e+02 9.665314028500001e+00 5.829785587824000e+02	 1.529990000000000e-05 -2.739760000000000e-05  0.000000000000000e+00	1.000000000000000e+00	105	0	242
243	-2.218593309841000e+02  6.049910621360000e+02 -4.164132562731000e+02	 7.629843523864746e-05 -1.070789718933106e-05  0.000000000000000e+00	1.001129150390625e-01	8058	0	243
246	 7.169526126278000e+02  5.897180479370000e+01 -5.855296677981000e+02	 1.167000000000000e-07 -2.021000000000000e-07 -2.844300000000000e-06	1.000000000000000e+00	0	0	246
247	 6.219898010533000e+02  2.234522192703000e+02 -6.039253634684001e+02	 1.302000000000000e-07 -2.254000000000000e-07 -2.181100000000000e-06	1.000000000000000e+00	0	0	247
248	 4.963123428065000e+02 -1.953875157529000e+02  2.286190426598000e+02	-4.867430000000000e-05  3.533200000000000e-06  0.000000000000000e+00	1.000000000000000e+00	8058	0	248
249	5.483033894114001e+02 1.793332194232000e+02 2.286190426598000e+02	 1.634000000000000e-07 -5.070000000000000e-08  0.000000000000000e+00	1.000000000000000e+00	8058	0	249
250	 4.117756500166000e+02  6.692279458225000e+02 -4.262112152443000e+02	2.600000000000000e-09 1.810000000000000e-08 0.000000000000000e+00	1.000000000000000e+00	646	0	250
251	 1.864160835531000e+02  7.024332763716001e+02 -4.262112152443000e+02	1.240000000000000e-08 7.020000000000001e-08 0.000000000000000e+00	1.000000000000000e+00	646	0	251
254	-7.039926052689000e+02 -6.863697666550000e+01 -1.159425144917000e+02	-7.288900000000001e-06  6.671400000000000e-06  0.000000000000000e+00	1.000000000000000e+00	661	0	254
255	-4.010179353115000e+02  3.203286107152000e+02 -1.159425144917000e+02	-3.522700000000000e-06 -1.318800000000000e-06  0.000000000000000e+00	1.000000000000000e+00	661	0	255
256	-5.067370786181000e+02  1.996915369936000e+02 -4.164132562731000e+02	 5.597000000000000e-07 -4.616000000000000e-07  0.000000000000000e+00	1.000000000000000e+00	8058	0	256
257	-3.450308305141000e+02  3.962413902272000e+02 -4.164132562731000e+02	 2.892375000000000e-07 -2.376000000000000e-07  0.000000000000000e+00	5.625000000000000e-01	8058	0	257
258	-6.376494718234001e+02 -4.259441259279000e+02  1.077775486825000e+02	-1.268695000000000e-04 -1.725100000000000e-06  0.000000000000000e+00	1.000000000000000e+00	23	0	258
259	-6.449658175732001e+02  8.891088808110000e+01  1.077775486825000e+02	-7.074770000000000e-05  5.459000000000000e-07  0.000000000000000e+00	1.000000000000000e+00	23	0	259
260	-3.021227699357000e+02 -1.873948176275000e+02 -1.894272067752000e+02	-3.396000000000000e-07  2.624000000000000e-07  0.000000000000000e+00	1.000000000000000e+00	27	0	260
261	-1.228877418160000e+01  1.875508929223000e+02 -1.894272067752000e+02	-1.792000000000000e-07  1.385000000000000e-07  0.000000000000000e+00	1.000000000000000e+00	27	0	261
262	-5.856133995355000e+02 -7.337199307625000e+02  2.788499262801000e+02	 9.510000000000000e-08  1.648000000000000e-07 -8.310900000000000e-06	1.000000000000000e+00	491	0	262
263	-4.958545255491000e+02 -5.782530005878000e+02  4.698392990900000e+02	 4.290200000000000e-06  7.430800000000000e-06 -1.228230000000000e-05	1.000000000000000e+00	491	0	263
268	 8.621845994700001e+00 -1.875289977421000e+02  1.518683640526000e+02	-1.681000000000000e-07 -7.320000000000001e-08  0.000000000000000e+00	1.000000000000000e+00	8058	0	268
269	-1.545842918390000e+02  1.875140313126000e+02  1.518683640526000e+02	7.870000000000000e-08 3.430000000000000e-08 0.000000000000000e+00	1.000000000000000e+00	8058	0	269
270	-3.566775029795000e+02  3.403479836873000e+02 -7.145578903089000e+02	-3.168000000000000e-07  0.000000000000000e+00 -2.744800000000000e-06	1.000000000000000e+00	8058	0	270
273	 5.891816362889000e+02 -2.716173735074000e+02 -2.757863360449000e+02	1.557000000000000e-07 2.697000000000000e-07 9.977500000000001e-06	1.000000000000000e+00	8058	0	273
274	 4.498046028488000e+02 -5.816306335496000e+02  1.477978770286000e+02	-1.614690000000000e-05  2.796720000000000e-05  3.700900000000000e-06	1.000000000000000e+00	8058	0	274
277	 5.470127018922000e+02 -7.500000000000000e+02 -6.793251553319001e+02	0.000000000000000e+00 0.000000000000000e+00 0.000000000000000e+00	1.000000000000000e+00	8058	1	277
278	 5.321120452943001e+02 -5.742143021160000e+01  1.469693845670000e+01	 7.136300000000000e-05 -2.768900000000000e-06  0.000000000000000e+00	1.000000000000000e+00	5009	0	278
279	5.291980236000001e+02 4.068531954310000e+02 1.469693845670000e+01	 1.177150000000000e-04 -3.864600000000000e-06  0.000000000000000e+00	1.000000000000000e+00	5009	0	279
281	-4.040280901338000e+02  6.910882722200000e+02  1.133153116084000e+02	2.050860000000000e-05 0.000000000000000e+00 9.768600000000000e-06	1.000000000000000e+00	8058	0	281
282	 2.827588740722000e+02 -3.038618704703000e+02  9.471360338760000e+01	 4.085700000000001e-06 -2.212800000000000e-06  0.000000000000000e+00	1.000000000000000e+00	8058	0	282
283	 4.715158979856000e+02 -5.291052279770000e+01  9.471360338760000e+01	 4.202900000000000e-06 -4.627000000000000e-06  0.000000000000000e+00	1.000000000000000e+00	8058	0	283
284	 3.646534129060000e+02 -8.824587708800001e+00  3.592584956082000e+02	 9.350800000000000e-05 -2.335700000000000e-06  0.000000000000000e+00	1.000000000000000e+00	8058	0	284
286	 4.569163317840000e+01 -1.581507304912000e+02 -2.598215524949000e+02	 7.576300000000001e-06  1.312250000000000e-05 -2.390130000000000e-05	1.000000000000000e+00	8058	0	286
287	2.519718355211000e+02 1.991370605619000e+02 1.019058549863000e+02	 4.207000000000000e-07  7.287000000000000e-07 -1.968900000000000e-06	1.000000000000000e+00	8058	0	287
290	 7.696983834190000e+01 -3.571124758264000e+02  5.829785587824000e+02	 4.769100000000000e-06 -8.033700000000001e-06  0.000000000000000e+00	1.000000000000000e+00	105	0	290
291	 4.056699060611000e+02 -1.689790628574000e+02  5.829785587824000e+02	 1.849270000000000e-05 -3.492690000000000e-05  0.000000000000000e+00	1.000000000000000e+00	105	0	291
292	 4.644070334754000e+02 -6.069227853088000e+02  2.286190426598000e+02	-1.470788117866516e-05  2.547479242858887e-05  0.000000000000000e+00	7.508468627929688e-02	8058	0	292
297	-3.122110901200000e+00  6.103446115908000e+02 -1.159425144917000e+02	-6.946000000000000e-07  1.023400000000000e-06  0.000000000000000e+00	1.000000000000000e+00	661	0	297
298	-7.093010191994000e+02 -4.587260500850000e+01 -4.164132562731000e+02	 4.917000000000000e-07 -4.061000000000000e-07  0.000000000000000e+00	1.000000000000000e+00	8058	0	298
300	-6.220680529577000e+02  6.680642160760000e+02  1.077775486825000e+02	-2.371000000000000e-07 -4.450000000000000e-08  0.000000000000000e+00	1.000000000000000e+00	23	0	300
301	-6.642601744157000e+02 -6.561968394541000e+02 -1.894272067752000e+02	-1.544000000000000e-07  1.193000000000000e-07  0.000000000000000e+00	1.000000000000000e+00	27	0	301
302	 3.499711906929000e+02  6.562581646265000e+02 -1.894272067752000e+02	-4.040000000000000e-08  3.120000000000000e-08  0.000000000000000e+00	1.000000000000000e+00	27	0	302
305	 2.138452782228000e+02 -6.561311770953000e+02  1.518683640526000e+02	3.898000000000000e-07 1.852000000000000e-07 0.000000000000000e+00	1.000000000000000e+00	8058	0	305
306	-3.516374416531000e+02  6.910882722200000e+02  1.518683640526000e+02	-5.848312500000000e-07 -1.521562500000000e-07 -1.001812500000000e-07	5.625000000000000e-01	8058	0	306
307	-7.048205831053000e+02  3.403479836873000e+02 -6.877571499354000e+02	-7.790000000000000e-08  0.000000000000000e+00 -2.106200000000000e-06	1.000000000000000e+00	8058	0	307
313	 4.748486192216000e+02 -6.438544964454001e+02  1.469693845670000e+01	-5.037500000000000e-06  8.381000000000001e-07  0.000000000000000e+00	1.000000000000000e+00	5009	0	313
314	5.635566899269000e+02 6.427673974229000e+02 1.469693845670000e+01	 1.092256000000000e-04 -3.509160000000000e-05  0.000000000000000e+00	1.000000000000000e+00	5009	0	314
315	-5.039734017193000e+02  6.910882722200000e+02  4.787993067955000e+02	 5.888800000000000e-06  0.000000000000000e+00 -7.985300000000000e-06	1.000000000000000e+00	8058	0	315
316	 5.858172207850000e+01 -6.431123493431000e+02  9.471360338760000e+01	-8.631000000000000e-07  9.165000000000000e-07  0.000000000000000e+00	1.000000000000000e+00	8058	0	316
317	 3.354741355710000e+02 -6.550395362671001e+02  3.592584956082000e+02	 9.004600000000000e-06 -9.272000000000000e-07  0.000000000000000e+00	1.000000000000000e+00	8058	0	317
319	-2.677100020764000e+02 -7.009782859277000e+02 -4.809930758491000e+02	-7.100000000000000e-09 -1.230000000000000e-08  1.221000000000000e-07	1.000000000000000e+00	8058	0	319
320	4.848785123995000e+02 6.025432583374001e+02 5.479628290953000e+02	 1.717290000000000e-05  2.974440000000000e-05 -1.167933000000000e-04	1.000000000000000e+00	8058	0	320
322	4.854472339197000e+02 5.735655103178000e+02 3.804874067123000e+02	2.808500000000000e-06 1.082500000000000e-06 0.000000000000000e+00	1.000000000000000e+00	8006	0	322
323	-3.252010905191000e+02 -6.115693821748000e+02  5.829785587824000e+02	-2.060890000000000e-05  3.111820000000000e-05  0.000000000000000e+00	1.000000000000000e+00	105	0	323
328	 5.039489183765000e+02 -1.021588869749000e+02  2.286190426598000e+02	-3.223000000000000e-05  2.903100000000000e-06  0.000000000000000e+00	1.000000000000000e+00	8058	0	328
332	-6.588423374332000e+02  2.093702489540000e+01 -1.159425144917000e+02	-2.002940000000000e-05 -1.152040000000000e-05  0.000000000000000e+00	1.000000000000000e+00	661	0	332
333	-4.839052155909000e+02  2.454476563932000e+02 -1.159425144917000e+02	4.390800000000000e-06 7.279600000000001e-06 0.000000000000000e+00	1.000000000000000e+00	661	0	333
334	-4.662268700846000e+02  2.488064771496000e+02 -4.164132562731000e+02	 5.658000000000001e-07 -4.666000000000000e-07  0.000000000000000e+00	1.000000000000000e+00	8058	0	334
335	-3.854198389605000e+02  3.471196414040000e+02 -4.164132562731000e+02	 3.187687500000000e-07 -2.616187500000000e-07  0.000000000000000e+00	5.625000000000000e-01	8058	0	335
336	-6.399810075126001e+02 -2.980902324996000e+02  1.077775486825000e+02	-1.123033000000000e-04 -2.294700000000000e-06  0.000000000000000e+00	1.000000000000000e+00	23	0	336
337	-6.449671920956000e+02 -3.320107090850000e+01  1.077775486825000e+02	-8.491020000000000e-05 -6.749000000000000e-07  0.000000000000000e+00	1.000000000000000e+00	23	0	337
338	-2.296746458363000e+02 -9.365035714340000e+01 -1.894272067752000e+02	-3.334000000000000e-07  2.577000000000000e-07  0.000000000000000e+00	1.000000000000000e+00	27	0	338
339	-8.474313278690001e+01  9.381127521430000e+01 -1.894272067752000e+02	-2.087000000000000e-07  1.613000000000000e-07  0.000000000000000e+00	1.000000000000000e+00	27	0	339
342	-3.220603535090000e+01 -9.377463378910001e+01  1.518683640526000e+02	-1.523000000000000e-07 -6.630000000000000e-08  0.000000000000000e+00	1.000000000000000e+00	8058	0	342
343	-1.137942079029000e+02  9.375336900880001e+01  1.518683640526000e+02	3.100000000000000e-09 1.300000000000000e-09 0.000000000000000e+00	1.000000000000000e+00	8058	0	343
344	-2.841230966938000e+02  3.403479836873000e+02 -7.237116601140000e+02	-4.078000000000000e-07  0.000000000000000e+00 -3.025500000000000e-06	1.000000000000000e+00	8058	0	344
346	 4.300000000000000e+02 -5.473280551918000e+02 -1.496480299100000e+00	0.000000000000000e+00 0.000000000000000e+00 0.000000000000000e+00	1.000000000000000e+00	8058	0	346
349	-1.649620525900000e+02  4.831764484695000e+02 -6.793251553319001e+02	 1.106892000000000e-04 -1.917193000000000e-04  0.000000000000000e+00	1.000000000000000e+00	8058	0	349
350	5.334178500152000e+02 2.565220218640000e+01 1.469693845670000e+01	8.555400000000000e-05 7.580000000000000e-08 0.000000000000000e+00	1.000000000000000e+00	5009	0	350
351	5.292186438031000e+02 3.006776864172000e+02 1.469693845670000e+01	1.165368000000000e-04 8.333000000000000e-07 0.000000000000000e+00	1.000000000000000e+00	5009	0	351
352	-4.108239577664000e+02  6.910882722200000e+02  3.592584956082000e+02	-2.706000000000000e-06  0.000000000000000e+00  0.000000000000000e+00	1.000000000000000e+00	8058	0	352
354	 3.233113757486000e+02 -2.340903107076000e+02  9.471360338760000e+01	 5.717800000000001e-06 -3.634500000000000e-06  0.000000000000000e+00	1.000000000000000e+00	8058	0	354
355	 4.176764788274000e+02 -1.078355145787000e+02  9.471360338760000e+01	 5.332500000000000e-06 -4.734100000000000e-06  0.000000000000000e+00	1.000000000000000e+00	8058	0	355
356	3.669029311549000e+02 9.926244792210001e+01 3.592584956082000e+02	 1.115944000000000e-04 -2.219800000000000e-06  0.000000000000000e+00	1.000000000000000e+00	8058	0	356
358	 1.049002921315000e+02 -5.559832493640000e+01 -1.740026121186000e+02	 7.043700000000000e-06  1.220010000000000e-05 -2.055860000000000e-05	1.000000000000000e+00	8058	0	358
359	2.071692970311000e+02 1.215367875893000e+02 2.028013910000000e+01	 5.222000000000000e-06  9.044800000000000e-06 -9.065700000000000e-06	1.000000000000000e+00	8058	0	359
362	 1.583459887088000e+02 -3.088386002255000e+02  5.829785587824000e+02	 9.972000000000000e-06 -1.689630000000000e-05  0.000000000000000e+00	1.000000000000000e+00	105	0	362
363	 3.218552217248000e+02 -2.143969906372000e+02  5.829785587824000e+02	 1.777380000000000e-05 -3.206030000000000e-05  0.000000000000000e+00	1.000000000000000e+00	105	0	363
364	 4.751116395079000e+02 -4.633335583686000e+02  2.286190426598000e+02	-3.266160000000000e-05  3.539700000000000e-06  0.000000000000000e+00	1.000000000000000e+00	8058	0	364
365	 4.902847284901000e+02 -2.871110410527000e+02  2.286190426598000e+02	-5.636280000000000e-05  3.945500000000000e-06  0.000000000000000e+00	1.000000000000000e+00	8058	0	365
367	5.884733153237000e+02 2.680397676772000e+02 2.286190426598000e+02	-1.020000000000000e-07  5.010000000000000e-08  0.000000000000000e+00	1.000000000000000e+00	8058	0	367
373	-7.488766768959000e+02 -1.959064248795000e+02 -1.159425144917000e+02	-1.689000000000000e-07  6.273750000000001e-07  0.000000000000000e+00	7.500000000000000e-01	661	0	373
374	-1.579479352201000e+02  5.077800473750000e+02 -1.159425144917000e+02	-2.505300000000000e-06  3.572800000000000e-06  0.000000000000000e+00	1.000000000000000e+00	661	0	374
375	-3.156897997183000e+02  3.897898804785000e+02 -1.159425144917000e+02	-1.682400000000000e-06  1.595300000000000e-06  0.000000000000000e+00	1.000000000000000e+00	661	0	375
376	-6.282809862180001e+02  5.235769183360000e+01 -4.164132562731000e+02	 5.080000000000000e-07 -4.191000000000000e-07  0.000000000000000e+00	1.000000000000000e+00	8058	0	376
377	-5.472496605661000e+02  1.505785629233000e+02 -4.164132562731000e+02	 5.477000000000001e-07 -4.518000000000000e-07  0.000000000000000e+00	1.000000000000000e+00	8058	0	377
378	-6.377291990074000e+02 -6.682180602470000e+02  1.077775486825000e+02	-1.419426000000000e-04  1.759560000000000e-05  0.000000000000000e+00	1.000000000000000e+00	23	0	378
379	-6.364864057691000e+02 -5.334717888118000e+02  1.077775486825000e+02	-1.402764000000000e-04 -1.936600000000000e-06  0.000000000000000e+00	1.000000000000000e+00	23	0	379
380	-6.348664674560000e+02  4.466005770617000e+02  1.077775486825000e+02	-2.730100000000000e-05  1.255700000000000e-06  0.000000000000000e+00	1.000000000000000e+00	23	0	380
381	-6.429868745907000e+02  2.126144123767000e+02  1.077775486825000e+02	-5.571890000000000e-05  1.334100000000000e-06  0.000000000000000e+00	1.000000000000000e+00	23	0	381
382	-5.193753358489000e+02 -4.686991247891000e+02 -1.894272067752000e+02	-1.480000000000000e-07  1.142000000000000e-07  0.000000000000000e+00	1.000000000000000e+00	27	0	382
383	-3.745567998642000e+02 -2.811501690300000e+02 -1.894272067752000e+02	-3.106000000000000e-07  2.400000000000000e-07  0.000000000000000e+00	1.000000000000000e+00	27	0	383
384	 2.050675837687000e+02  4.687749578185000e+02 -1.894272067752000e+02	-9.730000000000000e-08  7.520000000000000e-08  0.000000000000000e+00	1.000000000000000e+00	27	0	384
385	 6.016164967470000e+01  2.812935564284000e+02 -1.894272067752000e+02	-1.653000000000000e-07  1.278000000000000e-07  0.000000000000000e+00	1.000000000000000e+00	27	0	385
388	5.489238391629000e+02 1.543382874640000e+01 9.471360338760000e+01	 5.637200000000000e-06 -6.689500000000000e-06  0.000000000000000e+00	1.000000000000000e+00	8058	0	388
390	 1.311471487659000e+02 -4.688172947534000e+02  1.518683640526000e+02	-3.794000000000000e-07 -1.660000000000000e-07  0.000000000000000e+00	1.000000000000000e+00	8058	0	390
391	 4.944294387840000e+01 -2.812863003994000e+02  1.518683640526000e+02	-2.061000000000000e-07 -8.970000000000000e-08  0.000000000000000e+00	1.000000000000000e+00	8058	0	391
392	-2.772639441452000e+02  4.686561894649000e+02  1.518683640526000e+02	3.570000000000000e-08 1.720000000000000e-08 0.000000000000000e+00	1.000000000000000e+00	8058	0	392
393	-1.953901666844000e+02  2.812678292619000e+02  1.518683640526000e+02	1.138000000000000e-07 4.950000000000000e-08 0.000000000000000e+00	1.000000000000000e+00	8058	0	393
394	-5.642642964731000e+02  3.403479836873000e+02 -6.953295884052001e+02	-1.428000000000000e-07  0.000000000000000e+00 -2.044700000000000e-06	1.000000000000000e+00	8058	0	394
395	-4.271281109887000e+02  3.403479836873000e+02 -7.069464080920001e+02	-2.195000000000000e-07  0.000000000000000e+00 -2.203300000000000e-06	1.000000000000000e+00	8058	0	395
400	 5.067819833112000e+02 -6.803183513927000e+02 -4.803519986637000e+02	-1.015240000000000e-05  1.758440000000000e-05  2.804000000000000e-05	1.000000000000000e+00	8058	0	400
401	 4.330853429502000e+02 -5.526720259403000e+02 -2.633867614342000e+02	-4.353356250000000e-06  7.540200000000000e-06  4.105968750000001e-06	5.625000000000000e-01	8058	0	401
402	-4.628897999949000e+02  6.469270364665000e+02 -6.793251553319001e+02	-5.777500000000000e-06 -1.248080000000000e-05  0.000000000000000e+00	1.000000000000000e+00	8058	0	402
403	-3.941590084618000e+02  6.138824347751000e+02 -6.793251553319001e+02	-6.499900000000000e-06 -1.321020000000000e-05  0.000000000000000e+00	1.000000000000000e+00	8058	0	403
406	 4.993745506995000e+02 -4.292114707876000e+02  1.469693845670000e+01	 1.805110000000000e-05 -2.114800000000000e-06  0.000000000000000e+00	1.000000000000000e+00	5009	0	406
407	 5.236967038951000e+02 -1.662949582579000e+02  1.469693845670000e+01	 5.654610000000000e-05 -4.214500000000000e-06  0.000000000000000e+00	1.000000000000000e+00	5009	0	407
408	5.534512556079001e+02 6.007409632542000e+02 1.469693845670000e+01	 1.145491000000000e-04 -1.882070000000000e-05  0.000000000000000e+00	1.000000000000000e+00	5009	0	408
409	5.371087692695000e+02 5.006872698921000e+02 1.469693845670000e+01	 1.171299000000000e-04 -1.197640000000000e-05  0.000000000000000e+00	1.000000000000000e+00	5009	0	409
412	 1.664534191590000e+02 -5.266804006499000e+02  9.471360338760000e+01	-5.273000000000000e-07  3.984000000000000e-07  0.000000000000000e+00	1.000000000000000e+00	8058	0	412
413	 2.472853478083000e+02 -3.771950010019000e+02  9.471360338760000e+01	 7.928000000000001e-07 -3.698000000000000e-07  0.000000000000000e+00	1.000000000000000e+00	8058	0	413
414	 3.529332894628000e+02 -4.060258921206000e+02  3.592584956082000e+02	 4.111980000000000e-05 -1.853100000000000e-06  0.000000000000000e+00	1.000000000000000e+00	8058	0	414
415	 3.609465198643000e+02 -1.416403848877000e+02  3.592584956082000e+02	 7.750100000000000e-05 -1.816700000000000e-06  0.000000000000000e+00	1.000000000000000e+00	8058	0	415
416	-8.132625707990000e+01  6.910882722200000e+02  3.592584956082000e+02	0.000000000000000e+00 0.000000000000000e+00 0.000000000000000e+00	1.000000000000000e+00	8058	0	416
418	-1.457197885838000e+02 -4.896850381323000e+02 -4.280108787581000e+02	 1.070000000000000e-07  1.854000000000000e-07 -6.280000000000001e-07	1.000000000000000e+00	8058	0	418
419	-1.834678891290000e+01 -2.690685311898000e+02 -3.274192465793000e+02	 4.393600000000000e-06  7.609900000000001e-06 -1.830170000000000e-05	1.000000000000000e+00	8058	0	419
420	3.702552009040000e+02 4.040098590954000e+02 4.224337105404000e+02	-2.644101562500000e-05 -4.579718906250000e-05 -1.793721796875000e-04	4.218750000000000e-01	8058	0	420
424	4.523555017079000e+02 6.615463985786000e+02 3.804874067123000e+02	1.000700000000000e-06 3.405000000000000e-07 0.000000000000000e+00	1.000000000000000e+00	8006	0	424
426	-1.669185638577000e+02 -5.059799597550000e+02  5.829785587824000e+02	-1.107210000000000e-05  1.703040000000000e-05  0.000000000000000e+00	1.000000000000000e+00	105	0	426
427	-4.512498666800000e+00 -4.055644082570000e+02  5.829785587824000e+02	-5.812000000000000e-07  9.291000000000000e-07  0.000000000000000e+00	1.000000000000000e+00	105	0	427
428	 6.419740799576000e+02 -3.006346806170000e+01  5.829785587824000e+02	 2.656340000000000e-05 -4.194580000000000e-05  0.000000000000000e+00	1.000000000000000e+00	105	0	428
429	 4.906890029067000e+02 -1.253299938272000e+02  5.829785587824000e+02	 2.443270000000000e-05 -4.149100000000000e-05  0.000000000000000e+00	1.000000000000000e+00	105	0	429
430	-2.384977991396000e+02  5.499683519882000e+02 -4.164132562731000e+02	-2.252200000000000e-06  9.135000000000000e-07  0.000000000000000e+00	1.000000000000000e+00	8058	0	430
431	-3.046870694219000e+02  4.454006397677000e+02 -4.164132562731000e+02	 1.096875000000000e-07 -8.966250000000001e-08  0.000000000000000e+00	5.625000000000000e-01	8058	0	431
432	-2.245572490926000e+02  6.910882722200000e+02 -4.109623986977000e+02	2.310401250000000e-04 0.000000000000000e+00 7.755238125000001e-05	5.625000000000000e-01	8058	0	432
433	-4.427635719938000e+02  6.910882722200000e+02 -1.318515028590000e+01	4.159940000000000e-05 0.000000000000000e+00 7.905920000000000e-05	1.000000000000000e+00	8058	0	433
434	6.625803389849000e+02 1.115398634640000e+02 9.471360338760000e+01	-2.832500000000000e-06  4.185700000000000e-06  0.000000000000000e+00	1.000000000000000e+00	8058	0	434
436	 4.902524514204000e+02  4.516280020889000e+02 -6.470016516095001e+02	 9.820000000000001e-08 -1.701000000000000e-07 -8.673000000000000e-07	1.000000000000000e+00	0	0	436
438	5.132978894577000e+02 6.517670633216001e+02 5.635594730041000e+02	 1.368380000000000e-05  2.370110000000000e-05 -1.236681000000000e-04	1.000000000000000e+00	8058	0	438
439	 1.320301554710000e+02 -8.608023230000001e+00 -1.254282795440000e+02	 5.294800000000001e-06  9.170900000000001e-06 -2.086530000000000e-05	1.000000000000000e+00	8058	0	439
440	 1.838647208248000e+02  8.117207755100000e+01 -2.481782825200000e+01	 6.234000000000000e-06  1.079760000000000e-05 -1.145840000000000e-05	1.000000000000000e+00	8058	0	440
441	-1.141427836420000e+02 -4.349920612222000e+02 -4.058497884236000e+02	 5.880000000000000e-07  1.018400000000000e-06 -3.184000000000000e-06	1.000000000000000e+00	8058	0	441
442	-5.048058989380000e+01 -3.247259071291000e+02 -3.562924043769000e+02	 3.075300000000000e-06  5.326600000000000e-06 -1.431970000000000e-05	1.000000000000000e+00	8058	0	442
444	5.700127018922000e+02 7.500000000000000e+02 3.592584956082000e+02	 0.000000000000000e+00 -0.000000000000000e+00  0.000000000000000e+00	1.000000000000000e+00	8058	1	444
445	-2.391575150485000e+02 -6.515239277128001e+02 -4.732011172702000e+02	-1.770000000000000e-08 -3.060000000000000e-08  2.303000000000000e-07	1.000000000000000e+00	8058	0	445
446	-1.773163341869000e+02 -5.444118604605001e+02 -4.468593555986000e+02	0.000000000000000e+00 0.000000000000000e+00 6.800000000000001e-09	1.000000000000000e+00	8058	0	446
447	4.570992406423000e+02 5.544281482566000e+02 5.274446253976000e+02	 2.161580000000000e-05  3.743970000000000e-05 -1.079206000000000e-04	1.000000000000000e+00	8058	0	447
448	4.039491305660000e+02 4.623694571766000e+02 4.686081976205000e+02	 2.919130000000000e-05  5.056080000000000e-05 -8.305040000000000e-05	1.000000000000000e+00	8058	0	448
449	 7.652428182420000e+01 -1.047470165048000e+02 -2.188270444232000e+02	 7.695600000000000e-06  1.332920000000000e-05 -2.149590000000000e-05	1.000000000000000e+00	8058	0	449
450	 1.368355392620000e+01 -2.135903500087000e+02 -2.951605518514000e+02	 6.101400000000001e-06  1.056800000000000e-05 -2.300900000000000e-05	1.000000000000000e+00	8058	0	450
451	2.301603686262000e+02 1.613584917124000e+02 6.319265633500000e+01	 3.253000000000000e-06  5.634400000000000e-06 -6.734300000000000e-06	1.000000000000000e+00	8058	0	451
452	2.747770546498000e+02 2.386368587706000e+02 1.403654193413000e+02	-2.217000000000000e-07 -3.839000000000000e-07  1.311320000000000e-05	1.000000000000000e+00	8058	0	452
453	 3.294553035779000e+02 -7.021910831702000e+02  3.592584956082000e+02	 2.760600000000000e-06 -3.654000000000000e-07  0.000000000000000e+00	1.000000000000000e+00	8058	0	453
455	-3.760626804255000e+02 -3.707674385013000e+02  6.331798666839001e+02	 4.696700000000000e-06  8.135000000000001e-06 -1.634290000000000e-05	1.000000000000000e+00	491	0	455
459	 3.410446612099000e+02 -5.957693149491000e+02  3.592584956082000e+02	 1.669310000000000e-05 -1.377500000000000e-06  0.000000000000000e+00	1.000000000000000e+00	8058	0	459
460	3.678032806148000e+02 1.493696412505000e+02 3.592584956082000e+02	 1.099195000000000e-04 -1.003400000000000e-06  0.000000000000000e+00	1.000000000000000e+00	8058	0	460
465	 4.263989980260000e+01  6.384023658058001e+02 -1.159425144917000e+02	 6.858000000000001e-07 -1.137000000000000e-06  0.000000000000000e+00	1.000000000000000e+00	661	0	465
468	-6.817111767598000e+02  8.258709385770000e+01  6.580962442277000e+02	-4.347858000000000e-04 -1.196152000000000e-04  0.000000000000000e+00	1.000000000000000e+00	1105	0	468
471	 3.494835496509000e+02 -4.736414418554000e+02  3.592584956082000e+02	 3.230370000000000e-05 -1.815500000000000e-06  0.000000000000000e+00	1.000000000000000e+00	8058	0	471
479	7.497586323386000e+02 5.715767664980000e+01 6.580962442277000e+02	 2.168964843750000e-07 -2.412914062500000e-07  0.000000000000000e+00	3.164062500000000e-01	1105	0	479
483	 5.064248749235000e+02 -3.694967563750000e+02  1.469693845670000e+01	 2.767590000000000e-05 -2.768500000000000e-06  0.000000000000000e+00	1.000000000000000e+00	5009	0	483
484	-5.706992693607000e+02  1.003954882639000e+02  6.580962442277000e+02	-1.621928000000000e-04 -1.059180000000000e-05  0.000000000000000e+00	1.000000000000000e+00	1105	0	484
486	-3.723466347967000e+02 -6.419184736782000e+02  5.829785587824000e+02	-2.263160000000000e-05  3.614890000000000e-05  0.000000000000000e+00	1.000000000000000e+00	105	0	486
487	5.234635722881001e+02 6.693745424775000e+02 2.286190426598000e+02	1.105747031250000e-05 1.915211250000000e-05 0.000000000000000e+00	4.218750000000000e-01	8058	0	487
488	 4.621173034723000e+02  5.003595078136000e+02 -6.602847411022000e+02	 1.309000000000000e-07 -2.266000000000000e-07 -1.040400000000000e-06	1.000000000000000e+00	0	0	488
490	5.045882917304000e+02 5.338238230698000e+02 3.804874067123000e+02	3.303500000000000e-06 2.105400000000000e-06 0.000000000000000e+00	1.000000000000000e+00	8006	0	490
491	-5.206463446751001e+02 -6.211936909262000e+02  4.292141325944000e+02	 9.651000000000001e-07  1.671700000000000e-06 -1.481770000000000e-05	1.000000000000000e+00	491	0	491
494	 8.118474560100001e+00 -6.864064409654001e+02  9.471360338760000e+01	 1.487500000000000e-06 -1.601200000000000e-06  0.000000000000000e+00	1.000000000000000e+00	8058	0	494
495	 5.181895067188000e+02 -2.438837225141000e+02  1.469693845670000e+01	 4.487720000000000e-05 -3.569300000000000e-06  0.000000000000000e+00	1.000000000000000e+00	5009	0	495
496	 3.419162221687000e+02 -6.998936337181000e+02  2.809670860300000e+00	1.588990000000000e-05 2.752210000000000e-05 1.116078000000000e-04	1.000000000000000e+00	8058	0	496
497	-4.718057955329000e+02 -5.365993783423000e+02  5.061547829509000e+02	 5.098600000000000e-06  8.831000000000001e-06 -1.405840000000000e-05	1.000000000000000e+00	491	0	497
499	 5.031849785402000e+02 -4.205679540093000e+02 -2.691498333592000e+02	1.270000000000000e-08 2.190000000000000e-08 5.367000000000000e-07	1.000000000000000e+00	8058	0	499
501	-4.937360613130000e+02  1.052755254102000e+02  6.580962442277000e+02	-1.672820000000000e-05  4.530200000000000e-06  0.000000000000000e+00	1.000000000000000e+00	1105	0	501
503	-4.245908939335000e+02  1.061705630053000e+02  6.580962442277000e+02	-2.735800000000000e-06  5.922500000000000e-06  0.000000000000000e+00	1.000000000000000e+00	1105	0	503
505	5.312417154884000e+02 1.199619518604000e+02 2.286190426598000e+02	-8.751000000000000e-07  9.840000000000001e-08  0.000000000000000e+00	1.000000000000000e+00	8058	0	505
507	-5.692035432422000e+02 -7.052972259175000e+02  3.274569519856000e+02	-1.071700000000000e-06 -1.856200000000000e-06 -1.538150000000000e-05	1.000000000000000e+00	491	0	507
512	 9.244425868200000e+01  6.678337907703000e+02 -1.159425144917000e+02	 2.422800000000000e-06 -4.213000000000000e-06  0.000000000000000e+00	1.000000000000000e+00	661	0	512
519	-3.550472456931000e+02  1.042335768873000e+02  6.580962442277000e+02	-6.662600000000000e-06  7.898500000000001e-06  0.000000000000000e+00	1.000000000000000e+00	1105	0	519
521	-5.942446073615000e+02 -7.486696212478000e+02  2.419764099529000e+02	 1.593562500000000e-07  2.759625000000000e-07 -8.744625000000001e-07	5.625000000000000e-01	491	0	521
523	 4.957770940050001e+01  6.910882722200000e+02 -6.309453970584000e+02	-1.707100000000000e-06  0.000000000000000e+00 -2.903900000000000e-06	1.000000000000000e+00	8058	0	523
527	5.303736143737000e+02 2.218024085945000e+02 1.469693845670000e+01	1.032691000000000e-04 1.109900000000000e-06 0.000000000000000e+00	1.000000000000000e+00	5009	0	527
529	-3.511488634744000e+02 -3.276154417316000e+02  6.595904627035001e+02	 3.545600000000000e-06  6.141200000000001e-06 -1.411750000000000e-05	1.000000000000000e+00	491	0	529
530	-5.360510570908000e+02  6.910882722200000e+02  5.157430088047000e+02	 8.837000000000000e-07  0.000000000000000e+00 -6.825000000000000e-07	1.000000000000000e+00	8058	0	530
531	5.377530959787000e+02 6.941247235257000e+02 5.731396733192000e+02	 8.962400000000001e-06  1.552330000000000e-05 -1.289318000000000e-04	1.000000000000000e+00	8058	0	531
535	 4.337490678550000e+02  5.494947332236001e+02 -6.747488010048000e+02	-1.063500000000000e-07  1.842000000000000e-07 -1.643250000000000e-07	7.500000000000000e-01	0	0	535
537	-2.888469729328000e+02  1.000518334129000e+02  6.580962442277000e+02	-3.006300000000000e-06  9.807100000000000e-06  0.000000000000000e+00	1.000000000000000e+00	1105	0	537
538	-6.442198306601000e+02  1.517822819863000e+02  1.077775486825000e+02	-6.314280000000000e-05  9.915000000000000e-07  0.000000000000000e+00	1.000000000000000e+00	23	0	538
540	-7.100913847662000e+02 -6.578361716648001e+02 -1.159425144917000e+02	2.447900000000000e-06 4.757300000000000e-06 0.000000000000000e+00	1.000000000000000e+00	661	0	540
545	-2.253689429786000e+02  9.417755900960000e+01  6.580962442277000e+02	-3.345900000000000e-06  1.209970000000000e-05  0.000000000000000e+00	1.000000000000000e+00	1105	0	545
547	-6.415519314179001e+02 -2.266922771209000e+02  1.077775486825000e+02	-1.049236000000000e-04 -2.327100000000000e-06  0.000000000000000e+00	1.000000000000000e+00	23	0	547
553	5.320744420475000e+02 8.800370506820001e+01 1.469693845670000e+01	9.259870000000001e-05 2.003200000000000e-06 0.000000000000000e+00	1.000000000000000e+00	5009	0	553
560	-7.313353729904001e+02 -6.164883601165001e+02 -1.159425144917000e+02	2.998300000000000e-06 1.842900000000000e-06 0.000000000000000e+00	1.000000000000000e+00	661	0	560
566	-6.442495733854000e+02 -9.515675795950000e+01  1.077775486825000e+02	-9.159540000000001e-05 -1.397400000000000e-06  0.000000000000000e+00	1.000000000000000e+00	23	0	566
567	-6.452037184585000e+02  2.804312674180000e+01  1.077775486825000e+02	-7.795480000000001e-05 -1.600000000000000e-08  0.000000000000000e+00	1.000000000000000e+00	23	0	567
568	-1.612262333124000e+02  8.684127742640000e+01  6.580962442277000e+02	-6.396000000000000e-07  1.441590000000000e-05  0.000000000000000e+00	1.000000000000000e+00	1105	0	568
571	-5.349292673207000e+02  1.931021557629000e+02 -1.159425144917000e+02	-1.715000000000000e-06  4.459100000000000e-06  0.000000000000000e+00	1.000000000000000e+00	661	0	571
572	-3.677351684749000e+02  6.910882722200000e+02  1.518683640526000e+02	 4.240820000000000e-05 -3.243800000000000e-06 -4.257740000000000e-05	1.000000000000000e+00	8058	0	572
582	-4.190404760827000e+02 -6.701297325229000e+02  5.829785587824000e+02	-2.404530000000000e-05  4.098370000000000e-05  0.000000000000000e+00	1.000000000000000e+00	105	0	582
583	-9.792742363390001e+01  7.874258553420000e+01  6.580962442277000e+02	2.236500000000000e-06 1.707600000000000e-05 0.000000000000000e+00	1.000000000000000e+00	1105	0	583
585	 4.048182013010000e+02  5.996044640022001e+02 -6.921990977174000e+02	-2.670700000000000e-06  4.625800000000000e-06 -1.915500000000000e-06	1.000000000000000e+00	0	0	585
589	 1.432900839783000e+02  6.963886084889000e+02 -1.159425144917000e+02	 4.074700000000000e-06 -7.508400000000000e-06  0.000000000000000e+00	1.000000000000000e+00	661	0	589
595	5.328942292876001e+02 4.916420935781000e+02 3.804874067123000e+02	3.512100000000000e-06 2.805600000000000e-06 0.000000000000000e+00	1.000000000000000e+00	8006	0	595
598	 9.609238104040000e+01  6.910882722200000e+02 -6.587666489611000e+02	-1.368500000000000e-06  0.000000000000000e+00 -2.360600000000000e-06	1.000000000000000e+00	8058	0	598
600	-3.583278519680000e+01  7.016544402110000e+01  6.580962442277000e+02	4.059700000000000e-06 2.043970000000000e-05 0.000000000000000e+00	1.000000000000000e+00	1105	0	600
602	-4.340864743925000e+02  6.910882722200000e+02  5.165801823990000e+01	3.892890000000000e-05 0.000000000000000e+00 3.848600000000000e-05	1.000000000000000e+00	8058	0	602
610	-5.691088041600000e+02  6.910882722200000e+02  5.525599992772001e+02	1.142000000000000e-06 0.000000000000000e+00 3.838000000000000e-07	1.000000000000000e+00	8058	0	610
611	-6.388252187974000e+02 -3.600908284665000e+02  1.077775486825000e+02	-1.197030000000000e-04 -2.181300000000000e-06  0.000000000000000e+00	1.000000000000000e+00	23	0	611
615	 4.300000000000000e+02 -5.473280551918000e+02 -2.606506917860000e+02	0.000000000000000e+00 0.000000000000000e+00 0.000000000000000e+00	1.000000000000000e+00	8058	0	615
616	-3.251317307517000e+02 -2.825524459886000e+02  6.834808588243001e+02	 2.470800000000000e-06  4.279500000000000e-06 -1.146250000000000e-05	1.000000000000000e+00	491	0	616
618	2.466791653460000e+01 6.106341774880000e+01 6.580962442277000e+02	5.848000000000001e-06 2.453660000000000e-05 0.000000000000000e+00	1.000000000000000e+00	1105	0	618
620	 3.754581843879000e+02  6.504575050067000e+02 -7.066533368348000e+02	-5.232569193649291e-06  9.063082040405275e-06 -3.165683000564575e-06	7.508468627929688e-02	0	0	620
625	-6.184121878349000e+02  8.690177929640001e+01 -1.159425144917000e+02	-1.892750000000000e-05 -9.817300000000000e-06  0.000000000000000e+00	1.000000000000000e+00	661	0	625
627	 5.230418503127000e+02 -6.913590405641000e+02  2.286190426598000e+02	-5.544000000000000e-07  5.650800000000000e-06  0.000000000000000e+00	1.000000000000000e+00	8058	0	627
630	-3.333939879236000e+02  6.910882722200000e+02  1.806994793282000e+02	-8.764900000000000e-06  0.000000000000000e+00  2.754000000000000e-06	1.000000000000000e+00	8058	0	630
631	8.372809216790000e+01 5.118284259170000e+01 6.580962442277000e+02	8.002900000000001e-06 2.943380000000000e-05 0.000000000000000e+00	1.000000000000000e+00	1105	0	631
639	 1.464834852856000e+02  6.910882722200000e+02 -6.848236104428000e+02	-6.945000000000000e-07  0.000000000000000e+00 -1.404200000000000e-06	1.000000000000000e+00	8058	0	639
646	 3.555156488248000e+02 -3.414446517332000e+02  3.592584956082000e+02	 4.960300000000000e-05 -1.726600000000000e-06  0.000000000000000e+00	1.000000000000000e+00	8058	0	646
647	 3.591214541915000e+02 -2.121363200177000e+02  3.592584956082000e+02	 6.705680000000000e-05 -1.719400000000000e-06  0.000000000000000e+00	1.000000000000000e+00	8058	0	647
655	 1.958279193491000e+02  7.237538485026000e+02 -1.159425144917000e+02	 5.052500000000000e-06 -1.026180000000000e-05  0.000000000000000e+00	1.000000000000000e+00	661	0	655
660	-4.666462770772000e+02 -6.972723420601001e+02  5.829785587824000e+02	-2.524070000000000e-05  4.634400000000000e-05  0.000000000000000e+00	1.000000000000000e+00	105	0	660
664	1.425939186057000e+02 4.004656659080000e+01 6.580962442277000e+02	9.308900000000000e-06 3.554010000000000e-05 0.000000000000000e+00	1.000000000000000e+00	1105	0	664
681	 3.358453266969000e+02  7.190689871607000e+02 -7.313410782749000e+02	-1.302982103347778e-06  2.256826046848297e-06 -1.322686202144623e-06	5.631351470947266e-02	0	0	681
683	-7.341922730489000e+02 -1.440691378425000e+02 -1.159425144917000e+02	-1.916700000000000e-06  7.490300000000000e-06  0.000000000000000e+00	1.000000000000000e+00	661	0	683
688	-6.046190359889000e+02  6.910882722200000e+02  5.910474437881001e+02	2.285800000000000e-06 0.000000000000000e+00 7.764000000000000e-07	1.000000000000000e+00	8058	0	688
689	2.019742930520000e+02 2.726716579900000e+01 6.580962442277000e+02	9.049600000000001e-06 4.315490000000000e-05 0.000000000000000e+00	1.000000000000000e+00	1105	0	689
696	 4.690759109019000e+02 -4.796465921577000e+02 -2.657952117325000e+02	2.806523437500000e-08 4.860000000000000e-08 1.000444921875000e-06	3.164062500000000e-01	8058	0	696
703	2.619586762201000e+02 1.274978353170000e+01 6.580962442277000e+02	1.016290000000000e-05 5.141680000000000e-05 0.000000000000000e+00	1.000000000000000e+00	1105	0	703
707	 3.622930090361000e+02 -7.807996426050001e+01  3.592584956082000e+02	 8.501260000000001e-05 -2.323800000000000e-06  0.000000000000000e+00	1.000000000000000e+00	8058	0	707
708	 4.239713691461000e+02 -5.473280551918000e+02 -2.582063617544000e+02	-7.262235351562500e-07  0.000000000000000e+00 -5.132188476562500e-07	2.373046875000000e-01	8058	0	708
710	 3.267512255175000e+02 -4.297743771400000e+00  6.580962442277000e+02	1.447120000000000e-05 5.974230000000000e-05 0.000000000000000e+00	1.000000000000000e+00	1105	0	710
712	-3.346549353946000e+02  6.910882722200000e+02  2.129341605759000e+02	 7.761000000000001e-07  0.000000000000000e+00 -1.564800000000000e-06	1.000000000000000e+00	8058	0	712
714	 4.519486635962000e+02 -3.669678843080000e+01  6.580962442277000e+02	1.482802000000000e-04 4.350870000000000e-05 0.000000000000000e+00	1.000000000000000e+00	1105	0	714
715	 5.178779829349000e+02 -4.786086032210000e+01  6.580962442277000e+02	1.679297000000000e-04 5.233940000000000e-05 0.000000000000000e+00	1.000000000000000e+00	1105	0	715
717	 5.686063380076000e+02 -4.761835268940000e+01  6.580962442277000e+02	1.776129000000000e-04 6.384460000000001e-05 0.000000000000000e+00	1.000000000000000e+00	1105	0	717
718	-5.447506485438000e+02  6.836460815780000e+02 -6.793251553319001e+02	-4.528700000000000e-06 -9.576200000000000e-06  0.000000000000000e+00	1.000000000000000e+00	8058	0	718
720	 6.230860001621000e+02 -3.386337668830000e+01  6.580962442277000e+02	1.515156000000000e-04 7.412880000000001e-05 0.000000000000000e+00	1.000000000000000e+00	1105	0	720
722	 1.998101707815000e+02  6.910882722200000e+02 -7.087502055735000e+02	-2.001000000000000e-07  0.000000000000000e+00 -4.878000000000000e-07	1.000000000000000e+00	8058	0	722
724	-6.230418117094000e+02  7.155754945191001e+02 -6.793251553319001e+02	-1.432280000000000e-05 -2.302300000000000e-06  0.000000000000000e+00	1.000000000000000e+00	8058	0	724
728	 4.825900106471000e+02 -6.384166256031000e+02 -3.933279128415000e+02	-3.389450000000000e-05  5.870710000000000e-05  9.907440000000001e-05	1.000000000000000e+00	8058	0	728
729	6.871035639187000e+02 8.388053705000000e-01 6.580962442277000e+02	2.829840000000000e-05 1.805700000000000e-05 0.000000000000000e+00	1.000000000000000e+00	1105	0	729
733	5.857089702706000e+02 4.338971765265000e+02 3.804874067123000e+02	2.026600000000000e-06 2.227700000000000e-06 0.000000000000000e+00	1.000000000000000e+00	8006	0	733
737	-6.438068626466001e+02  6.910882722200000e+02  6.326905377607001e+02	1.453400000000000e-06 0.000000000000000e+00 3.113600000000000e-06	1.000000000000000e+00	8058	0	737
740	-2.980752565931000e+02 -2.356892580723000e+02  7.046245001180000e+02	 1.533600000000000e-06  2.656300000000000e-06 -8.389600000000000e-06	1.000000000000000e+00	491	0	740
745	-7.343496770291000e+02  7.492419182818001e+02 -6.793251553319001e+02	-2.102600000000000e-06 -6.747000000000000e-07  0.000000000000000e+00	1.000000000000000e+00	8058	0	745
746	-8.976959028260001e+01  6.910882722200000e+02 -5.171203337300000e+02	1.577295000000000e-04 0.000000000000000e+00 1.273300000000000e-04	1.000000000000000e+00	8058	0	746
747	6.159495910833000e+02 4.083361775004000e+02 3.804874067123000e+02	3.064700000000000e-06 3.965600000000000e-06 0.000000000000000e+00	1.000000000000000e+00	8006	0	747
753	5.734243162137000e+02 4.070862708318000e+02 2.286190426598000e+02	-1.363868349609375e-05 -2.253200888671875e-05  0.000000000000000e+00	2.373046875000000e-01	8058	0	753
755	-2.739776116436000e+02  5.529634257654001e+02 -6.793251553319001e+02	8.830072500000001e-05 7.377757500000000e-05 0.000000000000000e+00	7.500000000000000e-01	8058	0	755
771	6.568578238719000e+02 3.786382316874000e+02 3.804874067123000e+02	-3.365600000000000e-06 -4.498200000000000e-06  0.000000000000000e+00	1.000000000000000e+00	8006	0	771
776	 2.560183271610000e+02  6.910882722200000e+02 -7.298707395421001e+02	-4.447000000000000e-07  0.000000000000000e+00 -1.210900000000000e-06	1.000000000000000e+00	8058	0	776
805	-1.093550574392000e+02  3.868623076121000e+02 -7.318060934162000e+02	 6.609047003602982e-06 -1.144720854148865e-05 -2.153072478725911e-05	4.223513603210449e-02	8058	0	805
828	-1.405193082256000e+02  3.403479836873000e+02 -7.450294607038001e+02	 2.037329560546875e-05  0.000000000000000e+00 -3.813249023437500e-07	2.373046875000000e-01	8058	0	828
864	-2.699635515722000e+02 -1.869983566887000e+02  7.227685481041000e+02	 7.380000000000001e-07  1.278300000000000e-06 -4.850500000000000e-06	1.000000000000000e+00	491	0	864
865	 4.018805988411000e+02 -5.473280551918000e+02 -2.224572757076000e+02	-9.178400000000000e-06  0.000000000000000e+00  1.613400000000000e-06	1.000000000000000e+00	8058	0	865
909	-1.272672889664000e+02  6.910882722200000e+02  3.592584956082000e+02	0.000000000000000e+00 0.000000000000000e+00 0.000000000000000e+00	4.218750000000000e-01	8058	0	909
1000	-3.552700422537000e+02  6.910882722200000e+02  2.673200421812000e+02	-6.466000000000000e-07  0.000000000000000e+00 -2.989600000000000e-06	1.000000000000000e+00	8058	0	1000
1002	7.039405288590000e+02 3.430573060385000e+02 3.804874067123000e+02	-6.182400000000000e-06 -7.637800000000000e-06  0.000000000000000e+00	1.000000000000000e+00	8006	0	1002
1003	-4.399752167199000e+02  6.910882722200000e+02  3.991286918458000e+02	-7.626600000000000e-06  0.000000000000000e+00  6.949000000000000e-06	1.000000000000000e+00	8058	0	1003
1011	6.942319711421001e+02 2.749942925994000e+02 1.588926409623000e+02	-3.477865781250001e-05  6.023835000000000e-05 -1.414252406250000e-04	4.218750000000000e-01	8058	0	1011
1012	 3.876504696305000e+02 -5.473280551918000e+02 -1.673924393188000e+02	-2.422260000000000e-05  0.000000000000000e+00  1.633750000000000e-05	1.000000000000000e+00	8058	0	1012
1014	-3.324178766601000e+02  6.207841796164000e+02  1.518683640526000e+02	-1.170800000000000e-06 -4.387000000000000e-07  0.000000000000000e+00	1.000000000000000e+00	8058	0	1014
1015	-3.577749642631000e+02  6.863272822786000e+02  1.518683640526000e+02	-7.401000000000000e-07 -1.057000000000000e-07  0.000000000000000e+00	1.000000000000000e+00	8058	0	1015
1020	-3.622899172585000e+02  6.863533259994000e+02  1.518683640526000e+02	-1.445860000000000e-05 -1.536240000000000e-05  0.000000000000000e+00	1.000000000000000e+00	8058	0	1020
1081	-5.182084381238000e+02 -7.231600565057000e+02  5.829785587824000e+02	-1.614790000000000e-05  3.611760000000000e-05  0.000000000000000e+00	1.000000000000000e+00	105	0	1081
1396	-4.284811230446000e+02  6.910882722200000e+02 -8.236090351170000e+01	3.430400000000000e-06 0.000000000000000e+00 1.466363000000000e-04	1.000000000000000e+00	8058	0	1396
1705	 3.910040932316000e+02 -5.473280551918000e+02 -1.088638940018000e+02	-2.059330000000000e-05  0.000000000000000e+00  5.645470000000000e-05	1.000000000000000e+00	8058	0	1705
1759	5.392797331780000e+02 6.967689367196000e+02 2.520627548443000e+02	2.707643221435547e-05 4.689774821777344e-05 3.337815311279297e-05	1.334838867187500e-01	8058	0	1759
1801	-2.409222540871000e+02 -1.366973539268000e+02  7.373751321227001e+02	 7.230000000000001e-08  1.253000000000000e-07 -6.761000000000000e-07	1.000000000000000e+00	491	0	1801
1886	3.366797564675000e+02 3.458554834447000e+02 3.592584956082000e+02	1.015143468750000e-04 1.758280078125000e-04 0.000000000000000e+00	4.218750000000000e-01	8058	0	1886
2264	6.420515784932001e+02 3.653733838262000e+02 2.286190426598000e+02	-5.443297500000000e-05  1.035810000000000e-05  1.497090000000000e-05	7.500000000000000e-01	8058	0	2264
2827	6.413669336256000e+02 3.665592235220000e+02 2.232138881997000e+02	-5.756252343750000e-05  9.970117031250000e-05 -4.356137812500000e-05	4.218750000000000e-01	8058	0	2827
2939	6.207059177329000e+02 3.226922758181000e+02 2.286190426598000e+02	-2.963000000000000e-07  1.663000000000000e-07  0.000000000000000e+00	1.000000000000000e+00	8058	0	2939
3478	3.282913159725000e+02 3.313262783110000e+02 2.286190426598000e+02	-4.645930000000000e-05 -8.046980000000001e-05  0.000000000000000e+00	1.000000000000000e+00	8058	0	3478
4128	-6.643134870977000e+02 -7.130218827658000e+02 -1.159425144917000e+02	 7.995100000000001e-06 -5.275800000000000e-06  0.000000000000000e+00	1.000000000000000e+00	661	0	4128
4210	 4.277506816640000e+02 -5.434321215515000e+02  5.980070805900001e+00	-8.436937500000001e-07  1.461375000000000e-06  9.107212500000001e-06	5.625000000000000e-01	8058	0	4210
4213	-3.297895705673000e+02  6.910882722200000e+02 -2.689541438668000e+02	 6.099560000000000e-05  0.000000000000000e+00 -2.120260000000000e-05	1.000000000000000e+00	8058	0	4213
4214	4.317345087271000e+02 7.344945962602001e+02 2.286190426598000e+02	 5.527425000000001e-06 -5.733750000000000e-07  0.000000000000000e+00	7.500000000000000e-01	8058	0	4214
4220	 4.363165316853000e+02 -5.582686089983000e+02  7.244047405620000e+01	-3.408930000000000e-05  5.904430000000000e-05 -1.153424000000000e-04	1.000000000000000e+00	8058	0	4220
4224	-7.104784013636000e+02  6.910882722200000e+02  7.023133253681000e+02	-3.174710000000000e-04  0.000000000000000e+00  3.487004000000000e-04	1.000000000000000e+00	8058	0	4224
4225	-2.644555169746000e+02  6.910882722200000e+02 -3.683322771472000e+02	 3.913253000000000e-04  0.000000000000000e+00 -4.021726000000000e-04	1.000000000000000e+00	8058	0	4225
4234	5.625333399035001e+02 7.370453650273000e+02 3.148536719815000e+02	1.100080000000000e-05 1.905390000000000e-05 3.088150000000000e-05	1.000000000000000e+00	8058	0	4234
4235	5.167803587815000e+02 6.704979930263000e+02 2.286190426598000e+02	1.977782695312500e-05 1.215067780151367e-05 0.000000000000000e+00	1.334838867187500e-01	8058	0	4235
4236	5.206699024330001e+02 4.317488431236000e+02 2.286190426598000e+02	 1.672270000000000e-05 -2.316710000000000e-05  0.000000000000000e+00	1.000000000000000e+00	8058	0	4236
4237	5.085727959006000e+02 6.014160515021000e+02 2.286190426598000e+02	2.058800000000000e-05 4.564790000000000e-05 0.000000000000000e+00	1.000000000000000e+00	8058	0	4237
4240	5.096350248142000e+02 5.394965596633000e+02 2.286190426598000e+02	4.048680000000000e-05 1.090700000000000e-06 0.000000000000000e+00	1.000000000000000e+00	8058	0	4240
4244	4.639898817020000e+02 3.974262001845000e+02 2.286190426598000e+02	 1.638200000000000e-05 -2.948520000000000e-05  0.000000000000000e+00	1.000000000000000e+00	8058	0	4244
4245	3.970847004088000e+02 3.525718862337000e+02 2.286190426598000e+02	-1.609442000000000e-04 -1.385241000000000e-04  0.000000000000000e+00	1.000000000000000e+00	8058	0	4245
4246	3.367313496513000e+02 3.459448454603000e+02 3.626400203715000e+02	 9.946108125000000e-05  1.722716859375000e-04 -1.155262500000000e-05	4.218750000000000e-01	8058	0	4246
4247	7.301305252242000e+02 2.128161730109000e+02 1.137369615851000e+02	 3.002844750000000e-04 -5.201080500000000e-04 -7.711140000000000e-04	7.500000000000000e-01	8058	0	4247
4249	3.104415017319000e+02 3.004094931407000e+02 1.954088317423000e+02	2.608059000000000e-04 4.517291000000000e-04 5.098999000000001e-04	1.000000000000000e+00	8058	0	4249
4250	 3.850964743993000e+02 -1.998712817980000e+01  6.580962442277000e+02	2.401850000000000e-05 6.466920000000000e-05 0.000000000000000e+00	1.000000000000000e+00	1105	0	4250
4252	 5.409759523796000e+02 -7.395440431317001e+02 -6.351933023919000e+02	 6.753150000000001e-05 -1.169680000000000e-04 -3.991899000000000e-04	1.000000000000000e+00	8058	0	4252
4253	 3.824398285493000e+02 -6.297046885611001e+02  5.178231396000000e+00	4.823125000000000e-04 8.353897000000000e-04 6.742830000000000e-05	1.000000000000000e+00	8058	0	4253
4254	-1.397516879329000e+02  4.395108160062000e+02 -7.059014153732001e+02	-1.320724500000000e-04  2.287562250000000e-04  7.421649750000000e-04	7.500000000000000e-01	8058	0	4254
4255	6.642185627899000e+02 3.269790407738000e+02 1.922509806530000e+02	-2.706198750000000e-05  4.687273125000001e-05  6.906557812500000e-04	5.625000000000000e-01	8058	0	4255
4256	-1.467506441735000e+02  6.910882722200000e+02 -4.591478698875000e+02	-1.732843518750000e-03  0.000000000000000e+00 -1.279369125000000e-03	5.625000000000000e-01	8058	0	4256
4257	-2.213973777081000e+02  5.117039885047000e+02 -6.793251553319001e+02	 3.615287062500000e-04 -3.617436375000000e-04  0.000000000000000e+00	5.625000000000000e-01	8058	0	4257
0	 5.000000000000000e-01 -8.660254037844386e-01  0.000000000000000e+00	8.660254037844385e-01 5.000000000000000e-01 0.000000000000000e+00	5.632499999999998e+02 3.251925391210567e+02 0.000000000000000e+00	1	0	0.000000000000000e+00	0.000000000000000e+00	0.000000000000000e+00	9.356025365961871e+04
1	5.000000000000000e-01 8.660254037844386e-01 0.000000000000000e+00	0.000000000000000e+00 0.000000000000000e+00 1.000000000000000e+00	0.000000000000000e+00 0.000000000000000e+00 2.286190426597633e+02	1	0	0.000000000000000e+00	0.000000000000000e+00	0.000000000000000e+00	3.470945673195366e+05
3	-5.000000000000000e-01 -8.660254037844386e-01  0.000000000000000e+00	0.000000000000000e+00 0.000000000000000e+00 1.000000000000000e+00	0.000000000000000e+00 0.000000000000000e+00 6.580962442277471e+02	1	0	0.000000000000000e+00	0.000000000000000e+00	0.000000000000000e+00	1.210736514974700e+06
4	-1.000000000000000e+00  0.000000000000000e+00  0.000000000000000e+00	0.000000000000000e+00 0.000000000000000e+00 1.000000000000000e+00	-0.000000000000000e+00 -0.000000000000000e+00 -1.159425144917371e+02	1	0	0.000000000000000e+00	0.000000000000000e+00	0.000000000000000e+00	1.891269072903177e+06
7	-5.000000000000000e-01 -8.660254037844386e-01  0.000000000000000e+00	0.000000000000000e+00 0.000000000000000e+00 1.000000000000000e+00	-0.000000000000000e+00 -0.000000000000000e+00 -1.894272067752324e+02	1	0	0.000000000000000e+00	0.000000000000000e+00	0.000000000000000e+00	1.360815590541740e+06
9	-5.000000000000000e-01 -8.660254037844386e-01  0.000000000000000e+00	 8.660254037844385e-01 -5.000000000000000e-01  0.000000000000000e+00	-1.215000000000000e+02  7.014805770653952e+01 -0.000000000000000e+00	1	0	0.000000000000000e+00	0.000000000000000e+00	0.000000000000000e+00	2.460873546126470e+06
10	-5.000000000000000e-01  8.660254037844386e-01  0.000000000000000e+00	8.660254037844385e-01 5.000000000000000e-01 0.000000000000000e+00	-1.409999999999999e+02 -8.140638795573722e+01 -0.000000000000000e+00	1	0	0.000000000000000e+00	0.000000000000000e+00	0.000000000000000e+00	2.361805008956504e+03
12	1.000000000000000e+00 0.000000000000000e+00 0.000000000000000e+00	 0.000000000000000e+00 -1.000000000000000e+00  0.000000000000000e+00	0.000000000000000e+00 2.381569860407206e+02 0.000000000000000e+00	1	0	0.000000000000000e+00	0.000000000000000e+00	0.000000000000000e+00	2.250000000000000e+06
13	 5.000000000000000e-01 -8.660254037844386e-01  0.000000000000000e+00	0.000000000000000e+00 0.000000000000000e+00 1.000000000000000e+00	0.000000000000000e+00 0.000000000000000e+00 1.518683640525570e+02	1	0	0.000000000000000e+00	0.000000000000000e+00	0.000000000000000e+00	1.230683163408855e+06
15	5.000000000000000e-01 8.660254037844386e-01 0.000000000000000e+00	 8.660254037844385e-01 -5.000000000000000e-01  0.000000000000000e+00	 5.594999999999998e+02 -3.230274756115955e+02  0.000000000000000e+00	1	0	0.000000000000000e+00	0.000000000000000e+00	0.000000000000000e+00	4.805141434621176e+05
18	-5.000000000000000e-01 -8.660254037844386e-01  0.000000000000000e+00	0.000000000000000e+00 0.000000000000000e+00 1.000000000000000e+00	0.000000000000000e+00 0.000000000000000e+00 1.469693845669907e+01	1	0	0.000000000000000e+00	0.000000000000000e+00	0.000000000000000e+00	3.423631333042618e+05
21	-5.000000000000000e-01 -8.660254037844386e-01  0.000000000000000e+00	0.000000000000000e+00 0.000000000000000e+00 1.000000000000000e+00	0.000000000000000e+00 0.000000000000000e+00 3.592584956081994e+02	1	0	0.000000000000000e+00	0.000000000000000e+00	0.000000000000000e+00	1.353232782214895e+03
22	-5.000000000000000e-01 -8.660254037844386e-01  0.000000000000000e+00	 8.660254037844385e-01 -5.000000000000000e-01  0.000000000000000e+00	 1.027500000000000e+02 -5.932274015923404e+01  0.000000000000000e+00	1	0	0.000000000000000e+00	0.000000000000000e+00	0.000000000000000e+00	1.197259783842325e+06
24	5.000000000000000e-01 8.660254037844386e-01 0.000000000000000e+00	 8.660254037844385e-01 -5.000000000000000e-01  0.000000000000000e+00	 7.694999999999998e+02 -4.442710321414170e+02  0.000000000000000e+00	1	0	0.000000000000000e+00	0.000000000000000e+00	0.000000000000000e+00	2.360373409061753e+05
25	-5.000000000000000e-01  8.660254037844386e-01  0.000000000000000e+00	8.660254037844385e-01 5.000000000000000e-01 0.000000000000000e+00	-8.017499999999998e+02 -4.628905783227824e+02 -0.000000000000000e+00	1	0	0.000000000000000e+00	0.000000000000000e+00	0.000000000000000e+00	1.974568915210525e+05
26	1.000000000000000e+00 0.000000000000000e+00 0.000000000000000e+00	0.000000000000000e+00 0.000000000000000e+00 1.000000000000000e+00	0.000000000000000e+00 0.000000000000000e+00 5.829785587823964e+02	1	0	0.000000000000000e+00	0.000000000000000e+00	0.000000000000000e+00	5.191368259840817e+05
27	 5.000000000000000e-01 -8.660254037844386e-01  0.000000000000000e+00	 0.000000000000000e+00  0.000000000000000e+00 -1.000000000000000e+00	0.000000000000000e+00 0.000000000000000e+00 6.580962442277471e+02	1	0	0.000000000000000e+00	0.000000000000000e+00	0.000000000000000e+00	1.548780275905294e+04
28	1.000000000000000e+00 0.000000000000000e+00 0.000000000000000e+00	0.000000000000000e+00 0.000000000000000e+00 1.000000000000000e+00	0.000000000000000e+00 0.000000000000000e+00 2.286190426597633e+02	1	0	0.000000000000000e+00	0.000000000000000e+00	0.000000000000000e+00	2.652407585098970e+04
29	1.000000000000000e+00 0.000000000000000e+00 0.000000000000000e+00	 0.000000000000000e+00 -1.000000000000000e+00  0.000000000000000e+00	0.000000000000000e+00 5.715767664977295e+01 0.000000000000000e+00	1	0	0.000000000000000e+00	0.000000000000000e+00	0.000000000000000e+00	2.112144366341550e+06
43	5.000000000000000e-01 8.660254037844386e-01 0.000000000000000e+00	 0.000000000000000e+00  0.000000000000000e+00 -1.000000000000000e+00	-0.000000000000000e+00 -0.000000000000000e+00 -1.159425144917371e+02	1	0	0.000000000000000e+00	0.000000000000000e+00	0.000000000000000e+00	2.291724392212683e+03
55	-1.000000000000000e+00  0.000000000000000e+00  0.000000000000000e+00	0.000000000000000e+00 0.000000000000000e+00 1.000000000000000e+00	-0.000000000000000e+00 -0.000000000000000e+00 -4.262112152442729e+02	1	0	0.000000000000000e+00	0.000000000000000e+00	0.000000000000000e+00	5.560494534098420e+04
66	-5.000000000000000e-01 -8.660254037844386e-01  0.000000000000000e+00	0.000000000000000e+00 0.000000000000000e+00 1.000000000000000e+00	0.000000000000000e+00 0.000000000000000e+00 1.077775486824598e+02	1	0	0.000000000000000e+00	0.000000000000000e+00	0.000000000000000e+00	2.081802132217807e+06
76	-1.000000000000000e+00  0.000000000000000e+00  0.000000000000000e+00	0.000000000000000e+00 0.000000000000000e+00 1.000000000000000e+00	0.000000000000000e+00 0.000000000000000e+00 2.286190426597633e+02	1	0	0.000000000000000e+00	0.000000000000000e+00	0.000000000000000e+00	7.071964865169839e+02
106	-1.000000000000000e+00  0.000000000000000e+00  0.000000000000000e+00	 0.000000000000000e+00 -1.000000000000000e+00  0.000000000000000e+00	-0.000000000000000e+00 -5.473280551917652e+02 -0.000000000000000e+00	1	0	0.000000000000000e+00	0.000000000000000e+00	0.000000000000000e+00	7.031888420938227e+03
107	 5.000000000000000e-01 -8.660254037844386e-01  0.000000000000000e+00	0.000000000000000e+00 0.000000000000000e+00 1.000000000000000e+00	0.000000000000000e+00 0.000000000000000e+00 3.804874067123203e+02	1	0	0.000000000000000e+00	0.000000000000000e+00	0.000000000000000e+00	2.156154366347399e+06
108	5.000000000000000e-01 8.660254037844386e-01 0.000000000000000e+00	0.000000000000000e+00 0.000000000000000e+00 1.000000000000000e+00	-0.000000000000000e+00 -0.000000000000000e+00 -4.164132562731402e+02	1	0	0.000000000000000e+00	0.000000000000000e+00	0.000000000000000e+00	1.972652304657000e+06
113	 5.000000000000000e-01 -8.660254037844386e-01  0.000000000000000e+00	0.000000000000000e+00 0.000000000000000e+00 1.000000000000000e+00	-0.000000000000000e+00 -0.000000000000000e+00 -6.793251553318680e+02	1	0	0.000000000000000e+00	0.000000000000000e+00	0.000000000000000e+00	1.249775436147879e+06
208	1.000000000000000e+00 0.000000000000000e+00 0.000000000000000e+00	 0.000000000000000e+00 -1.000000000000000e+00  0.000000000000000e+00	0.000000000000000e+00 3.403479836872843e+02 0.000000000000000e+00	1	0	0.000000000000000e+00	0.000000000000000e+00	0.000000000000000e+00	2.530057195722325e+04
243	 5.000000000000000e-01 -8.660254037844386e-01  0.000000000000000e+00	0.000000000000000e+00 0.000000000000000e+00 1.000000000000000e+00	0.000000000000000e+00 0.000000000000000e+00 3.592584956081994e+02	1	0	0.000000000000000e+00	0.000000000000000e+00	0.000000000000000e+00	0.000000000000000e+00
246	1.000000000000000e+00 0.000000000000000e+00 0.000000000000000e+00	0.000000000000000e+00 0.000000000000000e+00 1.000000000000000e+00	0.000000000000000e+00 0.000000000000000e+00 3.592584956081994e+02	1	0	0.000000000000000e+00	0.000000000000000e+00	0.000000000000000e+00	0.000000000000000e+00
248	1.000000000000000e+00 0.000000000000000e+00 0.000000000000000e+00	0.000000000000000e+00 0.000000000000000e+00 1.000000000000000e+00	0.000000000000000e+00 0.000000000000000e+00 3.592584956081994e+02	1	0	0.000000000000000e+00	0.000000000000000e+00	0.000000000000000e+00	0.000000000000000e+00
297	-1.000000000000000e+00  0.000000000000000e+00  0.000000000000000e+00	0.000000000000000e+00 1.000000000000000e+00 0.000000000000000e+00	0.000000000000000e+00 6.910882722199819e+02 0.000000000000000e+00	1	0	0.000000000000000e+00	0.000000000000000e+00	0.000000000000000e+00	0.000000000000000e+00
319	5.000000000000000e-01 8.660254037844386e-01 0.000000000000000e+00	0.000000000000000e+00 0.000000000000000e+00 1.000000000000000e+00	0.000000000000000e+00 0.000000000000000e+00 3.592584956081994e+02	1	0	0.000000000000000e+00	0.000000000000000e+00	0.000000000000000e+00	1.353232782214895e+03
320	-1.000000000000000e+00  0.000000000000000e+00  0.000000000000000e+00	 0.000000000000000e+00 -1.000000000000000e+00  0.000000000000000e+00	0.000000000000000e+00 6.910882722199819e+02 0.000000000000000e+00	1	0	0.000000000000000e+00	0.000000000000000e+00	0.000000000000000e+00	1.633173783935425e+06
321	-5.000000000000000e-01 -8.660254037844386e-01  0.000000000000000e+00	0.000000000000000e+00 0.000000000000000e+00 1.000000000000000e+00	0.000000000000000e+00 0.000000000000000e+00 3.592584956081994e+02	1	0	0.000000000000000e+00	0.000000000000000e+00	0.000000000000000e+00	5.534340482706914e+05
323	-5.000000000000000e-01 -8.660254037844386e-01  0.000000000000000e+00	 0.000000000000000e+00  0.000000000000000e+00 -1.000000000000000e+00	0.000000000000000e+00 0.000000000000000e+00 1.518683640525570e+02	1	0	0.000000000000000e+00	0.000000000000000e+00	0.000000000000000e+00	3.832055773899737e+01
324	1.000000000000000e+00 0.000000000000000e+00 0.000000000000000e+00	 0.000000000000000e+00  0.000000000000000e+00 -1.000000000000000e+00	0.000000000000000e+00 0.000000000000000e+00 1.518683640525570e+02	1	0	0.000000000000000e+00	0.000000000000000e+00	0.000000000000000e+00	3.832055773899737e+01
325	-1.000000000000000e+00  0.000000000000000e+00  0.000000000000000e+00	 0.000000000000000e+00  0.000000000000000e+00 -1.000000000000000e+00	0.000000000000000e+00 0.000000000000000e+00 1.518683640525570e+02	1	0	0.000000000000000e+00	0.000000000000000e+00	0.000000000000000e+00	3.832055773899737e+01
327	1.000000000000000e+00 0.000000000000000e+00 0.000000000000000e+00	0.000000000000000e+00 0.000000000000000e+00 1.000000000000000e+00	0.000000000000000e+00 0.000000000000000e+00 1.518683640525570e+02	1	0	0.000000000000000e+00	0.000000000000000e+00	0.000000000000000e+00	1.061812250969515e+01
337	 5.000000000000000e-01 -8.660254037844386e-01  0.000000000000000e+00	8.660254037844385e-01 5.000000000000000e-01 0.000000000000000e+00	8.549999999999997e+01 4.936344801571300e+01 0.000000000000000e+00	1	0	0.000000000000000e+00	0.000000000000000e+00	0.000000000000000e+00	2.429623237688211e+05
340	-5.000000000000000e-01 -8.660254037844386e-01  0.000000000000000e+00	0.000000000000000e+00 0.000000000000000e+00 1.000000000000000e+00	0.000000000000000e+00 0.000000000000000e+00 9.471360338761622e+01	1	0	0.000000000000000e+00	0.000000000000000e+00	0.000000000000000e+00	3.995980711409651e+05
2428	-5.000000000000000e-01  8.660254037844386e-01  0.000000000000000e+00	8.660254037844385e-01 5.000000000000000e-01 0.000000000000000e+00	6.397499999999998e+02 3.693598347140630e+02 0.000000000000000e+00	1	0	0.000000000000000e+00	0.000000000000000e+00	0.000000000000000e+00	3.598302737603561e+05
2429	 5.000000000000000e-01 -8.660254037844386e-01  0.000000000000000e+00	 0.000000000000000e+00  0.000000000000000e+00 -1.000000000000000e+00	0.000000000000000e+00 0.000000000000000e+00 2.286190426597633e+02	1	0	0.000000000000000e+00	0.000000000000000e+00	0.000000000000000e+00	2.075807490807973e+04
2432	5.000000000000000e-01 8.660254037844386e-01 0.000000000000000e+00	0.000000000000000e+00 0.000000000000000e+00 1.000000000000000e+00	0.000000000000000e+00 0.000000000000000e+00 2.286190426597633e+02	1	0	0.000000000000000e+00	0.000000000000000e+00	0.000000000000000e+00	1.287613645132770e+03
0	0	1	1
0	246	0	0
0	1	2	1
0	2	681	0
0	112	246	0
0	247	112	0
0	201	143	0
0	143	247	0
0	436	201	0
0	488	436	0
0	535	488	0
0	585	535	0
0	620	585	0
0	681	620	0
1	4	5	1
1	63	4	1
1	5	6	1
1	6	2264	0
1	292	63	0
1	164	113	0
1	113	328	0
1	144	364	0
1	365	144	0
1	505	164	0
1	202	292	0
1	364	202	0
1	328	248	0
1	248	365	0
1	367	249	0
1	249	505	0
1	2939	367	0
1	2264	2939	0
3	10	11	1
3	479	10	0
3	11	12	1
3	12	13	1
3	13	479	0
4	15	16	1
4	104	15	1
4	16	17	1
4	17	655	0
4	101	104	0
4	150	101	1
4	571	116	0
4	116	625	0
4	373	150	0
4	374	151	0
4	151	375	0
4	297	209	0
4	209	374	0
4	332	254	0
4	254	683	0
4	255	333	0
4	375	255	0
4	465	297	0
4	625	332	0
4	333	571	0
4	683	373	0
4	512	465	0
4	589	512	0
4	655	589	0
7	27	28	1
7	301	27	0
7	28	29	1
7	29	30	1
7	30	302	0
7	119	338	0
7	339	119	0
7	155	382	0
7	383	155	0
7	384	156	0
7	156	385	0
7	213	301	0
7	382	213	0
7	302	214	0
7	214	384	0
7	338	260	0
7	260	383	0
7	261	339	0
7	385	261	0
9	36	37	1
9	159	36	1
9	37	38	1
9	38	39	1
9	39	1801	0
9	491	122	0
9	122	507	0
9	521	159	0
9	216	160	0
9	160	497	0
9	455	216	0
9	507	262	0
9	262	521	0
9	263	491	0
9	497	263	0
9	529	455	0
9	616	529	0
9	740	616	0
9	864	740	0
9	1801	864	0
10	41	42	1
10	161	41	1
10	42	162	0
10	123	161	0
10	162	123	0
12	47	48	1
12	50	47	1
12	48	49	1
12	49	50	1
13	52	53	1
13	305	52	0
13	53	54	1
13	54	55	1
13	55	306	0
13	126	342	0
13	343	126	0
13	167	390	0
13	391	167	0
13	392	168	0
13	168	393	0
13	221	305	0
13	390	221	0
13	222	392	0
13	1014	222	0
13	342	268	0
13	268	391	0
13	269	343	0
13	393	269	0
13	306	572	0
13	572	1015	0
13	1015	1014	0
15	59	60	1
15	496	59	0
15	60	61	1
15	61	62	1
15	62	226	0
15	273	128	0
15	128	499	0
15	226	172	0
15	172	273	0
15	615	346	0
15	346	4253	0
15	4253	496	0
15	499	696	0
15	696	615	0
18	71	72	1
18	313	71	0
18	72	73	1
18	73	74	1
18	74	314	0
18	527	131	0
18	131	553	0
18	177	483	0
18	495	177	0
18	231	313	0
18	406	231	0
18	350	278	0
18	278	407	0
18	279	351	0
18	409	279	0
18	314	408	0
18	553	350	0
18	351	527	0
18	483	406	0
18	407	495	0
18	408	409	0
21	352	416	0
21	909	352	0
21	416	444	0
21	444	909	0
22	87	88	1
22	319	87	0
22	88	89	1
22	89	90	1
22	90	531	0
22	137	439	0
22	440	137	0
22	185	441	0
22	442	185	0
22	237	445	0
22	446	237	0
22	447	238	0
22	238	448	0
22	449	286	0
22	286	450	0
22	287	451	0
22	452	287	0
22	445	319	0
22	438	320	0
22	320	447	0
22	439	358	0
22	358	449	0
22	359	440	0
22	451	359	0
22	441	418	0
22	418	446	0
22	419	442	0
22	450	419	0
22	448	420	0
22	420	4246	0
22	531	438	0
22	1886	444	0
22	444	4234	0
22	4249	452	0
22	1759	487	0
22	487	3478	0
22	4234	1759	0
22	4246	1886	0
22	3478	4249	0
24	97	98	1
24	189	97	0
24	98	99	1
24	99	100	1
24	100	190	0
24	139	189	0
24	190	139	0
25	101	102	1
25	104	101	0
25	102	103	1
25	103	104	1
26	105	106	1
26	1081	105	0
26	106	107	1
26	107	242	0
26	141	362	0
26	363	141	0
26	191	426	0
26	427	191	0
26	428	192	0
26	192	429	0
26	241	323	0
26	426	241	0
26	242	428	0
26	362	290	0
26	290	427	0
26	291	363	0
26	429	291	0
26	323	486	0
26	486	582	0
26	582	660	0
26	660	1081	0
27	468	10	0
27	10	479	0
27	484	468	0
27	479	729	0
27	501	484	0
27	503	501	0
27	519	503	0
27	537	519	0
27	545	537	0
27	568	545	0
27	583	568	0
27	600	583	0
27	618	600	0
27	631	618	0
27	664	631	0
27	689	664	0
27	703	689	0
27	710	703	0
27	4250	710	0
27	715	714	0
27	714	4250	0
27	717	715	0
27	720	717	0
27	729	720	0
28	2264	6	0
28	6	4214	0
28	487	3478	0
28	4235	487	0
28	753	2264	0
28	4236	753	0
28	3478	4236	0
28	4214	4235	0
29	10	44	1
29	479	10	0
29	45	13	1
29	13	479	0
29	44	45	1
43	101	104	0
43	560	101	0
43	104	4128	0
43	540	560	0
43	4128	540	0
55	7	8	1
55	204	7	0
55	8	205	1
55	114	250	0
55	251	114	0
55	146	204	0
55	250	146	0
55	205	147	0
55	147	251	0
66	23	24	1
66	378	23	0
66	24	25	1
66	25	26	1
66	26	300	0
66	118	547	0
66	566	118	0
66	153	378	0
66	379	153	0
66	380	154	0
66	154	381	0
66	300	212	0
66	212	380	0
66	258	379	0
66	611	258	0
66	538	259	0
66	259	567	0
66	547	336	0
66	336	611	0
66	337	566	0
66	567	337	0
66	381	538	0
76	292	63	0
76	63	627	0
76	627	292	0
106	615	346	0
106	346	1705	0
106	708	615	0
106	865	708	0
106	1012	865	0
106	1705	1012	0
107	92	93	1
107	187	92	1
107	93	94	1
107	94	95	1
107	95	1002	0
107	424	187	0
107	322	424	0
107	490	322	0
107	595	490	0
107	733	595	0
107	747	733	0
107	771	747	0
107	1002	771	0
108	18	19	1
108	298	18	0
108	19	20	1
108	20	21	1
108	21	22	1
108	22	108	0
108	108	243	0
108	117	334	0
108	335	117	0
108	152	376	0
108	377	152	0
108	430	193	0
108	193	431	0
108	210	298	0
108	376	210	0
108	243	430	0
108	334	256	0
108	256	377	0
108	257	335	0
108	431	257	0
113	67	68	1
113	745	67	0
113	68	277	1
113	130	403	0
113	755	130	0
113	402	229	0
113	229	718	0
113	277	349	0
113	349	4257	0
113	403	402	0
113	718	724	0
113	724	745	0
113	4257	755	0
208	56	57	1
208	307	56	0
208	57	66	1
208	66	828	0
208	127	344	0
208	828	127	0
208	169	394	0
208	395	169	0
208	223	307	0
208	394	223	0
208	344	270	0
208	270	395	0
243	416	352	0
243	352	909	0
243	909	416	0
246	352	416	0
246	909	352	0
246	416	909	0
248	416	352	0
248	352	909	0
248	909	416	0
297	416	352	0
297	352	909	0
297	909	416	0
319	416	444	0
319	909	416	0
319	444	909	0
320	75	76	1
320	776	75	0
320	76	77	1
320	77	78	1
320	78	4224	0
320	108	194	0
320	432	108	0
320	132	179	0
320	746	132	0
320	133	306	0
320	630	133	0
320	179	523	0
320	194	4256	0
320	1396	195	0
320	195	4213	0
320	315	233	0
320	233	1003	0
320	572	281	0
320	281	602	0
320	306	572	0
320	530	315	0
320	352	1000	0
320	1003	352	0
320	4225	432	0
320	602	433	0
320	433	1396	0
320	523	598	0
320	610	530	0
320	598	639	0
320	688	610	0
320	712	630	0
320	639	722	0
320	737	688	0
320	1000	712	0
320	722	776	0
320	4224	737	0
320	4256	746	0
320	4213	4225	0
321	83	84	1
321	453	83	0
321	84	85	1
321	85	444	1
321	136	460	0
321	1886	136	0
321	183	646	0
321	647	183	0
321	235	459	0
321	471	235	0
321	356	284	0
321	284	707	0
321	317	453	0
321	459	317	0
321	460	356	0
321	414	471	0
321	646	414	0
321	415	647	0
321	707	415	0
321	444	1886	0
323	572	306	0
323	306	1015	0
323	1015	572	0
324	572	306	0
324	306	1015	0
324	1015	572	0
325	572	306	0
325	306	1015	0
325	1015	572	0
327	1015	572	0
327	572	1020	0
327	1020	1015	0
337	63	65	1
337	292	63	0
337	65	66	1
337	66	805	0
337	174	401	0
337	728	174	0
337	228	400	0
337	4252	228	0
337	274	292	0
337	4220	274	0
337	349	277	0
337	277	4252	0
337	615	346	0
337	346	4210	0
337	4254	349	0
337	400	728	0
337	401	615	0
337	805	4254	0
337	4210	4220	0
340	80	34	1
340	34	434	0
340	79	80	1
340	494	79	0
340	134	354	0
340	355	134	0
340	181	412	0
340	413	181	0
340	198	388	0
340	434	198	0
340	234	316	0
340	412	234	0
340	354	282	0
340	282	413	0
340	283	355	0
340	388	283	0
340	316	494	0
2428	6	32	1
2428	2264	6	0
2428	32	33	1
2428	33	34	1
2428	34	4247	0
2428	4247	1011	0
2428	1011	4255	0
2428	2827	2264	0
2428	4255	2827	0
2429	3478	487	0
2429	487	4237	0
2429	4236	3478	0
2429	4240	4236	0
2429	4237	4240	0
2432	4236	3478	0
2432	3478	4245	0
2432	4244	4236	0
2432	4245	4244	0
