452
44
519
0	 7.500000000000000e+02  1.732050807600000e+00 -5.827266479561000e+02	 1.093000000000000e-07 -1.893000000000000e-07 -3.627400000000000e-06	1.000000000000000e+00	0	1	0
1	 7.500000000000000e+02  1.732050807600000e+00 -7.500000000000000e+02	0.000000000000000e+00 0.000000000000000e+00 0.000000000000000e+00	1.000000000000000e+00	0	1	1
2	 3.179872981078000e+02  7.500000000000000e+02 -7.500000000000000e+02	-2.630105710000000e-02  4.555476710000000e-02  0.000000000000000e+00	1.000000000000000e+00	0	1	2
4	 7.500000000000000e+02 -7.500000000000000e+02  2.286190426598000e+02	0.000000000000000e+00 0.000000000000000e+00 0.000000000000000e+00	1.000000000000000e+00	8168	1	4
5	7.500000000000000e+02 7.500000000000000e+02 2.286190426598000e+02	0.000000000000000e+00 0.000000000000000e+00 0.000000000000000e+00	1.000000000000000e+00	8168	1	5
6	4.199872981078000e+02 7.500000000000000e+02 2.286190426598000e+02	0.000000000000000e+00 0.000000000000000e+00 0.000000000000000e+00	7.500000000000000e-01	8168	1	6
7	 7.500000000000000e+02  6.209816674367000e+02 -4.262112152443000e+02	5.200000000000000e-08 3.664000000000000e-07 0.000000000000000e+00	1.000000000000000e+00	646	1	7
8	 7.500000000000000e+02  7.500000000000000e+02 -4.262112152443000e+02	0.000000000000000e+00 0.000000000000000e+00 0.000000000000000e+00	1.000000000000000e+00	646	1	8
10	-7.500000000000000e+02  5.715767664980000e+01  6.580962442277000e+02	0.000000000000000e+00 0.000000000000000e+00 0.000000000000000e+00	1.000000000000000e+00	1105	1	10
11	-7.500000000000000e+02 -7.500000000000000e+02  6.580962442277000e+02	0.000000000000000e+00 0.000000000000000e+00 0.000000000000000e+00	1.000000000000000e+00	1105	1	11
12	 7.500000000000000e+02 -7.500000000000000e+02  6.580962442277000e+02	0.000000000000000e+00 0.000000000000000e+00 0.000000000000000e+00	1.000000000000000e+00	1105	1	12
13	7.500000000000000e+02 5.715767664980000e+01 6.580962442277000e+02	0.000000000000000e+00 0.000000000000000e+00 0.000000000000000e+00	4.218750000000000e-01	1105	1	13
15	 7.500000000000000e+02 -7.500000000000000e+02 -1.159425144917000e+02	0.000000000000000e+00 0.000000000000000e+00 0.000000000000000e+00	1.000000000000000e+00	661	1	15
16	 7.500000000000000e+02  7.500000000000000e+02 -1.159425144917000e+02	0.000000000000000e+00 0.000000000000000e+00 0.000000000000000e+00	1.000000000000000e+00	661	1	16
17	 2.601996065341000e+02  7.500000000000000e+02 -1.159425144917000e+02	 1.118260000000000e-05 -2.424610000000000e-05  0.000000000000000e+00	1.000000000000000e+00	661	1	17
18	-7.500000000000000e+02 -9.531746019040000e+01 -4.164132562731000e+02	 8.148000000000000e-07 -6.759000000000001e-07  0.000000000000000e+00	1.000000000000000e+00	8168	1	18
19	-7.500000000000000e+02 -7.500000000000000e+02 -4.164132562731000e+02	0.000000000000000e+00 0.000000000000000e+00 0.000000000000000e+00	1.000000000000000e+00	8168	1	19
20	 7.500000000000000e+02 -7.500000000000000e+02 -4.164132562731000e+02	0.000000000000000e+00 0.000000000000000e+00 0.000000000000000e+00	1.000000000000000e+00	8168	1	20
21	 7.500000000000000e+02  7.500000000000000e+02 -4.164132562731000e+02	0.000000000000000e+00 0.000000000000000e+00 0.000000000000000e+00	1.000000000000000e+00	8168	1	21
22	-2.049564278322000e+02  7.500000000000000e+02 -4.164132562731000e+02	 7.326303167724609e-06 -1.137182601928711e-07  0.000000000000000e+00	1.001129150390625e-01	8168	1	22
23	-7.098840015383000e+02 -7.500000000000000e+02  1.077775486825000e+02	-8.649130000000000e-05  2.103040000000000e-05  0.000000000000000e+00	1.000000000000000e+00	23	1	23
24	 7.500000000000000e+02 -7.500000000000000e+02  1.077775486825000e+02	0.000000000000000e+00 0.000000000000000e+00 0.000000000000000e+00	1.000000000000000e+00	23	1	24
25	7.500000000000000e+02 7.500000000000000e+02 1.077775486825000e+02	0.000000000000000e+00 0.000000000000000e+00 0.000000000000000e+00	1.000000000000000e+00	23	1	25
26	-6.094650526696000e+02  7.500000000000000e+02  1.077775486825000e+02	 4.352500000000000e-06 -6.795000000000000e-07  0.000000000000000e+00	1.000000000000000e+00	23	1	26
27	-7.364072084735001e+02 -7.500000000000000e+02 -1.894272067752000e+02	 3.167000000000000e-07 -2.433000000000000e-07  0.000000000000000e+00	1.000000000000000e+00	27	1	27
28	 7.500000000000000e+02 -7.500000000000000e+02 -1.894272067752000e+02	0.000000000000000e+00 0.000000000000000e+00 0.000000000000000e+00	1.000000000000000e+00	27	1	28
29	 7.500000000000000e+02  7.500000000000000e+02 -1.894272067752000e+02	0.000000000000000e+00 0.000000000000000e+00 0.000000000000000e+00	1.000000000000000e+00	27	1	29
30	 4.222979170828000e+02  7.500000000000000e+02 -1.894272067752000e+02	-1.899000000000000e-07  1.466000000000000e-07  0.000000000000000e+00	1.000000000000000e+00	27	1	30
32	4.199872981078000e+02 7.500000000000000e+02 7.500000000000000e+02	0.000000000000000e+00 0.000000000000000e+00 0.000000000000000e+00	1.000000000000000e+00	8168	1	32
33	7.500000000000000e+02 1.784012331796000e+02 7.500000000000000e+02	0.000000000000000e+00 0.000000000000000e+00 0.000000000000000e+00	1.000000000000000e+00	8168	1	33
34	7.500000000000000e+02 1.784012331796000e+02 9.471360338760000e+01	 0.000000000000000e+00 -0.000000000000000e+00  0.000000000000000e+00	7.500000000000000e-01	8168	1	34
36	-5.950127018922000e+02 -7.500000000000000e+02 -7.500000000000000e+02	0.000000000000000e+00 0.000000000000000e+00 0.000000000000000e+00	1.000000000000000e+00	491	1	36
37	 2.710127018922000e+02  7.500000000000000e+02 -7.500000000000000e+02	0.000000000000000e+00 0.000000000000000e+00 0.000000000000000e+00	1.000000000000000e+00	491	1	37
38	2.710127018922000e+02 7.500000000000000e+02 7.500000000000000e+02	0.000000000000000e+00 0.000000000000000e+00 0.000000000000000e+00	1.000000000000000e+00	491	1	38
39	-2.091196222413000e+02 -8.161357975530001e+01  7.500000000000000e+02	 6.885400000000000e-06  1.192590000000000e-05 -6.402410000000000e-05	1.000000000000000e+00	491	1	39
41	 2.450127018922000e+02 -7.500000000000000e+02  7.500000000000000e+02	0.000000000000000e+00 0.000000000000000e+00 0.000000000000000e+00	1.000000000000000e+00	729	1	41
42	 2.450127018922000e+02 -7.500000000000000e+02  7.354685674669000e+02	 2.500000000000000e-09 -4.400000000000001e-09  1.302000000000000e-07	1.000000000000000e+00	729	1	42
44	-7.500000000000000e+02  5.715767664980000e+01 -7.500000000000000e+02	0.000000000000000e+00 0.000000000000000e+00 0.000000000000000e+00	1.000000000000000e+00	1105	1	44
45	 7.500000000000000e+02  5.715767664980000e+01 -7.500000000000000e+02	0.000000000000000e+00 0.000000000000000e+00 0.000000000000000e+00	1.000000000000000e+00	1105	1	45
47	-7.500000000000000e+02  2.381569860407000e+02  7.500000000000000e+02	0.000000000000000e+00 0.000000000000000e+00 0.000000000000000e+00	1.000000000000000e+00	1074	1	47
48	-7.500000000000000e+02  2.381569860407000e+02 -7.500000000000000e+02	0.000000000000000e+00 0.000000000000000e+00 0.000000000000000e+00	1.000000000000000e+00	1074	1	48
49	 7.500000000000000e+02  2.381569860407000e+02 -7.500000000000000e+02	0.000000000000000e+00 0.000000000000000e+00 0.000000000000000e+00	1.000000000000000e+00	1074	1	49
50	7.500000000000000e+02 2.381569860407000e+02 7.500000000000000e+02	0.000000000000000e+00 0.000000000000000e+00 0.000000000000000e+00	1.000000000000000e+00	1074	1	50
52	 2.615662750468000e+02 -7.500000000000000e+02  1.518683640526000e+02	3.622000000000000e-07 1.834000000000000e-07 0.000000000000000e+00	1.000000000000000e+00	8168	1	52
53	 7.500000000000000e+02 -7.500000000000000e+02  1.518683640526000e+02	0.000000000000000e+00 0.000000000000000e+00 0.000000000000000e+00	1.000000000000000e+00	8168	1	53
54	7.500000000000000e+02 7.500000000000000e+02 1.518683640526000e+02	0.000000000000000e+00 0.000000000000000e+00 0.000000000000000e+00	1.000000000000000e+00	8168	1	54
55	-3.663349825777000e+02  7.500000000000000e+02  1.518683640526000e+02	-1.872013623046875e-06 -4.654316162109375e-07  0.000000000000000e+00	1.779785156250000e-01	8168	1	55
56	-7.500000000000000e+02  3.403479836873000e+02 -6.871459844921001e+02	-5.880000000000000e-08  0.000000000000000e+00 -1.928200000000000e-06	1.000000000000000e+00	8168	1	56
57	-7.500000000000000e+02  3.403479836873000e+02 -7.500000000000000e+02	0.000000000000000e+00 0.000000000000000e+00 0.000000000000000e+00	1.000000000000000e+00	8168	1	57
59	 3.129872981078000e+02 -7.500000000000000e+02  2.251260045940000e+01	2.264200000000000e-06 3.921700000000000e-06 6.186910000000001e-05	1.000000000000000e+00	8168	1	59
60	 3.129872981078000e+02 -7.500000000000000e+02 -7.500000000000000e+02	0.000000000000000e+00 0.000000000000000e+00 0.000000000000000e+00	1.000000000000000e+00	8168	1	60
61	 7.500000000000000e+02  6.928203230300000e+00 -7.500000000000000e+02	0.000000000000000e+00 0.000000000000000e+00 0.000000000000000e+00	1.000000000000000e+00	8168	1	61
62	 7.500000000000000e+02  6.928203230300000e+00 -2.778139662275000e+02	6.380000000000000e-08 1.105000000000000e-07 1.058770000000000e-05	1.000000000000000e+00	8168	1	62
63	 5.470127018922000e+02 -7.500000000000000e+02  2.286190426598000e+02	-0.000000000000000e+00 -0.000000000000000e+00  0.000000000000000e+00	1.000000000000000e+00	8168	1	63
65	 5.470127018922000e+02 -7.500000000000000e+02 -7.500000000000000e+02	0.000000000000000e+00 0.000000000000000e+00 0.000000000000000e+00	1.000000000000000e+00	8168	1	65
66	-8.250000000000000e+01  3.403479836873000e+02 -7.500000000000000e+02	0.000000000000000e+00 0.000000000000000e+00 0.000000000000000e+00	7.500000000000000e-01	8168	1	66
67	-7.500000000000000e+02  7.500000000000000e+02 -6.793251553319001e+02	0.000000000000000e+00 0.000000000000000e+00 0.000000000000000e+00	1.000000000000000e+00	8168	1	67
68	-7.500000000000000e+02 -7.500000000000000e+02 -6.793251553319001e+02	0.000000000000000e+00 0.000000000000000e+00 0.000000000000000e+00	1.000000000000000e+00	8168	1	68
71	 4.461097585563000e+02 -7.500000000000000e+02  1.469693845670000e+01	-4.526000000000000e-06  1.157300000000000e-06  0.000000000000000e+00	1.000000000000000e+00	5009	1	71
72	 7.500000000000000e+02 -7.500000000000000e+02  1.469693845670000e+01	0.000000000000000e+00 0.000000000000000e+00 0.000000000000000e+00	1.000000000000000e+00	5009	1	72
73	7.500000000000000e+02 7.500000000000000e+02 1.469693845670000e+01	0.000000000000000e+00 0.000000000000000e+00 0.000000000000000e+00	1.000000000000000e+00	5009	1	73
74	6.225698382082001e+02 7.500000000000000e+02 1.469693845670000e+01	 2.776300000000000e-06 -8.732000000000001e-07  0.000000000000000e+00	1.000000000000000e+00	5009	1	74
75	 3.131437150608000e+02  6.910882722200000e+02 -7.500000000000000e+02	2.143000000000000e-07 0.000000000000000e+00 6.210000000000001e-07	1.000000000000000e+00	8168	1	75
76	 7.500000000000000e+02  6.910882722200000e+02 -7.500000000000000e+02	0.000000000000000e+00 0.000000000000000e+00 0.000000000000000e+00	1.000000000000000e+00	8168	1	76
77	7.500000000000000e+02 6.910882722200000e+02 7.500000000000000e+02	0.000000000000000e+00 0.000000000000000e+00 0.000000000000000e+00	1.000000000000000e+00	8168	1	77
78	-7.500000000000000e+02  6.910882722200000e+02  7.500000000000000e+02	-7.562876210000000e-02  0.000000000000000e+00  0.000000000000000e+00	1.000000000000000e+00	8168	1	78
79	-5.296708894360000e+01 -7.500000000000000e+02  9.471360338760000e+01	 3.049100000000000e-06 -2.978000000000000e-06  0.000000000000000e+00	1.000000000000000e+00	8168	1	79
80	 7.500000000000000e+02 -7.500000000000000e+02  9.471360338760000e+01	0.000000000000000e+00 0.000000000000000e+00 0.000000000000000e+00	1.000000000000000e+00	8168	1	80
83	 3.207302380710000e+02 -7.500000000000000e+02  3.592584956082000e+02	-1.932300000000000e-06  3.844000000000000e-07  0.000000000000000e+00	1.000000000000000e+00	8168	1	83
84	 7.500000000000000e+02 -7.500000000000000e+02  3.592584956082000e+02	0.000000000000000e+00 0.000000000000000e+00 0.000000000000000e+00	1.000000000000000e+00	8168	1	84
85	7.500000000000000e+02 7.500000000000000e+02 3.592584956082000e+02	0.000000000000000e+00 0.000000000000000e+00 0.000000000000000e+00	1.000000000000000e+00	8168	1	85
87	-2.960127018922000e+02 -7.500000000000000e+02 -4.865408039531000e+02	-1.210000000000000e-08 -2.090000000000000e-08  2.443000000000000e-07	1.000000000000000e+00	8168	1	87
88	-2.960127018922000e+02 -7.500000000000000e+02 -7.500000000000000e+02	0.000000000000000e+00 0.000000000000000e+00 0.000000000000000e+00	1.000000000000000e+00	8168	1	88
89	 5.700127018922000e+02  7.500000000000000e+02 -7.500000000000000e+02	0.000000000000000e+00 0.000000000000000e+00 0.000000000000000e+00	1.000000000000000e+00	8168	1	89
90	5.700127018922000e+02 7.500000000000000e+02 5.276932867772000e+02	 2.152500000000000e-08  3.720000000000000e-08 -3.749250000000000e-07	7.500000000000000e-01	8168	1	90
92	-7.500000000000000e+02  7.500000000000000e+02  3.804874067123000e+02	0.000000000000000e+00 0.000000000000000e+00 0.000000000000000e+00	1.000000000000000e+00	8006	1	92
93	-7.500000000000000e+02 -7.500000000000000e+02  3.804874067123000e+02	0.000000000000000e+00 0.000000000000000e+00 0.000000000000000e+00	1.000000000000000e+00	8006	1	93
94	 7.500000000000000e+02 -7.500000000000000e+02  3.804874067123000e+02	0.000000000000000e+00 0.000000000000000e+00 0.000000000000000e+00	1.000000000000000e+00	8006	1	94
95	7.500000000000000e+02 2.906202141935000e+02 3.804874067123000e+02	-1.237610000000000e-05 -1.207750000000000e-05  0.000000000000000e+00	1.000000000000000e+00	8006	1	95
97	 5.929872981078000e+02 -7.500000000000000e+02 -1.599294735530000e+01	 3.400000000000000e-09  5.900000000000000e-09 -7.710000000000001e-08	1.000000000000000e+00	97	1	97
98	 5.929872981078000e+02 -7.500000000000000e+02 -7.500000000000000e+02	0.000000000000000e+00 0.000000000000000e+00 0.000000000000000e+00	1.000000000000000e+00	97	1	98
99	 7.500000000000000e+02 -4.780460228890000e+02 -7.500000000000000e+02	0.000000000000000e+00 0.000000000000000e+00 0.000000000000000e+00	1.000000000000000e+00	97	1	99
100	 7.500000000000000e+02 -4.780460228890000e+02  1.889534869570000e+01	 7.470000000000000e-08  1.293000000000000e-07 -1.509200000000000e-06	1.000000000000000e+00	97	1	100
101	-7.500000000000000e+02 -5.525242076145000e+02 -1.159425144917000e+02	-0.000000000000000e+00 -0.000000000000000e+00  0.000000000000000e+00	1.779785156250000e-01	661	1	101
102	-7.500000000000000e+02 -5.525242076145000e+02  7.500000000000000e+02	0.000000000000000e+00 0.000000000000000e+00 0.000000000000000e+00	1.000000000000000e+00	661	1	102
103	-6.359872981078000e+02 -7.500000000000000e+02  7.500000000000000e+02	0.000000000000000e+00 0.000000000000000e+00 0.000000000000000e+00	1.000000000000000e+00	661	1	103
104	-6.359872981078000e+02 -7.500000000000000e+02 -1.159425144917000e+02	0.000000000000000e+00 0.000000000000000e+00 0.000000000000000e+00	7.500000000000000e-01	661	1	104
105	-6.364745021162000e+02 -7.500000000000000e+02  5.829785587824000e+02	-3.421600000000000e-06  1.032570000000000e-05  0.000000000000000e+00	1.000000000000000e+00	8190	1	105
106	 7.500000000000000e+02 -7.500000000000000e+02  5.829785587824000e+02	0.000000000000000e+00 0.000000000000000e+00 0.000000000000000e+00	1.000000000000000e+00	8190	1	106
107	7.500000000000000e+02 1.638480929980000e+01 5.829785587824000e+02	 5.635310000000000e-05 -9.187640000000000e-05  0.000000000000000e+00	1.000000000000000e+00	8190	1	107
108	-2.058708876885000e+02  6.910882722200000e+02 -4.164132562731000e+02	6.265837092590332e-06 0.000000000000000e+00 0.000000000000000e+00	1.001129150390625e-01	8168	0	108
112	 6.716153518477000e+02  1.374982439408000e+02 -5.941852525957000e+02	 1.466000000000000e-07 -2.539000000000000e-07 -3.273300000000000e-06	1.000000000000000e+00	0	0	112
113	 5.089216334651000e+02 -5.591211685100000e+00  2.286190426598000e+02	-9.458100000000000e-06  1.400800000000000e-06  0.000000000000000e+00	1.000000000000000e+00	8168	0	113
114	 2.990288841385000e+02  6.853721160865000e+02 -4.262112152443000e+02	-5.700000000000001e-09 -3.800000000000000e-08  0.000000000000000e+00	1.000000000000000e+00	646	0	114
116	-6.365993077708000e+02  2.198391765327000e+02 -1.159425144917000e+02	-6.898540000000001e-05  1.164339000000000e-04  0.000000000000000e+00	1.000000000000000e+00	661	0	116
117	-4.255308276618000e+02  2.977692322743000e+02 -4.164132562731000e+02	 4.245000000000000e-07 -3.484000000000000e-07  0.000000000000000e+00	1.000000000000000e+00	8168	0	117
118	-6.702596839668000e+02 -1.587902330699000e+02  1.077775486825000e+02	-4.589160000000000e-05  1.377600000000000e-06  0.000000000000000e+00	1.000000000000000e+00	23	0	118
119	-1.573255300726000e+02  1.706678769000000e-01 -1.894272067752000e+02	-3.231000000000000e-07  2.499000000000000e-07  0.000000000000000e+00	1.000000000000000e+00	27	0	119
122	-5.468367549065000e+02 -6.665568121180000e+02  3.745514912353000e+02	-5.150000000000000e-08 -8.920000000000000e-08 -7.771000000000001e-06	1.000000000000000e+00	491	0	122
123	 1.456014005521000e+02 -5.778145752324000e+02  7.444004192633000e+02	 4.100000000000000e-09 -7.200000000000000e-09  1.570000000000000e-07	1.000000000000000e+00	729	0	123
126	-7.304790806160000e+01 -2.634457030000000e-02  1.518683640526000e+02	-8.490000000000000e-08 -3.690000000000000e-08  0.000000000000000e+00	1.000000000000000e+00	8168	0	126
127	-2.078965139274000e+02  3.403479836873000e+02 -7.341039090199000e+02	1.481000000000000e-07 0.000000000000000e+00 1.263000000000000e-07	1.000000000000000e+00	8168	0	127
128	 5.325712830191001e+02 -3.696693816052000e+02 -2.697773493371000e+02	8.390000000000000e-08 1.454000000000000e-07 6.161900000000000e-06	1.000000000000000e+00	8168	0	128
130	-3.318777386746000e+02  5.853354112481001e+02 -6.793251553319001e+02	1.160210000000000e-05 2.084680000000000e-05 0.000000000000000e+00	1.000000000000000e+00	8168	0	130
131	5.567158292246000e+02 1.495730457002000e+02 1.469693845670000e+01	 4.893560000000000e-05 -4.194000000000000e-07  0.000000000000000e+00	1.000000000000000e+00	5009	0	131
132	-4.338083203340000e+01  6.910882722200000e+02 -5.580246990232000e+02	1.161890000000000e-05 0.000000000000000e+00 1.744000000000000e-07	1.000000000000000e+00	8168	0	132
133	-3.452813095922000e+02  6.910882722200000e+02  1.560435336060000e+02	-1.098388847351074e-06  0.000000000000000e+00 -2.445758514404297e-08	1.001129150390625e-01	8168	0	133
134	 3.699519117716000e+02 -1.694551340460000e+02  9.471360338760000e+01	 2.869400000000000e-06 -2.161700000000000e-06  0.000000000000000e+00	1.000000000000000e+00	8168	0	134
136	4.015092106651000e+02 2.348423482508000e+02 3.592584956082000e+02	 6.005650000000000e-05 -7.116000000000000e-07  0.000000000000000e+00	1.000000000000000e+00	8168	0	136
137	 1.552580243660000e+02  3.162382584780000e+01 -6.756419524170001e+01	-1.601670000000000e-05 -2.774180000000000e-05  2.358530000000000e-05	1.000000000000000e+00	8168	0	137
139	 6.777529181975000e+02 -6.031816392695000e+02  2.502382780400000e+00	 1.200000000000000e-07  2.078000000000000e-07 -1.912800000000000e-06	1.000000000000000e+00	97	0	139
141	 2.437769932300000e+02 -2.680779945364000e+02  5.829785587824000e+02	 7.710900000000001e-06 -1.414810000000000e-05  0.000000000000000e+00	1.000000000000000e+00	8190	0	141
143	 5.702090955758000e+02  3.131390320091000e+02 -6.190373954058000e+02	 1.873000000000000e-07 -3.244000000000000e-07 -2.507400000000000e-06	1.000000000000000e+00	0	0	143
144	 4.657335957879000e+02 -3.752220581064000e+02  2.286190426598000e+02	-3.271390000000000e-05  3.373300000000000e-06  0.000000000000000e+00	1.000000000000000e+00	8168	0	144
146	 5.245264633453000e+02  6.531128729236000e+02 -4.262112152443000e+02	1.300000000000000e-08 9.130000000000000e-08 0.000000000000000e+00	1.000000000000000e+00	646	0	146
147	 7.258883957200000e+01  7.229844924332000e+02 -4.262112152443000e+02	1.945000000000000e-07 7.739000000000000e-07 0.000000000000000e+00	1.000000000000000e+00	646	0	147
150	-7.500000000000000e+02  1.745130632099000e+02 -1.159425144917000e+02	-6.078480000000000e-05  1.847525000000000e-04  0.000000000000000e+00	1.000000000000000e+00	661	1	150
151	-2.465499364055000e+02  4.653269264236000e+02 -1.159425144917000e+02	-2.984670000000000e-05  4.695940000000000e-05  0.000000000000000e+00	1.000000000000000e+00	661	0	151
152	-5.875904852940000e+02  1.013238748677000e+02 -4.164132562731000e+02	 3.773000000000000e-07 -3.113000000000000e-07  0.000000000000000e+00	1.000000000000000e+00	8168	0	152
153	-6.808040024167000e+02 -6.132099777432001e+02  1.077775486825000e+02	-8.588340000000001e-05  7.683800000000001e-06  0.000000000000000e+00	1.000000000000000e+00	23	0	153
154	-6.506637487127000e+02  3.327191885239000e+02  1.077775486825000e+02	-1.959180000000000e-05  1.128200000000000e-06  0.000000000000000e+00	1.000000000000000e+00	23	0	154
155	-4.470745227544000e+02 -3.748409259859000e+02 -1.894272067752000e+02	-2.568000000000000e-07  1.982000000000000e-07  0.000000000000000e+00	1.000000000000000e+00	27	0	155
156	 1.325583280681000e+02  3.750777678621000e+02 -1.894272067752000e+02	-1.533000000000000e-07  1.185000000000000e-07  0.000000000000000e+00	1.000000000000000e+00	27	0	156
159	-5.950127018922000e+02 -7.500000000000000e+02  2.326742198904000e+02	-3.270965625000000e-06 -5.665485937500001e-06  1.179182812500000e-06	4.218750000000000e-01	491	1	159
160	-4.465657862532000e+02 -4.928823998863000e+02  5.351302460661000e+02	 3.409400000000000e-06  5.905300000000000e-06 -9.332300000000000e-06	1.000000000000000e+00	491	0	160
161	 9.393222000860000e+01 -4.883209293456000e+02  7.500000000000000e+02	 4.300000000000000e-09 -7.500000000000001e-09  1.601000000000000e-07	1.000000000000000e+00	729	1	161
162	 1.965565481920000e+02 -6.660714798519000e+02  7.392413607027000e+02	 3.000000000000000e-09 -5.200000000000000e-09  1.320000000000000e-07	1.000000000000000e+00	729	0	162
164	5.194617555470001e+02 5.495188146620000e+01 2.286190426598000e+02	-5.630600000000000e-06  9.840000000000000e-07  0.000000000000000e+00	1.000000000000000e+00	8168	0	164
167	 9.010673570120001e+01 -3.751122245665000e+02  1.518683640526000e+02	-2.964000000000000e-07 -1.291000000000000e-07  0.000000000000000e+00	1.000000000000000e+00	8168	0	167
168	-2.362005692600000e+02  3.750196908182000e+02  1.518683640526000e+02	9.980000000000001e-08 4.360000000000000e-08 0.000000000000000e+00	1.000000000000000e+00	8168	0	168
169	-4.953839476696000e+02  3.403479836873000e+02 -7.011789759122000e+02	-5.590000000000000e-08  0.000000000000000e+00 -6.657000000000000e-07	1.000000000000000e+00	8168	0	169
172	 6.453456762318000e+02 -1.743384027680000e+02 -2.748642835722000e+02	8.180000000000000e-08 1.417000000000000e-07 9.197300000000001e-06	1.000000000000000e+00	8168	0	172
174	 4.482330699943000e+02 -5.789086587999000e+02 -2.950279110194000e+02	-4.640475000000000e-06  8.037525000000001e-06  3.519450000000000e-05	7.500000000000000e-01	8168	0	174
177	 5.219575332840000e+02 -3.063677571746000e+02  1.469693845670000e+01	 1.833410000000000e-05 -2.398900000000000e-06  0.000000000000000e+00	1.000000000000000e+00	5009	0	177
179	 7.574630659100000e+00  6.910882722200000e+02 -6.001651782023000e+02	2.936700000000000e-06 0.000000000000000e+00 6.681300000000000e-06	1.000000000000000e+00	8168	0	179
181	 2.146396026794000e+02 -4.510297281304000e+02  9.471360338760000e+01	 1.532000000000000e-07 -7.640000000000001e-08  0.000000000000000e+00	1.000000000000000e+00	8168	0	181
183	 3.731948738510000e+02 -2.777410422004000e+02  3.592584956082000e+02	 3.014450000000000e-05 -1.959300000000000e-06  0.000000000000000e+00	1.000000000000000e+00	8168	0	183
185	-8.197757531940000e+01 -3.792802861715000e+02 -3.844981432651000e+02	 8.248000000000000e-07  1.428600000000000e-06 -4.443600000000000e-06	1.000000000000000e+00	8168	0	185
187	4.253730729644000e+02 7.500000000000000e+02 3.804874067123000e+02	6.290000000000000e-08 1.960000000000000e-08 0.000000000000000e+00	1.000000000000000e+00	8006	1	187
189	 6.312907556679000e+02 -6.836564654004001e+02 -9.185613808999999e+00	 1.087000000000000e-07  1.882000000000000e-07 -1.748900000000000e-06	1.000000000000000e+00	97	0	189
190	 7.227053071189000e+02 -5.253218177361000e+02  1.349491764640000e+01	 1.018000000000000e-07  1.763000000000000e-07 -1.687300000000000e-06	1.000000000000000e+00	97	0	190
191	-8.755313378270000e+01 -4.521826883212000e+02  5.829785587824000e+02	-3.122500000000000e-06  5.346800000000000e-06  0.000000000000000e+00	1.000000000000000e+00	8190	0	191
192	 5.781511290061001e+02 -9.179769014290001e+01  5.829785587824000e+02	 1.985220000000000e-05 -3.172980000000000e-05  0.000000000000000e+00	1.000000000000000e+00	8190	0	192
193	-2.663164127979000e+02  4.956443088250000e+02 -4.164132562731000e+02	-5.511375000000001e-07  3.102187500000000e-07  0.000000000000000e+00	5.625000000000000e-01	8168	0	193
194	-1.970411223433000e+02  6.910882722200000e+02 -4.177109620288000e+02	-2.305511808000505e-06  0.000000000000000e+00 -3.013927288028598e-06	2.375726401805878e-02	8168	0	194
195	-4.220773022144000e+02  6.910882722200000e+02 -1.017857179543000e+02	-4.190590000000000e-05  0.000000000000000e+00  1.218303000000000e-04	1.000000000000000e+00	8168	0	195
198	6.016194158262000e+02 5.458673426000000e+01 9.471360338760000e+01	 4.054700000000000e-06 -4.756600000000000e-06  0.000000000000000e+00	1.000000000000000e+00	8168	0	198
201	 5.169853083712001e+02  4.053253356187000e+02 -6.369075397061000e+02	 1.653000000000000e-07 -2.863000000000000e-07 -1.947500000000000e-06	1.000000000000000e+00	0	0	201
204	 6.372760606134000e+02  6.369895605261000e+02 -4.262112152443000e+02	2.220000000000000e-08 1.559000000000000e-07 0.000000000000000e+00	1.000000000000000e+00	646	0	204
205	-2.401405199780000e+01  7.500000000000000e+02 -4.262112152443000e+02	-8.910000000000000e-08 -3.187000000000000e-07  0.000000000000000e+00	1.000000000000000e+00	646	1	205
209	-8.109037584070001e+01  5.676997921402000e+02 -1.159425144917000e+02	-1.402480000000000e-05  2.334420000000000e-05  0.000000000000000e+00	1.000000000000000e+00	661	0	209
210	-6.686281125507001e+02  3.108279117500000e+00 -4.164132562731000e+02	 4.200000000000000e-07 -3.463000000000000e-07  0.000000000000000e+00	1.000000000000000e+00	8168	0	210
212	-6.331527694683000e+02  5.596004830096000e+02  1.077775486825000e+02	-7.800400000000001e-06  6.879000000000000e-07  0.000000000000000e+00	1.000000000000000e+00	23	0	212
213	-5.917933163095000e+02 -5.624668428392000e+02 -1.894272067752000e+02	-3.530000000000000e-08  2.730000000000000e-08  0.000000000000000e+00	1.000000000000000e+00	27	0	213
214	 2.775084200168000e+02  5.625250379098001e+02 -1.894272067752000e+02	-4.610000000000000e-08  3.560000000000000e-08  0.000000000000000e+00	1.000000000000000e+00	27	0	214
216	-3.980154711830000e+02 -4.087907874613000e+02  5.997402969787000e+02	 3.628900000000000e-06  6.285400000000000e-06 -1.155780000000000e-05	1.000000000000000e+00	491	0	216
221	 1.722904058466000e+02 -5.624765682157000e+02  1.518683640526000e+02	1.067000000000000e-07 4.770000000000000e-08 0.000000000000000e+00	1.000000000000000e+00	8168	0	221
222	-3.123381965631000e+02  5.640258363546001e+02  1.518683640526000e+02	-4.087000000000000e-07 -1.491000000000000e-07  0.000000000000000e+00	1.000000000000000e+00	8168	0	222
223	-6.345764062626000e+02  3.403479836873000e+02 -6.916578741071000e+02	-7.190000000000000e-08  0.000000000000000e+00 -1.373400000000000e-06	1.000000000000000e+00	8168	0	223
226	 7.014581145808000e+02 -7.714880861100001e+01 -2.766439860085000e+02	7.030000000000000e-08 1.218000000000000e-07 1.007410000000000e-05	1.000000000000000e+00	8168	0	226
228	 5.238629786840000e+02 -7.099035032222000e+02 -5.504895000855000e+02	 1.691890000000000e-05 -2.930440000000000e-05  2.355000000000000e-05	1.000000000000000e+00	8168	0	228
229	-4.936378778820000e+02  6.788687794108000e+02 -6.793251553319001e+02	2.685760000000000e-05 4.290870000000000e-05 0.000000000000000e+00	1.000000000000000e+00	8168	0	229
231	 4.874335659265000e+02 -5.372515089145001e+02  1.469693845670000e+01	 1.537000000000000e-06 -2.449000000000000e-07  0.000000000000000e+00	1.000000000000000e+00	5009	0	231
233	-4.753732036765000e+02  6.910882722200000e+02  4.327869929337000e+02	-1.627163437500000e-05  0.000000000000000e+00 -1.196057812500000e-05	4.218750000000000e-01	8168	0	233
234	 1.227838017597000e+02 -5.774548685982001e+02  9.471360338760000e+01	-9.527000000000000e-07  8.952000000000000e-07  0.000000000000000e+00	1.000000000000000e+00	8168	0	234
235	 3.519615032759000e+02 -5.364793420311000e+02  3.592584956082000e+02	 1.188020000000000e-05 -1.218800000000000e-06  0.000000000000000e+00	1.000000000000000e+00	8168	0	235
237	-2.086986947101000e+02 -5.987677033481000e+02 -4.619041109675000e+02	-1.130000000000000e-08 -1.960000000000000e-08  1.108000000000000e-07	1.000000000000000e+00	8168	0	237
238	4.429313902190000e+02 5.298887114895000e+02 4.556265113939000e+02	 9.814837500000001e-06  1.699981875000000e-05 -2.156146875000000e-05	5.625000000000000e-01	8168	0	238
241	-2.512513883882000e+02 -5.514290835180000e+02  5.829785587824000e+02	-8.713799999999999e-06  1.392490000000000e-05  0.000000000000000e+00	1.000000000000000e+00	8190	0	241
243	-2.205909289074000e+02  6.047818195544000e+02 -4.164132562731000e+02	 1.946455361938477e-06 -3.267985885620118e-07  0.000000000000000e+00	1.001129150390625e-01	8168	0	243
246	 7.170004309696001e+02  5.888898099620000e+01 -5.867033471909000e+02	 1.415000000000000e-07 -2.451000000000000e-07 -3.492800000000000e-06	1.000000000000000e+00	0	0	246
247	 6.220452104741000e+02  2.233562473382000e+02 -6.048599021015000e+02	 1.739000000000000e-07 -3.012000000000000e-07 -2.949100000000000e-06	1.000000000000000e+00	0	0	247
248	 4.839815141810000e+02 -1.942401873224000e+02  2.286190426598000e+02	-2.239170000000000e-05  2.586400000000000e-06  0.000000000000000e+00	1.000000000000000e+00	8168	0	248
249	5.502834727295000e+02 1.783585322169000e+02 2.286190426598000e+02	 3.646000000000000e-07 -1.715000000000000e-07  0.000000000000000e+00	1.000000000000000e+00	8168	0	249
250	 4.117765358513000e+02  6.692341425663001e+02 -4.262112152443000e+02	2.300000000000000e-09 1.610000000000000e-08 0.000000000000000e+00	1.000000000000000e+00	646	0	250
251	 1.864209233601000e+02  7.024605679949000e+02 -4.262112152443000e+02	1.320000000000000e-08 7.430000000000000e-08 0.000000000000000e+00	1.000000000000000e+00	646	0	251
255	-4.239978394949000e+02  3.519620841532000e+02 -1.159425144917000e+02	-4.739600000000000e-05  7.490410000000001e-05  0.000000000000000e+00	1.000000000000000e+00	661	0	255
256	-5.065514074183000e+02  1.995383726137000e+02 -4.164132562731000e+02	 3.972000000000000e-07 -3.277000000000000e-07  0.000000000000000e+00	1.000000000000000e+00	8168	0	256
257	-3.449271668004000e+02  3.961562918029000e+02 -4.164132562731000e+02	 2.418187500000000e-07 -1.983937500000000e-07  0.000000000000000e+00	5.625000000000000e-01	8168	0	257
258	-6.758647302797000e+02 -4.258827719463000e+02  1.077775486825000e+02	-8.108110000000000e-05  1.014600000000000e-06  0.000000000000000e+00	1.000000000000000e+00	23	0	258
259	-6.608866907877000e+02  8.925826948810000e+01  1.077775486825000e+02	-2.434020000000000e-05  9.420000000000000e-07  0.000000000000000e+00	1.000000000000000e+00	23	0	259
260	-3.022605147341000e+02 -1.872883884347000e+02 -1.894272067752000e+02	-3.805000000000000e-07  2.940000000000000e-07  0.000000000000000e+00	1.000000000000000e+00	27	0	260
261	-1.236457117590000e+01  1.876094823830000e+02 -1.894272067752000e+02	-2.223000000000000e-07  1.719000000000000e-07  0.000000000000000e+00	1.000000000000000e+00	27	0	261
262	-5.854597931483000e+02 -7.334538766954000e+02  2.769026647378000e+02	 4.762125000000000e-07  8.248500000000000e-07 -2.632893750000000e-06	5.625000000000000e-01	491	0	262
263	-4.945084569889000e+02 -5.759215414512000e+02  4.658668521260000e+02	 2.127500000000000e-06  3.684900000000000e-06 -6.967600000000000e-06	1.000000000000000e+00	491	0	263
268	 8.560110346000000e+00 -1.875558758367000e+02  1.518683640526000e+02	-1.541000000000000e-07 -6.710000000000000e-08  0.000000000000000e+00	1.000000000000000e+00	8168	0	268
269	-1.545542280897000e+02  1.875271103968000e+02  1.518683640526000e+02	7.180000000000001e-08 3.120000000000000e-08 0.000000000000000e+00	1.000000000000000e+00	8168	0	269
270	-3.567315058946000e+02  3.403479836873000e+02 -7.150261703597000e+02	-4.660000000000000e-08  0.000000000000000e+00 -4.037000000000000e-07	1.000000000000000e+00	8168	0	270
273	 5.892224765361000e+02 -2.715466361243000e+02 -2.726273829425000e+02	8.820000000000001e-08 1.528000000000000e-07 7.923100000000000e-06	1.000000000000000e+00	8168	0	273
274	 4.413449186057000e+02 -5.669780306245000e+02  1.529327967513000e+02	-8.611900000000000e-06  1.491630000000000e-05  1.173630000000000e-05	1.000000000000000e+00	8168	0	274
277	 5.470127018922000e+02 -7.500000000000000e+02 -6.793251553319001e+02	0.000000000000000e+00 0.000000000000000e+00 0.000000000000000e+00	1.000000000000000e+00	8168	1	277
278	 5.509056773198000e+02 -5.855291322300000e+01  1.469693845670000e+01	 3.529300000000000e-05 -2.871200000000000e-06  0.000000000000000e+00	1.000000000000000e+00	5009	0	278
279	5.605458272685000e+02 4.060667934485000e+02 1.469693845670000e+01	 6.100570000000000e-05 -1.671700000000000e-06  0.000000000000000e+00	1.000000000000000e+00	5009	0	279
281	-4.009561701768000e+02  6.910882722200000e+02  1.190516833844000e+02	5.725500000000000e-07 0.000000000000000e+00 1.426500000000000e-06	7.500000000000000e-01	8168	0	281
282	 2.837676990435000e+02 -3.044115934034000e+02  9.471360338760000e+01	 2.007700000000000e-06 -1.100400000000000e-06  0.000000000000000e+00	1.000000000000000e+00	8168	0	282
283	 4.728315861906000e+02 -5.436443271350000e+01  9.471360338760000e+01	 3.033200000000000e-06 -3.370900000000000e-06  0.000000000000000e+00	1.000000000000000e+00	8168	0	283
284	 3.898132796843000e+02 -9.905762852400001e+00  3.592584956082000e+02	 4.816740000000000e-05 -2.842300000000000e-06  0.000000000000000e+00	1.000000000000000e+00	8168	0	284
286	 4.673878827260000e+01 -1.563370046646000e+02 -2.631124725344000e+02	-1.682200000000000e-06 -2.913600000000000e-06  4.844200000000000e-06	1.000000000000000e+00	8168	0	286
287	2.446846143573000e+02 1.865152232603000e+02 1.188524038205000e+02	-1.806440000000000e-05 -3.128850000000000e-05  4.597190000000000e-05	1.000000000000000e+00	8168	0	287
290	 7.831542751870001e+01 -3.594597572636000e+02  5.829785587824000e+02	 2.571200000000000e-06 -4.651000000000000e-06  0.000000000000000e+00	1.000000000000000e+00	8190	0	290
291	 4.111108138860000e+02 -1.794253725982000e+02  5.829785587824000e+02	 1.096300000000000e-05 -2.135570000000000e-05  0.000000000000000e+00	1.000000000000000e+00	8190	0	291
292	 4.501815992315000e+02 -5.822836104388000e+02  2.286190426598000e+02	-1.395960000000000e-05  2.417870000000000e-05  0.000000000000000e+00	1.000000000000000e+00	8168	0	292
297	-4.564925061400000e+00  6.127255817096001e+02 -1.159425144917000e+02	-7.917600000000000e-06  1.356840000000000e-05  0.000000000000000e+00	1.000000000000000e+00	661	0	297
298	-7.091136897775000e+02 -4.602744891420000e+01 -4.164132562731000e+02	 4.962000000000000e-07 -4.104000000000000e-07  0.000000000000000e+00	1.000000000000000e+00	8168	0	298
300	-6.222553641439000e+02  6.680658690776000e+02  1.077775486825000e+02	-6.813000000000000e-07  4.400000000000000e-08  0.000000000000000e+00	1.000000000000000e+00	23	0	300
301	-6.643144631523000e+02 -6.561548678969000e+02 -1.894272067752000e+02	-1.291000000000000e-07  9.990000000000000e-08  0.000000000000000e+00	1.000000000000000e+00	27	0	301
302	 3.499541668199000e+02  6.562713125649000e+02 -1.894272067752000e+02	-4.920000000000000e-08  3.800000000000000e-08  0.000000000000000e+00	1.000000000000000e+00	27	0	302
305	 2.139996686840000e+02 -6.560578027891000e+02  1.518683640526000e+02	4.197000000000000e-07 1.995000000000000e-07 0.000000000000000e+00	1.000000000000000e+00	8168	0	305
306	-3.516878521617000e+02  6.910882722200000e+02  1.518683640526000e+02	-9.000000000000000e-10 -2.561062500000000e-07 -1.579050000000000e-06	5.625000000000000e-01	8168	0	306
307	-7.048485793480000e+02  3.403479836873000e+02 -6.885235630564000e+02	-6.210000000000001e-08  0.000000000000000e+00 -1.745400000000000e-06	1.000000000000000e+00	8168	0	307
313	 4.733178177582000e+02 -6.435975117415001e+02  1.469693845670000e+01	-3.215800000000000e-06  5.507000000000000e-07  0.000000000000000e+00	1.000000000000000e+00	5009	0	313
314	5.870766523059000e+02 6.353466285149000e+02 1.469693845670000e+01	 1.214540000000000e-05 -2.929500000000000e-06  0.000000000000000e+00	1.000000000000000e+00	5009	0	314
315	-5.078260036927000e+02  6.910882722200000e+02  4.729026674746000e+02	-1.340111250000000e-05  0.000000000000000e+00 -1.402548750000000e-05	5.625000000000000e-01	8168	0	315
316	 5.829694623770001e+01 -6.428143370819000e+02  9.471360338760000e+01	-6.461000000000000e-07  6.669000000000000e-07  0.000000000000000e+00	1.000000000000000e+00	8168	0	316
317	 3.378915823724000e+02 -6.553307607107000e+02  3.592584956082000e+02	 4.466600000000001e-06 -6.156000000000000e-07  0.000000000000000e+00	1.000000000000000e+00	8168	0	317
319	-2.677124796027000e+02 -7.009825771290000e+02 -4.809506300986000e+02	-5.900000000000000e-09 -1.020000000000000e-08  1.005000000000000e-07	1.000000000000000e+00	8168	0	319
320	4.924980155637000e+02 6.157406249462000e+02 4.988447608149000e+02	 2.632753125000000e-06  4.560078515625000e-06 -1.426353046875000e-05	3.164062500000000e-01	8168	0	320
322	4.861425865488000e+02 5.738374882973001e+02 3.804874067123000e+02	2.185900000000000e-06 8.518000000000000e-07 0.000000000000000e+00	1.000000000000000e+00	8006	0	322
323	-3.313172076551000e+02 -6.020369415693000e+02  5.829785587824000e+02	-1.128830000000000e-05  1.813720000000000e-05  0.000000000000000e+00	1.000000000000000e+00	8190	0	323
328	 4.955765247029000e+02 -1.012273495511000e+02  2.286190426598000e+02	-1.582850000000000e-05  2.072800000000000e-06  0.000000000000000e+00	1.000000000000000e+00	8168	0	328
333	-5.170155309561001e+02  2.934681570838000e+02 -1.159425144917000e+02	-5.725110000000000e-05  9.175070000000000e-05  0.000000000000000e+00	1.000000000000000e+00	661	0	333
334	-4.660350726748000e+02  2.486482989118000e+02 -4.164132562731000e+02	 4.182000000000000e-07 -3.449000000000000e-07  0.000000000000000e+00	1.000000000000000e+00	8168	0	334
335	-3.853059933071000e+02  3.470262892065000e+02 -4.164132562731000e+02	 2.637000000000000e-07 -2.160562500000000e-07  0.000000000000000e+00	5.625000000000000e-01	8168	0	335
336	-6.735800292904000e+02 -2.982132455072000e+02  1.077775486825000e+02	-6.324240000000000e-05  1.182200000000000e-06  0.000000000000000e+00	1.000000000000000e+00	23	0	336
337	-6.658200589063000e+02 -3.299927324830000e+01  1.077775486825000e+02	-3.302530000000000e-05  1.288600000000000e-06  0.000000000000000e+00	1.000000000000000e+00	23	0	337
338	-2.298112954345000e+02 -9.354471809290000e+01 -1.894272067752000e+02	-3.800000000000000e-07  2.938000000000000e-07  0.000000000000000e+00	1.000000000000000e+00	27	0	338
339	-8.483083581480000e+01  9.387908943710001e+01 -1.894272067752000e+02	-2.522000000000000e-07  1.950000000000000e-07  0.000000000000000e+00	1.000000000000000e+00	27	0	339
342	-3.226322133320000e+01 -9.379952682150001e+01  1.518683640526000e+02	-1.465000000000000e-07 -6.370000000000001e-08  0.000000000000000e+00	1.000000000000000e+00	8168	0	342
343	-1.137928279931000e+02  9.375397125790001e+01  1.518683640526000e+02	3.100000000000000e-09 1.300000000000000e-09 0.000000000000000e+00	1.000000000000000e+00	8168	0	343
344	-2.841738046902000e+02  3.403479836873000e+02 -7.240937425588000e+02	-6.500000000000000e-08  0.000000000000000e+00 -5.002000000000000e-07	1.000000000000000e+00	8168	0	344
349	-1.653605047460000e+02  4.838665878482000e+02 -6.793251553319001e+02	 1.434000000000000e-05 -2.483750000000000e-05  0.000000000000000e+00	1.000000000000000e+00	8168	0	349
350	5.559253190885000e+02 2.527038684860000e+01 1.469693845670000e+01	 4.247270000000000e-05 -1.472300000000000e-06  0.000000000000000e+00	1.000000000000000e+00	5009	0	350
351	5.591141633749000e+02 3.005682630832000e+02 1.469693845670000e+01	 5.403060000000000e-05 -8.511000000000000e-07  0.000000000000000e+00	1.000000000000000e+00	5009	0	351
352	-4.201045559183000e+02  6.910882722200000e+02  3.592584956082000e+02	-2.315690000000000e-05  0.000000000000000e+00 -3.237431000000000e-04	1.000000000000000e+00	8168	0	352
354	 3.246890847343000e+02 -2.349700835237000e+02  9.471360338760000e+01	 2.643300000000000e-06 -1.695100000000000e-06  0.000000000000000e+00	1.000000000000000e+00	8168	0	354
355	 4.190947993590000e+02 -1.090988208880000e+02  9.471360338760000e+01	 2.914500000000000e-06 -2.610100000000000e-06  0.000000000000000e+00	1.000000000000000e+00	8168	0	355
356	3.958192967508000e+02 9.810148950520001e+01 3.592584956082000e+02	 5.398130000000000e-05 -3.178200000000000e-06  0.000000000000000e+00	1.000000000000000e+00	8168	0	356
358	 1.032710111103000e+02 -5.842032244480000e+01 -1.729483549754000e+02	-1.156120000000000e-05 -2.002450000000000e-05  1.370310000000000e-05	1.000000000000000e+00	8168	0	358
359	2.017982938039000e+02 1.122339371122000e+02 3.158098586650000e+01	-1.735760000000000e-05 -3.006420000000000e-05  3.504080000000000e-05	1.000000000000000e+00	8168	0	359
362	 1.611197136353000e+02 -3.136949101581000e+02  5.829785587824000e+02	 5.324600000000000e-06 -9.642000000000000e-06  0.000000000000000e+00	1.000000000000000e+00	8190	0	362
363	 3.267491387888000e+02 -2.234229020682000e+02  5.829785587824000e+02	 9.403200000000000e-06 -1.776330000000000e-05  0.000000000000000e+00	1.000000000000000e+00	8190	0	363
364	 4.555241115578000e+02 -4.614310325384000e+02  2.286190426598000e+02	-2.390230000000000e-05  3.029000000000000e-06  0.000000000000000e+00	1.000000000000000e+00	8168	0	364
365	 4.740430596880000e+02 -2.857913168537000e+02  2.286190426598000e+02	-3.035940000000000e-05  3.026800000000000e-06  0.000000000000000e+00	1.000000000000000e+00	8168	0	365
367	5.950311099458000e+02 2.650613017425000e+02 2.286190426598000e+02	-4.690000000000000e-07  2.371000000000000e-07  0.000000000000000e+00	1.000000000000000e+00	8168	0	367
374	-1.641342646453000e+02  5.172148020884000e+02 -1.159425144917000e+02	-2.174210000000000e-05  3.503510000000000e-05  0.000000000000000e+00	1.000000000000000e+00	661	0	374
375	-3.307356578752000e+02  4.113833268098000e+02 -1.159425144917000e+02	-3.805190000000000e-05  5.956780000000000e-05  0.000000000000000e+00	1.000000000000000e+00	661	0	375
376	-6.281101716898000e+02  5.221674531270000e+01 -4.164132562731000e+02	 3.906000000000000e-07 -3.223000000000000e-07  0.000000000000000e+00	1.000000000000000e+00	8168	0	376
377	-5.470706921101000e+02  1.504309120912000e+02 -4.164132562731000e+02	 3.806000000000000e-07 -3.140000000000000e-07  0.000000000000000e+00	1.000000000000000e+00	8168	0	377
378	-6.884613470963001e+02 -6.618953004782001e+02  1.077775486825000e+02	-8.272260000000000e-05  1.950220000000000e-05  0.000000000000000e+00	1.000000000000000e+00	23	0	378
379	-6.769071204411000e+02 -5.331929004343000e+02  1.077775486825000e+02	-8.743090000000000e-05  1.850400000000000e-06  0.000000000000000e+00	1.000000000000000e+00	23	0	379
380	-6.424309506454000e+02  4.470706101079000e+02  1.077775486825000e+02	-1.492010000000000e-05  1.139100000000000e-06  0.000000000000000e+00	1.000000000000000e+00	23	0	380
381	-6.563585152102000e+02  2.131076341503000e+02  1.077775486825000e+02	-2.075110000000000e-05  9.099000000000001e-07  0.000000000000000e+00	1.000000000000000e+00	23	0	381
382	-5.194287886741000e+02 -4.686578762226000e+02 -1.894272067752000e+02	-1.326000000000000e-07  1.022000000000000e-07  0.000000000000000e+00	1.000000000000000e+00	27	0	382
383	-3.746803764008000e+02 -2.810547289696000e+02 -1.894272067752000e+02	-3.361000000000000e-07  2.595000000000000e-07  0.000000000000000e+00	1.000000000000000e+00	27	0	383
384	 2.050300295264000e+02  4.688039916145000e+02 -1.894272067752000e+02	-1.000000000000000e-07  7.740000000000000e-08  0.000000000000000e+00	1.000000000000000e+00	27	0	384
385	 6.009293855080000e+01  2.813466684915000e+02 -1.894272067752000e+02	-1.976000000000000e-07  1.528000000000000e-07  0.000000000000000e+00	1.000000000000000e+00	27	0	385
388	5.508283473043000e+02 1.316832986300000e+01 9.471360338760000e+01	 4.407500000000001e-06 -5.253700000000000e-06  0.000000000000000e+00	1.000000000000000e+00	8168	0	388
390	 1.310113933196000e+02 -4.688767212917000e+02  1.518683640526000e+02	-3.262000000000000e-07 -1.429000000000000e-07  0.000000000000000e+00	1.000000000000000e+00	8168	0	390
391	 4.936858367730000e+01 -2.813186419419000e+02  1.518683640526000e+02	-1.805000000000000e-07 -7.850000000000001e-08  0.000000000000000e+00	1.000000000000000e+00	8168	0	391
392	-2.772382635875000e+02  4.686675384119000e+02  1.518683640526000e+02	1.127000000000000e-07 4.770000000000000e-08 0.000000000000000e+00	1.000000000000000e+00	8168	0	392
393	-1.953450454223000e+02  2.812874796275000e+02  1.518683640526000e+02	1.138000000000000e-07 4.960000000000000e-08 0.000000000000000e+00	1.000000000000000e+00	8168	0	393
394	-5.643049276116000e+02  3.403479836873000e+02 -6.959136654356000e+02	-6.690000000000000e-08  0.000000000000000e+00 -9.777000000000000e-07	1.000000000000000e+00	8168	0	394
395	-4.271779684216000e+02  3.403479836873000e+02 -7.074473534599000e+02	-4.780000000000000e-08  0.000000000000000e+00 -4.825000000000000e-07	1.000000000000000e+00	8168	0	395
400	 5.022695360808000e+02 -6.725025635231000e+02 -4.624678761674000e+02	 8.565700000000000e-06 -1.483630000000000e-05  6.826110000000000e-05	1.000000000000000e+00	8168	0	400
401	 4.327019476555000e+02 -5.520079658104000e+02 -2.626091124415000e+02	 3.056393902587891e-06 -5.293837463378907e-06  5.831230242919921e-06	1.334838867187500e-01	8168	0	401
402	-4.571893591089000e+02  6.569716544122000e+02 -6.793251553319001e+02	2.277790000000000e-05 3.875310000000000e-05 0.000000000000000e+00	1.000000000000000e+00	8168	0	402
403	-3.913525088134000e+02  6.188291758092000e+02 -6.793251553319001e+02	1.785050000000000e-05 3.123620000000000e-05 0.000000000000000e+00	1.000000000000000e+00	8168	0	403
406	 5.041075605571000e+02 -4.298619810155000e+02  1.469693845670000e+01	 8.866300000000000e-06 -1.396900000000000e-06  0.000000000000000e+00	1.000000000000000e+00	5009	0	406
407	 5.386808660306000e+02 -1.676914416959000e+02  1.469693845670000e+01	 2.819250000000000e-05 -3.150900000000000e-06  0.000000000000000e+00	1.000000000000000e+00	5009	0	407
408	5.790318686388000e+02 5.966301866990000e+02 1.469693845670000e+01	 1.999460000000000e-05 -2.887500000000000e-06  0.000000000000000e+00	1.000000000000000e+00	5009	0	408
409	5.656777125727000e+02 4.978955190553000e+02 1.469693845670000e+01	 4.103660000000000e-05 -3.068600000000000e-06  0.000000000000000e+00	1.000000000000000e+00	5009	0	409
412	 1.662379739358000e+02 -5.265182943805000e+02  9.471360338760000e+01	-5.506000000000000e-07  4.176000000000000e-07  0.000000000000000e+00	1.000000000000000e+00	8168	0	412
413	 2.475776423440000e+02 -3.773324741442000e+02  9.471360338760000e+01	 7.523000000000000e-07 -3.562000000000000e-07  0.000000000000000e+00	1.000000000000000e+00	8168	0	413
414	 3.639233508688000e+02 -4.067156867195000e+02  3.592584956082000e+02	 2.086070000000000e-05 -1.687900000000000e-06  0.000000000000000e+00	1.000000000000000e+00	8168	0	414
415	 3.816388301911000e+02 -1.425044379260000e+02  3.592584956082000e+02	 3.989270000000000e-05 -2.373900000000000e-06  0.000000000000000e+00	1.000000000000000e+00	8168	0	415
416	-8.132625707990000e+01  6.910882722200000e+02  3.592584956082000e+02	0.000000000000000e+00 0.000000000000000e+00 0.000000000000000e+00	1.000000000000000e+00	8168	0	416
418	-1.456736302810000e+02 -4.896050896066000e+02 -4.282892351300000e+02	 1.268000000000000e-07  2.196000000000000e-07 -7.819000000000000e-07	1.000000000000000e+00	8168	0	418
419	-1.730067263370000e+01 -2.672566046437000e+02 -3.318860189680000e+02	 1.653200000000000e-06  2.863500000000000e-06 -7.201800000000000e-06	1.000000000000000e+00	8168	0	419
424	4.528560588947000e+02 6.617173061430000e+02 3.804874067123000e+02	1.543000000000000e-06 5.302000000000000e-07 0.000000000000000e+00	1.000000000000000e+00	8006	0	424
426	-1.701105633660000e+02 -5.009116203819000e+02  5.829785587824000e+02	-5.988000000000000e-06  9.815000000000000e-06  0.000000000000000e+00	1.000000000000000e+00	8190	0	426
427	-4.642902135900000e+00 -4.053504693240000e+02  5.829785587824000e+02	-2.630000000000000e-07  4.452000000000000e-07  0.000000000000000e+00	1.000000000000000e+00	8190	0	427
428	 6.513069369651000e+02 -4.414936502940000e+01  5.829785587824000e+02	 3.130420000000000e-05 -4.788570000000000e-05  0.000000000000000e+00	1.000000000000000e+00	8190	0	428
429	 4.968103852886000e+02 -1.361790909198000e+02  5.829785587824000e+02	 1.087130000000000e-05 -2.053830000000000e-05  0.000000000000000e+00	1.000000000000000e+00	8190	0	429
430	-2.389484642374000e+02  5.501369357643000e+02 -4.164132562731000e+02	-6.413000000000000e-07  2.564000000000000e-07  0.000000000000000e+00	1.000000000000000e+00	8168	0	430
431	-3.046470920550000e+02  4.453681373201000e+02 -4.164132562731000e+02	 8.566875000000000e-08 -6.963750000000000e-08  0.000000000000000e+00	5.625000000000000e-01	8168	0	431
432	-2.123490331456000e+02  6.910882722200000e+02 -4.153563296193000e+02	 8.742564000000001e-06  0.000000000000000e+00 -1.105544666666667e-06	6.666666666666668e-03	8168	0	432
433	-4.442222233506000e+02  6.910882722200000e+02  1.445895930230000e+01	1.379800000000000e-05 0.000000000000000e+00 1.593910000000000e-05	1.000000000000000e+00	8168	0	433
434	6.636652595553001e+02 1.103022650024000e+02 9.471360338760000e+01	 2.220500000000000e-06 -2.452200000000000e-06  0.000000000000000e+00	1.000000000000000e+00	8168	0	434
436	 4.903078830936000e+02  4.515319916145000e+02 -6.474885103426001e+02	 1.817000000000000e-07 -3.146000000000000e-07 -1.597500000000000e-06	1.000000000000000e+00	0	0	436
438	5.189453959915000e+02 6.615488315743000e+02 5.127736756905000e+02	 8.850937500000000e-07  1.533051562500000e-06 -9.701648437500002e-06	4.218750000000000e-01	8168	0	438
439	 1.286816311473000e+02 -1.440783748890000e+01 -1.232928267375000e+02	-1.589700000000000e-05 -2.753450000000000e-05  1.438660000000000e-05	1.000000000000000e+00	8168	0	439
440	 1.794479483772000e+02  7.352200326640001e+01 -1.575487581810000e+01	-1.603690000000000e-05 -2.777680000000000e-05  3.139670000000000e-05	1.000000000000000e+00	8168	0	440
441	-1.139360661420000e+02 -4.346340160094000e+02 -4.070097173640000e+02	 4.606000000000000e-07  7.977000000000000e-07 -2.655600000000000e-06	1.000000000000000e+00	8168	0	441
442	-4.974462133290000e+01 -3.234511721888000e+02 -3.597974312559000e+02	 1.174400000000000e-06  2.034100000000000e-06 -5.725100000000000e-06	1.000000000000000e+00	8168	0	442
444	5.700127018922000e+02 7.500000000000000e+02 3.592584956082000e+02	 0.000000000000000e+00 -0.000000000000000e+00  0.000000000000000e+00	1.000000000000000e+00	8168	1	444
445	-2.391628329196000e+02 -6.515331385359000e+02 -4.731324368329000e+02	-1.100000000000000e-08 -1.900000000000000e-08  1.405000000000000e-07	1.000000000000000e+00	8168	0	445
446	-1.773137719535000e+02 -5.444074225421000e+02 -4.468751424198000e+02	 1.220000000000000e-08  2.120000000000000e-08 -8.180000000000000e-08	1.000000000000000e+00	8168	0	446
447	4.654272157426000e+02 5.688526242546001e+02 4.787171683858000e+02	-1.086187500000000e-06 -1.881337500000000e-06 -2.490249375000000e-05	5.625000000000000e-01	8168	0	447
448	4.160689358504000e+02 4.833615757071000e+02 4.247100924898000e+02	 1.465825770950317e-06  2.538891056442261e-06 -4.622484343070985e-05	7.508468627929688e-02	8168	0	448
449	 7.645433852260000e+01 -1.048681618568000e+02 -2.194589583324000e+02	-6.376100000000000e-06 -1.104380000000000e-05  1.235190000000000e-05	1.000000000000000e+00	8168	0	449
450	 1.515186108470000e+01 -2.110471674089000e+02 -3.006563955862000e+02	 1.630100000000000e-06  2.823400000000000e-06 -5.817600000000000e-06	1.000000000000000e+00	8168	0	450
451	2.235737053346000e+02 1.499500562391000e+02 7.653482263040000e+01	-1.947550000000000e-05 -3.373260000000000e-05  3.678040000000000e-05	1.000000000000000e+00	8168	0	451
452	2.723047857743000e+02 2.343547634683000e+02 1.721110399942000e+02	5.520615000000000e-05 9.561990000000000e-05 2.009353500000000e-04	7.500000000000000e-01	8168	0	452
453	 3.302185161600000e+02 -7.023061119070001e+02  3.592584956082000e+02	 1.416100000000000e-06 -2.386000000000000e-07  0.000000000000000e+00	1.000000000000000e+00	8168	0	453
455	-3.745081258819000e+02 -3.680748710487000e+02  6.277908860010000e+02	 3.547400000000000e-06  6.144200000000000e-06 -1.227690000000000e-05	1.000000000000000e+00	491	0	455
459	 3.454774012740000e+02 -5.962104680886000e+02  3.592584956082000e+02	 8.146600000000001e-06 -9.498000000000000e-07  0.000000000000000e+00	1.000000000000000e+00	8168	0	459
460	3.992374736971000e+02 1.485945443626000e+02 3.592584956082000e+02	 5.837200000000000e-05 -2.116900000000000e-06  0.000000000000000e+00	1.000000000000000e+00	8168	0	460
465	 4.213815682890000e+01  6.392911525197001e+02 -1.159425144917000e+02	-4.719700000000000e-06  8.391000000000000e-06  0.000000000000000e+00	1.000000000000000e+00	661	0	465
468	-7.153833029623000e+02  7.159705353980000e+01  6.580962442277000e+02	-1.659500000000000e-05 -5.086900000000000e-06  0.000000000000000e+00	1.000000000000000e+00	1105	0	468
471	 3.580660203820000e+02 -4.742727924164000e+02  3.592584956082000e+02	 1.608540000000000e-05 -1.470500000000000e-06  0.000000000000000e+00	1.000000000000000e+00	8168	0	471
479	7.499389427932000e+02 5.715767664980000e+01 6.580962442277000e+02	 2.943717187500000e-06 -3.774141210937500e-06  0.000000000000000e+00	2.373046875000000e-01	1105	0	479
483	 5.136668909916000e+02 -3.703641641810000e+02  1.469693845670000e+01	 1.328930000000000e-05 -1.869400000000000e-06  0.000000000000000e+00	1.000000000000000e+00	5009	0	483
484	-6.216464963854000e+02  9.344168901100001e+01  6.580962442277000e+02	-5.872320000000000e-05 -3.256800000000000e-06  0.000000000000000e+00	1.000000000000000e+00	1105	0	484
486	-3.790472582075000e+02 -6.308490881967000e+02  5.829785587824000e+02	-1.238220000000000e-05  2.110920000000000e-05  0.000000000000000e+00	1.000000000000000e+00	8190	0	486
487	5.264764715070000e+02 6.745930370028000e+02 2.286190426598000e+02	-2.168648437500000e-06 -3.756164062500000e-06  4.901765625000000e-06	4.218750000000000e-01	8168	0	487
488	 4.621733196468000e+02  5.002624849532000e+02 -6.607310163232000e+02	 1.410000000000000e-07 -2.442000000000000e-07 -1.126100000000000e-06	1.000000000000000e+00	0	0	488
490	5.055019515637000e+02 5.344078914739000e+02 3.804874067123000e+02	2.683600000000000e-06 1.742200000000000e-06 0.000000000000000e+00	1.000000000000000e+00	8006	0	490
491	-5.204756207752000e+02 -6.208979884574001e+02  4.241310152998000e+02	-5.836000000000000e-07 -1.010900000000000e-06 -9.807600000000001e-06	1.000000000000000e+00	491	0	491
494	 8.621266714400001e+00 -6.869405269885000e+02  9.471360338760000e+01	 1.166200000000000e-06 -1.222400000000000e-06  0.000000000000000e+00	1.000000000000000e+00	8168	0	494
495	 5.300614551968000e+02 -2.450607544871000e+02  1.469693845670000e+01	 2.228360000000000e-05 -2.645500000000000e-06  0.000000000000000e+00	1.000000000000000e+00	5009	0	495
496	 3.441485536474000e+02 -6.960271221777000e+02  1.795101918360000e+01	6.637350000000000e-06 1.149622500000000e-05 3.060667500000000e-05	7.500000000000000e-01	8168	0	496
497	-4.701994444218000e+02 -5.338170966031000e+02  5.016814371545000e+02	 2.870900000000000e-06  4.972500000000000e-06 -8.164500000000000e-06	1.000000000000000e+00	491	0	497
499	 5.032106919535000e+02 -4.205234170711000e+02 -2.678760126162000e+02	9.150000000000001e-08 1.585000000000000e-07 4.967800000000000e-06	1.000000000000000e+00	8168	0	499
501	-5.123434188552001e+02  1.063368311613000e+02  6.580962442277000e+02	-5.780780000000000e-05  1.087680000000000e-05  0.000000000000000e+00	1.000000000000000e+00	1105	0	501
503	-4.279663799153000e+02  1.103411491602000e+02  6.580962442277000e+02	-1.786480000000000e-05  2.118560000000000e-05  0.000000000000000e+00	1.000000000000000e+00	1105	0	503
505	5.308856510782000e+02 1.200144759892000e+02 2.286190426598000e+02	-3.925000000000000e-07  5.580000000000000e-08  0.000000000000000e+00	1.000000000000000e+00	8168	0	505
507	-5.691505266733000e+02 -7.052053985267000e+02  3.237448002037000e+02	 5.450000000000000e-07  9.440000000000000e-07 -4.954200000000000e-06	1.000000000000000e+00	491	0	507
512	 9.272781236450000e+01  6.673429628646001e+02 -1.159425144917000e+02	-1.840700000000000e-06  3.359800000000000e-06  0.000000000000000e+00	1.000000000000000e+00	661	0	512
519	-3.570345786671000e+02  1.106111065889000e+02  6.580962442277000e+02	-4.834900000000000e-06  2.708290000000000e-05  0.000000000000000e+00	1.000000000000000e+00	1105	0	519
521	-5.941913748380000e+02 -7.485774198124001e+02  2.417873775812000e+02	 1.028003906250000e-07  1.780497070312500e-07 -2.693882812500000e-07	1.779785156250000e-01	491	0	521
523	 5.025769984670000e+01  6.910882722200000e+02 -6.300274563230000e+02	2.939100000000000e-06 0.000000000000000e+00 4.157500000000000e-06	1.000000000000000e+00	8168	0	523
527	5.575851483760000e+02 2.217072460028000e+02 1.469693845670000e+01	 5.166610000000000e-05 -8.137000000000000e-07  0.000000000000000e+00	1.000000000000000e+00	5009	0	527
529	-3.498813539514000e+02 -3.254200508386000e+02  6.546459320361000e+02	 2.984700000000000e-06  5.169700000000000e-06 -1.145960000000000e-05	1.000000000000000e+00	491	0	529
530	-5.402952786407001e+02  6.910882722200000e+02  5.113998589393000e+02	-1.244932500000000e-05  0.000000000000000e+00 -1.232662500000000e-05	7.500000000000000e-01	8168	0	530
531	5.429201635800000e+02 7.030743471372000e+02 5.214818176870000e+02	 4.569750000000000e-07  7.914796875000000e-07 -5.216610937500000e-06	4.218750000000000e-01	8168	0	531
535	 4.337603201991000e+02  5.494752435921000e+02 -6.752022421749000e+02	 6.067500000000001e-08 -1.050000000000000e-07 -1.273575000000000e-06	7.500000000000000e-01	0	0	535
537	-2.899415539947000e+02  1.085860096253000e+02  6.580962442277000e+02	-2.743200000000000e-06  3.279790000000000e-05  0.000000000000000e+00	1.000000000000000e+00	1105	0	537
538	-6.585498180900000e+02  1.521862858902000e+02  1.077775486825000e+02	-2.181780000000000e-05  7.978000000000000e-07  0.000000000000000e+00	1.000000000000000e+00	23	0	538
540	-7.089824231246000e+02 -6.559185785233000e+02 -1.159425144917000e+02	1.381300000000000e-06 2.859900000000000e-06 0.000000000000000e+00	1.000000000000000e+00	661	0	540
545	-2.263189510725000e+02  1.048732911527000e+02  6.580962442277000e+02	-2.174100000000000e-06  3.874620000000000e-05  0.000000000000000e+00	1.000000000000000e+00	1105	0	545
547	-6.721406757471000e+02 -2.268193048300000e+02  1.077775486825000e+02	-5.390560000000000e-05  1.266100000000000e-06  0.000000000000000e+00	1.000000000000000e+00	23	0	547
553	5.564472355919000e+02 8.817971382820001e+01 1.469693845670000e+01	 4.625780000000000e-05 -3.000000000000000e-07  0.000000000000000e+00	1.000000000000000e+00	5009	0	553
560	-7.298528073501001e+02 -6.160438914258000e+02 -1.159425144917000e+02	1.898900000000000e-06 9.104000000000000e-07 0.000000000000000e+00	1.000000000000000e+00	661	0	560
566	-6.681628021758000e+02 -9.507363004360001e+01  1.077775486825000e+02	-3.904110000000000e-05  1.371000000000000e-06  0.000000000000000e+00	1.000000000000000e+00	23	0	566
567	-6.633363518564000e+02  2.832967375740000e+01  1.077775486825000e+02	-2.809110000000000e-05  1.133800000000000e-06  0.000000000000000e+00	1.000000000000000e+00	23	0	567
568	-1.607230621473000e+02  9.974667105790000e+01  6.580962442277000e+02	1.926100000000000e-06 4.510320000000000e-05 0.000000000000000e+00	1.000000000000000e+00	1105	0	568
571	-5.802813825543000e+02  2.544394394277000e+02 -1.159425144917000e+02	-6.432130000000000e-05  1.044878000000000e-04  0.000000000000000e+00	1.000000000000000e+00	661	0	571
572	-3.678929489408000e+02  6.910882722200000e+02  1.518683640526000e+02	-8.054833007812501e-07 -1.700050781250000e-07  6.536794921875001e-07	2.373046875000000e-01	8168	0	572
582	-4.261678449850000e+02 -6.575654392435000e+02  5.829785587824000e+02	-1.313020000000000e-05  2.383530000000000e-05  0.000000000000000e+00	1.000000000000000e+00	8190	0	582
583	-9.628853335120000e+01  9.397325025300000e+01  6.580962442277000e+02	4.606500000000000e-06 5.194150000000000e-05 0.000000000000000e+00	1.000000000000000e+00	1105	0	583
585	 4.039011012804000e+02  6.011929278335000e+02 -6.931736762008001e+02	-1.932500000000000e-06  3.347200000000000e-06 -2.296000000000000e-06	1.000000000000000e+00	0	0	585
589	 1.442046855511000e+02  6.946769869056001e+02 -1.159425144917000e+02	 4.447000000000000e-07 -8.808000000000000e-07  0.000000000000000e+00	1.000000000000000e+00	661	0	589
595	5.339319159508000e+02 4.924696058702000e+02 3.804874067123000e+02	2.679000000000000e-06 2.095400000000000e-06 0.000000000000000e+00	1.000000000000000e+00	8006	0	595
598	 9.633482544260001e+01  6.910882722200000e+02 -6.583534091395001e+02	1.598900000000000e-06 0.000000000000000e+00 2.733900000000000e-06	1.000000000000000e+00	8168	0	598
600	-3.337674258030000e+01  8.787408857290001e+01  6.580962442277000e+02	6.554400000000000e-06 5.929360000000000e-05 0.000000000000000e+00	1.000000000000000e+00	1105	0	600
602	-4.296228424472000e+02  6.910882722200000e+02  6.943078376290001e+01	 5.079000000000000e-07  0.000000000000000e+00 -6.606300000000001e-06	1.000000000000000e+00	8168	0	602
610	-5.729441320357000e+02  6.910882722200000e+02  5.489380037038001e+02	-1.085930000000000e-05  0.000000000000000e+00 -1.002990000000000e-05	1.000000000000000e+00	8168	0	610
611	-6.746429281522001e+02 -3.601823239085000e+02  1.077775486825000e+02	-6.866310000000000e-05  1.228800000000000e-06  0.000000000000000e+00	1.000000000000000e+00	23	0	611
615	 4.300000000000000e+02 -5.473280551918000e+02 -2.606506917860000e+02	0.000000000000000e+00 0.000000000000000e+00 0.000000000000000e+00	1.000000000000000e+00	8168	0	615
616	-3.241823336968000e+02 -2.809080420529000e+02  6.791817181889000e+02	 2.261000000000000e-06  3.916100000000001e-06 -1.003670000000000e-05	1.000000000000000e+00	491	0	616
618	2.798128633860000e+01 8.141328181600001e+01 6.580962442277000e+02	8.739200000000001e-06 6.716040000000000e-05 0.000000000000000e+00	1.000000000000000e+00	1105	0	618
620	 3.735486024714000e+02  6.537649979074000e+02 -7.080246408168000e+02	-4.126211358261108e-06  7.146808219528199e-06 -3.160442089462280e-06	7.508468627929688e-02	0	0	620
625	-6.871803092977000e+02  1.951811592412000e+02 -1.159425144917000e+02	-5.745940000000000e-05  1.472377000000000e-04  0.000000000000000e+00	1.000000000000000e+00	661	0	625
627	 5.161317918963000e+02 -6.755155235586001e+02  2.286190426598000e+02	-1.451880000000000e-05  3.118790000000000e-05  0.000000000000000e+00	1.000000000000000e+00	8168	0	627
630	-3.355919597629000e+02  6.910882722200000e+02  1.797795392335000e+02	-4.240318359375000e-06  0.000000000000000e+00 -2.229556640625000e-06	3.164062500000000e-01	8168	0	630
631	8.811693169280001e+01 7.435698379070000e+01 6.580962442277000e+02	1.155910000000000e-05 7.559810000000000e-05 0.000000000000000e+00	1.000000000000000e+00	1105	0	631
639	 1.464543167702000e+02  6.910882722200000e+02 -6.848909282710000e+02	6.697000000000000e-07 0.000000000000000e+00 1.301300000000000e-06	1.000000000000000e+00	8168	0	639
646	 3.688310053171000e+02 -3.421513231966000e+02  3.592584956082000e+02	 2.548460000000000e-05 -1.823700000000000e-06  0.000000000000000e+00	1.000000000000000e+00	8168	0	646
647	 3.772522882749000e+02 -2.129350883912000e+02  3.592584956082000e+02	 3.494010000000000e-05 -2.181400000000000e-06  0.000000000000000e+00	1.000000000000000e+00	8168	0	647
655	 1.971904583146000e+02  7.209393486971001e+02 -1.159425144917000e+02	 1.774600000000000e-06 -3.781100000000000e-06  0.000000000000000e+00	1.000000000000000e+00	661	0	655
660	-4.741261019372000e+02 -6.831621375510000e+02  5.829785587824000e+02	-1.381710000000000e-05  2.645130000000000e-05  0.000000000000000e+00	1.000000000000000e+00	8190	0	660
664	1.479081302709000e+02 6.634586482310000e+01 6.580962442277000e+02	1.423890000000000e-05 8.484440000000000e-05 0.000000000000000e+00	1.000000000000000e+00	1105	0	664
681	 3.354294394926000e+02  7.197893249287000e+02 -7.318753417280001e+02	-8.463527066230774e-07  1.465925258159637e-06 -1.156234715366363e-06	5.631351470947266e-02	0	0	681
688	-6.076110909029001e+02  6.910882722200000e+02  5.878408999225001e+02	-8.068800000000000e-06  0.000000000000000e+00 -8.530100000000000e-06	1.000000000000000e+00	8168	0	688
689	2.077502593997000e+02 5.708019732080000e+01 6.580962442277000e+02	1.605750000000000e-05 9.510860000000000e-05 0.000000000000000e+00	1.000000000000000e+00	1105	0	689
696	 4.690954065745000e+02 -4.796128246622000e+02 -2.650426686629000e+02	7.533632812500001e-08 1.304859375000000e-07 3.155392968750000e-06	3.164062500000000e-01	8168	0	696
703	2.682394766345000e+02 4.634070839150000e+01 6.580962442277000e+02	1.746190000000000e-05 1.064713000000000e-04 0.000000000000000e+00	1.000000000000000e+00	1105	0	703
707	 3.852461551278000e+02 -7.909548255360001e+01  3.592584956082000e+02	 4.381870000000000e-05 -2.689900000000000e-06  0.000000000000000e+00	1.000000000000000e+00	8168	0	707
708	 4.241180769812000e+02 -5.473280551918000e+02 -2.582878555946000e+02	4.176340397644043e-06 0.000000000000000e+00 2.658118029785156e-06	1.001129150390625e-01	8168	0	708
710	3.346168845068000e+02 3.325912838660000e+01 6.580962442277000e+02	2.134290000000000e-05 1.195307000000000e-04 0.000000000000000e+00	1.000000000000000e+00	1105	0	710
712	-3.382875673410000e+02  6.910882722200000e+02  2.106272315857000e+02	-7.078950000000000e-06  0.000000000000000e+00 -4.928625000000000e-06	5.625000000000000e-01	8168	0	712
714	4.961106849464000e+02 2.454454533300000e+00 6.580962442277000e+02	7.122880000000000e-05 1.517973000000000e-04 0.000000000000000e+00	1.000000000000000e+00	1105	0	714
715	 5.672401582744001e+02 -6.050263425200000e+00  6.580962442277000e+02	7.412570000000001e-05 1.710664000000000e-04 0.000000000000000e+00	1.000000000000000e+00	1105	0	715
717	 6.183232620810001e+02 -6.196854317200001e+00  6.580962442277000e+02	8.407310000000000e-05 1.718076000000000e-04 0.000000000000000e+00	1.000000000000000e+00	1105	0	717
718	-5.296583971719000e+02  7.031293240433000e+02 -6.793251553319001e+02	5.270530000000001e-05 6.250690000000000e-05 0.000000000000000e+00	1.000000000000000e+00	8168	0	718
720	6.601892935964000e+02 1.390868769900000e+00 6.580962442277000e+02	7.242750000000000e-05 1.538701000000000e-04 0.000000000000000e+00	1.000000000000000e+00	1105	0	720
722	 1.997509230977000e+02  6.910882722200000e+02 -7.088962678092000e+02	 2.600000000000000e-09  0.000000000000000e+00 -1.290000000000000e-08	1.000000000000000e+00	8168	0	722
728	 4.751683754392000e+02 -6.255619763478001e+02 -3.695672686830000e+02	 3.103400000000000e-06 -5.375200000000000e-06  5.786110000000000e-05	1.000000000000000e+00	8168	0	728
729	7.021772149548000e+02 1.990491936100000e+01 6.580962442277000e+02	3.933007500000000e-05 1.023038250000000e-04 0.000000000000000e+00	7.500000000000000e-01	1105	0	729
733	5.864229537144000e+02 4.346818512687000e+02 3.804874067123000e+02	1.532400000000000e-06 1.657200000000000e-06 0.000000000000000e+00	1.000000000000000e+00	8006	0	733
737	-6.470607564977000e+02  6.910882722200000e+02  6.313283732723000e+02	-8.679300000000000e-06  0.000000000000000e+00 -1.274100000000000e-06	1.000000000000000e+00	8168	0	737
740	-2.974258004407000e+02 -2.345643670190000e+02  7.011754962158001e+02	 1.587600000000000e-06  2.749900000000000e-06 -8.232300000000001e-06	1.000000000000000e+00	491	0	740
745	-5.816762995307000e+02  7.500000000000000e+02 -6.793251553319001e+02	1.665270000000000e-04 1.848146000000000e-04 0.000000000000000e+00	1.000000000000000e+00	8168	1	745
746	-8.338710311260000e+01  6.910882722200000e+02 -5.199752620248000e+02	 1.709470000000000e-05  0.000000000000000e+00 -1.061890000000000e-05	1.000000000000000e+00	8168	0	746
747	6.164881679946001e+02 4.090039850661000e+02 3.804874067123000e+02	2.701000000000000e-07 2.979000000000000e-07 0.000000000000000e+00	1.000000000000000e+00	8006	0	747
755	-2.681027270871000e+02  5.511436179853000e+02 -6.793251553319001e+02	-1.341100000000000e-06 -2.384810000000000e-05  0.000000000000000e+00	1.000000000000000e+00	8168	0	755
771	6.558517863759000e+02 3.773484785311000e+02 3.804874067123000e+02	-2.508500000000000e-06 -3.100200000000000e-06  0.000000000000000e+00	1.000000000000000e+00	8006	0	771
776	 2.558835810261000e+02  6.910882722200000e+02 -7.302368525377000e+02	-2.495000000000000e-07  0.000000000000000e+00 -6.748000000000000e-07	1.000000000000000e+00	8168	0	776
805	-1.013492464880000e+02  3.729958362889000e+02 -7.380935081781000e+02	 5.963728969019652e-06 -1.032948100748062e-05 -2.007343098306656e-06	3.167635202407837e-02	8168	0	805
828	-1.383324524044000e+02  3.403479836873000e+02 -7.451651178427001e+02	8.405079895019531e-07 0.000000000000000e+00 2.122794250488281e-07	1.001129150390625e-01	8168	0	828
864	-2.695899585833000e+02 -1.863512746505000e+02  7.203974608339000e+02	 9.736000000000001e-07  1.686300000000000e-06 -6.019500000000001e-06	1.000000000000000e+00	491	0	864
865	 3.996025617246000e+02 -5.473280551918000e+02 -2.192636690582000e+02	 9.586687500000002e-07  0.000000000000000e+00 -4.023956250000000e-06	5.625000000000000e-01	8168	0	865
909	-1.272672889664000e+02  6.910882722200000e+02  3.592584956082000e+02	0.000000000000000e+00 0.000000000000000e+00 0.000000000000000e+00	4.218750000000000e-01	8168	0	909
1000	-3.605155470391000e+02  6.910882722200000e+02  2.639517651789000e+02	-1.157230000000000e-05  0.000000000000000e+00 -6.518300000000000e-06	1.000000000000000e+00	8168	0	1000
1002	7.015291344268001e+02 3.402897363650000e+02 3.804874067123000e+02	-4.861900000000000e-06 -5.474700000000000e-06  0.000000000000000e+00	1.000000000000000e+00	8006	0	1002
1003	-4.476426105039000e+02  6.910882722200000e+02  3.967230556416000e+02	-1.874610000000000e-05  0.000000000000000e+00 -8.315325000000000e-06	4.218750000000000e-01	8168	0	1003
1011	6.940440232300000e+02 2.753198279324000e+02 1.615232313190000e+02	-1.725173437500000e-06  2.988108984375000e-06  4.297239843750000e-06	3.164062500000000e-01	8168	0	1011
1012	 3.846817734711000e+02 -5.473280551918000e+02 -1.623761160392000e+02	-5.226000000000000e-06  0.000000000000000e+00  2.769600000000000e-06	1.000000000000000e+00	8168	0	1012
1014	-3.328569430322000e+02  6.206194705726000e+02  1.518683640526000e+02	-1.118100000000000e-06 -4.200000000000000e-07  0.000000000000000e+00	1.000000000000000e+00	8168	0	1014
1015	-3.580648152028000e+02  6.863476266630000e+02  1.518683640526000e+02	-7.785000000000000e-07  1.956000000000000e-07  0.000000000000000e+00	1.000000000000000e+00	8168	0	1015
1020	-3.627625094486000e+02  6.863598436739001e+02  1.518683640526000e+02	-7.166601562500000e-07  5.510214843750000e-08  0.000000000000000e+00	2.373046875000000e-01	8168	0	1020
1081	-5.240094792269000e+02 -7.087010809703000e+02  5.829785587824000e+02	-1.218600000000000e-05  2.491430000000000e-05  0.000000000000000e+00	1.000000000000000e+00	8190	0	1081
1396	-4.419789902907000e+02  6.910882722200000e+02 -3.865708949130000e+01	-5.521000000000000e-06  0.000000000000000e+00  1.046966000000000e-04	1.000000000000000e+00	8168	0	1396
1705	 3.883865379714000e+02 -5.473280551918000e+02 -1.026460665431000e+02	-6.206800000000000e-06  0.000000000000000e+00  1.523500000000000e-05	1.000000000000000e+00	8168	0	1705
1759	5.472818003437001e+02 7.106289236162000e+02 2.654375969394000e+02	-6.959165625000000e-06 -1.205365429687500e-05 -1.593481992187500e-05	3.164062500000000e-01	8168	0	1759
1801	-2.408126969968000e+02 -1.365075954800000e+02  7.363663528530001e+02	 3.599000000000000e-07  6.234000000000000e-07 -3.272600000000000e-06	1.000000000000000e+00	491	0	1801
3478	2.972436237762000e+02 2.775500979693000e+02 2.286190426598000e+02	-4.972330000000000e-05 -8.612330000000001e-05  0.000000000000000e+00	1.000000000000000e+00	8168	0	3478
4128	-6.640220808042001e+02 -7.115501479293000e+02 -1.159425144917000e+02	-4.513000000000000e-07  3.138600000000000e-06  0.000000000000000e+00	1.000000000000000e+00	661	0	4128
4213	-3.235550289298000e+02  6.910882722200000e+02 -2.754343986505000e+02	 2.783660000000000e-05  0.000000000000000e+00 -3.782100000000000e-05	1.000000000000000e+00	8168	0	4213
4214	4.324282970058000e+02 7.349186583952001e+02 2.286190426598000e+02	 6.511200000000000e-06 -7.942050000000000e-06  0.000000000000000e+00	7.500000000000000e-01	8168	0	4214
4220	 4.300000000000000e+02 -5.473280551918000e+02  8.956488194300000e+00	0.000000000000000e+00 0.000000000000000e+00 0.000000000000000e+00	5.625000000000000e-01	8168	0	4220
4225	-2.329389951410000e+02  6.910882722200000e+02 -4.003139092020000e+02	 1.914760301313400e-05  0.000000000000000e+00 -1.158619170362949e-05	4.223513603210449e-02	8168	0	4225
4234	5.655058448261000e+02 7.421938945791001e+02 3.231053868406000e+02	-1.191300000000000e-06 -2.063325000000000e-06 -9.578025000000001e-06	7.500000000000000e-01	8168	0	4234
4235	5.228692859737000e+02 6.715226580238000e+02 2.286190426598000e+02	-1.620632812500000e-07 -2.439144140625000e-06  0.000000000000000e+00	3.164062500000000e-01	8168	0	4235
4236	5.417758151893000e+02 3.898883756474000e+02 2.286190426598000e+02	 4.684610000000000e-05 -2.925430000000000e-05  0.000000000000000e+00	1.000000000000000e+00	8168	0	4236
4240	5.278002118485000e+02 5.399874004597000e+02 2.286190426598000e+02	 1.950300000000000e-06 -4.600000000000000e-09  0.000000000000000e+00	1.000000000000000e+00	8168	0	4240
4244	4.881396892209000e+02 3.546609260176000e+02 2.286190426598000e+02	 3.465640000000000e-05 -5.787160000000000e-05  0.000000000000000e+00	1.000000000000000e+00	8168	0	4244
4245	3.661326017335000e+02 2.922526926889000e+02 2.286190426598000e+02	-3.417700000000000e-06 -8.633920000000000e-05  0.000000000000000e+00	1.000000000000000e+00	8168	0	4245
4250	3.997983176648000e+02 1.993838467840000e+01 6.580962442277000e+02	4.897800000000000e-05 1.288200000000000e-04 0.000000000000000e+00	1.000000000000000e+00	1105	0	4250
4258	-2.628312340642000e+02  6.910882722200000e+02 -3.658378329409000e+02	 3.104890000000000e-05  0.000000000000000e+00 -3.343470000000000e-05	1.000000000000000e+00	8168	0	4258
4264	4.010727581147000e+02 3.084499092821000e+02 3.592584956082000e+02	3.697612031250000e-05 9.836089453125000e-06 0.000000000000000e+00	3.164062500000000e-01	8168	0	4264
4270	 4.278086715960000e+02 -5.435325630599000e+02  1.583749983250000e+01	 3.690894726562500e-06 -6.392798437500000e-06 -1.278633251953125e-05	2.373046875000000e-01	8168	0	4270
4273	-3.769351727128000e+02  6.910882722200000e+02 -1.886397873066000e+02	-7.618820000000000e-05  0.000000000000000e+00  1.395620000000000e-04	1.000000000000000e+00	8168	0	4273
4275	4.342125637255000e+02 3.244224349286000e+02 2.286190426598000e+02	 4.450170000000000e-05 -8.967460000000000e-05  0.000000000000000e+00	1.000000000000000e+00	8168	0	4275
4276	 3.861487421017000e+02 -6.232806618474000e+02  1.666409356540000e+01	2.865437000000000e-04 4.963083000000000e-04 9.382000000000001e-07	1.000000000000000e+00	8168	0	4276
4287	-5.791005837856001e+02 -7.309882903872000e+02  5.829785587824000e+02	-2.666800000000000e-06  7.010300000000000e-06  0.000000000000000e+00	1.000000000000000e+00	8190	0	4287
4288	3.755311599352000e+02 4.131480881960000e+02 3.592584956082000e+02	-3.450237038500229e-05 -5.975985713397349e-05  0.000000000000000e+00	3.745770461819845e-02	8168	0	4288
4292	5.239851554453001e+02 5.999385374095000e+02 2.286190426598000e+02	-3.680000000000000e-06 -1.910000000000000e-08  0.000000000000000e+00	1.000000000000000e+00	8168	0	4292
4296	5.841179179075000e+02 3.710965905705000e+02 2.286190426598000e+02	2.057779687500000e-06 4.647585937500000e-06 0.000000000000000e+00	4.218750000000000e-01	8168	0	4296
4297	5.298138019547000e+02 4.796292643457000e+02 2.286190426598000e+02	2.167450000000000e-05 1.171600000000000e-06 0.000000000000000e+00	1.000000000000000e+00	8168	0	4297
4303	3.756989174089000e+02 4.134386526639000e+02 3.628894911769000e+02	 9.234382060546876e-05  1.599441899414062e-04 -8.238207832031251e-05	2.373046875000000e-01	8168	0	4303
4307	-1.402191575523000e+02  4.403204971379000e+02 -7.055411413287001e+02	-1.336008853454590e-05  2.314034946441650e-05  2.025038994598389e-05	1.001129150390625e-01	8168	0	4307
4309	 4.449321694523000e+02 -5.301647250582000e+02  2.286190426598000e+02	-1.353190000000000e-05 -8.911000000000000e-07  0.000000000000000e+00	1.000000000000000e+00	8168	0	4309
4310	7.252648637818000e+02 2.212437458416000e+02 1.207411254966000e+02	 1.649472401733399e-05 -2.856970060386658e-05 -2.043932053642273e-05	7.508468627929688e-02	8168	0	4310
4312	6.482283105849000e+02 3.546749700186000e+02 2.286190426598000e+02	 9.606331054687500e-07 -1.663885546875000e-06  2.623854199218750e-06	2.373046875000000e-01	8168	0	4312
4315	6.385477697820000e+02 3.527727873556000e+02 2.286190426598000e+02	-1.756100000000000e-06 -5.893000000000000e-07  0.000000000000000e+00	1.000000000000000e+00	8168	0	4315
4317	6.045499178281000e+02 6.927087513306001e+02 1.469693845670000e+01	 1.912000000000000e-06 -5.905000000000000e-07  0.000000000000000e+00	1.000000000000000e+00	5009	0	4317
4318	 4.321883196736000e+02 -5.511183360496000e+02  7.632149795220000e+01	-2.714860000000000e-05  4.702280000000000e-05 -2.008377000000000e-04	1.000000000000000e+00	8168	0	4318
4319	 5.398080627022000e+02 -7.375211988727000e+02 -6.266939048938000e+02	 8.601390000000000e-05 -1.489805000000000e-04 -4.387980000000000e-04	1.000000000000000e+00	8168	0	4319
4320	-2.176517676742000e+02  5.103115747648000e+02 -6.793251553319001e+02	 2.164259091796875e-05 -3.309536601562500e-05  0.000000000000000e+00	2.373046875000000e-01	8168	0	4320
4321	-1.435546906851000e+02  6.910882722200000e+02 -4.593704197715000e+02	-7.761908000000000e-04  0.000000000000000e+00  6.669955000000000e-04	1.000000000000000e+00	8168	0	4321
4322	-7.035449280169000e+02  6.910882722200000e+02  6.921587815938000e+02	-2.553938000000000e-04  0.000000000000000e+00  2.802486000000000e-04	1.000000000000000e+00	8168	0	4322
0	 5.000000000000000e-01 -8.660254037844386e-01  0.000000000000000e+00	8.660254037844385e-01 5.000000000000000e-01 0.000000000000000e+00	5.632499999999998e+02 3.251925391210567e+02 0.000000000000000e+00	1	0	0.000000000000000e+00	0.000000000000000e+00	0.000000000000000e+00	9.295677616130772e+04
1	5.000000000000000e-01 8.660254037844386e-01 0.000000000000000e+00	0.000000000000000e+00 0.000000000000000e+00 1.000000000000000e+00	0.000000000000000e+00 0.000000000000000e+00 2.286190426597633e+02	1	0	0.000000000000000e+00	0.000000000000000e+00	0.000000000000000e+00	3.549689284129847e+05
3	-5.000000000000000e-01 -8.660254037844386e-01  0.000000000000000e+00	0.000000000000000e+00 0.000000000000000e+00 1.000000000000000e+00	0.000000000000000e+00 0.000000000000000e+00 6.580962442277471e+02	1	0	0.000000000000000e+00	0.000000000000000e+00	0.000000000000000e+00	1.210736514974700e+06
4	-1.000000000000000e+00  0.000000000000000e+00  0.000000000000000e+00	0.000000000000000e+00 0.000000000000000e+00 1.000000000000000e+00	-0.000000000000000e+00 -0.000000000000000e+00 -1.159425144917371e+02	1	0	0.000000000000000e+00	0.000000000000000e+00	0.000000000000000e+00	1.948296655892062e+06
7	-5.000000000000000e-01 -8.660254037844386e-01  0.000000000000000e+00	0.000000000000000e+00 0.000000000000000e+00 1.000000000000000e+00	-0.000000000000000e+00 -0.000000000000000e+00 -1.894272067752324e+02	1	0	0.000000000000000e+00	0.000000000000000e+00	0.000000000000000e+00	1.360977154186946e+06
9	-5.000000000000000e-01 -8.660254037844386e-01  0.000000000000000e+00	 8.660254037844385e-01 -5.000000000000000e-01  0.000000000000000e+00	-1.215000000000000e+02  7.014805770653952e+01 -0.000000000000000e+00	1	0	0.000000000000000e+00	0.000000000000000e+00	0.000000000000000e+00	2.457069813293321e+06
10	-5.000000000000000e-01  8.660254037844386e-01  0.000000000000000e+00	8.660254037844385e-01 5.000000000000000e-01 0.000000000000000e+00	-1.409999999999999e+02 -8.140638795573722e+01 -0.000000000000000e+00	1	0	0.000000000000000e+00	0.000000000000000e+00	0.000000000000000e+00	2.348320872713869e+03
12	1.000000000000000e+00 0.000000000000000e+00 0.000000000000000e+00	 0.000000000000000e+00 -1.000000000000000e+00  0.000000000000000e+00	0.000000000000000e+00 2.381569860407206e+02 0.000000000000000e+00	1	0	0.000000000000000e+00	0.000000000000000e+00	0.000000000000000e+00	2.250000000000000e+06
13	 5.000000000000000e-01 -8.660254037844386e-01  0.000000000000000e+00	0.000000000000000e+00 0.000000000000000e+00 1.000000000000000e+00	0.000000000000000e+00 0.000000000000000e+00 1.518683640525570e+02	1	0	0.000000000000000e+00	0.000000000000000e+00	0.000000000000000e+00	1.230775500933612e+06
15	5.000000000000000e-01 8.660254037844386e-01 0.000000000000000e+00	 8.660254037844385e-01 -5.000000000000000e-01  0.000000000000000e+00	 5.594999999999998e+02 -3.230274756115955e+02  0.000000000000000e+00	1	0	0.000000000000000e+00	0.000000000000000e+00	0.000000000000000e+00	4.855228292284338e+05
18	-5.000000000000000e-01 -8.660254037844386e-01  0.000000000000000e+00	0.000000000000000e+00 0.000000000000000e+00 1.000000000000000e+00	0.000000000000000e+00 0.000000000000000e+00 1.469693845669907e+01	1	0	0.000000000000000e+00	0.000000000000000e+00	0.000000000000000e+00	3.163376867531220e+05
21	-5.000000000000000e-01 -8.660254037844386e-01  0.000000000000000e+00	0.000000000000000e+00 0.000000000000000e+00 1.000000000000000e+00	0.000000000000000e+00 0.000000000000000e+00 3.592584956081994e+02	1	0	0.000000000000000e+00	0.000000000000000e+00	0.000000000000000e+00	1.353232782214895e+03
22	-5.000000000000000e-01 -8.660254037844386e-01  0.000000000000000e+00	 8.660254037844385e-01 -5.000000000000000e-01  0.000000000000000e+00	 1.027500000000000e+02 -5.932274015923404e+01  0.000000000000000e+00	1	0	0.000000000000000e+00	0.000000000000000e+00	0.000000000000000e+00	1.180711455882052e+06
24	5.000000000000000e-01 8.660254037844386e-01 0.000000000000000e+00	 8.660254037844385e-01 -5.000000000000000e-01  0.000000000000000e+00	 7.694999999999998e+02 -4.442710321414170e+02  0.000000000000000e+00	1	0	0.000000000000000e+00	0.000000000000000e+00	0.000000000000000e+00	2.358473087656966e+05
25	-5.000000000000000e-01  8.660254037844386e-01  0.000000000000000e+00	8.660254037844385e-01 5.000000000000000e-01 0.000000000000000e+00	-8.017499999999998e+02 -4.628905783227824e+02 -0.000000000000000e+00	1	0	0.000000000000000e+00	0.000000000000000e+00	0.000000000000000e+00	1.974568915210525e+05
26	1.000000000000000e+00 0.000000000000000e+00 0.000000000000000e+00	0.000000000000000e+00 0.000000000000000e+00 1.000000000000000e+00	0.000000000000000e+00 0.000000000000000e+00 5.829785587823964e+02	1	0	0.000000000000000e+00	0.000000000000000e+00	0.000000000000000e+00	5.171497019746806e+05
27	 5.000000000000000e-01 -8.660254037844386e-01  0.000000000000000e+00	0.000000000000000e+00 0.000000000000000e+00 1.000000000000000e+00	0.000000000000000e+00 0.000000000000000e+00 6.580962442277471e+02	1	0	0.000000000000000e+00	0.000000000000000e+00	0.000000000000000e+00	1.304715704470235e+04
28	1.000000000000000e+00 0.000000000000000e+00 0.000000000000000e+00	0.000000000000000e+00 0.000000000000000e+00 1.000000000000000e+00	0.000000000000000e+00 0.000000000000000e+00 2.286190426597633e+02	1	0	0.000000000000000e+00	0.000000000000000e+00	0.000000000000000e+00	3.909231788211690e+04
29	1.000000000000000e+00 0.000000000000000e+00 0.000000000000000e+00	 0.000000000000000e+00 -1.000000000000000e+00  0.000000000000000e+00	0.000000000000000e+00 5.715767664977295e+01 0.000000000000000e+00	1	0	0.000000000000000e+00	0.000000000000000e+00	0.000000000000000e+00	2.112144366341550e+06
43	5.000000000000000e-01 8.660254037844386e-01 0.000000000000000e+00	 0.000000000000000e+00  0.000000000000000e+00 -1.000000000000000e+00	-0.000000000000000e+00 -0.000000000000000e+00 -1.159425144917371e+02	1	0	0.000000000000000e+00	0.000000000000000e+00	0.000000000000000e+00	2.020755372429791e+03
55	-1.000000000000000e+00  0.000000000000000e+00  0.000000000000000e+00	0.000000000000000e+00 0.000000000000000e+00 1.000000000000000e+00	-0.000000000000000e+00 -0.000000000000000e+00 -4.262112152442729e+02	1	0	0.000000000000000e+00	0.000000000000000e+00	0.000000000000000e+00	5.554945987310032e+04
66	-5.000000000000000e-01 -8.660254037844386e-01  0.000000000000000e+00	0.000000000000000e+00 0.000000000000000e+00 1.000000000000000e+00	0.000000000000000e+00 0.000000000000000e+00 1.077775486824598e+02	1	0	0.000000000000000e+00	0.000000000000000e+00	0.000000000000000e+00	2.115798839077568e+06
76	-1.000000000000000e+00  0.000000000000000e+00  0.000000000000000e+00	0.000000000000000e+00 0.000000000000000e+00 1.000000000000000e+00	0.000000000000000e+00 0.000000000000000e+00 2.286190426597633e+02	1	0	0.000000000000000e+00	0.000000000000000e+00	0.000000000000000e+00	1.016589627024484e+03
106	-1.000000000000000e+00  0.000000000000000e+00  0.000000000000000e+00	 0.000000000000000e+00 -1.000000000000000e+00  0.000000000000000e+00	-0.000000000000000e+00 -5.473280551917652e+02 -0.000000000000000e+00	1	0	0.000000000000000e+00	0.000000000000000e+00	0.000000000000000e+00	7.786776106626086e+03
107	 5.000000000000000e-01 -8.660254037844386e-01  0.000000000000000e+00	0.000000000000000e+00 0.000000000000000e+00 1.000000000000000e+00	0.000000000000000e+00 0.000000000000000e+00 3.804874067123203e+02	1	0	0.000000000000000e+00	0.000000000000000e+00	0.000000000000000e+00	2.155990570233736e+06
108	5.000000000000000e-01 8.660254037844386e-01 0.000000000000000e+00	0.000000000000000e+00 0.000000000000000e+00 1.000000000000000e+00	-0.000000000000000e+00 -0.000000000000000e+00 -4.164132562731402e+02	1	0	0.000000000000000e+00	0.000000000000000e+00	0.000000000000000e+00	1.972090539293142e+06
113	 5.000000000000000e-01 -8.660254037844386e-01  0.000000000000000e+00	0.000000000000000e+00 0.000000000000000e+00 1.000000000000000e+00	-0.000000000000000e+00 -0.000000000000000e+00 -6.793251553318680e+02	1	0	0.000000000000000e+00	0.000000000000000e+00	0.000000000000000e+00	1.258053036598372e+06
208	1.000000000000000e+00 0.000000000000000e+00 0.000000000000000e+00	 0.000000000000000e+00 -1.000000000000000e+00  0.000000000000000e+00	0.000000000000000e+00 3.403479836872843e+02 0.000000000000000e+00	1	0	0.000000000000000e+00	0.000000000000000e+00	0.000000000000000e+00	2.501912862931190e+04
243	 5.000000000000000e-01 -8.660254037844386e-01  0.000000000000000e+00	0.000000000000000e+00 0.000000000000000e+00 1.000000000000000e+00	0.000000000000000e+00 0.000000000000000e+00 3.592584956081994e+02	1	0	0.000000000000000e+00	0.000000000000000e+00	0.000000000000000e+00	0.000000000000000e+00
246	1.000000000000000e+00 0.000000000000000e+00 0.000000000000000e+00	0.000000000000000e+00 0.000000000000000e+00 1.000000000000000e+00	0.000000000000000e+00 0.000000000000000e+00 3.592584956081994e+02	1	0	0.000000000000000e+00	0.000000000000000e+00	0.000000000000000e+00	0.000000000000000e+00
248	1.000000000000000e+00 0.000000000000000e+00 0.000000000000000e+00	0.000000000000000e+00 0.000000000000000e+00 1.000000000000000e+00	0.000000000000000e+00 0.000000000000000e+00 3.592584956081994e+02	1	0	0.000000000000000e+00	0.000000000000000e+00	0.000000000000000e+00	0.000000000000000e+00
297	-1.000000000000000e+00  0.000000000000000e+00  0.000000000000000e+00	0.000000000000000e+00 1.000000000000000e+00 0.000000000000000e+00	0.000000000000000e+00 6.910882722199819e+02 0.000000000000000e+00	1	0	0.000000000000000e+00	0.000000000000000e+00	0.000000000000000e+00	0.000000000000000e+00
319	5.000000000000000e-01 8.660254037844386e-01 0.000000000000000e+00	0.000000000000000e+00 0.000000000000000e+00 1.000000000000000e+00	0.000000000000000e+00 0.000000000000000e+00 3.592584956081994e+02	1	0	0.000000000000000e+00	0.000000000000000e+00	0.000000000000000e+00	1.353232782214895e+03
320	-1.000000000000000e+00  0.000000000000000e+00  0.000000000000000e+00	 0.000000000000000e+00 -1.000000000000000e+00  0.000000000000000e+00	0.000000000000000e+00 6.910882722199819e+02 0.000000000000000e+00	1	0	0.000000000000000e+00	0.000000000000000e+00	0.000000000000000e+00	1.636178129397571e+06
321	-5.000000000000000e-01 -8.660254037844386e-01  0.000000000000000e+00	0.000000000000000e+00 0.000000000000000e+00 1.000000000000000e+00	0.000000000000000e+00 0.000000000000000e+00 3.592584956081994e+02	1	0	0.000000000000000e+00	0.000000000000000e+00	0.000000000000000e+00	5.300852017371693e+05
323	-5.000000000000000e-01 -8.660254037844386e-01  0.000000000000000e+00	 0.000000000000000e+00  0.000000000000000e+00 -1.000000000000000e+00	0.000000000000000e+00 0.000000000000000e+00 1.518683640525570e+02	1	0	0.000000000000000e+00	0.000000000000000e+00	0.000000000000000e+00	3.841131002329770e+01
324	1.000000000000000e+00 0.000000000000000e+00 0.000000000000000e+00	 0.000000000000000e+00  0.000000000000000e+00 -1.000000000000000e+00	0.000000000000000e+00 0.000000000000000e+00 1.518683640525570e+02	1	0	0.000000000000000e+00	0.000000000000000e+00	0.000000000000000e+00	3.841131002329770e+01
325	-1.000000000000000e+00  0.000000000000000e+00  0.000000000000000e+00	 0.000000000000000e+00  0.000000000000000e+00 -1.000000000000000e+00	0.000000000000000e+00 0.000000000000000e+00 1.518683640525570e+02	1	0	0.000000000000000e+00	0.000000000000000e+00	0.000000000000000e+00	3.841131002329770e+01
327	1.000000000000000e+00 0.000000000000000e+00 0.000000000000000e+00	0.000000000000000e+00 0.000000000000000e+00 1.000000000000000e+00	0.000000000000000e+00 0.000000000000000e+00 1.518683640525570e+02	1	0	0.000000000000000e+00	0.000000000000000e+00	0.000000000000000e+00	1.107501646874604e+01
337	 5.000000000000000e-01 -8.660254037844386e-01  0.000000000000000e+00	8.660254037844385e-01 5.000000000000000e-01 0.000000000000000e+00	8.549999999999997e+01 4.936344801571300e+01 0.000000000000000e+00	1	0	0.000000000000000e+00	0.000000000000000e+00	0.000000000000000e+00	2.460564351256635e+05
340	-5.000000000000000e-01 -8.660254037844386e-01  0.000000000000000e+00	0.000000000000000e+00 0.000000000000000e+00 1.000000000000000e+00	0.000000000000000e+00 0.000000000000000e+00 9.471360338761622e+01	1	0	0.000000000000000e+00	0.000000000000000e+00	0.000000000000000e+00	3.982466434997868e+05
2428	-5.000000000000000e-01  8.660254037844386e-01  0.000000000000000e+00	8.660254037844385e-01 5.000000000000000e-01 0.000000000000000e+00	6.397499999999998e+02 3.693598347140630e+02 0.000000000000000e+00	1	0	0.000000000000000e+00	0.000000000000000e+00	0.000000000000000e+00	3.586420904411526e+05
2429	 5.000000000000000e-01 -8.660254037844386e-01  0.000000000000000e+00	 0.000000000000000e+00  0.000000000000000e+00 -1.000000000000000e+00	0.000000000000000e+00 0.000000000000000e+00 2.286190426597633e+02	1	0	0.000000000000000e+00	0.000000000000000e+00	0.000000000000000e+00	3.420926932763293e+04
2432	5.000000000000000e-01 8.660254037844386e-01 0.000000000000000e+00	0.000000000000000e+00 0.000000000000000e+00 1.000000000000000e+00	0.000000000000000e+00 0.000000000000000e+00 2.286190426597633e+02	1	0	0.000000000000000e+00	0.000000000000000e+00	0.000000000000000e+00	2.709043845131164e+03
0	0	1	1
0	246	0	0
0	1	2	1
0	2	681	0
0	112	246	0
0	247	112	0
0	201	143	0
0	143	247	0
0	436	201	0
0	488	436	0
0	535	488	0
0	585	535	0
0	620	585	0
0	681	620	0
1	4	5	1
1	63	4	1
1	5	6	1
1	6	4312	0
1	292	63	0
1	164	113	0
1	113	328	0
1	144	364	0
1	365	144	0
1	505	164	0
1	328	248	0
1	248	365	0
1	367	249	0
1	249	505	0
1	4309	292	0
1	364	4309	0
1	4315	367	0
1	4312	4315	0
3	10	11	1
3	479	10	0
3	11	12	1
3	12	13	1
3	13	479	0
4	15	16	1
4	104	15	1
4	16	17	1
4	17	655	0
4	101	104	0
4	150	101	1
4	571	116	0
4	116	625	0
4	625	150	0
4	374	151	0
4	151	375	0
4	297	209	0
4	209	374	0
4	255	333	0
4	375	255	0
4	465	297	0
4	333	571	0
4	512	465	0
4	589	512	0
4	655	589	0
7	27	28	1
7	301	27	0
7	28	29	1
7	29	30	1
7	30	302	0
7	119	338	0
7	339	119	0
7	155	382	0
7	383	155	0
7	384	156	0
7	156	385	0
7	213	301	0
7	382	213	0
7	302	214	0
7	214	384	0
7	338	260	0
7	260	383	0
7	261	339	0
7	385	261	0
9	36	37	1
9	159	36	1
9	37	38	1
9	38	39	1
9	39	1801	0
9	491	122	0
9	122	507	0
9	521	159	0
9	216	160	0
9	160	497	0
9	455	216	0
9	507	262	0
9	262	521	0
9	263	491	0
9	497	263	0
9	529	455	0
9	616	529	0
9	740	616	0
9	864	740	0
9	1801	864	0
10	41	42	1
10	161	41	1
10	42	162	0
10	123	161	0
10	162	123	0
12	47	48	1
12	50	47	1
12	48	49	1
12	49	50	1
13	52	53	1
13	305	52	0
13	53	54	1
13	54	55	1
13	55	306	0
13	126	342	0
13	343	126	0
13	167	390	0
13	391	167	0
13	392	168	0
13	168	393	0
13	221	305	0
13	390	221	0
13	222	392	0
13	1014	222	0
13	342	268	0
13	268	391	0
13	269	343	0
13	393	269	0
13	306	572	0
13	572	1015	0
13	1015	1014	0
15	59	60	1
15	496	59	0
15	60	61	1
15	61	62	1
15	62	226	0
15	273	128	0
15	128	499	0
15	226	172	0
15	172	273	0
15	4276	496	0
15	499	696	0
15	696	615	0
15	615	4220	0
15	4220	4276	0
18	71	72	1
18	313	71	0
18	72	73	1
18	73	74	1
18	74	4317	0
18	527	131	0
18	131	553	0
18	177	483	0
18	495	177	0
18	231	313	0
18	406	231	0
18	350	278	0
18	278	407	0
18	279	351	0
18	409	279	0
18	314	408	0
18	4317	314	0
18	553	350	0
18	351	527	0
18	483	406	0
18	407	495	0
18	408	409	0
21	352	416	0
21	909	352	0
21	416	444	0
21	444	909	0
22	87	88	1
22	319	87	0
22	88	89	1
22	89	90	1
22	90	531	0
22	137	439	0
22	440	137	0
22	185	441	0
22	442	185	0
22	237	445	0
22	446	237	0
22	447	238	0
22	238	448	0
22	449	286	0
22	286	450	0
22	287	451	0
22	452	287	0
22	445	319	0
22	438	320	0
22	320	447	0
22	439	358	0
22	358	449	0
22	359	440	0
22	451	359	0
22	441	418	0
22	418	446	0
22	419	442	0
22	450	419	0
22	531	438	0
22	444	4234	0
22	4288	444	0
22	448	4303	0
22	3478	452	0
22	1759	487	0
22	487	3478	0
22	4234	1759	0
22	4303	4288	0
24	97	98	1
24	189	97	0
24	98	99	1
24	99	100	1
24	100	190	0
24	139	189	0
24	190	139	0
25	101	102	1
25	104	101	0
25	102	103	1
25	103	104	1
26	105	106	1
26	4287	105	0
26	106	107	1
26	107	428	0
26	141	362	0
26	363	141	0
26	191	426	0
26	427	191	0
26	428	192	0
26	192	429	0
26	241	323	0
26	426	241	0
26	362	290	0
26	290	427	0
26	291	363	0
26	429	291	0
26	323	486	0
26	486	582	0
26	582	660	0
26	660	1081	0
26	1081	4287	0
27	468	10	0
27	10	479	0
27	484	468	0
27	479	729	0
27	501	484	0
27	503	501	0
27	519	503	0
27	537	519	0
27	545	537	0
27	568	545	0
27	583	568	0
27	600	583	0
27	618	600	0
27	631	618	0
27	664	631	0
27	689	664	0
27	703	689	0
27	710	703	0
27	4250	710	0
27	715	714	0
27	714	4250	0
27	717	715	0
27	720	717	0
27	729	720	0
28	6	4214	0
28	4312	6	0
28	487	3478	0
28	4235	487	0
28	3478	4236	0
28	4214	4235	0
28	4236	4296	0
28	4296	4315	0
28	4315	4312	0
29	10	44	1
29	479	10	0
29	45	13	1
29	13	479	0
29	44	45	1
43	101	104	0
43	560	101	0
43	104	4128	0
43	540	560	0
43	4128	540	0
55	7	8	1
55	204	7	0
55	8	205	1
55	114	250	0
55	251	114	0
55	146	204	0
55	250	146	0
55	205	147	0
55	147	251	0
66	23	24	1
66	378	23	0
66	24	25	1
66	25	26	1
66	26	300	0
66	118	547	0
66	566	118	0
66	153	378	0
66	379	153	0
66	380	154	0
66	154	381	0
66	300	212	0
66	212	380	0
66	258	379	0
66	611	258	0
66	538	259	0
66	259	567	0
66	547	336	0
66	336	611	0
66	337	566	0
66	567	337	0
66	381	538	0
76	292	63	0
76	63	627	0
76	627	292	0
106	708	615	0
106	615	4220	0
106	865	708	0
106	1012	865	0
106	1705	1012	0
106	4220	1705	0
107	92	93	1
107	187	92	1
107	93	94	1
107	94	95	1
107	95	1002	0
107	424	187	0
107	322	424	0
107	490	322	0
107	595	490	0
107	733	595	0
107	747	733	0
107	771	747	0
107	1002	771	0
108	18	19	1
108	298	18	0
108	19	20	1
108	20	21	1
108	21	22	1
108	22	108	0
108	108	243	0
108	117	334	0
108	335	117	0
108	152	376	0
108	377	152	0
108	430	193	0
108	193	431	0
108	210	298	0
108	376	210	0
108	243	430	0
108	334	256	0
108	256	377	0
108	257	335	0
108	431	257	0
113	67	68	1
113	745	67	1
113	68	277	1
113	130	403	0
113	755	130	0
113	402	229	0
113	229	718	0
113	277	349	0
113	349	4320	0
113	403	402	0
113	718	745	0
113	4320	755	0
208	56	57	1
208	307	56	0
208	57	66	1
208	66	828	0
208	127	344	0
208	828	127	0
208	169	394	0
208	395	169	0
208	223	307	0
208	394	223	0
208	344	270	0
208	270	395	0
243	416	352	0
243	352	909	0
243	909	416	0
246	352	416	0
246	909	352	0
246	416	909	0
248	416	352	0
248	352	909	0
248	909	416	0
297	416	352	0
297	352	909	0
297	909	416	0
319	416	444	0
319	909	416	0
319	444	909	0
320	75	76	1
320	776	75	0
320	76	77	1
320	77	78	1
320	78	4322	0
320	108	194	0
320	432	108	0
320	132	179	0
320	746	132	0
320	133	306	0
320	630	133	0
320	179	523	0
320	194	4321	0
320	1396	195	0
320	195	4273	0
320	315	233	0
320	233	1003	0
320	572	281	0
320	281	602	0
320	306	572	0
320	530	315	0
320	352	1000	0
320	1003	352	0
320	4225	432	0
320	602	433	0
320	433	1396	0
320	523	598	0
320	610	530	0
320	598	639	0
320	688	610	0
320	712	630	0
320	639	722	0
320	737	688	0
320	1000	712	0
320	722	776	0
320	4322	737	0
320	4321	746	0
320	4213	4258	0
320	4273	4213	0
320	4258	4225	0
321	83	84	1
321	453	83	0
321	84	85	1
321	85	444	1
321	136	460	0
321	4264	136	0
321	183	646	0
321	647	183	0
321	235	459	0
321	471	235	0
321	356	284	0
321	284	707	0
321	317	453	0
321	459	317	0
321	460	356	0
321	414	471	0
321	646	414	0
321	415	647	0
321	707	415	0
321	444	4288	0
321	4288	4264	0
323	572	306	0
323	306	1015	0
323	1015	572	0
324	572	306	0
324	306	1015	0
324	1015	572	0
325	572	306	0
325	306	1015	0
325	1015	572	0
327	1015	572	0
327	572	1020	0
327	1020	1015	0
337	63	65	1
337	292	63	0
337	65	66	1
337	66	805	0
337	174	401	0
337	728	174	0
337	228	400	0
337	4319	228	0
337	274	292	0
337	4318	274	0
337	349	277	0
337	277	4319	0
337	4307	349	0
337	400	728	0
337	401	615	0
337	615	4220	0
337	805	4307	0
337	4220	4270	0
337	4270	4318	0
340	80	34	1
340	34	434	0
340	79	80	1
340	494	79	0
340	134	354	0
340	355	134	0
340	181	412	0
340	413	181	0
340	198	388	0
340	434	198	0
340	234	316	0
340	412	234	0
340	354	282	0
340	282	413	0
340	283	355	0
340	388	283	0
340	316	494	0
2428	6	32	1
2428	4312	6	0
2428	32	33	1
2428	33	34	1
2428	34	4310	0
2428	4310	1011	0
2428	1011	4312	0
2429	3478	487	0
2429	487	4235	0
2429	4236	3478	0
2429	4235	4292	0
2429	4297	4236	0
2429	4292	4240	0
2429	4240	4297	0
2432	4236	3478	0
2432	3478	4245	0
2432	4244	4236	0
2432	4275	4244	0
2432	4245	4275	0
