457
44
522
0	 7.500000000000000e+02  1.732050807600000e+00 -5.817166314162000e+02	 8.500000000000001e-08 -1.471000000000000e-07 -2.789200000000000e-06	1.000000000000000e+00	0	1	0
1	 7.500000000000000e+02  1.732050807600000e+00 -7.500000000000000e+02	0.000000000000000e+00 0.000000000000000e+00 0.000000000000000e+00	1.000000000000000e+00	0	1	1
2	 3.179872981078000e+02  7.500000000000000e+02 -7.500000000000000e+02	-2.614003940000000e-02  4.527587630000000e-02  0.000000000000000e+00	1.000000000000000e+00	0	1	2
4	 7.500000000000000e+02 -7.500000000000000e+02  2.286190426598000e+02	0.000000000000000e+00 0.000000000000000e+00 0.000000000000000e+00	1.000000000000000e+00	8087	1	4
5	7.500000000000000e+02 7.500000000000000e+02 2.286190426598000e+02	0.000000000000000e+00 0.000000000000000e+00 0.000000000000000e+00	1.000000000000000e+00	8087	1	5
6	4.199872981078000e+02 7.500000000000000e+02 2.286190426598000e+02	0.000000000000000e+00 0.000000000000000e+00 0.000000000000000e+00	7.500000000000000e-01	8087	1	6
7	 7.500000000000000e+02  6.208672231812001e+02 -4.262112152443000e+02	5.480000000000000e-08 3.840000000000000e-07 0.000000000000000e+00	1.000000000000000e+00	646	1	7
8	 7.500000000000000e+02  7.500000000000000e+02 -4.262112152443000e+02	0.000000000000000e+00 0.000000000000000e+00 0.000000000000000e+00	1.000000000000000e+00	646	1	8
10	-7.500000000000000e+02  5.715767664980000e+01  6.580962442277000e+02	0.000000000000000e+00 0.000000000000000e+00 0.000000000000000e+00	1.000000000000000e+00	1105	1	10
11	-7.500000000000000e+02 -7.500000000000000e+02  6.580962442277000e+02	0.000000000000000e+00 0.000000000000000e+00 0.000000000000000e+00	1.000000000000000e+00	1105	1	11
12	 7.500000000000000e+02 -7.500000000000000e+02  6.580962442277000e+02	0.000000000000000e+00 0.000000000000000e+00 0.000000000000000e+00	1.000000000000000e+00	1105	1	12
13	7.500000000000000e+02 5.715767664980000e+01 6.580962442277000e+02	0.000000000000000e+00 0.000000000000000e+00 0.000000000000000e+00	4.218750000000000e-01	1105	1	13
15	 7.500000000000000e+02 -7.500000000000000e+02 -1.159425144917000e+02	0.000000000000000e+00 0.000000000000000e+00 0.000000000000000e+00	1.000000000000000e+00	661	1	15
16	 7.500000000000000e+02  7.500000000000000e+02 -1.159425144917000e+02	0.000000000000000e+00 0.000000000000000e+00 0.000000000000000e+00	1.000000000000000e+00	661	1	16
17	 2.535352468465000e+02  7.500000000000000e+02 -1.159425144917000e+02	 1.330700000000000e-05 -2.829430000000000e-05  0.000000000000000e+00	1.000000000000000e+00	661	1	17
18	-7.500000000000000e+02 -9.511878213730000e+01 -4.164132562731000e+02	 7.521000000000001e-07 -6.226000000000000e-07  0.000000000000000e+00	1.000000000000000e+00	8087	1	18
19	-7.500000000000000e+02 -7.500000000000000e+02 -4.164132562731000e+02	0.000000000000000e+00 0.000000000000000e+00 0.000000000000000e+00	1.000000000000000e+00	8087	1	19
20	 7.500000000000000e+02 -7.500000000000000e+02 -4.164132562731000e+02	0.000000000000000e+00 0.000000000000000e+00 0.000000000000000e+00	1.000000000000000e+00	8087	1	20
21	 7.500000000000000e+02  7.500000000000000e+02 -4.164132562731000e+02	0.000000000000000e+00 0.000000000000000e+00 0.000000000000000e+00	1.000000000000000e+00	8087	1	21
22	-2.070459564495000e+02  7.500000000000000e+02 -4.164132562731000e+02	-2.231246408203125e-04  0.000000000000000e+00  0.000000000000000e+00	2.373046875000000e-01	8087	1	22
23	-6.620445356476000e+02 -7.500000000000000e+02  1.077775486825000e+02	-1.151454000000000e-04  1.967530000000000e-05  0.000000000000000e+00	1.000000000000000e+00	23	1	23
24	 7.500000000000000e+02 -7.500000000000000e+02  1.077775486825000e+02	0.000000000000000e+00 0.000000000000000e+00 0.000000000000000e+00	1.000000000000000e+00	23	1	24
25	7.500000000000000e+02 7.500000000000000e+02 1.077775486825000e+02	0.000000000000000e+00 0.000000000000000e+00 0.000000000000000e+00	1.000000000000000e+00	23	1	25
26	-6.111301184523001e+02  7.500000000000000e+02  1.077775486825000e+02	 6.902700000000000e-06 -9.233000000000000e-07  0.000000000000000e+00	1.000000000000000e+00	23	1	26
27	-7.365026859501000e+02 -7.500000000000000e+02 -1.894272067752000e+02	 3.061000000000000e-07 -2.357000000000000e-07  0.000000000000000e+00	1.000000000000000e+00	27	1	27
28	 7.500000000000000e+02 -7.500000000000000e+02 -1.894272067752000e+02	0.000000000000000e+00 0.000000000000000e+00 0.000000000000000e+00	1.000000000000000e+00	27	1	28
29	 7.500000000000000e+02  7.500000000000000e+02 -1.894272067752000e+02	0.000000000000000e+00 0.000000000000000e+00 0.000000000000000e+00	1.000000000000000e+00	27	1	29
30	 4.223537480508000e+02  7.500000000000000e+02 -1.894272067752000e+02	-1.728000000000000e-07  1.334000000000000e-07  0.000000000000000e+00	1.000000000000000e+00	27	1	30
32	4.199872981078000e+02 7.500000000000000e+02 7.500000000000000e+02	0.000000000000000e+00 0.000000000000000e+00 0.000000000000000e+00	1.000000000000000e+00	8087	1	32
33	7.500000000000000e+02 1.784012331796000e+02 7.500000000000000e+02	0.000000000000000e+00 0.000000000000000e+00 0.000000000000000e+00	1.000000000000000e+00	8087	1	33
34	7.500000000000000e+02 1.784012331796000e+02 9.471360338760000e+01	 0.000000000000000e+00 -0.000000000000000e+00  0.000000000000000e+00	7.500000000000000e-01	8087	1	34
36	-5.950127018922000e+02 -7.500000000000000e+02 -7.500000000000000e+02	0.000000000000000e+00 0.000000000000000e+00 0.000000000000000e+00	1.000000000000000e+00	491	1	36
37	 2.710127018922000e+02  7.500000000000000e+02 -7.500000000000000e+02	0.000000000000000e+00 0.000000000000000e+00 0.000000000000000e+00	1.000000000000000e+00	491	1	37
38	2.710127018922000e+02 7.500000000000000e+02 7.500000000000000e+02	0.000000000000000e+00 0.000000000000000e+00 0.000000000000000e+00	1.000000000000000e+00	491	1	38
39	-2.112083128412000e+02 -8.523129799570000e+01  7.500000000000000e+02	 2.249600000000000e-06  3.896400000000001e-06 -2.107130000000000e-05	1.000000000000000e+00	491	1	39
41	 2.450127018922000e+02 -7.500000000000000e+02  7.500000000000000e+02	0.000000000000000e+00 0.000000000000000e+00 0.000000000000000e+00	1.000000000000000e+00	729	1	41
42	 2.450127018922000e+02 -7.500000000000000e+02  7.354291340639001e+02	 2.500000000000000e-09 -4.300000000000000e-09  1.264000000000000e-07	1.000000000000000e+00	729	1	42
44	-7.500000000000000e+02  5.715767664980000e+01 -7.500000000000000e+02	0.000000000000000e+00 0.000000000000000e+00 0.000000000000000e+00	1.000000000000000e+00	1105	1	44
45	 7.500000000000000e+02  5.715767664980000e+01 -7.500000000000000e+02	0.000000000000000e+00 0.000000000000000e+00 0.000000000000000e+00	1.000000000000000e+00	1105	1	45
47	-7.500000000000000e+02  2.381569860407000e+02  7.500000000000000e+02	0.000000000000000e+00 0.000000000000000e+00 0.000000000000000e+00	1.000000000000000e+00	1074	1	47
48	-7.500000000000000e+02  2.381569860407000e+02 -7.500000000000000e+02	0.000000000000000e+00 0.000000000000000e+00 0.000000000000000e+00	1.000000000000000e+00	1074	1	48
49	 7.500000000000000e+02  2.381569860407000e+02 -7.500000000000000e+02	0.000000000000000e+00 0.000000000000000e+00 0.000000000000000e+00	1.000000000000000e+00	1074	1	49
50	7.500000000000000e+02 2.381569860407000e+02 7.500000000000000e+02	0.000000000000000e+00 0.000000000000000e+00 0.000000000000000e+00	1.000000000000000e+00	1074	1	50
52	 2.614584161916000e+02 -7.500000000000000e+02  1.518683640526000e+02	3.428000000000000e-07 1.737000000000000e-07 0.000000000000000e+00	1.000000000000000e+00	8087	1	52
53	 7.500000000000000e+02 -7.500000000000000e+02  1.518683640526000e+02	0.000000000000000e+00 0.000000000000000e+00 0.000000000000000e+00	1.000000000000000e+00	8087	1	53
54	7.500000000000000e+02 7.500000000000000e+02 1.518683640526000e+02	0.000000000000000e+00 0.000000000000000e+00 0.000000000000000e+00	1.000000000000000e+00	8087	1	54
55	-3.657094893167000e+02  7.500000000000000e+02  1.518683640526000e+02	-1.911240087890625e-06 -4.552512451171875e-07  0.000000000000000e+00	1.779785156250000e-01	8087	1	55
56	-7.500000000000000e+02  3.403479836873000e+02 -6.864949979099000e+02	-6.970000000000001e-08  0.000000000000000e+00 -2.205000000000000e-06	1.000000000000000e+00	8087	1	56
57	-7.500000000000000e+02  3.403479836873000e+02 -7.500000000000000e+02	0.000000000000000e+00 0.000000000000000e+00 0.000000000000000e+00	1.000000000000000e+00	8087	1	57
59	 3.129872981078000e+02 -7.500000000000000e+02  9.287827975800001e+00	-4.000000000000000e-10 -7.000000000000001e-10 -2.510000000000000e-08	1.000000000000000e+00	8087	1	59
60	 3.129872981078000e+02 -7.500000000000000e+02 -7.500000000000000e+02	0.000000000000000e+00 0.000000000000000e+00 0.000000000000000e+00	1.000000000000000e+00	8087	1	60
61	 7.500000000000000e+02  6.928203230300000e+00 -7.500000000000000e+02	0.000000000000000e+00 0.000000000000000e+00 0.000000000000000e+00	1.000000000000000e+00	8087	1	61
62	 7.500000000000000e+02  6.928203230300000e+00 -2.815705662452000e+02	1.165000000000000e-07 2.018000000000000e-07 1.579380000000000e-05	1.000000000000000e+00	8087	1	62
63	 5.470127018922000e+02 -7.500000000000000e+02  2.286190426598000e+02	-0.000000000000000e+00 -0.000000000000000e+00  0.000000000000000e+00	1.000000000000000e+00	8087	1	63
65	 5.470127018922000e+02 -7.500000000000000e+02 -7.500000000000000e+02	0.000000000000000e+00 0.000000000000000e+00 0.000000000000000e+00	1.000000000000000e+00	8087	1	65
66	-8.250000000000000e+01  3.403479836873000e+02 -7.500000000000000e+02	0.000000000000000e+00 0.000000000000000e+00 0.000000000000000e+00	7.500000000000000e-01	8087	1	66
67	-7.500000000000000e+02  7.500000000000000e+02 -6.793251553319001e+02	0.000000000000000e+00 1.482983815000000e-01 0.000000000000000e+00	1.000000000000000e+00	8087	1	67
68	-7.500000000000000e+02 -7.500000000000000e+02 -6.793251553319001e+02	0.000000000000000e+00 0.000000000000000e+00 0.000000000000000e+00	1.000000000000000e+00	8087	1	68
71	 4.479676570098000e+02 -7.500000000000000e+02  1.469693845670000e+01	-7.580200000000000e-06  1.893000000000000e-06  0.000000000000000e+00	1.000000000000000e+00	5009	1	71
72	 7.500000000000000e+02 -7.500000000000000e+02  1.469693845670000e+01	0.000000000000000e+00 0.000000000000000e+00 0.000000000000000e+00	1.000000000000000e+00	5009	1	72
73	7.500000000000000e+02 7.500000000000000e+02 1.469693845670000e+01	0.000000000000000e+00 0.000000000000000e+00 0.000000000000000e+00	1.000000000000000e+00	5009	1	73
74	6.066363921233000e+02 7.500000000000000e+02 1.469693845670000e+01	 9.878600000000000e-05 -3.167860000000000e-05  0.000000000000000e+00	1.000000000000000e+00	5009	1	74
75	 3.130911787809000e+02  6.910882722200000e+02 -7.500000000000000e+02	1.230000000000000e-07 0.000000000000000e+00 3.505000000000000e-07	1.000000000000000e+00	8087	1	75
76	 7.500000000000000e+02  6.910882722200000e+02 -7.500000000000000e+02	0.000000000000000e+00 0.000000000000000e+00 0.000000000000000e+00	1.000000000000000e+00	8087	1	76
77	7.500000000000000e+02 6.910882722200000e+02 7.500000000000000e+02	0.000000000000000e+00 0.000000000000000e+00 0.000000000000000e+00	1.000000000000000e+00	8087	1	77
78	-7.500000000000000e+02  6.910882722200000e+02  7.500000000000000e+02	-6.555142540000000e-02  0.000000000000000e+00  0.000000000000000e+00	1.000000000000000e+00	8087	1	78
79	-5.409296599350000e+01 -7.500000000000000e+02  9.471360338760000e+01	 4.740500000000000e-06 -4.654700000000001e-06  0.000000000000000e+00	1.000000000000000e+00	8087	1	79
80	 7.500000000000000e+02 -7.500000000000000e+02  9.471360338760000e+01	0.000000000000000e+00 0.000000000000000e+00 0.000000000000000e+00	1.000000000000000e+00	8087	1	80
83	 3.214557373107000e+02 -7.500000000000000e+02  3.592584956082000e+02	-3.017300000000000e-06  5.177000000000000e-07  0.000000000000000e+00	1.000000000000000e+00	8087	1	83
84	 7.500000000000000e+02 -7.500000000000000e+02  3.592584956082000e+02	0.000000000000000e+00 0.000000000000000e+00 0.000000000000000e+00	1.000000000000000e+00	8087	1	84
85	7.500000000000000e+02 7.500000000000000e+02 3.592584956082000e+02	0.000000000000000e+00 0.000000000000000e+00 0.000000000000000e+00	1.000000000000000e+00	8087	1	85
87	-2.960127018922000e+02 -7.500000000000000e+02 -4.866421637260000e+02	-2.410000000000000e-08 -4.170000000000000e-08  4.814000000000001e-07	1.000000000000000e+00	8087	1	87
88	-2.960127018922000e+02 -7.500000000000000e+02 -7.500000000000000e+02	0.000000000000000e+00 0.000000000000000e+00 0.000000000000000e+00	1.000000000000000e+00	8087	1	88
89	 5.700127018922000e+02  7.500000000000000e+02 -7.500000000000000e+02	0.000000000000000e+00 0.000000000000000e+00 0.000000000000000e+00	1.000000000000000e+00	8087	1	89
90	5.700127018922000e+02 7.500000000000000e+02 5.766613173164001e+02	 0.000000000000000e+00 -0.000000000000000e+00 -4.287414000000000e-04	1.000000000000000e+00	8087	1	90
92	-7.500000000000000e+02  7.500000000000000e+02  3.804874067123000e+02	0.000000000000000e+00 0.000000000000000e+00 0.000000000000000e+00	1.000000000000000e+00	8006	1	92
93	-7.500000000000000e+02 -7.500000000000000e+02  3.804874067123000e+02	0.000000000000000e+00 0.000000000000000e+00 0.000000000000000e+00	1.000000000000000e+00	8006	1	93
94	 7.500000000000000e+02 -7.500000000000000e+02  3.804874067123000e+02	0.000000000000000e+00 0.000000000000000e+00 0.000000000000000e+00	1.000000000000000e+00	8006	1	94
95	7.500000000000000e+02 2.973458227045000e+02 3.804874067123000e+02	-1.030540000000000e-05 -1.061260000000000e-05  0.000000000000000e+00	1.000000000000000e+00	8006	1	95
97	 5.929872981078000e+02 -7.500000000000000e+02 -1.596779252360000e+01	 4.400000000000001e-09  7.699999999999999e-09 -9.270000000000000e-08	1.000000000000000e+00	97	1	97
98	 5.929872981078000e+02 -7.500000000000000e+02 -7.500000000000000e+02	0.000000000000000e+00 0.000000000000000e+00 0.000000000000000e+00	1.000000000000000e+00	97	1	98
99	 7.500000000000000e+02 -4.780460228890000e+02 -7.500000000000000e+02	0.000000000000000e+00 0.000000000000000e+00 0.000000000000000e+00	1.000000000000000e+00	97	1	99
100	 7.500000000000000e+02 -4.780460228890000e+02  1.927684956000000e+01	 4.360000000000000e-08  7.560000000000000e-08 -8.977000000000000e-07	1.000000000000000e+00	97	1	100
101	-7.500000000000000e+02 -5.525242076145000e+02 -1.159425144917000e+02	-0.000000000000000e+00 -0.000000000000000e+00  0.000000000000000e+00	1.779785156250000e-01	661	1	101
102	-7.500000000000000e+02 -5.525242076145000e+02  7.500000000000000e+02	0.000000000000000e+00 0.000000000000000e+00 0.000000000000000e+00	1.000000000000000e+00	661	1	102
103	-6.359872981078000e+02 -7.500000000000000e+02  7.500000000000000e+02	0.000000000000000e+00 0.000000000000000e+00 0.000000000000000e+00	1.000000000000000e+00	661	1	103
104	-6.359872981078000e+02 -7.500000000000000e+02 -1.159425144917000e+02	0.000000000000000e+00 0.000000000000000e+00 0.000000000000000e+00	7.500000000000000e-01	661	1	104
105	-6.305875775060000e+02 -7.500000000000000e+02  5.829785587824000e+02	-1.240162000000000e-04  0.000000000000000e+00  0.000000000000000e+00	1.000000000000000e+00	105	1	105
106	 7.500000000000000e+02 -7.500000000000000e+02  5.829785587824000e+02	0.000000000000000e+00 0.000000000000000e+00 0.000000000000000e+00	1.000000000000000e+00	105	1	106
107	7.500000000000000e+02 2.399970345370000e+01 5.829785587824000e+02	 4.534800000000000e-06 -1.046440000000000e-05  0.000000000000000e+00	1.000000000000000e+00	105	1	107
108	-2.079596646577000e+02  6.910882722200000e+02 -4.164132562731000e+02	-2.498579789062500e-04  0.000000000000000e+00  0.000000000000000e+00	3.164062500000000e-01	8087	0	108
112	 6.715756634723000e+02  1.375669862234000e+02 -5.933026405755000e+02	 1.070000000000000e-07 -1.854000000000000e-07 -2.367700000000000e-06	1.000000000000000e+00	0	0	112
113	 5.125215025006000e+02 -6.077501889200001e+00  2.286190426598000e+02	-1.489820000000000e-05  1.811500000000000e-06  0.000000000000000e+00	1.000000000000000e+00	8087	0	113
114	 2.990307025270000e+02  6.853843458290000e+02 -4.262112152443000e+02	-5.600000000000001e-09 -3.760000000000000e-08  0.000000000000000e+00	1.000000000000000e+00	646	0	114
116	-5.789334303635001e+02  1.414400116474000e+02 -1.159425144917000e+02	-9.593800000000000e-06 -5.683300000000000e-06  0.000000000000000e+00	1.000000000000000e+00	661	0	116
117	-4.256792277865000e+02  2.978910790841000e+02 -4.164132562731000e+02	 5.527000000000000e-07 -4.541000000000000e-07  0.000000000000000e+00	1.000000000000000e+00	8087	0	117
118	-6.500459977697001e+02 -1.588670701382000e+02  1.077775486825000e+02	-8.229070000000001e-05 -1.103300000000000e-06  0.000000000000000e+00	1.000000000000000e+00	23	0	118
119	-1.572319061849000e+02  9.826231560000000e-02 -1.894272067752000e+02	-2.791000000000000e-07  2.158000000000000e-07  0.000000000000000e+00	1.000000000000000e+00	27	0	119
122	-5.465764282301000e+02 -6.661059130879000e+02  3.777147679137000e+02	 4.459000000000000e-07  7.724000000000000e-07 -1.802490000000000e-05	1.000000000000000e+00	491	0	122
123	 1.456001487142000e+02 -5.778124069855000e+02  7.443529820934000e+02	 4.000000000000000e-09 -6.900000000000001e-09  1.518000000000000e-07	1.000000000000000e+00	729	0	123
126	-7.302142093240001e+01 -1.482452510000000e-02  1.518683640526000e+02	-9.010000000000001e-08 -3.920000000000000e-08  0.000000000000000e+00	1.000000000000000e+00	8087	0	126
127	-2.079593560454000e+02  3.403479836873000e+02 -7.341419952165000e+02	5.154000000000000e-07 0.000000000000000e+00 7.339000000000000e-07	1.000000000000000e+00	8087	0	127
128	 5.325460231518000e+02 -3.697131329786000e+02 -2.714663058459000e+02	6.980000000000000e-08 1.209000000000000e-07 4.105700000000000e-06	1.000000000000000e+00	8087	0	128
130	-3.337891563845000e+02  5.818457436150001e+02 -6.793251553319001e+02	-5.263500000000001e-06 -1.071490000000000e-05  0.000000000000000e+00	1.000000000000000e+00	8087	0	130
131	5.377585117832000e+02 1.495903365449000e+02 1.469693845670000e+01	8.191390000000001e-05 5.847000000000000e-07 0.000000000000000e+00	1.000000000000000e+00	5009	0	131
132	-4.649773298570000e+01  6.910882722200000e+02 -5.578150882917000e+02	-2.216520000000000e-05  0.000000000000000e+00 -3.656480000000000e-05	1.000000000000000e+00	8087	0	132
133	-3.448088054429000e+02  6.910882722200000e+02  1.560072475635000e+02	 1.010559375000000e-06  0.000000000000000e+00 -7.870921875000000e-07	4.218750000000000e-01	8087	0	133
134	 3.688754416023000e+02 -1.686456854189000e+02  9.471360338760000e+01	 4.782400000000000e-06 -3.590700000000000e-06  0.000000000000000e+00	1.000000000000000e+00	8087	0	134
136	3.773636952137000e+02 2.346000439573000e+02 3.592584956082000e+02	1.053063000000000e-04 3.966300000000000e-06 0.000000000000000e+00	1.000000000000000e+00	8087	0	136
137	 1.595001482728000e+02  3.897139998630000e+01 -7.425712637200000e+01	-3.919100000000000e-06 -6.788100000000000e-06  4.113300000000000e-06	1.000000000000000e+00	8087	0	137
139	 6.777171555865000e+02 -6.032435819288000e+02  3.072258246800000e+00	 1.461000000000000e-07  2.531000000000000e-07 -2.328700000000000e-06	1.000000000000000e+00	97	0	139
141	 2.408213549045000e+02 -2.627717716891000e+02  5.829785587824000e+02	 1.228630000000000e-05 -2.158890000000000e-05  0.000000000000000e+00	1.000000000000000e+00	105	0	141
143	 5.701614239737000e+02  3.132216016460000e+02 -6.184018999753000e+02	 1.200000000000000e-07 -2.079000000000000e-07 -1.592200000000000e-06	1.000000000000000e+00	0	0	143
144	 4.797396280380000e+02 -3.764066090048000e+02  2.286190426598000e+02	-5.093530000000000e-05  3.916200000000000e-06  0.000000000000000e+00	1.000000000000000e+00	8087	0	144
146	 5.245224233943001e+02  6.530846400275000e+02 -4.262112152443000e+02	1.380000000000000e-08 9.650000000000000e-08 0.000000000000000e+00	1.000000000000000e+00	646	0	146
147	 7.252714676590000e+01  7.227400863694000e+02 -4.262112152443000e+02	2.122000000000000e-07 8.369000000000000e-07 0.000000000000000e+00	1.000000000000000e+00	646	0	147
150	-7.500000000000000e+02 -2.080382924114000e+02 -1.159425144917000e+02	 2.316920000000000e-05 -2.128000000000000e-06  0.000000000000000e+00	1.000000000000000e+00	661	1	150
151	-2.365639615237000e+02  4.506029382001000e+02 -1.159425144917000e+02	 1.470500000000000e-06 -1.755100000000000e-06  0.000000000000000e+00	1.000000000000000e+00	661	0	151
152	-5.877230101250000e+02  1.014332222737000e+02 -4.164132562731000e+02	 5.300000000000000e-07 -4.373000000000000e-07  0.000000000000000e+00	1.000000000000000e+00	8087	0	152
153	-6.458540344050000e+02 -6.148800719972000e+02  1.077775486825000e+02	-1.263079000000000e-04  7.081000000000000e-07  0.000000000000000e+00	1.000000000000000e+00	23	0	153
154	-6.428111179242001e+02  3.323162489455000e+02  1.077775486825000e+02	-3.480110000000000e-05  1.442700000000000e-06  0.000000000000000e+00	1.000000000000000e+00	23	0	154
155	-4.469966272742000e+02 -3.749010500457000e+02 -1.894272067752000e+02	-2.483000000000000e-07  1.917000000000000e-07  0.000000000000000e+00	1.000000000000000e+00	27	0	155
156	 1.326030882234000e+02  3.750431656732000e+02 -1.894272067752000e+02	-1.361000000000000e-07  1.052000000000000e-07  0.000000000000000e+00	1.000000000000000e+00	27	0	156
159	-5.950127018922000e+02 -7.500000000000000e+02  2.322909134973000e+02	-1.022410000000000e-05 -1.770860000000000e-05  3.399600000000000e-06	1.000000000000000e+00	491	1	159
160	-4.479294796100000e+02 -4.952443860662000e+02  5.388341801916000e+02	 6.420700000000000e-06  1.112100000000000e-05 -1.741740000000000e-05	1.000000000000000e+00	491	0	160
161	 9.393092020710000e+01 -4.883186780234000e+02  7.500000000000000e+02	 4.100000000000000e-09 -7.100000000000000e-09  1.502000000000000e-07	1.000000000000000e+00	729	1	161
162	 1.965556468663000e+02 -6.660699187099000e+02  7.392015043785000e+02	 2.900000000000000e-09 -5.000000000000000e-09  1.275000000000000e-07	1.000000000000000e+00	729	0	162
164	5.216312439443000e+02 5.460173055560000e+01 2.286190426598000e+02	-8.811900000000001e-06  1.305500000000000e-06  0.000000000000000e+00	1.000000000000000e+00	8087	0	164
167	 9.020232821290000e+01 -3.750705834174000e+02  1.518683640526000e+02	-3.304000000000000e-07 -1.440000000000000e-07  0.000000000000000e+00	1.000000000000000e+00	8087	0	167
168	-2.362259661735000e+02  3.750086010739000e+02  1.518683640526000e+02	6.190000000000001e-08 2.700000000000000e-08 0.000000000000000e+00	1.000000000000000e+00	8087	0	168
169	-4.953532381092000e+02  3.403479836873000e+02 -7.008166551430000e+02	-1.902000000000000e-07  0.000000000000000e+00 -2.235700000000000e-06	1.000000000000000e+00	8087	0	169
172	 6.453155404279000e+02 -1.743905995115000e+02 -2.779227324685000e+02	1.323000000000000e-07 2.292000000000000e-07 1.185690000000000e-05	1.000000000000000e+00	8087	0	172
174	 4.517741713650000e+02 -5.850420262886000e+02 -3.041554351015000e+02	-1.285620000000000e-05  2.226750000000000e-05  2.841120000000000e-05	1.000000000000000e+00	8087	0	174
177	 5.147836925711000e+02 -3.055293359447000e+02  1.469693845670000e+01	 3.051240000000000e-05 -3.149000000000000e-06  0.000000000000000e+00	1.000000000000000e+00	5009	0	177
179	 7.014205419100001e+00  6.910882722200000e+02 -6.018254879670001e+02	-5.185900000000001e-06  0.000000000000000e+00 -2.837900000000000e-06	1.000000000000000e+00	8087	0	179
181	 2.145938067366000e+02 -4.510070099816000e+02  9.471360338760000e+01	 1.547000000000000e-07 -7.720000000000000e-08  0.000000000000000e+00	1.000000000000000e+00	8087	0	181
183	 3.616197608448000e+02 -2.771503929692000e+02  3.592584956082000e+02	 4.881060000000000e-05 -1.819800000000000e-06  0.000000000000000e+00	1.000000000000000e+00	8087	0	183
185	-8.231866631590000e+01 -3.798710731073000e+02 -3.826968871369000e+02	 1.591500000000000e-06  2.756600000000000e-06 -8.213000000000001e-06	1.000000000000000e+00	8087	0	185
187	4.253827148760000e+02 7.500000000000000e+02 3.804874067123000e+02	-2.354000000000000e-07 -7.200000000000000e-08  0.000000000000000e+00	1.000000000000000e+00	8006	1	187
189	 6.312560069893000e+02 -6.837166518771000e+02 -8.627240471600000e+00	 1.593000000000000e-07  2.759000000000000e-07 -2.552500000000000e-06	1.000000000000000e+00	97	0	189
190	 7.226770489103001e+02 -5.253707623891000e+02  1.396519648460000e+01	 8.840000000000000e-08  1.531000000000000e-07 -1.476600000000000e-06	1.000000000000000e+00	97	0	190
191	-8.632851870900001e+01 -4.542276113005000e+02  5.829785587824000e+02	-4.890600000000000e-06  7.955000000000001e-06  0.000000000000000e+00	1.000000000000000e+00	105	0	191
192	 5.712416358816000e+02 -8.078238879650000e+01  5.829785587824000e+02	 2.548360000000000e-05 -4.120220000000000e-05  0.000000000000000e+00	1.000000000000000e+00	105	0	192
193	-2.660499795792000e+02  4.954991512749000e+02 -4.164132562731000e+02	-1.135350000000000e-06  6.116062500000000e-07  0.000000000000000e+00	5.625000000000000e-01	8087	0	193
194	-1.990473072375000e+02  6.910882722200000e+02 -4.179531443375000e+02	1.979017866210938e-05 0.000000000000000e+00 2.613343974609375e-05	1.779785156250000e-01	8087	0	194
195	-3.912976872737000e+02  6.910882722200000e+02 -1.625053118957000e+02	-2.758389000000000e-04  0.000000000000000e+00  2.881918000000000e-04	1.000000000000000e+00	8087	0	195
198	6.002357815334000e+02 5.622024008960000e+01 9.471360338760000e+01	 5.096600000000000e-06 -6.053600000000000e-06  0.000000000000000e+00	1.000000000000000e+00	8087	0	198
201	 5.169438058811000e+02  4.053972200402000e+02 -6.364214473034000e+02	 9.930000000000001e-08 -1.719000000000000e-07 -1.153400000000000e-06	1.000000000000000e+00	0	0	201
202	 4.602638489882000e+02 -5.767529874089000e+02  2.286190426598000e+02	-1.394079609375000e-05 -4.276546875000001e-07  0.000000000000000e+00	3.164062500000000e-01	8087	0	202
204	 6.372690901830000e+02  6.369406829354000e+02 -4.262112152443000e+02	2.370000000000000e-08 1.659000000000000e-07 0.000000000000000e+00	1.000000000000000e+00	646	0	204
205	-2.398665277580000e+01  7.500000000000000e+02 -4.262112152443000e+02	-8.520000000000001e-08 -3.017000000000000e-07  0.000000000000000e+00	1.000000000000000e+00	646	1	205
209	-7.784832175080000e+01  5.625442195779000e+02 -1.159425144917000e+02	 8.510000000000000e-08 -2.206000000000000e-07  0.000000000000000e+00	1.000000000000000e+00	661	0	209
210	-6.687614477130001e+02  3.218246222700000e+00 -4.164132562731000e+02	 4.808000000000000e-07 -3.966000000000000e-07  0.000000000000000e+00	1.000000000000000e+00	8087	0	210
212	-6.302970563598000e+02  5.593835164964000e+02  1.077775486825000e+02	-1.145620000000000e-05  7.246000000000000e-07  0.000000000000000e+00	1.000000000000000e+00	23	0	212
213	-5.917805172783001e+02 -5.624767361170000e+02 -1.894272067752000e+02	-5.040000000000000e-08  3.890000000000000e-08  0.000000000000000e+00	1.000000000000000e+00	27	0	213
214	 2.775222794101000e+02  5.625143238794000e+02 -1.894272067752000e+02	-4.400000000000000e-08  3.400000000000000e-08  0.000000000000000e+00	1.000000000000000e+00	27	0	214
216	-3.993411117127000e+02 -4.110868642112000e+02  6.039248819302001e+02	 4.847500000000001e-06  8.396100000000001e-06 -1.522630000000000e-05	1.000000000000000e+00	491	0	216
221	 1.722637926851000e+02 -5.624884646863001e+02  1.518683640526000e+02	7.110000000000001e-08 3.180000000000000e-08 0.000000000000000e+00	1.000000000000000e+00	8087	0	221
222	-3.122012612414000e+02  5.640755838128000e+02  1.518683640526000e+02	-4.900000000000000e-07 -1.773000000000000e-07  0.000000000000000e+00	1.000000000000000e+00	8087	0	222
223	-6.345494863278000e+02  3.403479836873000e+02 -6.911541813171000e+02	-1.180000000000000e-07  0.000000000000000e+00 -2.185400000000000e-06	1.000000000000000e+00	8087	0	223
226	 7.014313864528000e+02 -7.719510308660000e+01 -2.801374652770000e+02	1.222000000000000e-07 2.117000000000000e-07 1.430600000000000e-05	1.000000000000000e+00	8087	0	226
228	 5.236423317677001e+02 -7.095213315527001e+02 -5.509093605416000e+02	 4.329200000000000e-06 -7.498500000000000e-06 -1.786190000000000e-05	1.000000000000000e+00	8087	0	228
229	-5.030097194308000e+02  6.642791069787000e+02 -6.793251553319001e+02	-3.692900000000000e-06 -8.187500000000001e-06  0.000000000000000e+00	1.000000000000000e+00	8087	0	229
231	 4.869684811950000e+02 -5.371823068731001e+02  1.469693845670000e+01	 2.044700000000000e-06 -2.687000000000000e-07  0.000000000000000e+00	1.000000000000000e+00	5009	0	231
233	-4.698716687306000e+02  6.910882722200000e+02  4.365286693133000e+02	-1.166400000000000e-05  0.000000000000000e+00 -4.991100000000000e-06	1.000000000000000e+00	8087	0	233
234	 1.230817208084000e+02 -5.777350345323000e+02  9.471360338760000e+01	-9.978000000000000e-07  9.392000000000000e-07  0.000000000000000e+00	1.000000000000000e+00	8087	0	234
235	 3.472493113568000e+02 -5.360560268696000e+02  3.592584956082000e+02	 2.030110000000000e-05 -1.572200000000000e-06  0.000000000000000e+00	1.000000000000000e+00	8087	0	235
237	-2.086943772332000e+02 -5.987602252588000e+02 -4.619462375843000e+02	-1.790000000000000e-08 -3.100000000000000e-08  1.748000000000000e-07	1.000000000000000e+00	8087	0	237
238	4.329454994611000e+02 5.125926413381001e+02 4.917196979260000e+02	 1.054233000000000e-04  1.825985000000000e-04 -4.103583000000000e-04	1.000000000000000e+00	8087	0	238
241	-2.477073661415000e+02 -5.569631372213000e+02  5.829785587824000e+02	-1.471030000000000e-05  2.242610000000000e-05  0.000000000000000e+00	1.000000000000000e+00	105	0	241
242	7.124849272900000e+02 7.742410916700000e+00 5.829785587824000e+02	 1.256430000000000e-05 -2.194950000000000e-05  0.000000000000000e+00	1.000000000000000e+00	105	0	242
243	-2.212353645161000e+02  6.048966297593000e+02 -4.164132562731000e+02	-8.256987531738281e-05  1.272921921386719e-05  0.000000000000000e+00	1.779785156250000e-01	8087	0	243
246	 7.169612996649000e+02  5.895675840410000e+01 -5.857417788797001e+02	 1.075000000000000e-07 -1.863000000000000e-07 -2.630100000000000e-06	1.000000000000000e+00	0	0	246
247	 6.219994718508000e+02  2.234354689577000e+02 -6.040876171359000e+02	 1.199000000000000e-07 -2.077000000000000e-07 -2.014000000000000e-06	1.000000000000000e+00	0	0	247
248	 4.928986557931000e+02 -1.951235291515000e+02  2.286190426598000e+02	-3.954710000000000e-05  3.269000000000000e-06  0.000000000000000e+00	1.000000000000000e+00	8087	0	248
249	5.483137381490001e+02 1.793301961697000e+02 2.286190426598000e+02	 1.045000000000000e-07 -2.790000000000000e-08  0.000000000000000e+00	1.000000000000000e+00	8087	0	249
250	 4.117758555634000e+02  6.692293856117000e+02 -4.262112152443000e+02	2.700000000000000e-09 1.900000000000000e-08 0.000000000000000e+00	1.000000000000000e+00	646	0	250
251	 1.864170614004000e+02  7.024388199529001e+02 -4.262112152443000e+02	1.280000000000000e-08 7.270000000000001e-08 0.000000000000000e+00	1.000000000000000e+00	646	0	251
254	-7.043378637668001e+02 -6.823789717710001e+01 -1.159425144917000e+02	-5.866200000000000e-06  5.570900000000000e-06  0.000000000000000e+00	1.000000000000000e+00	661	0	254
255	-4.010460368656000e+02  3.199664176428000e+02 -1.159425144917000e+02	-7.011000000000001e-07 -4.033700000000000e-06  0.000000000000000e+00	1.000000000000000e+00	661	0	255
256	-5.066936384637000e+02  1.996557052309000e+02 -4.164132562731000e+02	 5.581000000000000e-07 -4.604000000000000e-07  0.000000000000000e+00	1.000000000000000e+00	8087	0	256
257	-3.450084027070000e+02  3.962229685694000e+02 -4.164132562731000e+02	 2.880562500000000e-07 -2.365312500000000e-07  0.000000000000000e+00	5.625000000000000e-01	8087	0	257
258	-6.467050999993000e+02 -4.260299425071000e+02  1.077775486825000e+02	-1.070396000000000e-04 -5.775000000000000e-07  0.000000000000000e+00	1.000000000000000e+00	23	0	258
259	-6.500087405282001e+02  8.897123110710001e+01  1.077775486825000e+02	-5.965740000000000e-05  9.670000000000000e-07  0.000000000000000e+00	1.000000000000000e+00	23	0	259
260	-3.021490855183000e+02 -1.873744838188000e+02 -1.894272067752000e+02	-3.377000000000000e-07  2.609000000000000e-07  0.000000000000000e+00	1.000000000000000e+00	27	0	260
261	-1.230267029170000e+01  1.875616332316000e+02 -1.894272067752000e+02	-1.784000000000000e-07  1.379000000000000e-07  0.000000000000000e+00	1.000000000000000e+00	27	0	261
262	-5.854874908305001e+02 -7.335018504883001e+02  2.780101622676000e+02	 1.720000000000000e-08  2.990000000000000e-08 -9.851300000000000e-06	1.000000000000000e+00	491	0	262
263	-4.954212227590000e+02 -5.775024981404000e+02  4.686316822097000e+02	 5.532600000000000e-06  9.582700000000001e-06 -1.551140000000000e-05	1.000000000000000e+00	491	0	263
268	 8.608806696200000e+00 -1.875346755763000e+02  1.518683640526000e+02	-1.675000000000000e-07 -7.290000000000000e-08  0.000000000000000e+00	1.000000000000000e+00	8087	0	268
269	-1.545781578213000e+02  1.875167012847000e+02  1.518683640526000e+02	7.910000000000000e-08 3.440000000000000e-08 0.000000000000000e+00	1.000000000000000e+00	8087	0	269
270	-3.566999410885000e+02  3.403479836873000e+02 -7.147522087519001e+02	-2.470000000000000e-07  0.000000000000000e+00 -2.140000000000000e-06	1.000000000000000e+00	8087	0	270
273	 5.891919997057000e+02 -2.715994235431000e+02 -2.750890344164000e+02	1.201000000000000e-07 2.081000000000000e-07 8.502000000000001e-06	1.000000000000000e+00	8087	0	273
274	 4.488911435681000e+02 -5.800484756648000e+02  1.480075485816000e+02	-1.094700000000000e-05  1.896070000000000e-05  1.053760000000000e-05	1.000000000000000e+00	8087	0	274
277	 5.470127018922000e+02 -7.500000000000000e+02 -6.793251553319001e+02	0.000000000000000e+00 0.000000000000000e+00 0.000000000000000e+00	1.000000000000000e+00	8087	1	277
278	 5.371441378698000e+02 -5.764590428450001e+01  1.469693845670000e+01	 5.896360000000000e-05 -2.971500000000000e-06  0.000000000000000e+00	1.000000000000000e+00	5009	0	278
279	5.375682957445000e+02 4.065994179152000e+02 1.469693845670000e+01	 9.726170000000000e-05 -2.707600000000000e-06  0.000000000000000e+00	1.000000000000000e+00	5009	0	279
281	-4.030168537669000e+02  6.910882722200000e+02  1.144846513973000e+02	8.889600000000000e-06 0.000000000000000e+00 3.230910000000000e-05	1.000000000000000e+00	8087	0	281
282	 2.830332738176000e+02 -3.040107309906000e+02  9.471360338760000e+01	 3.172100000000000e-06 -1.724000000000000e-06  0.000000000000000e+00	1.000000000000000e+00	8087	0	282
283	 4.718210651222000e+02 -5.324657176170000e+01  9.471360338760000e+01	 3.735300000000000e-06 -4.116200000000001e-06  0.000000000000000e+00	1.000000000000000e+00	8087	0	283
284	 3.712465519659000e+02 -9.024781625600001e+00  3.592584956082000e+02	 7.778110000000000e-05 -2.752600000000000e-06  0.000000000000000e+00	1.000000000000000e+00	8087	0	284
286	 4.621305504570000e+01 -1.572476013248000e+02 -2.614624261260000e+02	 6.155600000000000e-06  1.066180000000000e-05 -1.937420000000000e-05	1.000000000000000e+00	8087	0	286
287	2.521361854987000e+02 1.994217230734000e+02 1.013788787739000e+02	-1.109860000000000e-05 -1.922330000000000e-05  2.382650000000000e-05	1.000000000000000e+00	8087	0	287
290	 7.731972893660000e+01 -3.577071841359000e+02  5.829785587824000e+02	 4.203900000000001e-06 -7.209300000000001e-06  0.000000000000000e+00	1.000000000000000e+00	105	0	290
291	 4.070268760584000e+02 -1.715530759015000e+02  5.829785587824000e+02	 1.643660000000000e-05 -3.131270000000000e-05  0.000000000000000e+00	1.000000000000000e+00	105	0	291
292	 4.632799531679000e+02 -6.049706249520000e+02  2.286190426598000e+02	-1.609977856750488e-05  2.788563406105041e-05  0.000000000000000e+00	7.508468627929688e-02	8087	0	292
297	-3.118020362200000e+00  6.103322474481000e+02 -1.159425144917000e+02	 7.019000000000000e-07 -1.189700000000000e-06  0.000000000000000e+00	1.000000000000000e+00	661	0	297
298	-7.092628359215000e+02 -4.590414870130000e+01 -4.164132562731000e+02	 4.907000000000000e-07 -4.054000000000000e-07  0.000000000000000e+00	1.000000000000000e+00	8087	0	298
300	-6.220897291275000e+02  6.680615117368001e+02  1.077775486825000e+02	-3.143000000000000e-07 -2.630000000000000e-08  0.000000000000000e+00	1.000000000000000e+00	23	0	300
301	-6.642720381637000e+02 -6.561876704421001e+02 -1.894272067752000e+02	-1.509000000000000e-07  1.166000000000000e-07  0.000000000000000e+00	1.000000000000000e+00	27	0	301
302	 3.499680599015000e+02  6.562605831331000e+02 -1.894272067752000e+02	-4.020000000000000e-08  3.100000000000000e-08  0.000000000000000e+00	1.000000000000000e+00	27	0	302
305	 2.138757216613000e+02 -6.561167126458000e+02  1.518683640526000e+02	3.946000000000000e-07 1.875000000000000e-07 0.000000000000000e+00	1.000000000000000e+00	8087	0	305
306	-3.516768235532000e+02  6.910882722200000e+02  1.518683640526000e+02	-4.481437500000000e-07 -1.463625000000000e-07 -2.760750000000000e-07	5.625000000000000e-01	8087	0	306
307	-7.048267396270001e+02  3.403479836873000e+02 -6.879237401598000e+02	-8.110000000000000e-08  0.000000000000000e+00 -2.196000000000000e-06	1.000000000000000e+00	8087	0	307
313	 4.744906554149000e+02 -6.437952043829000e+02  1.469693845670000e+01	-4.329100000000000e-06  7.163000000000000e-07  0.000000000000000e+00	1.000000000000000e+00	5009	0	313
314	5.714393975237000e+02 6.402422631342000e+02 1.469693845670000e+01	 9.105620000000000e-05 -2.908590000000000e-05  0.000000000000000e+00	1.000000000000000e+00	5009	0	314
315	-5.039939237927000e+02  6.910882722200000e+02  4.778673604322000e+02	-2.700400000000000e-06  0.000000000000000e+00 -1.292370000000000e-05	1.000000000000000e+00	8087	0	315
316	 5.851697338310000e+01 -6.430438311240000e+02  9.471360338760000e+01	-8.041000000000001e-07  8.479000000000001e-07  0.000000000000000e+00	1.000000000000000e+00	8087	0	316
317	 3.361162886896000e+02 -6.551086731770000e+02  3.592584956082000e+02	 7.601500000000000e-06 -8.540000000000000e-07  0.000000000000000e+00	1.000000000000000e+00	8087	0	317
319	-2.677105512207000e+02 -7.009792370734000e+02 -4.809836422404000e+02	-7.000000000000001e-09 -1.210000000000000e-08  1.200000000000000e-07	1.000000000000000e+00	8087	0	319
320	4.860542790501000e+02 6.045797459141000e+02 5.403277213598000e+02	 6.537710000000000e-05  1.132364000000000e-04 -4.165849000000000e-04	1.000000000000000e+00	8087	0	320
322	4.856259633135000e+02 5.736348209099000e+02 3.804874067123000e+02	1.687800000000000e-06 6.612000000000000e-07 0.000000000000000e+00	1.000000000000000e+00	8006	0	322
323	-3.267232875476000e+02 -6.092534454729000e+02  5.829785587824000e+02	-1.963650000000000e-05  3.012110000000000e-05  0.000000000000000e+00	1.000000000000000e+00	105	0	323
328	 5.016976112812000e+02 -1.019426835132000e+02  2.286190426598000e+02	-2.618340000000000e-05  2.669900000000000e-06  0.000000000000000e+00	1.000000000000000e+00	8087	0	328
332	-6.600307631742000e+02  1.995726325790000e+01 -1.159425144917000e+02	-1.621340000000000e-05 -1.064930000000000e-05  0.000000000000000e+00	1.000000000000000e+00	661	0	332
333	-4.833331098783000e+02  2.456848787970000e+02 -1.159425144917000e+02	5.484900000000000e-06 3.879100000000000e-06 0.000000000000000e+00	1.000000000000000e+00	661	0	333
334	-4.661829619077000e+02  2.487702659758000e+02 -4.164132562731000e+02	 5.640000000000000e-07 -4.651000000000000e-07  0.000000000000000e+00	1.000000000000000e+00	8087	0	334
335	-3.853950610210000e+02  3.470993092577000e+02 -4.164132562731000e+02	 3.187687500000000e-07 -2.615062500000000e-07  0.000000000000000e+00	5.625000000000000e-01	8087	0	335
336	-6.479718023353000e+02 -2.982223569086000e+02  1.077775486825000e+02	-9.425080000000000e-05 -1.193300000000000e-06  0.000000000000000e+00	1.000000000000000e+00	23	0	336
337	-6.510151811847001e+02 -3.322542794300000e+01  1.077775486825000e+02	-7.147140000000001e-05 -8.900000000000000e-09  0.000000000000000e+00	1.000000000000000e+00	23	0	337
338	-2.297005476738000e+02 -9.363033515750000e+01 -1.894272067752000e+02	-3.332000000000000e-07  2.576000000000000e-07  0.000000000000000e+00	1.000000000000000e+00	27	0	338
339	-8.475934020080000e+01  9.382380460500001e+01 -1.894272067752000e+02	-2.085000000000000e-07  1.612000000000000e-07  0.000000000000000e+00	1.000000000000000e+00	27	0	339
342	-3.221789574420000e+01 -9.377979678880000e+01  1.518683640526000e+02	-1.529000000000000e-07 -6.660000000000000e-08  0.000000000000000e+00	1.000000000000000e+00	8087	0	342
343	-1.137939960349000e+02  9.375346144680000e+01  1.518683640526000e+02	2.100000000000000e-09 9.000000000000000e-10 0.000000000000000e+00	1.000000000000000e+00	8087	0	343
344	-2.841459820730000e+02  3.403479836873000e+02 -7.238824988521001e+02	-1.696000000000000e-07  0.000000000000000e+00 -1.271600000000000e-06	1.000000000000000e+00	8087	0	344
346	 4.300000000000000e+02 -5.473280551918000e+02 -1.496480299100000e+00	0.000000000000000e+00 0.000000000000000e+00 0.000000000000000e+00	1.000000000000000e+00	8087	0	346
349	-1.629239524942000e+02  4.796463555528000e+02 -6.793251553319001e+02	-1.122890250000000e-04  1.944903000000000e-04  0.000000000000000e+00	7.500000000000000e-01	8087	0	349
350	5.394470741361000e+02 2.562834854890000e+01 1.469693845670000e+01	 7.065800000000000e-05 -6.192000000000000e-07  0.000000000000000e+00	1.000000000000000e+00	5009	0	350
351	5.373820532569000e+02 3.007092095705000e+02 1.469693845670000e+01	9.495390000000001e-05 5.870000000000000e-08 0.000000000000000e+00	1.000000000000000e+00	5009	0	351
352	-4.116336523042000e+02  6.910882722200000e+02  3.592584956082000e+02	-1.718620000000000e-05  0.000000000000000e+00  0.000000000000000e+00	1.000000000000000e+00	8087	0	352
354	 3.236955561358000e+02 -2.343348462598000e+02  9.471360338760000e+01	 4.436700000000000e-06 -2.827900000000000e-06  0.000000000000000e+00	1.000000000000000e+00	8087	0	354
355	 4.180468549229000e+02 -1.081644585465000e+02  9.471360338760000e+01	 4.388000000000000e-06 -3.898000000000000e-06  0.000000000000000e+00	1.000000000000000e+00	8087	0	355
356	3.747367750887000e+02 9.906660449350001e+01 3.592584956082000e+02	 9.086610000000000e-05 -2.829800000000000e-06  0.000000000000000e+00	1.000000000000000e+00	8087	0	356
358	 1.053233272274000e+02 -5.486560665690000e+01 -1.753255039333000e+02	 1.418400000000000e-06  2.456800000000000e-06 -7.854900000000000e-06	1.000000000000000e+00	8087	0	358
359	2.075175087081000e+02 1.221399079057000e+02 1.968776867320000e+01	-6.808200000000000e-06 -1.179210000000000e-05  1.602220000000000e-05	1.000000000000000e+00	8087	0	359
362	 1.590663577204000e+02 -3.100694038886000e+02  5.829785587824000e+02	 8.591000000000000e-06 -1.480140000000000e-05  0.000000000000000e+00	1.000000000000000e+00	105	0	362
363	 3.231310258039000e+02 -2.167107929795000e+02  5.829785587824000e+02	 1.515270000000000e-05 -2.763420000000000e-05  0.000000000000000e+00	1.000000000000000e+00	105	0	363
364	 4.723908492009000e+02 -4.630572178821000e+02  2.286190426598000e+02	-3.788870000000000e-05  3.596800000000000e-06  0.000000000000000e+00	1.000000000000000e+00	8087	0	364
365	 4.860743516227000e+02 -2.868125546629000e+02  2.286190426598000e+02	-5.142310000000000e-05  3.728200000000000e-06  0.000000000000000e+00	1.000000000000000e+00	8087	0	365
367	5.884645125684000e+02 2.680440816988000e+02 2.286190426598000e+02	-1.316000000000000e-07  6.490000000000001e-08  0.000000000000000e+00	1.000000000000000e+00	8087	0	367
373	-7.488822791228000e+02 -1.958684933276000e+02 -1.159425144917000e+02	-1.050000000000000e-07  6.292500000000001e-07  0.000000000000000e+00	7.500000000000000e-01	661	0	373
374	-1.580275337655000e+02  5.078957326100000e+02 -1.159425144917000e+02	 5.821000000000000e-07 -7.669000000000000e-07  0.000000000000000e+00	1.000000000000000e+00	661	0	374
375	-3.156437590772000e+02  3.896915162100000e+02 -1.159425144917000e+02	 1.453700000000000e-06 -2.363700000000000e-06  0.000000000000000e+00	1.000000000000000e+00	661	0	375
376	-6.282415174602000e+02  5.232512654530000e+01 -4.164132562731000e+02	 5.076000000000000e-07 -4.188000000000000e-07  0.000000000000000e+00	1.000000000000000e+00	8087	0	376
377	-5.472071360808001e+02  1.505434831906000e+02 -4.164132562731000e+02	 5.465000000000000e-07 -4.508000000000000e-07  0.000000000000000e+00	1.000000000000000e+00	8087	0	377
378	-6.478894012338001e+02 -6.671601095349000e+02  1.077775486825000e+02	-1.204149000000000e-04  1.040620000000000e-05  0.000000000000000e+00	1.000000000000000e+00	23	0	378
379	-6.464003420552000e+02 -5.335631563894000e+02  1.077775486825000e+02	-1.164647000000000e-04 -5.451000000000000e-07  0.000000000000000e+00	1.000000000000000e+00	23	0	379
380	-6.368191617563000e+02  4.466988922919000e+02  1.077775486825000e+02	-2.320280000000000e-05  1.269100000000000e-06  0.000000000000000e+00	1.000000000000000e+00	23	0	380
381	-6.469607222262000e+02  2.127268001042000e+02  1.077775486825000e+02	-4.704440000000000e-05  1.534500000000000e-06  0.000000000000000e+00	1.000000000000000e+00	23	0	381
382	-5.193866553874000e+02 -4.686903869965000e+02 -1.894272067752000e+02	-1.433000000000000e-07  1.106000000000000e-07  0.000000000000000e+00	1.000000000000000e+00	27	0	382
383	-3.745807904718000e+02 -2.811316375389000e+02 -1.894272067752000e+02	-3.067000000000000e-07  2.369000000000000e-07  0.000000000000000e+00	1.000000000000000e+00	27	0	383
384	 2.050601110904000e+02  4.687807342497000e+02 -1.894272067752000e+02	-9.510000000000000e-08  7.350000000000000e-08  0.000000000000000e+00	1.000000000000000e+00	27	0	384
385	 6.014884748920000e+01  2.813034514039000e+02 -1.894272067752000e+02	-1.642000000000000e-07  1.269000000000000e-07  0.000000000000000e+00	1.000000000000000e+00	27	0	385
388	5.493493411549000e+02 1.492856786940000e+01 9.471360338760000e+01	 5.328800000000001e-06 -6.331300000000000e-06  0.000000000000000e+00	1.000000000000000e+00	8087	0	388
390	 1.311179645549000e+02 -4.688300625167000e+02  1.518683640526000e+02	-3.707000000000000e-07 -1.622000000000000e-07  0.000000000000000e+00	1.000000000000000e+00	8087	0	390
391	 4.942700238040000e+01 -2.812932359660000e+02  1.518683640526000e+02	-2.040000000000000e-07 -8.870000000000001e-08  0.000000000000000e+00	1.000000000000000e+00	8087	0	391
392	-2.772611478678000e+02  4.686575360942000e+02  1.518683640526000e+02	3.700000000000000e-08 1.770000000000000e-08 0.000000000000000e+00	1.000000000000000e+00	8087	0	392
393	-1.953812728537000e+02  2.812717025893000e+02  1.518683640526000e+02	1.152000000000000e-07 5.020000000000000e-08 0.000000000000000e+00	1.000000000000000e+00	8087	0	393
394	-5.642757852953000e+02  3.403479836873000e+02 -6.954940452445001e+02	-1.532000000000000e-07  0.000000000000000e+00 -2.192200000000000e-06	1.000000000000000e+00	8087	0	394
395	-4.271459078135000e+02  3.403479836873000e+02 -7.071249898704000e+02	-2.276000000000000e-07  0.000000000000000e+00 -2.284600000000000e-06	1.000000000000000e+00	8087	0	395
400	 5.060545814420000e+02 -6.790584543976000e+02 -4.777808127272000e+02	-1.034470000000000e-05  1.791750000000000e-05  3.702730000000000e-05	1.000000000000000e+00	8087	0	400
401	 4.329104596870000e+02 -5.523691192430000e+02 -2.632203308143000e+02	-1.564565625000000e-06  2.709892968750000e-06  1.567223437500000e-06	3.164062500000000e-01	8087	0	401
402	-4.633041813626000e+02  6.460330288150001e+02 -6.793251553319001e+02	-4.103400000000000e-06 -8.885800000000001e-06  0.000000000000000e+00	1.000000000000000e+00	8087	0	402
403	-3.946359414849000e+02  6.129156153326001e+02 -6.793251553319001e+02	-4.662000000000000e-06 -9.461500000000001e-06  0.000000000000000e+00	1.000000000000000e+00	8087	0	403
406	 5.006537167101000e+02 -4.293683017019000e+02  1.469693845670000e+01	 1.505020000000000e-05 -1.926900000000000e-06  0.000000000000000e+00	1.000000000000000e+00	5009	0	406
407	 5.276935757737000e+02 -1.666129147248000e+02  1.469693845670000e+01	 4.692740000000000e-05 -3.968300000000000e-06  0.000000000000000e+00	1.000000000000000e+00	5009	0	407
408	5.617010381355000e+02 5.993882114814000e+02 1.469693845670000e+01	 9.521240000000001e-05 -1.560480000000000e-05  0.000000000000000e+00	1.000000000000000e+00	5009	0	408
409	5.454997599144000e+02 4.998269718412000e+02 1.469693845670000e+01	 9.700160000000000e-05 -1.000530000000000e-05  0.000000000000000e+00	1.000000000000000e+00	5009	0	409
412	 1.664120639976000e+02 -5.266491651808000e+02  9.471360338760000e+01	-5.293000000000001e-07  4.005000000000000e-07  0.000000000000000e+00	1.000000000000000e+00	8087	0	412
413	 2.473460380066000e+02 -3.772233662708000e+02  9.471360338760000e+01	 7.742000000000000e-07 -3.626000000000000e-07  0.000000000000000e+00	1.000000000000000e+00	8087	0	413
414	 3.558465233939000e+02 -4.061706773776000e+02  3.592584956082000e+02	 3.429210000000000e-05 -1.863400000000000e-06  0.000000000000000e+00	1.000000000000000e+00	8087	0	414
415	 3.664158137171000e+02 -1.417949596155000e+02  3.592584956082000e+02	 6.411880000000000e-05 -2.129900000000000e-06  0.000000000000000e+00	1.000000000000000e+00	8087	0	415
416	-8.132625707990000e+01  6.910882722200000e+02  3.592584956082000e+02	0.000000000000000e+00 0.000000000000000e+00 0.000000000000000e+00	1.000000000000000e+00	8087	0	416
418	-1.457111584082000e+02 -4.896700902296000e+02 -4.280618124182000e+02	 1.151000000000000e-07  1.993000000000000e-07 -6.832000000000000e-07	1.000000000000000e+00	8087	0	418
419	-1.803887160800000e+01 -2.685352027732000e+02 -3.287114670428000e+02	 3.639100000000000e-06  6.303100000000000e-06 -1.538760000000000e-05	1.000000000000000e+00	8087	0	419
420	3.494314278707000e+02 3.679420261965000e+02 3.592584956082000e+02	2.400235000000000e-04 4.157329000000000e-04 0.000000000000000e+00	1.000000000000000e+00	8087	0	420
424	4.524331622191000e+02 6.615728221176000e+02 3.804874067123000e+02	1.006200000000000e-06 3.420000000000000e-07 0.000000000000000e+00	1.000000000000000e+00	8006	0	424
426	-1.677094104136000e+02 -5.047546004518000e+02  5.829785587824000e+02	-9.724100000000001e-06  1.518270000000000e-05  0.000000000000000e+00	1.000000000000000e+00	105	0	426
427	-4.543052221600000e+00 -4.055159867402000e+02  5.829785587824000e+02	-3.154000000000000e-07  4.991000000000000e-07  0.000000000000000e+00	1.000000000000000e+00	105	0	427
428	 6.438438039689000e+02 -3.297743370480000e+01  5.829785587824000e+02	 2.222730000000000e-05 -3.412370000000000e-05  0.000000000000000e+00	1.000000000000000e+00	105	0	428
429	 4.924087079036000e+02 -1.282727317421000e+02  5.829785587824000e+02	 2.003850000000000e-05 -3.455760000000000e-05  0.000000000000000e+00	1.000000000000000e+00	105	0	429
430	-2.386010945888000e+02  5.500089127792000e+02 -4.164132562731000e+02	-9.346000000000000e-07  3.659000000000000e-07  0.000000000000000e+00	1.000000000000000e+00	8087	0	430
431	-3.046780614076000e+02  4.453933065229000e+02 -4.164132562731000e+02	 1.177312500000000e-07 -9.568125000000000e-08  0.000000000000000e+00	5.625000000000000e-01	8087	0	431
432	-2.156860381533000e+02  6.910882722200000e+02 -4.150208951797000e+02	-2.394160613248050e-05  0.000000000000000e+00 -4.121831615716517e-05	2.375726401805878e-02	8087	0	432
433	-4.421632417880000e+02  6.910882722200000e+02 -5.549121990200001e+00	-7.098000000000000e-05  0.000000000000000e+00  8.506790000000000e-05	1.000000000000000e+00	8087	0	433
434	6.628168710523000e+02 1.112677344731000e+02 9.471360338760000e+01	 2.824500000000000e-06 -3.217400000000000e-06  0.000000000000000e+00	1.000000000000000e+00	8087	0	434
436	 4.902606868143000e+02  4.516137379683000e+02 -6.470742473170001e+02	 1.134000000000000e-07 -1.964000000000000e-07 -9.982000000000000e-07	1.000000000000000e+00	0	0	436
438	5.140654072767001e+02 6.530964431798001e+02 5.569698253559001e+02	 4.943720000000000e-05  8.562770000000001e-05 -4.182426000000000e-04	1.000000000000000e+00	8087	0	438
439	 1.323038539431000e+02 -8.133963570300001e+00 -1.267687791680000e+02	-2.584300000000000e-06 -4.476200000000000e-06 -4.285100000000000e-06	1.000000000000000e+00	8087	0	439
440	 1.842475734478000e+02  8.183519774600001e+01 -2.549693584350000e+01	-4.944400000000000e-06 -8.563900000000001e-06  1.150340000000000e-05	1.000000000000000e+00	8087	0	440
441	-1.140970395968000e+02 -4.349128302118000e+02 -4.060998780883000e+02	 5.927000000000001e-07  1.026600000000000e-06 -3.269100000000000e-06	1.000000000000000e+00	8087	0	441
442	-5.026430723820000e+01 -3.243512945807000e+02 -3.573061644559000e+02	 2.568600000000000e-06  4.449000000000000e-06 -1.211880000000000e-05	1.000000000000000e+00	8087	0	442
444	5.700127018922000e+02 7.500000000000000e+02 3.592584956082000e+02	 0.000000000000000e+00 -0.000000000000000e+00  0.000000000000000e+00	1.000000000000000e+00	8087	1	444
445	-2.391588382184000e+02 -6.515262195103001e+02 -4.731838920584000e+02	-1.630000000000000e-08 -2.820000000000000e-08  2.113000000000000e-07	1.000000000000000e+00	8087	0	445
446	-1.773162235040000e+02 -5.444116687521000e+02 -4.468596002655000e+02	 2.900000000000000e-09  5.100000000000000e-09 -1.400000000000000e-08	1.000000000000000e+00	8087	0	446
447	4.588915305630000e+02 5.575324854612001e+02 5.187594568311000e+02	 8.625360000000000e-05  1.493956000000000e-04 -4.118150000000000e-04	1.000000000000000e+00	8087	0	447
448	4.078841922990000e+02 4.691851840291000e+02 4.578045163703000e+02	 1.407958000000000e-04  2.438655000000000e-04 -3.953276000000000e-04	1.000000000000000e+00	8087	0	448
449	 7.703663161810000e+01 -1.038596006304000e+02 -2.202692832514000e+02	 4.679700000000000e-06  8.105500000000001e-06 -1.358140000000000e-05	1.000000000000000e+00	8087	0	449
450	 1.411461677110000e+01 -2.128437272600000e+02 -2.967899800967000e+02	 5.107600000000000e-06  8.846600000000001e-06 -1.935520000000000e-05	1.000000000000000e+00	8087	0	450
451	2.304310937523000e+02 1.618274013858000e+02 6.262156146700000e+01	-8.951000000000000e-06 -1.550360000000000e-05  1.978740000000000e-05	1.000000000000000e+00	8087	0	451
452	2.753719668870000e+02 2.396672769915000e+02 1.410368258489000e+02	-6.387100000000000e-06 -1.106280000000000e-05  3.992260000000000e-05	1.000000000000000e+00	8087	0	452
453	 3.296545199845000e+02 -7.022184400313000e+02  3.592584956082000e+02	 2.384500000000000e-06 -3.391000000000000e-07  0.000000000000000e+00	1.000000000000000e+00	8087	0	453
455	-3.757345947339000e+02 -3.701991774143000e+02  6.320374054997001e+02	 4.063500000000000e-06  7.038200000000001e-06 -1.412800000000000e-05	1.000000000000000e+00	491	0	455
459	 3.422307477063000e+02 -5.958726119613000e+02  3.592584956082000e+02	 1.399110000000000e-05 -1.282400000000000e-06  0.000000000000000e+00	1.000000000000000e+00	8087	0	459
460	3.761825157407000e+02 1.492625531662000e+02 3.592584956082000e+02	 1.000682000000000e-04 -1.882900000000000e-06  0.000000000000000e+00	1.000000000000000e+00	8087	0	460
465	 4.272376194450000e+01  6.382628789973000e+02 -1.159425144917000e+02	 1.443200000000000e-06 -2.406300000000000e-06  0.000000000000000e+00	1.000000000000000e+00	661	0	465
468	-6.976060794610000e+02  7.784774074640001e+01  6.580962442277000e+02	-9.292800000000000e-05 -3.177380000000000e-05  0.000000000000000e+00	1.000000000000000e+00	1105	0	468
471	 3.517718305039000e+02 -4.737805470016000e+02  3.592584956082000e+02	 2.691880000000000e-05 -1.760100000000000e-06  0.000000000000000e+00	1.000000000000000e+00	8087	0	471
479	7.497472275346000e+02 5.715767664980000e+01 6.580962442277000e+02	 4.403742187500000e-07 -4.853039062500000e-07  0.000000000000000e+00	3.164062500000000e-01	1105	0	479
483	 5.083825671139000e+02 -3.697025744868000e+02  1.469693845670000e+01	 2.298020000000000e-05 -2.534900000000000e-06  0.000000000000000e+00	1.000000000000000e+00	5009	0	483
484	-5.862019028009000e+02  9.822927326270000e+01  6.580962442277000e+02	-2.185282000000000e-04 -2.042940000000000e-05  0.000000000000000e+00	1.000000000000000e+00	1105	0	484
486	-3.740261194528000e+02 -6.392137803125000e+02  5.829785587824000e+02	-2.193090000000000e-05  3.563610000000000e-05  0.000000000000000e+00	1.000000000000000e+00	105	0	486
487	5.240664021553000e+02 6.704186744358000e+02 2.286190426598000e+02	3.338381250000000e-06 5.782218750000000e-06 0.000000000000000e+00	5.625000000000000e-01	8087	0	487
488	 4.621282288119000e+02  5.003405845701000e+02 -6.603716262809000e+02	 1.440000000000000e-07 -2.494000000000000e-07 -1.145700000000000e-06	1.000000000000000e+00	0	0	488
490	5.047972224225000e+02 5.339563906993001e+02 3.804874067123000e+02	2.109100000000000e-06 1.331100000000000e-06 0.000000000000000e+00	1.000000000000000e+00	8006	0	490
491	-5.203767026450000e+02 -6.207266572301000e+02  4.276554563116000e+02	 2.385600000000000e-06  4.132000000000000e-06 -1.734860000000000e-05	1.000000000000000e+00	491	0	491
494	 8.230904544900000e+00 -6.865271109164000e+02  9.471360338760000e+01	 1.407600000000000e-06 -1.506300000000000e-06  0.000000000000000e+00	1.000000000000000e+00	8087	0	494
495	 5.213588373268000e+02 -2.441525122291000e+02  1.469693845670000e+01	 3.720020000000000e-05 -3.350700000000000e-06  0.000000000000000e+00	1.000000000000000e+00	5009	0	495
496	 3.424273727441000e+02 -6.990082949513001e+02  7.490126537100000e+00	-5.175000000000000e-09 -9.000000000000000e-09  4.292700000000000e-06	7.500000000000000e-01	8087	0	496
497	-4.713756769171000e+02 -5.358543910464000e+02  5.049705788871000e+02	 6.273300000000001e-06  1.086560000000000e-05 -1.722450000000000e-05	1.000000000000000e+00	491	0	497
499	 5.031863527792000e+02 -4.205655737575000e+02 -2.690897891958000e+02	2.990000000000000e-08 5.180000000000000e-08 1.339600000000000e-06	1.000000000000000e+00	8087	0	499
501	-4.954870701103000e+02  1.050065800490000e+02  6.580962442277000e+02	-2.734910000000000e-05  1.022530000000000e-05  0.000000000000000e+00	1.000000000000000e+00	1105	0	501
503	-4.248915568113000e+02  1.063359223041000e+02  6.580962442277000e+02	-5.303400000000000e-06  1.468030000000000e-05  0.000000000000000e+00	1.000000000000000e+00	1105	0	503
505	5.311688279834000e+02 1.199709820354000e+02 2.286190426598000e+02	-9.968000000000001e-07  1.334000000000000e-07  0.000000000000000e+00	1.000000000000000e+00	8087	0	505
507	-5.690378683400000e+02 -7.050102685694001e+02  3.259856554013000e+02	-1.660000000000000e-07 -2.876000000000000e-07 -1.580430000000000e-05	1.000000000000000e+00	491	0	507
512	 9.263135459430001e+01  6.675072002518000e+02 -1.159425144917000e+02	 2.437300000000000e-06 -4.268100000000000e-06  0.000000000000000e+00	1.000000000000000e+00	661	0	512
519	-3.555370723016000e+02  1.047530669930000e+02  6.580962442277000e+02	-5.617200000000000e-06  1.945600000000000e-05  0.000000000000000e+00	1.000000000000000e+00	1105	0	519
521	-5.942159542307000e+02 -7.486199925695000e+02  2.418755324325000e+02	 1.837125000000000e-07  3.182625000000000e-07 -8.879062500000000e-07	5.625000000000000e-01	491	0	521
523	 4.956582358830000e+01  6.910882722200000e+02 -6.309864505314000e+02	1.193600000000000e-06 0.000000000000000e+00 1.517400000000000e-06	1.000000000000000e+00	8087	0	523
527	5.376762574576001e+02 2.218504652941000e+02 1.469693845670000e+01	8.571960000000000e-05 2.214000000000000e-07 0.000000000000000e+00	1.000000000000000e+00	5009	0	527
529	-3.508956035468000e+02 -3.271767826695000e+02  6.585879375939001e+02	 3.095200000000000e-06  5.361000000000000e-06 -1.218230000000000e-05	1.000000000000000e+00	491	0	529
530	-5.364075945195000e+02  6.910882722200000e+02  5.152935179313000e+02	-5.366800000000000e-06  0.000000000000000e+00 -6.710700000000000e-06	1.000000000000000e+00	8087	0	530
531	5.383056053523001e+02 6.950816978325000e+02 5.674406245675000e+02	 4.316990000000000e-05  7.477250000000000e-05 -4.174254000000000e-04	1.000000000000000e+00	8087	0	531
535	 4.337475542854000e+02  5.494973548031001e+02 -6.748142508268000e+02	-2.400000000000000e-09  4.200000000000000e-09 -9.900750000000000e-07	7.500000000000000e-01	0	0	535
537	-2.890949136961000e+02  1.008791271131000e+02  6.580962442277000e+02	-2.466500000000000e-06  2.438880000000000e-05  0.000000000000000e+00	1.000000000000000e+00	1105	0	537
538	-6.487218452366001e+02  1.518724087596000e+02  1.077775486825000e+02	-5.327750000000000e-05  1.296400000000000e-06  0.000000000000000e+00	1.000000000000000e+00	23	0	538
540	-7.099226689582000e+02 -6.574748187680000e+02 -1.159425144917000e+02	1.848600000000000e-06 4.242600000000000e-06 0.000000000000000e+00	1.000000000000000e+00	661	0	540
545	-2.256052992056000e+02  9.530918388830000e+01  6.580962442277000e+02	-1.540900000000000e-06  2.979880000000000e-05  0.000000000000000e+00	1.000000000000000e+00	1105	0	545
547	-6.490121001792000e+02 -2.268305285916000e+02  1.077775486825000e+02	-8.793590000000000e-05 -1.308400000000000e-06  0.000000000000000e+00	1.000000000000000e+00	23	0	547
553	5.385951634459000e+02 8.811837359940000e+01 1.469693845670000e+01	7.645510000000001e-05 1.041500000000000e-06 0.000000000000000e+00	1.000000000000000e+00	5009	0	553
560	-7.311171071696000e+02 -6.163490391699000e+02 -1.159425144917000e+02	2.456400000000000e-06 1.670000000000000e-06 0.000000000000000e+00	1.000000000000000e+00	661	0	560
566	-6.507698101163001e+02 -9.523214692400001e+01  1.077775486825000e+02	-7.698730000000001e-05 -6.073000000000000e-07  0.000000000000000e+00	1.000000000000000e+00	23	0	566
567	-6.507585077580001e+02  2.806482701150000e+01  1.077775486825000e+02	-6.568240000000000e-05  5.259000000000000e-07  0.000000000000000e+00	1.000000000000000e+00	23	0	567
568	-1.612416601091000e+02  8.827182131600000e+01  6.580962442277000e+02	1.754800000000000e-06 3.576480000000000e-05 0.000000000000000e+00	1.000000000000000e+00	1105	0	568
571	-5.348169945890000e+02  1.931019529272000e+02 -1.159425144917000e+02	-9.255000000000001e-07  6.555000000000000e-07  0.000000000000000e+00	1.000000000000000e+00	661	0	571
572	-3.676658399469000e+02  6.910882722200000e+02  1.518683640526000e+02	-4.754100000000000e-06  0.000000000000000e+00  4.495650000000000e-06	7.500000000000000e-01	8087	0	572
582	-4.208668219529000e+02 -6.669895252341000e+02  5.829785587824000e+02	-2.445850000000000e-05  4.247780000000000e-05  0.000000000000000e+00	1.000000000000000e+00	105	0	582
583	-9.770535976990000e+01  8.048891487630000e+01  6.580962442277000e+02	5.289900000000000e-06 4.241910000000000e-05 0.000000000000000e+00	1.000000000000000e+00	1105	0	583
585	 4.046145974257000e+02  5.999571162589000e+02 -6.923841486825000e+02	-2.619500000000000e-06  4.537100000000000e-06 -2.419400000000000e-06	1.000000000000000e+00	0	0	585
589	 1.435794153216000e+02  6.958533688007001e+02 -1.159425144917000e+02	 3.460000000000000e-06 -6.423200000000001e-06  0.000000000000000e+00	1.000000000000000e+00	661	0	589
595	5.331312399661000e+02 4.918323219190000e+02 3.804874067123000e+02	2.983100000000000e-06 2.409300000000000e-06 0.000000000000000e+00	1.000000000000000e+00	8006	0	595
598	 9.602443543520000e+01  6.910882722200000e+02 -6.588838061750000e+02	-3.902000000000000e-07  0.000000000000000e+00 -6.715000000000001e-07	1.000000000000000e+00	8087	0	598
600	-3.545507123070000e+01  7.227411204710000e+01  6.580962442277000e+02	7.853899999999999e-06 5.007010000000000e-05 0.000000000000000e+00	1.000000000000000e+00	1105	0	600
602	-4.327220043179000e+02  6.910882722200000e+02  5.477154421780000e+01	-1.483780000000000e-05  0.000000000000000e+00  7.675100000000000e-05	1.000000000000000e+00	8087	0	602
610	-5.694631515323000e+02  6.910882722200000e+02  5.521896262267001e+02	-4.470900000000000e-06  0.000000000000000e+00 -4.599600000000000e-06	1.000000000000000e+00	8087	0	610
611	-6.473231074342000e+02 -3.602106502310000e+02  1.077775486825000e+02	-1.000088000000000e-04 -9.894000000000000e-07  0.000000000000000e+00	1.000000000000000e+00	23	0	611
615	 4.300000000000000e+02 -5.473280551918000e+02 -2.606506917860000e+02	0.000000000000000e+00 0.000000000000000e+00 0.000000000000000e+00	1.000000000000000e+00	8087	0	615
616	-3.249536897220000e+02 -2.822440698793000e+02  6.826598723743000e+02	 2.164700000000000e-06  3.749400000000000e-06 -9.921200000000001e-06	1.000000000000000e+00	491	0	616
618	2.520277228390000e+01 6.358416688890000e+01 6.580962442277000e+02	1.061840000000000e-05 5.875700000000000e-05 0.000000000000000e+00	1.000000000000000e+00	1105	0	618
620	 3.750489755192000e+02  6.511662755584000e+02 -7.069286811571001e+02	-5.334812010955811e-06  9.240161764526368e-06 -3.508534695053101e-06	7.508468627929688e-02	0	0	620
625	-6.195525250764000e+02  8.590429295910000e+01 -1.159425144917000e+02	-1.631390000000000e-05 -1.169660000000000e-05  0.000000000000000e+00	1.000000000000000e+00	661	0	625
627	 5.228940294676000e+02 -6.908287728682001e+02  2.286190426598000e+02	-1.923300000000000e-06  5.018900000000000e-06  0.000000000000000e+00	1.000000000000000e+00	8087	0	627
630	-3.336018338289000e+02  6.910882722200000e+02  1.806299107790000e+02	-4.467100000000000e-06  0.000000000000000e+00 -1.827400000000000e-06	1.000000000000000e+00	8087	0	630
631	8.445484490870000e+01 5.417197529250000e+01 6.580962442277000e+02	1.417230000000000e-05 6.854580000000000e-05 0.000000000000000e+00	1.000000000000000e+00	1105	0	631
639	 1.464346934006000e+02  6.910882722200000e+02 -6.849226345410000e+02	-5.495000000000000e-07  0.000000000000000e+00 -1.119500000000000e-06	1.000000000000000e+00	8087	0	639
646	 3.590295324494000e+02 -3.415837622934000e+02  3.592584956082000e+02	 4.138410000000000e-05 -1.836500000000000e-06  0.000000000000000e+00	1.000000000000000e+00	8087	0	646
647	 3.638743995955000e+02 -2.122816292286000e+02  3.592584956082000e+02	 5.605370000000000e-05 -1.987000000000000e-06  0.000000000000000e+00	1.000000000000000e+00	8087	0	647
655	 1.961847213515000e+02  7.230275968011000e+02 -1.159425144917000e+02	 4.193800000000000e-06 -8.551500000000001e-06  0.000000000000000e+00	1.000000000000000e+00	661	0	655
660	-4.685453558900000e+02 -6.937674032589000e+02  5.829785587824000e+02	-2.519720000000000e-05  4.680970000000000e-05  0.000000000000000e+00	1.000000000000000e+00	105	0	660
664	1.434597925335000e+02 4.359123865210000e+01 6.580962442277000e+02	1.747970000000000e-05 7.982070000000000e-05 0.000000000000000e+00	1.000000000000000e+00	1105	0	664
681	 3.357441380422000e+02  7.192442510518000e+02 -7.314712702086000e+02	-1.338741185188294e-06  2.318765281677246e-06 -1.497624135589600e-06	5.631351470947266e-02	0	0	681
683	-7.342301612376000e+02 -1.435215125163000e+02 -1.159425144917000e+02	-1.416600000000000e-06  7.032700000000000e-06  0.000000000000000e+00	1.000000000000000e+00	661	0	683
688	-6.049007839373000e+02  6.910882722200000e+02  5.906808264488001e+02	-2.180500000000000e-06  0.000000000000000e+00 -3.586000000000000e-06	1.000000000000000e+00	8087	0	688
689	2.028641821674000e+02 3.147403933250000e+01 6.580962442277000e+02	1.972600000000000e-05 9.277520000000001e-05 0.000000000000000e+00	1.000000000000000e+00	1105	0	689
696	 4.690778963228000e+02 -4.796431533077000e+02 -2.657241904121000e+02	2.588203125000000e-08 4.483476562500000e-08 9.309621093750001e-07	3.164062500000000e-01	8087	0	696
703	2.629517362984000e+02 1.766234518010000e+01 6.580962442277000e+02	2.287380000000000e-05 1.066662000000000e-04 0.000000000000000e+00	1.000000000000000e+00	1105	0	703
707	 3.683607817262000e+02 -7.827189244170000e+01  3.592584956082000e+02	 7.171160000000001e-05 -2.582000000000000e-06  0.000000000000000e+00	1.000000000000000e+00	8087	0	707
708	 4.239166653338000e+02 -5.473280551918000e+02 -2.582432311693000e+02	-5.699583984375000e-07  0.000000000000000e+00 -3.793552734375000e-07	2.373046875000000e-01	8087	0	708
710	3.280836448826000e+02 1.314182464100000e+00 6.580962442277000e+02	2.901020000000000e-05 1.212509000000000e-04 0.000000000000000e+00	1.000000000000000e+00	1105	0	710
712	-3.349738548754000e+02  6.910882722200000e+02  2.127319443678000e+02	-9.343000000000000e-06  0.000000000000000e+00 -3.994200000000000e-06	1.000000000000000e+00	8087	0	712
714	 4.631831146047000e+02 -3.212258030220000e+01  6.580962442277000e+02	1.520144000000000e-04 1.227683000000000e-04 0.000000000000000e+00	1.000000000000000e+00	1105	0	714
715	 5.304933114666001e+02 -4.281414993810000e+01  6.580962442277000e+02	1.509203000000000e-04 1.314836000000000e-04 0.000000000000000e+00	1.000000000000000e+00	1105	0	715
717	 5.811831600360000e+02 -4.214609975110000e+01  6.580962442277000e+02	1.327417000000000e-04 1.235011000000000e-04 0.000000000000000e+00	1.000000000000000e+00	1105	0	717
718	-5.451160279849000e+02  6.828582053577001e+02 -6.793251553319001e+02	-3.423700000000000e-06 -7.245200000000001e-06  0.000000000000000e+00	1.000000000000000e+00	8087	0	718
720	 6.312889049824000e+02 -2.922332266910000e+01  6.580962442277000e+02	9.286360000000001e-05 9.514480000000000e-05 0.000000000000000e+00	1.000000000000000e+00	1105	0	720
722	 1.997933277928000e+02  6.910882722200000e+02 -7.087911414220000e+02	-2.294000000000000e-07  0.000000000000000e+00 -5.564000000000000e-07	1.000000000000000e+00	8087	0	722
724	-6.242519691519000e+02  7.153641260932001e+02 -6.793251553319001e+02	-1.596600000000000e-05 -6.523000000000000e-07  0.000000000000000e+00	1.000000000000000e+00	8087	0	724
728	 4.803645094488000e+02 -6.345619444554001e+02 -3.865480264089000e+02	-2.413470000000000e-05  4.180250000000000e-05  7.383020000000000e-05	1.000000000000000e+00	8087	0	728
729	6.901661582823000e+02 3.096000738200000e+00 6.580962442277000e+02	2.758550000000000e-05 4.070870000000000e-05 0.000000000000000e+00	1.000000000000000e+00	1105	0	729
733	5.858675498468000e+02 4.340720590279000e+02 3.804874067123000e+02	2.069600000000000e-06 2.284300000000000e-06 0.000000000000000e+00	1.000000000000000e+00	8006	0	733
737	-6.442444981226000e+02  6.910882722200000e+02  6.325780594365000e+02	-4.473400000000000e-06  0.000000000000000e+00  2.975300000000000e-06	1.000000000000000e+00	8087	0	737
740	-2.979637070100000e+02 -2.354960485267000e+02  7.040184001855000e+02	 1.357600000000000e-06  2.351400000000000e-06 -7.326400000000000e-06	1.000000000000000e+00	491	0	740
745	-7.344832631910000e+02  7.491768375674001e+02 -6.793251553319001e+02	-2.163900000000000e-06 -6.739000000000000e-07  0.000000000000000e+00	1.000000000000000e+00	8087	0	745
746	-8.820879448480001e+01  6.910882722200000e+02 -5.177961231941000e+02	-7.357940000000001e-05  0.000000000000000e+00 -1.050724000000000e-04	1.000000000000000e+00	8087	0	746
747	6.161529439215000e+02 4.085956549064000e+02 3.804874067123000e+02	2.267100000000000e-06 2.854700000000000e-06 0.000000000000000e+00	1.000000000000000e+00	8006	0	747
753	5.727058411994000e+02 4.058918420875000e+02 2.286190426598000e+02	-3.003185742187500e-06 -4.688381250000000e-06  0.000000000000000e+00	2.373046875000000e-01	8087	0	753
755	-2.728740896515000e+02  5.513558209743001e+02 -6.793251553319001e+02	-1.981777500000000e-05 -6.845617500000000e-05  0.000000000000000e+00	7.500000000000000e-01	8087	0	755
771	6.566246834421000e+02 3.783292242432000e+02 3.804874067123000e+02	-2.673400000000000e-06 -3.513700000000000e-06  0.000000000000000e+00	1.000000000000000e+00	8006	0	771
776	 2.559848804696000e+02  6.910882722200000e+02 -7.299617884211000e+02	-4.163000000000000e-07  0.000000000000000e+00 -1.132900000000000e-06	1.000000000000000e+00	8087	0	776
805	-1.086512606123000e+02  3.856432957498000e+02 -7.319295664462001e+02	 1.938131982874184e-06 -3.356943479773479e-06  9.383361302808548e-06	5.637710113660432e-03	8087	0	805
828	-1.394606903576000e+02  3.403479836873000e+02 -7.451924659300000e+02	 9.252857812500000e-06  0.000000000000000e+00 -4.762230468750000e-07	3.164062500000000e-01	8087	0	828
864	-2.699089109564000e+02 -1.869037163659000e+02  7.224121126197000e+02	 6.734000000000000e-07  1.166300000000000e-06 -4.360500000000000e-06	1.000000000000000e+00	491	0	864
865	 4.013653038313000e+02 -5.473280551918000e+02 -2.218938664270000e+02	-6.744500000000000e-06  0.000000000000000e+00  4.844600000000000e-06	1.000000000000000e+00	8087	0	865
909	-1.272672889664000e+02  6.910882722200000e+02  3.592584956082000e+02	0.000000000000000e+00 0.000000000000000e+00 0.000000000000000e+00	4.218750000000000e-01	8087	0	909
1000	-3.557026627186000e+02  6.910882722200000e+02  2.669900332183000e+02	-1.119180000000000e-05  0.000000000000000e+00 -7.051900000000000e-06	1.000000000000000e+00	8087	0	1000
1002	7.034928694713001e+02 3.425066203591000e+02 3.804874067123000e+02	-5.394200000000000e-06 -6.602900000000000e-06  0.000000000000000e+00	1.000000000000000e+00	8006	0	1002
1003	-4.409561139567000e+02  6.910882722200000e+02  3.993087819042000e+02	-1.595640000000000e-05  0.000000000000000e+00 -1.035100000000000e-06	1.000000000000000e+00	8087	0	1003
1011	6.940666900612000e+02 2.752805678290000e+02 1.585856900699000e+02	 1.332304008178711e-05 -2.307617374877930e-05  4.614620723876953e-05	1.334838867187500e-01	8087	0	1011
1012	 3.869706967315000e+02 -5.473280551918000e+02 -1.660313174492000e+02	-1.347220000000000e-05  0.000000000000000e+00  2.048840000000000e-05	1.000000000000000e+00	8087	0	1012
1014	-3.325086302255000e+02  6.207501684847000e+02  1.518683640526000e+02	-1.159000000000000e-06 -4.344000000000000e-07  0.000000000000000e+00	1.000000000000000e+00	8087	0	1014
1015	-3.578324927920000e+02  6.863265110504000e+02  1.518683640526000e+02	-7.208000000000000e-07  2.227000000000000e-07  0.000000000000000e+00	1.000000000000000e+00	8087	0	1015
1020	-3.623748986640000e+02  6.864061523242000e+02  1.518683640526000e+02	6.300000000000001e-08 3.590700000000000e-06 0.000000000000000e+00	1.000000000000000e+00	8087	0	1020
1081	-5.207901344890000e+02 -7.161799622135001e+02  5.829785587824000e+02	-1.363900000000000e-05  4.208250000000000e-05  0.000000000000000e+00	1.000000000000000e+00	105	0	1081
1396	-4.308463899094000e+02  6.910882722200000e+02 -7.147956631450000e+01	-1.245613000000000e-04  0.000000000000000e+00  9.927260000000001e-05	1.000000000000000e+00	8087	0	1396
1705	 3.906833267408000e+02 -5.473280551918000e+02 -1.067731310170000e+02	-7.253100000000000e-06  0.000000000000000e+00  5.470580000000000e-05	1.000000000000000e+00	8087	0	1705
1759	5.404392123958000e+02 6.987772136350001e+02 2.533336368918000e+02	1.243562585449219e-05 2.153913793945313e-05 1.305920917968750e-05	1.779785156250000e-01	8087	0	1759
1801	-2.409156662054000e+02 -1.366859433809000e+02  7.373136820304001e+02	 9.580000000000000e-08  1.659000000000000e-07 -8.919000000000000e-07	1.000000000000000e+00	491	0	1801
2264	6.407355454179000e+02 3.676528199772000e+02 2.286190426598000e+02	-6.784160000000000e-05  4.889230000000000e-05  1.380150000000000e-05	1.000000000000000e+00	8087	0	2264
2827	6.403510045374001e+02 3.683188643197000e+02 2.232327714341000e+02	-2.540099882812500e-05  4.399581445312500e-05  4.933121484375000e-05	3.164062500000000e-01	8087	0	2827
2939	6.202771380186000e+02 3.229210631035000e+02 2.286190426598000e+02	-3.413000000000000e-07  1.851000000000000e-07  0.000000000000000e+00	1.000000000000000e+00	8087	0	2939
3478	3.280432863737000e+02 3.308966784442000e+02 2.286190426598000e+02	-9.866323125000000e-05 -1.708897078125000e-04  0.000000000000000e+00	4.218750000000000e-01	8087	0	3478
4128	-6.639929452600001e+02 -7.130912294871000e+02 -1.159425144917000e+02	1.518200000000000e-06 1.849400000000000e-06 0.000000000000000e+00	1.000000000000000e+00	661	0	4128
4213	-3.300360818515000e+02  6.910882722200000e+02 -2.669900155057000e+02	-8.585010000000001e-05  0.000000000000000e+00 -5.832480000000000e-05	1.000000000000000e+00	8087	0	4213
4214	4.318721969140000e+02 7.346698004536000e+02 2.286190426598000e+02	-7.500000000000001e-09  1.970475000000000e-06  0.000000000000000e+00	7.500000000000000e-01	8087	0	4214
4220	 4.275356592580000e+02 -5.430596918195000e+02  7.026840647300000e+00	 2.897250000000000e-07 -5.019000000000000e-07  1.090327500000000e-05	7.500000000000000e-01	8087	0	4220
4225	-2.433443839692000e+02  6.910882722200000e+02 -3.923392201336000e+02	 1.055300000000000e-05  0.000000000000000e+00 -1.932450000000000e-04	1.000000000000000e+00	8087	0	4225
4234	5.629892563488000e+02 7.378350354747000e+02 3.158108448825000e+02	6.076400000000000e-06 1.052470000000000e-05 3.089900000000000e-06	1.000000000000000e+00	8087	0	4234
4235	5.176969623707000e+02 6.712796201391001e+02 2.286190426598000e+02	4.977393887329101e-06 3.138299615478515e-06 0.000000000000000e+00	1.001129150390625e-01	8087	0	4235
4236	5.231462019120000e+02 4.299916412535000e+02 2.286190426598000e+02	 7.955200000000000e-05 -2.733540000000000e-05  0.000000000000000e+00	1.000000000000000e+00	8087	0	4236
4237	5.111759695765000e+02 6.101283580512001e+02 2.286190426598000e+02	4.586650000000000e-05 3.939077000000000e-04 0.000000000000000e+00	1.000000000000000e+00	8087	0	4237
4240	5.134895297390000e+02 5.396174865904001e+02 2.286190426598000e+02	1.033483000000000e-04 3.421600000000000e-06 0.000000000000000e+00	1.000000000000000e+00	8087	0	4240
4244	4.651384595869000e+02 3.956431797098000e+02 2.286190426598000e+02	 2.223160000000000e-05 -3.642760000000000e-05  0.000000000000000e+00	1.000000000000000e+00	8087	0	4244
4245	3.668968176817000e+02 3.415335572132000e+02 2.286190426598000e+02	-6.108284249999999e-04 -2.598855000000000e-04  0.000000000000000e+00	7.500000000000000e-01	8087	0	4245
4250	 3.873112357874000e+02 -1.398818593090000e+01  6.580962442277000e+02	4.316510000000000e-05 1.312931000000000e-04 0.000000000000000e+00	1.000000000000000e+00	1105	0	4250
4258	-2.889305353905000e+02  6.910882722200000e+02 -3.318285920080000e+02	 6.518820000000000e-05  0.000000000000000e+00 -2.757047000000000e-04	1.000000000000000e+00	8087	0	4258
4259	3.073509006250000e+02 2.950564149977000e+02 1.905002848158000e+02	3.310906640625000e-05 5.734657617187500e-05 1.899362355468750e-04	3.164062500000000e-01	8087	0	4259
4260	7.274385660878000e+02 2.174787830071000e+02 1.168887519594000e+02	 5.314455750000001e-04 -9.204907500000000e-04  5.724768000000000e-04	7.500000000000000e-01	8087	0	4260
4262	 5.417451482581000e+02 -7.408763294741000e+02 -6.394170955575000e+02	 6.734280000000001e-05 -1.166411000000000e-04 -4.045186000000000e-04	1.000000000000000e+00	8087	0	4262
4263	6.598223273597000e+02 3.345935439009000e+02 1.965470264834000e+02	-3.467764000000000e-04  6.006344000000000e-04  4.313151000000000e-04	1.000000000000000e+00	8087	0	4263
4264	3.727635744364000e+02 2.993199987305000e+02 3.592584956082000e+02	2.423463000000000e-04 1.038996000000000e-04 0.000000000000000e+00	1.000000000000000e+00	8087	0	4264
4265	 3.868151675262000e+02 -6.221263791528000e+02  7.735435886000000e+00	6.129385000000000e-04 1.061640700000000e-03 3.284300000000000e-05	1.000000000000000e+00	8087	0	4265
4266	3.767482690776000e+02 4.152561830692000e+02 4.138329195653000e+02	-5.353999000000000e-04 -9.273398000000001e-04 -1.408524300000000e-03	1.000000000000000e+00	8087	0	4266
4267	-1.543024129938000e+02  6.910882722200000e+02 -4.518451577145000e+02	7.788936750000000e-04 0.000000000000000e+00 2.135720775000000e-03	7.500000000000000e-01	8087	0	4267
4268	-6.905909663705000e+02  6.910882722200000e+02  6.807163065193000e+02	-1.484891000000000e-04  0.000000000000000e+00  1.598559000000000e-04	1.000000000000000e+00	8087	0	4268
4269	-1.414762002478000e+02  4.424977589538000e+02 -7.030930863760000e+02	-3.123800437500000e-04  5.410581046875001e-04 -5.525539664062501e-04	3.164062500000000e-01	8087	0	4269
4270	 4.378660232395000e+02 -5.609524070962000e+02  8.649028334160000e+01	-4.173080000000000e-05  7.227990000000000e-05 -1.866203000000000e-04	1.000000000000000e+00	8087	0	4270
4271	-2.148654878409000e+02  5.053755423706000e+02 -6.793251553319001e+02	 5.339472539062500e-05 -7.633209023437500e-05  0.000000000000000e+00	3.164062500000000e-01	8087	0	4271
4273	-3.610970851257000e+02  6.910882722200000e+02 -2.156072622371000e+02	-9.735900000000000e-05  0.000000000000000e+00 -4.994780000000000e-05	1.000000000000000e+00	8087	0	4273
0	 5.000000000000000e-01 -8.660254037844386e-01  0.000000000000000e+00	8.660254037844385e-01 5.000000000000000e-01 0.000000000000000e+00	5.632499999999998e+02 3.251925391210567e+02 0.000000000000000e+00	1	0	0.000000000000000e+00	0.000000000000000e+00	0.000000000000000e+00	9.345661358546952e+04
1	5.000000000000000e-01 8.660254037844386e-01 0.000000000000000e+00	0.000000000000000e+00 0.000000000000000e+00 1.000000000000000e+00	0.000000000000000e+00 0.000000000000000e+00 2.286190426597633e+02	1	0	0.000000000000000e+00	0.000000000000000e+00	0.000000000000000e+00	3.489383991688392e+05
3	-5.000000000000000e-01 -8.660254037844386e-01  0.000000000000000e+00	0.000000000000000e+00 0.000000000000000e+00 1.000000000000000e+00	0.000000000000000e+00 0.000000000000000e+00 6.580962442277471e+02	1	0	0.000000000000000e+00	0.000000000000000e+00	0.000000000000000e+00	1.210736514974700e+06
4	-1.000000000000000e+00  0.000000000000000e+00  0.000000000000000e+00	0.000000000000000e+00 0.000000000000000e+00 1.000000000000000e+00	-0.000000000000000e+00 -0.000000000000000e+00 -1.159425144917371e+02	1	0	0.000000000000000e+00	0.000000000000000e+00	0.000000000000000e+00	1.891249842503679e+06
7	-5.000000000000000e-01 -8.660254037844386e-01  0.000000000000000e+00	0.000000000000000e+00 0.000000000000000e+00 1.000000000000000e+00	-0.000000000000000e+00 -0.000000000000000e+00 -1.894272067752324e+02	1	0	0.000000000000000e+00	0.000000000000000e+00	0.000000000000000e+00	1.360846876639377e+06
9	-5.000000000000000e-01 -8.660254037844386e-01  0.000000000000000e+00	 8.660254037844385e-01 -5.000000000000000e-01  0.000000000000000e+00	-1.215000000000000e+02  7.014805770653952e+01 -0.000000000000000e+00	1	0	0.000000000000000e+00	0.000000000000000e+00	0.000000000000000e+00	2.459883563953856e+06
10	-5.000000000000000e-01  8.660254037844386e-01  0.000000000000000e+00	8.660254037844385e-01 5.000000000000000e-01 0.000000000000000e+00	-1.409999999999999e+02 -8.140638795573722e+01 -0.000000000000000e+00	1	0	0.000000000000000e+00	0.000000000000000e+00	0.000000000000000e+00	2.359090941760354e+03
12	1.000000000000000e+00 0.000000000000000e+00 0.000000000000000e+00	 0.000000000000000e+00 -1.000000000000000e+00  0.000000000000000e+00	0.000000000000000e+00 2.381569860407206e+02 0.000000000000000e+00	1	0	0.000000000000000e+00	0.000000000000000e+00	0.000000000000000e+00	2.250000000000000e+06
13	 5.000000000000000e-01 -8.660254037844386e-01  0.000000000000000e+00	0.000000000000000e+00 0.000000000000000e+00 1.000000000000000e+00	0.000000000000000e+00 0.000000000000000e+00 1.518683640525570e+02	1	0	0.000000000000000e+00	0.000000000000000e+00	0.000000000000000e+00	1.230704329956826e+06
15	5.000000000000000e-01 8.660254037844386e-01 0.000000000000000e+00	 8.660254037844385e-01 -5.000000000000000e-01  0.000000000000000e+00	 5.594999999999998e+02 -3.230274756115955e+02  0.000000000000000e+00	1	0	0.000000000000000e+00	0.000000000000000e+00	0.000000000000000e+00	4.816818634388217e+05
18	-5.000000000000000e-01 -8.660254037844386e-01  0.000000000000000e+00	0.000000000000000e+00 0.000000000000000e+00 1.000000000000000e+00	0.000000000000000e+00 0.000000000000000e+00 1.469693845669907e+01	1	0	0.000000000000000e+00	0.000000000000000e+00	0.000000000000000e+00	3.349545842703131e+05
21	-5.000000000000000e-01 -8.660254037844386e-01  0.000000000000000e+00	0.000000000000000e+00 0.000000000000000e+00 1.000000000000000e+00	0.000000000000000e+00 0.000000000000000e+00 3.592584956081994e+02	1	0	0.000000000000000e+00	0.000000000000000e+00	0.000000000000000e+00	1.353232782214891e+03
22	-5.000000000000000e-01 -8.660254037844386e-01  0.000000000000000e+00	 8.660254037844385e-01 -5.000000000000000e-01  0.000000000000000e+00	 1.027500000000000e+02 -5.932274015923404e+01  0.000000000000000e+00	1	0	0.000000000000000e+00	0.000000000000000e+00	0.000000000000000e+00	1.190460943517086e+06
24	5.000000000000000e-01 8.660254037844386e-01 0.000000000000000e+00	 8.660254037844385e-01 -5.000000000000000e-01  0.000000000000000e+00	 7.694999999999998e+02 -4.442710321414170e+02  0.000000000000000e+00	1	0	0.000000000000000e+00	0.000000000000000e+00	0.000000000000000e+00	2.359940147715334e+05
25	-5.000000000000000e-01  8.660254037844386e-01  0.000000000000000e+00	8.660254037844385e-01 5.000000000000000e-01 0.000000000000000e+00	-8.017499999999998e+02 -4.628905783227824e+02 -0.000000000000000e+00	1	0	0.000000000000000e+00	0.000000000000000e+00	0.000000000000000e+00	1.974568915210525e+05
26	1.000000000000000e+00 0.000000000000000e+00 0.000000000000000e+00	0.000000000000000e+00 0.000000000000000e+00 1.000000000000000e+00	0.000000000000000e+00 0.000000000000000e+00 5.829785587823964e+02	1	0	0.000000000000000e+00	0.000000000000000e+00	0.000000000000000e+00	5.194271701953629e+05
27	 5.000000000000000e-01 -8.660254037844386e-01  0.000000000000000e+00	 0.000000000000000e+00  0.000000000000000e+00 -1.000000000000000e+00	0.000000000000000e+00 0.000000000000000e+00 6.580962442277471e+02	1	0	0.000000000000000e+00	0.000000000000000e+00	0.000000000000000e+00	1.204097532425933e+04
28	1.000000000000000e+00 0.000000000000000e+00 0.000000000000000e+00	0.000000000000000e+00 0.000000000000000e+00 1.000000000000000e+00	0.000000000000000e+00 0.000000000000000e+00 2.286190426597633e+02	1	0	0.000000000000000e+00	0.000000000000000e+00	0.000000000000000e+00	2.682146615404619e+04
29	1.000000000000000e+00 0.000000000000000e+00 0.000000000000000e+00	 0.000000000000000e+00 -1.000000000000000e+00  0.000000000000000e+00	0.000000000000000e+00 5.715767664977295e+01 0.000000000000000e+00	1	0	0.000000000000000e+00	0.000000000000000e+00	0.000000000000000e+00	2.112144366341550e+06
43	5.000000000000000e-01 8.660254037844386e-01 0.000000000000000e+00	 0.000000000000000e+00  0.000000000000000e+00 -1.000000000000000e+00	-0.000000000000000e+00 -0.000000000000000e+00 -1.159425144917371e+02	1	0	0.000000000000000e+00	0.000000000000000e+00	0.000000000000000e+00	2.244960870741144e+03
55	-1.000000000000000e+00  0.000000000000000e+00  0.000000000000000e+00	0.000000000000000e+00 0.000000000000000e+00 1.000000000000000e+00	-0.000000000000000e+00 -0.000000000000000e+00 -4.262112152442729e+02	1	0	0.000000000000000e+00	0.000000000000000e+00	0.000000000000000e+00	5.559326423087093e+04
66	-5.000000000000000e-01 -8.660254037844386e-01  0.000000000000000e+00	0.000000000000000e+00 0.000000000000000e+00 1.000000000000000e+00	0.000000000000000e+00 0.000000000000000e+00 1.077775486824598e+02	1	0	0.000000000000000e+00	0.000000000000000e+00	0.000000000000000e+00	2.090115494980241e+06
76	-1.000000000000000e+00  0.000000000000000e+00  0.000000000000000e+00	0.000000000000000e+00 0.000000000000000e+00 1.000000000000000e+00	0.000000000000000e+00 0.000000000000000e+00 2.286190426597633e+02	1	0	0.000000000000000e+00	0.000000000000000e+00	0.000000000000000e+00	7.283267522041610e+02
106	-1.000000000000000e+00  0.000000000000000e+00  0.000000000000000e+00	 0.000000000000000e+00 -1.000000000000000e+00  0.000000000000000e+00	-0.000000000000000e+00 -5.473280551917652e+02 -0.000000000000000e+00	1	0	0.000000000000000e+00	0.000000000000000e+00	0.000000000000000e+00	7.149379170101750e+03
107	 5.000000000000000e-01 -8.660254037844386e-01  0.000000000000000e+00	0.000000000000000e+00 0.000000000000000e+00 1.000000000000000e+00	0.000000000000000e+00 0.000000000000000e+00 3.804874067123203e+02	1	0	0.000000000000000e+00	0.000000000000000e+00	0.000000000000000e+00	2.156147938062084e+06
108	5.000000000000000e-01 8.660254037844386e-01 0.000000000000000e+00	0.000000000000000e+00 0.000000000000000e+00 1.000000000000000e+00	-0.000000000000000e+00 -0.000000000000000e+00 -4.164132562731402e+02	1	0	0.000000000000000e+00	0.000000000000000e+00	0.000000000000000e+00	1.972423502568553e+06
113	 5.000000000000000e-01 -8.660254037844386e-01  0.000000000000000e+00	0.000000000000000e+00 0.000000000000000e+00 1.000000000000000e+00	-0.000000000000000e+00 -0.000000000000000e+00 -6.793251553318680e+02	1	0	0.000000000000000e+00	0.000000000000000e+00	0.000000000000000e+00	1.249162109789986e+06
208	1.000000000000000e+00 0.000000000000000e+00 0.000000000000000e+00	 0.000000000000000e+00 -1.000000000000000e+00  0.000000000000000e+00	0.000000000000000e+00 3.403479836872843e+02 0.000000000000000e+00	1	0	0.000000000000000e+00	0.000000000000000e+00	0.000000000000000e+00	2.520266306930774e+04
243	 5.000000000000000e-01 -8.660254037844386e-01  0.000000000000000e+00	0.000000000000000e+00 0.000000000000000e+00 1.000000000000000e+00	0.000000000000000e+00 0.000000000000000e+00 3.592584956081994e+02	1	0	0.000000000000000e+00	0.000000000000000e+00	0.000000000000000e+00	0.000000000000000e+00
246	1.000000000000000e+00 0.000000000000000e+00 0.000000000000000e+00	0.000000000000000e+00 0.000000000000000e+00 1.000000000000000e+00	0.000000000000000e+00 0.000000000000000e+00 3.592584956081994e+02	1	0	0.000000000000000e+00	0.000000000000000e+00	0.000000000000000e+00	0.000000000000000e+00
248	1.000000000000000e+00 0.000000000000000e+00 0.000000000000000e+00	0.000000000000000e+00 0.000000000000000e+00 1.000000000000000e+00	0.000000000000000e+00 0.000000000000000e+00 3.592584956081994e+02	1	0	0.000000000000000e+00	0.000000000000000e+00	0.000000000000000e+00	0.000000000000000e+00
297	-1.000000000000000e+00  0.000000000000000e+00  0.000000000000000e+00	0.000000000000000e+00 1.000000000000000e+00 0.000000000000000e+00	0.000000000000000e+00 6.910882722199819e+02 0.000000000000000e+00	1	0	0.000000000000000e+00	0.000000000000000e+00	0.000000000000000e+00	0.000000000000000e+00
319	5.000000000000000e-01 8.660254037844386e-01 0.000000000000000e+00	0.000000000000000e+00 0.000000000000000e+00 1.000000000000000e+00	0.000000000000000e+00 0.000000000000000e+00 3.592584956081994e+02	1	0	0.000000000000000e+00	0.000000000000000e+00	0.000000000000000e+00	1.353232782214895e+03
320	-1.000000000000000e+00  0.000000000000000e+00  0.000000000000000e+00	 0.000000000000000e+00 -1.000000000000000e+00  0.000000000000000e+00	0.000000000000000e+00 6.910882722199819e+02 0.000000000000000e+00	1	0	0.000000000000000e+00	0.000000000000000e+00	0.000000000000000e+00	1.633025861384659e+06
321	-5.000000000000000e-01 -8.660254037844386e-01  0.000000000000000e+00	0.000000000000000e+00 0.000000000000000e+00 1.000000000000000e+00	0.000000000000000e+00 0.000000000000000e+00 3.592584956081994e+02	1	0	0.000000000000000e+00	0.000000000000000e+00	0.000000000000000e+00	5.468354389437409e+05
323	-5.000000000000000e-01 -8.660254037844386e-01  0.000000000000000e+00	 0.000000000000000e+00  0.000000000000000e+00 -1.000000000000000e+00	0.000000000000000e+00 0.000000000000000e+00 1.518683640525570e+02	1	0	0.000000000000000e+00	0.000000000000000e+00	0.000000000000000e+00	3.806793870180967e+01
324	1.000000000000000e+00 0.000000000000000e+00 0.000000000000000e+00	 0.000000000000000e+00  0.000000000000000e+00 -1.000000000000000e+00	0.000000000000000e+00 0.000000000000000e+00 1.518683640525570e+02	1	0	0.000000000000000e+00	0.000000000000000e+00	0.000000000000000e+00	3.806793870180967e+01
325	-1.000000000000000e+00  0.000000000000000e+00  0.000000000000000e+00	 0.000000000000000e+00  0.000000000000000e+00 -1.000000000000000e+00	0.000000000000000e+00 0.000000000000000e+00 1.518683640525570e+02	1	0	0.000000000000000e+00	0.000000000000000e+00	0.000000000000000e+00	3.806793870180967e+01
327	1.000000000000000e+00 0.000000000000000e+00 0.000000000000000e+00	0.000000000000000e+00 0.000000000000000e+00 1.000000000000000e+00	0.000000000000000e+00 0.000000000000000e+00 1.518683640525570e+02	1	0	0.000000000000000e+00	0.000000000000000e+00	0.000000000000000e+00	1.042335580235938e+01
337	 5.000000000000000e-01 -8.660254037844386e-01  0.000000000000000e+00	8.660254037844385e-01 5.000000000000000e-01 0.000000000000000e+00	8.549999999999997e+01 4.936344801571300e+01 0.000000000000000e+00	1	0	0.000000000000000e+00	0.000000000000000e+00	0.000000000000000e+00	2.432316198786391e+05
340	-5.000000000000000e-01 -8.660254037844386e-01  0.000000000000000e+00	0.000000000000000e+00 0.000000000000000e+00 1.000000000000000e+00	0.000000000000000e+00 0.000000000000000e+00 9.471360338761622e+01	1	0	0.000000000000000e+00	0.000000000000000e+00	0.000000000000000e+00	3.992664008770569e+05
2428	-5.000000000000000e-01  8.660254037844386e-01  0.000000000000000e+00	8.660254037844385e-01 5.000000000000000e-01 0.000000000000000e+00	6.397499999999998e+02 3.693598347140630e+02 0.000000000000000e+00	1	0	0.000000000000000e+00	0.000000000000000e+00	0.000000000000000e+00	3.599561893989498e+05
2429	 5.000000000000000e-01 -8.660254037844386e-01  0.000000000000000e+00	 0.000000000000000e+00  0.000000000000000e+00 -1.000000000000000e+00	0.000000000000000e+00 0.000000000000000e+00 2.286190426597633e+02	1	0	0.000000000000000e+00	0.000000000000000e+00	0.000000000000000e+00	2.167291212993707e+04
2432	5.000000000000000e-01 8.660254037844386e-01 0.000000000000000e+00	0.000000000000000e+00 0.000000000000000e+00 1.000000000000000e+00	0.000000000000000e+00 0.000000000000000e+00 2.286190426597633e+02	1	0	0.000000000000000e+00	0.000000000000000e+00	0.000000000000000e+00	1.005287699898192e+03
0	0	1	1
0	246	0	0
0	1	2	1
0	2	681	0
0	112	246	0
0	247	112	0
0	201	143	0
0	143	247	0
0	436	201	0
0	488	436	0
0	535	488	0
0	585	535	0
0	620	585	0
0	681	620	0
1	4	5	1
1	63	4	1
1	5	6	1
1	6	2264	0
1	292	63	0
1	164	113	0
1	113	328	0
1	144	364	0
1	365	144	0
1	505	164	0
1	202	292	0
1	364	202	0
1	328	248	0
1	248	365	0
1	367	249	0
1	249	505	0
1	2939	367	0
1	2264	2939	0
3	10	11	1
3	479	10	0
3	11	12	1
3	12	13	1
3	13	479	0
4	15	16	1
4	104	15	1
4	16	17	1
4	17	655	0
4	101	104	0
4	150	101	1
4	571	116	0
4	116	625	0
4	373	150	0
4	374	151	0
4	151	375	0
4	297	209	0
4	209	374	0
4	332	254	0
4	254	683	0
4	255	333	0
4	375	255	0
4	465	297	0
4	625	332	0
4	333	571	0
4	683	373	0
4	512	465	0
4	589	512	0
4	655	589	0
7	27	28	1
7	301	27	0
7	28	29	1
7	29	30	1
7	30	302	0
7	119	338	0
7	339	119	0
7	155	382	0
7	383	155	0
7	384	156	0
7	156	385	0
7	213	301	0
7	382	213	0
7	302	214	0
7	214	384	0
7	338	260	0
7	260	383	0
7	261	339	0
7	385	261	0
9	36	37	1
9	159	36	1
9	37	38	1
9	38	39	1
9	39	1801	0
9	491	122	0
9	122	507	0
9	521	159	0
9	216	160	0
9	160	497	0
9	455	216	0
9	507	262	0
9	262	521	0
9	263	491	0
9	497	263	0
9	529	455	0
9	616	529	0
9	740	616	0
9	864	740	0
9	1801	864	0
10	41	42	1
10	161	41	1
10	42	162	0
10	123	161	0
10	162	123	0
12	47	48	1
12	50	47	1
12	48	49	1
12	49	50	1
13	52	53	1
13	305	52	0
13	53	54	1
13	54	55	1
13	55	306	0
13	126	342	0
13	343	126	0
13	167	390	0
13	391	167	0
13	392	168	0
13	168	393	0
13	221	305	0
13	390	221	0
13	222	392	0
13	1014	222	0
13	342	268	0
13	268	391	0
13	269	343	0
13	393	269	0
13	306	572	0
13	572	1015	0
13	1015	1014	0
15	59	60	1
15	496	59	0
15	60	61	1
15	61	62	1
15	62	226	0
15	273	128	0
15	128	499	0
15	226	172	0
15	172	273	0
15	615	346	0
15	346	4265	0
15	4265	496	0
15	499	696	0
15	696	615	0
18	71	72	1
18	313	71	0
18	72	73	1
18	73	74	1
18	74	314	0
18	527	131	0
18	131	553	0
18	177	483	0
18	495	177	0
18	231	313	0
18	406	231	0
18	350	278	0
18	278	407	0
18	279	351	0
18	409	279	0
18	314	408	0
18	553	350	0
18	351	527	0
18	483	406	0
18	407	495	0
18	408	409	0
21	352	416	0
21	909	352	0
21	416	444	0
21	444	909	0
22	87	88	1
22	319	87	0
22	88	89	1
22	89	90	1
22	90	531	0
22	137	439	0
22	440	137	0
22	185	441	0
22	442	185	0
22	237	445	0
22	446	237	0
22	447	238	0
22	238	448	0
22	449	286	0
22	286	450	0
22	287	451	0
22	452	287	0
22	445	319	0
22	438	320	0
22	320	447	0
22	439	358	0
22	358	449	0
22	359	440	0
22	451	359	0
22	441	418	0
22	418	446	0
22	419	442	0
22	450	419	0
22	420	444	0
22	4266	420	0
22	531	438	0
22	444	4234	0
22	448	4266	0
22	4259	452	0
22	1759	487	0
22	487	3478	0
22	4234	1759	0
22	3478	4259	0
24	97	98	1
24	189	97	0
24	98	99	1
24	99	100	1
24	100	190	0
24	139	189	0
24	190	139	0
25	101	102	1
25	104	101	0
25	102	103	1
25	103	104	1
26	105	106	1
26	1081	105	0
26	106	107	1
26	107	242	0
26	141	362	0
26	363	141	0
26	191	426	0
26	427	191	0
26	428	192	0
26	192	429	0
26	241	323	0
26	426	241	0
26	242	428	0
26	362	290	0
26	290	427	0
26	291	363	0
26	429	291	0
26	323	486	0
26	486	582	0
26	582	660	0
26	660	1081	0
27	468	10	0
27	10	479	0
27	484	468	0
27	479	729	0
27	501	484	0
27	503	501	0
27	519	503	0
27	537	519	0
27	545	537	0
27	568	545	0
27	583	568	0
27	600	583	0
27	618	600	0
27	631	618	0
27	664	631	0
27	689	664	0
27	703	689	0
27	710	703	0
27	4250	710	0
27	715	714	0
27	714	4250	0
27	717	715	0
27	720	717	0
27	729	720	0
28	2264	6	0
28	6	4214	0
28	487	3478	0
28	4235	487	0
28	753	2264	0
28	4236	753	0
28	3478	4236	0
28	4214	4235	0
29	10	44	1
29	479	10	0
29	45	13	1
29	13	479	0
29	44	45	1
43	101	104	0
43	560	101	0
43	104	4128	0
43	540	560	0
43	4128	540	0
55	7	8	1
55	204	7	0
55	8	205	1
55	114	250	0
55	251	114	0
55	146	204	0
55	250	146	0
55	205	147	0
55	147	251	0
66	23	24	1
66	378	23	0
66	24	25	1
66	25	26	1
66	26	300	0
66	118	547	0
66	566	118	0
66	153	378	0
66	379	153	0
66	380	154	0
66	154	381	0
66	300	212	0
66	212	380	0
66	258	379	0
66	611	258	0
66	538	259	0
66	259	567	0
66	547	336	0
66	336	611	0
66	337	566	0
66	567	337	0
66	381	538	0
76	292	63	0
76	63	627	0
76	627	292	0
106	615	346	0
106	346	1705	0
106	708	615	0
106	865	708	0
106	1012	865	0
106	1705	1012	0
107	92	93	1
107	187	92	1
107	93	94	1
107	94	95	1
107	95	1002	0
107	424	187	0
107	322	424	0
107	490	322	0
107	595	490	0
107	733	595	0
107	747	733	0
107	771	747	0
107	1002	771	0
108	18	19	1
108	298	18	0
108	19	20	1
108	20	21	1
108	21	22	1
108	22	108	0
108	108	243	0
108	117	334	0
108	335	117	0
108	152	376	0
108	377	152	0
108	430	193	0
108	193	431	0
108	210	298	0
108	376	210	0
108	243	430	0
108	334	256	0
108	256	377	0
108	257	335	0
108	431	257	0
113	67	68	1
113	745	67	0
113	68	277	1
113	130	403	0
113	755	130	0
113	402	229	0
113	229	718	0
113	277	349	0
113	349	4271	0
113	403	402	0
113	718	724	0
113	724	745	0
113	4271	755	0
208	56	57	1
208	307	56	0
208	57	66	1
208	66	828	0
208	127	344	0
208	828	127	0
208	169	394	0
208	395	169	0
208	223	307	0
208	394	223	0
208	344	270	0
208	270	395	0
243	416	352	0
243	352	909	0
243	909	416	0
246	352	416	0
246	909	352	0
246	416	909	0
248	416	352	0
248	352	909	0
248	909	416	0
297	416	352	0
297	352	909	0
297	909	416	0
319	416	444	0
319	909	416	0
319	444	909	0
320	75	76	1
320	776	75	0
320	76	77	1
320	77	78	1
320	78	4268	0
320	108	194	0
320	432	108	0
320	132	179	0
320	746	132	0
320	133	306	0
320	630	133	0
320	179	523	0
320	194	4267	0
320	1396	195	0
320	195	4273	0
320	315	233	0
320	233	1003	0
320	572	281	0
320	281	602	0
320	306	572	0
320	530	315	0
320	352	1000	0
320	1003	352	0
320	4225	432	0
320	602	433	0
320	433	1396	0
320	523	598	0
320	610	530	0
320	598	639	0
320	688	610	0
320	712	630	0
320	639	722	0
320	737	688	0
320	1000	712	0
320	722	776	0
320	4268	737	0
320	4267	746	0
320	4213	4258	0
320	4273	4213	0
320	4258	4225	0
321	83	84	1
321	453	83	0
321	84	85	1
321	85	444	1
321	136	460	0
321	4264	136	0
321	183	646	0
321	647	183	0
321	235	459	0
321	471	235	0
321	356	284	0
321	284	707	0
321	317	453	0
321	459	317	0
321	460	356	0
321	414	471	0
321	646	414	0
321	415	647	0
321	707	415	0
321	444	420	0
321	420	4264	0
323	572	306	0
323	306	1015	0
323	1015	572	0
324	572	306	0
324	306	1015	0
324	1015	572	0
325	572	306	0
325	306	1015	0
325	1015	572	0
327	1015	572	0
327	572	1020	0
327	1020	1015	0
337	63	65	1
337	292	63	0
337	65	66	1
337	66	805	0
337	174	401	0
337	728	174	0
337	228	400	0
337	4262	228	0
337	274	292	0
337	4270	274	0
337	349	277	0
337	277	4262	0
337	615	346	0
337	346	4220	0
337	4269	349	0
337	400	728	0
337	401	615	0
337	805	4269	0
337	4220	4270	0
340	80	34	1
340	34	434	0
340	79	80	1
340	494	79	0
340	134	354	0
340	355	134	0
340	181	412	0
340	413	181	0
340	198	388	0
340	434	198	0
340	234	316	0
340	412	234	0
340	354	282	0
340	282	413	0
340	283	355	0
340	388	283	0
340	316	494	0
2428	6	32	1
2428	2264	6	0
2428	32	33	1
2428	33	34	1
2428	34	4260	0
2428	4260	1011	0
2428	1011	4263	0
2428	2827	2264	0
2428	4263	2827	0
2429	3478	487	0
2429	487	4237	0
2429	4236	3478	0
2429	4240	4236	0
2429	4237	4240	0
2432	4236	3478	0
2432	3478	4245	0
2432	4244	4236	0
2432	4245	4244	0
