457
44
522
0	 7.500000000000000e+02  1.732050807600000e+00 -5.816034142820000e+02	 8.810000000000000e-08 -1.526000000000000e-07 -2.889200000000000e-06	1.000000000000000e+00	0	1	0
1	 7.500000000000000e+02  1.732050807600000e+00 -7.500000000000000e+02	0.000000000000000e+00 0.000000000000000e+00 0.000000000000000e+00	1.000000000000000e+00	0	1	1
2	 3.179872981078000e+02  7.500000000000000e+02 -7.500000000000000e+02	-2.611115870000000e-02  4.522585350000000e-02  0.000000000000000e+00	1.000000000000000e+00	0	1	2
4	 7.500000000000000e+02 -7.500000000000000e+02  2.286190426598000e+02	0.000000000000000e+00 0.000000000000000e+00 0.000000000000000e+00	1.000000000000000e+00	8073	1	4
5	7.500000000000000e+02 7.500000000000000e+02 2.286190426598000e+02	0.000000000000000e+00 0.000000000000000e+00 0.000000000000000e+00	1.000000000000000e+00	8073	1	5
6	4.199872981078000e+02 7.500000000000000e+02 2.286190426598000e+02	0.000000000000000e+00 0.000000000000000e+00 0.000000000000000e+00	7.500000000000000e-01	8073	1	6
7	 7.500000000000000e+02  6.208519212987001e+02 -4.262112152443000e+02	5.480000000000000e-08 3.840000000000000e-07 0.000000000000000e+00	1.000000000000000e+00	646	1	7
8	 7.500000000000000e+02  7.500000000000000e+02 -4.262112152443000e+02	0.000000000000000e+00 0.000000000000000e+00 0.000000000000000e+00	1.000000000000000e+00	646	1	8
10	-7.500000000000000e+02  5.715767664980000e+01  6.580962442277000e+02	0.000000000000000e+00 0.000000000000000e+00 0.000000000000000e+00	1.000000000000000e+00	1105	1	10
11	-7.500000000000000e+02 -7.500000000000000e+02  6.580962442277000e+02	0.000000000000000e+00 0.000000000000000e+00 0.000000000000000e+00	1.000000000000000e+00	1105	1	11
12	 7.500000000000000e+02 -7.500000000000000e+02  6.580962442277000e+02	0.000000000000000e+00 0.000000000000000e+00 0.000000000000000e+00	1.000000000000000e+00	1105	1	12
13	7.500000000000000e+02 5.715767664980000e+01 6.580962442277000e+02	0.000000000000000e+00 0.000000000000000e+00 0.000000000000000e+00	4.218750000000000e-01	1105	1	13
15	 7.500000000000000e+02 -7.500000000000000e+02 -1.159425144917000e+02	0.000000000000000e+00 0.000000000000000e+00 0.000000000000000e+00	1.000000000000000e+00	661	1	15
16	 7.500000000000000e+02  7.500000000000000e+02 -1.159425144917000e+02	0.000000000000000e+00 0.000000000000000e+00 0.000000000000000e+00	1.000000000000000e+00	661	1	16
17	 2.530076796087000e+02  7.500000000000000e+02 -1.159425144917000e+02	 1.323780000000000e-05 -2.834710000000000e-05  0.000000000000000e+00	1.000000000000000e+00	661	1	17
18	-7.500000000000000e+02 -9.509399835870001e+01 -4.164132562731000e+02	 7.517000000000000e-07 -6.220000000000000e-07  0.000000000000000e+00	1.000000000000000e+00	8073	1	18
19	-7.500000000000000e+02 -7.500000000000000e+02 -4.164132562731000e+02	0.000000000000000e+00 0.000000000000000e+00 0.000000000000000e+00	1.000000000000000e+00	8073	1	19
20	 7.500000000000000e+02 -7.500000000000000e+02 -4.164132562731000e+02	0.000000000000000e+00 0.000000000000000e+00 0.000000000000000e+00	1.000000000000000e+00	8073	1	20
21	 7.500000000000000e+02  7.500000000000000e+02 -4.164132562731000e+02	0.000000000000000e+00 0.000000000000000e+00 0.000000000000000e+00	1.000000000000000e+00	8073	1	21
22	-2.077494720636000e+02  7.500000000000000e+02 -4.164132562731000e+02	-7.643373784332275e-05  0.000000000000000e+00  0.000000000000000e+00	1.001129150390625e-01	8073	1	22
23	-6.572780066941000e+02 -7.500000000000000e+02  1.077775486825000e+02	-1.245402000000000e-04  2.174490000000000e-05  0.000000000000000e+00	1.000000000000000e+00	23	1	23
24	 7.500000000000000e+02 -7.500000000000000e+02  1.077775486825000e+02	0.000000000000000e+00 0.000000000000000e+00 0.000000000000000e+00	1.000000000000000e+00	23	1	24
25	7.500000000000000e+02 7.500000000000000e+02 1.077775486825000e+02	0.000000000000000e+00 0.000000000000000e+00 0.000000000000000e+00	1.000000000000000e+00	23	1	25
26	-6.114142896927000e+02  7.500000000000000e+02  1.077775486825000e+02	 7.374700000000000e-06 -9.598000000000001e-07  0.000000000000000e+00	1.000000000000000e+00	23	1	26
27	-7.365148543934000e+02 -7.500000000000000e+02 -1.894272067752000e+02	 3.049000000000000e-07 -2.348000000000000e-07  0.000000000000000e+00	1.000000000000000e+00	27	1	27
28	 7.500000000000000e+02 -7.500000000000000e+02 -1.894272067752000e+02	0.000000000000000e+00 0.000000000000000e+00 0.000000000000000e+00	1.000000000000000e+00	27	1	28
29	 7.500000000000000e+02  7.500000000000000e+02 -1.894272067752000e+02	0.000000000000000e+00 0.000000000000000e+00 0.000000000000000e+00	1.000000000000000e+00	27	1	29
30	 4.223606127540000e+02  7.500000000000000e+02 -1.894272067752000e+02	-1.723000000000000e-07  1.331000000000000e-07  0.000000000000000e+00	1.000000000000000e+00	27	1	30
32	4.199872981078000e+02 7.500000000000000e+02 7.500000000000000e+02	0.000000000000000e+00 0.000000000000000e+00 0.000000000000000e+00	1.000000000000000e+00	8073	1	32
33	7.500000000000000e+02 1.784012331796000e+02 7.500000000000000e+02	0.000000000000000e+00 0.000000000000000e+00 0.000000000000000e+00	1.000000000000000e+00	8073	1	33
34	7.500000000000000e+02 1.784012331796000e+02 9.471360338760000e+01	 0.000000000000000e+00 -0.000000000000000e+00  0.000000000000000e+00	7.500000000000000e-01	8073	1	34
36	-5.950127018922000e+02 -7.500000000000000e+02 -7.500000000000000e+02	0.000000000000000e+00 0.000000000000000e+00 0.000000000000000e+00	1.000000000000000e+00	491	1	36
37	 2.710127018922000e+02  7.500000000000000e+02 -7.500000000000000e+02	0.000000000000000e+00 0.000000000000000e+00 0.000000000000000e+00	1.000000000000000e+00	491	1	37
38	2.710127018922000e+02 7.500000000000000e+02 7.500000000000000e+02	0.000000000000000e+00 0.000000000000000e+00 0.000000000000000e+00	1.000000000000000e+00	491	1	38
39	-2.112940116823000e+02 -8.537973274260000e+01  7.500000000000000e+02	 2.150000000000000e-06  3.723800000000000e-06 -2.013540000000000e-05	1.000000000000000e+00	491	1	39
41	 2.450127018922000e+02 -7.500000000000000e+02  7.500000000000000e+02	0.000000000000000e+00 0.000000000000000e+00 0.000000000000000e+00	1.000000000000000e+00	729	1	41
42	 2.450127018922000e+02 -7.500000000000000e+02  7.354240551833001e+02	 2.500000000000000e-09 -4.300000000000000e-09  1.285000000000000e-07	1.000000000000000e+00	729	1	42
44	-7.500000000000000e+02  5.715767664980000e+01 -7.500000000000000e+02	0.000000000000000e+00 0.000000000000000e+00 0.000000000000000e+00	1.000000000000000e+00	1105	1	44
45	 7.500000000000000e+02  5.715767664980000e+01 -7.500000000000000e+02	0.000000000000000e+00 0.000000000000000e+00 0.000000000000000e+00	1.000000000000000e+00	1105	1	45
47	-7.500000000000000e+02  2.381569860407000e+02  7.500000000000000e+02	0.000000000000000e+00 0.000000000000000e+00 0.000000000000000e+00	1.000000000000000e+00	1074	1	47
48	-7.500000000000000e+02  2.381569860407000e+02 -7.500000000000000e+02	0.000000000000000e+00 0.000000000000000e+00 0.000000000000000e+00	1.000000000000000e+00	1074	1	48
49	 7.500000000000000e+02  2.381569860407000e+02 -7.500000000000000e+02	0.000000000000000e+00 0.000000000000000e+00 0.000000000000000e+00	1.000000000000000e+00	1074	1	49
50	7.500000000000000e+02 2.381569860407000e+02 7.500000000000000e+02	0.000000000000000e+00 0.000000000000000e+00 0.000000000000000e+00	1.000000000000000e+00	1074	1	50
52	 2.614448066630000e+02 -7.500000000000000e+02  1.518683640526000e+02	3.412000000000000e-07 1.730000000000000e-07 0.000000000000000e+00	1.000000000000000e+00	8073	1	52
53	 7.500000000000000e+02 -7.500000000000000e+02  1.518683640526000e+02	0.000000000000000e+00 0.000000000000000e+00 0.000000000000000e+00	1.000000000000000e+00	8073	1	53
54	7.500000000000000e+02 7.500000000000000e+02 1.518683640526000e+02	0.000000000000000e+00 0.000000000000000e+00 0.000000000000000e+00	1.000000000000000e+00	8073	1	54
55	-3.656279779052000e+02  7.500000000000000e+02  1.518683640526000e+02	-2.180574975585937e-06 -5.170809814453125e-07  0.000000000000000e+00	1.779785156250000e-01	8073	1	55
56	-7.500000000000000e+02  3.403479836873000e+02 -6.864084035641000e+02	-6.770000000000000e-08  0.000000000000000e+00 -2.139100000000000e-06	1.000000000000000e+00	8073	1	56
57	-7.500000000000000e+02  3.403479836873000e+02 -7.500000000000000e+02	0.000000000000000e+00 0.000000000000000e+00 0.000000000000000e+00	1.000000000000000e+00	8073	1	57
59	 3.129872981078000e+02 -7.500000000000000e+02  4.515585638000000e+00	-0.000000000000000e+00 -1.000000000000000e-10 -5.400000000000000e-09	1.000000000000000e+00	8073	1	59
60	 3.129872981078000e+02 -7.500000000000000e+02 -7.500000000000000e+02	0.000000000000000e+00 0.000000000000000e+00 0.000000000000000e+00	1.000000000000000e+00	8073	1	60
61	 7.500000000000000e+02  6.928203230300000e+00 -7.500000000000000e+02	0.000000000000000e+00 0.000000000000000e+00 0.000000000000000e+00	1.000000000000000e+00	8073	1	61
62	 7.500000000000000e+02  6.928203230300000e+00 -2.822189780614000e+02	1.291000000000000e-07 2.237000000000000e-07 1.677820000000000e-05	1.000000000000000e+00	8073	1	62
63	 5.470127018922000e+02 -7.500000000000000e+02  2.286190426598000e+02	-0.000000000000000e+00 -0.000000000000000e+00  0.000000000000000e+00	1.000000000000000e+00	8073	1	63
65	 5.470127018922000e+02 -7.500000000000000e+02 -7.500000000000000e+02	0.000000000000000e+00 0.000000000000000e+00 0.000000000000000e+00	1.000000000000000e+00	8073	1	65
66	-8.250000000000000e+01  3.403479836873000e+02 -7.500000000000000e+02	0.000000000000000e+00 0.000000000000000e+00 0.000000000000000e+00	7.500000000000000e-01	8073	1	66
67	-7.500000000000000e+02  7.500000000000000e+02 -6.793251553319001e+02	0.000000000000000e+00 1.479210676000000e-01 0.000000000000000e+00	1.000000000000000e+00	8073	1	67
68	-7.500000000000000e+02 -7.500000000000000e+02 -6.793251553319001e+02	0.000000000000000e+00 0.000000000000000e+00 0.000000000000000e+00	1.000000000000000e+00	8073	1	68
71	 4.482782938921000e+02 -7.500000000000000e+02  1.469693845670000e+01	-8.200900000000000e-06  2.038100000000000e-06  0.000000000000000e+00	1.000000000000000e+00	5009	1	71
72	 7.500000000000000e+02 -7.500000000000000e+02  1.469693845670000e+01	0.000000000000000e+00 0.000000000000000e+00 0.000000000000000e+00	1.000000000000000e+00	5009	1	72
73	7.500000000000000e+02 7.500000000000000e+02 1.469693845670000e+01	0.000000000000000e+00 0.000000000000000e+00 0.000000000000000e+00	1.000000000000000e+00	5009	1	73
74	6.023706583180000e+02 7.500000000000000e+02 1.469693845670000e+01	 1.044963000000000e-04 -3.360110000000000e-05  0.000000000000000e+00	1.000000000000000e+00	5009	1	74
75	 3.130860028257000e+02  6.910882722200000e+02 -7.500000000000000e+02	1.380000000000000e-07 0.000000000000000e+00 3.923000000000000e-07	1.000000000000000e+00	8073	1	75
76	 7.500000000000000e+02  6.910882722200000e+02 -7.500000000000000e+02	0.000000000000000e+00 0.000000000000000e+00 0.000000000000000e+00	1.000000000000000e+00	8073	1	76
77	7.500000000000000e+02 6.910882722200000e+02 7.500000000000000e+02	0.000000000000000e+00 0.000000000000000e+00 0.000000000000000e+00	1.000000000000000e+00	8073	1	77
78	-7.500000000000000e+02  6.910882722200000e+02  7.500000000000000e+02	-1.044977359000000e-01  0.000000000000000e+00  0.000000000000000e+00	1.000000000000000e+00	8073	1	78
79	-5.429024879750000e+01 -7.500000000000000e+02  9.471360338760000e+01	 5.240100000000000e-06 -5.151900000000001e-06  0.000000000000000e+00	1.000000000000000e+00	8073	1	79
80	 7.500000000000000e+02 -7.500000000000000e+02  9.471360338760000e+01	0.000000000000000e+00 0.000000000000000e+00 0.000000000000000e+00	1.000000000000000e+00	8073	1	80
83	 3.215812952454000e+02 -7.500000000000000e+02  3.592584956082000e+02	-3.294200000000000e-06  5.496000000000000e-07  0.000000000000000e+00	1.000000000000000e+00	8073	1	83
84	 7.500000000000000e+02 -7.500000000000000e+02  3.592584956082000e+02	0.000000000000000e+00 0.000000000000000e+00 0.000000000000000e+00	1.000000000000000e+00	8073	1	84
85	7.500000000000000e+02 7.500000000000000e+02 3.592584956082000e+02	0.000000000000000e+00 0.000000000000000e+00 0.000000000000000e+00	1.000000000000000e+00	8073	1	85
87	-2.960127018922000e+02 -7.500000000000000e+02 -4.866620814361000e+02	-2.630000000000000e-08 -4.550000000000000e-08  5.247000000000000e-07	1.000000000000000e+00	8073	1	87
88	-2.960127018922000e+02 -7.500000000000000e+02 -7.500000000000000e+02	0.000000000000000e+00 0.000000000000000e+00 0.000000000000000e+00	1.000000000000000e+00	8073	1	88
89	 5.700127018922000e+02  7.500000000000000e+02 -7.500000000000000e+02	0.000000000000000e+00 0.000000000000000e+00 0.000000000000000e+00	1.000000000000000e+00	8073	1	89
90	5.700127018922000e+02 7.500000000000000e+02 5.804214202255000e+02	 4.456800000000000e-06  7.719500000000000e-06 -6.313380000000001e-05	1.000000000000000e+00	8073	1	90
92	-7.500000000000000e+02  7.500000000000000e+02  3.804874067123000e+02	0.000000000000000e+00 0.000000000000000e+00 0.000000000000000e+00	1.000000000000000e+00	8006	1	92
93	-7.500000000000000e+02 -7.500000000000000e+02  3.804874067123000e+02	0.000000000000000e+00 0.000000000000000e+00 0.000000000000000e+00	1.000000000000000e+00	8006	1	93
94	 7.500000000000000e+02 -7.500000000000000e+02  3.804874067123000e+02	0.000000000000000e+00 0.000000000000000e+00 0.000000000000000e+00	1.000000000000000e+00	8006	1	94
95	7.500000000000000e+02 2.977899311237000e+02 3.804874067123000e+02	-1.161610000000000e-05 -1.195090000000000e-05  0.000000000000000e+00	1.000000000000000e+00	8006	1	95
97	 5.929872981078000e+02 -7.500000000000000e+02 -1.596406733290000e+01	 4.500000000000000e-09  7.699999999999999e-09 -9.160000000000000e-08	1.000000000000000e+00	97	1	97
98	 5.929872981078000e+02 -7.500000000000000e+02 -7.500000000000000e+02	0.000000000000000e+00 0.000000000000000e+00 0.000000000000000e+00	1.000000000000000e+00	97	1	98
99	 7.500000000000000e+02 -4.780460228890000e+02 -7.500000000000000e+02	0.000000000000000e+00 0.000000000000000e+00 0.000000000000000e+00	1.000000000000000e+00	97	1	99
100	 7.500000000000000e+02 -4.780460228890000e+02  1.930973196230000e+01	 3.940000000000000e-08  6.830000000000000e-08 -8.143000000000000e-07	1.000000000000000e+00	97	1	100
101	-7.500000000000000e+02 -5.525242076145000e+02 -1.159425144917000e+02	-0.000000000000000e+00 -0.000000000000000e+00  0.000000000000000e+00	1.779785156250000e-01	661	1	101
102	-7.500000000000000e+02 -5.525242076145000e+02  7.500000000000000e+02	0.000000000000000e+00 0.000000000000000e+00 0.000000000000000e+00	1.000000000000000e+00	661	1	102
103	-6.359872981078000e+02 -7.500000000000000e+02  7.500000000000000e+02	0.000000000000000e+00 0.000000000000000e+00 0.000000000000000e+00	1.000000000000000e+00	661	1	103
104	-6.359872981078000e+02 -7.500000000000000e+02 -1.159425144917000e+02	0.000000000000000e+00 0.000000000000000e+00 0.000000000000000e+00	7.500000000000000e-01	661	1	104
105	-5.983729230020000e+02 -7.500000000000000e+02  5.829785587824000e+02	-5.784810000000000e-05  1.634060000000000e-04  0.000000000000000e+00	1.000000000000000e+00	105	1	105
106	 7.500000000000000e+02 -7.500000000000000e+02  5.829785587824000e+02	0.000000000000000e+00 0.000000000000000e+00 0.000000000000000e+00	1.000000000000000e+00	105	1	106
107	7.500000000000000e+02 2.436420532720000e+01 5.829785587824000e+02	 3.237700000000000e-06 -7.851900000000000e-06  0.000000000000000e+00	1.000000000000000e+00	105	1	107
108	-2.087382033085000e+02  6.910882722200000e+02 -4.164132562731000e+02	-1.596688200988770e-04  0.000000000000000e+00  0.000000000000000e+00	1.334838867187500e-01	8073	0	108
112	 6.715713205461000e+02  1.375745083923000e+02 -5.932066271047000e+02	 1.108000000000000e-07 -1.919000000000000e-07 -2.447600000000000e-06	1.000000000000000e+00	0	0	112
113	 5.131387852139001e+02 -6.151028799500001e+00  2.286190426598000e+02	-1.617380000000000e-05  1.886100000000000e-06  0.000000000000000e+00	1.000000000000000e+00	8073	0	113
114	 2.990309269678000e+02  6.853858566531001e+02 -4.262112152443000e+02	-5.700000000000001e-09 -3.800000000000000e-08  0.000000000000000e+00	1.000000000000000e+00	646	0	114
116	-5.787438810798001e+02  1.417890017658000e+02 -1.159425144917000e+02	-9.113400000000000e-06 -4.492400000000000e-06  0.000000000000000e+00	1.000000000000000e+00	661	0	116
117	-4.257012639312000e+02  2.979091864824000e+02 -4.164132562731000e+02	 5.543000000000000e-07 -4.555000000000000e-07  0.000000000000000e+00	1.000000000000000e+00	8073	0	117
118	-6.466256635739001e+02 -1.588152511912000e+02  1.077775486825000e+02	-8.976620000000001e-05 -1.516700000000000e-06  0.000000000000000e+00	1.000000000000000e+00	23	0	118
119	-1.572207971947000e+02  8.967313110000000e-02 -1.894272067752000e+02	-2.785000000000000e-07  2.153000000000000e-07  0.000000000000000e+00	1.000000000000000e+00	27	0	119
122	-5.468012577057000e+02 -6.664953291627000e+02  3.788686619622000e+02	-1.958300000000000e-06 -3.391800000000000e-06 -1.653620000000000e-05	1.000000000000000e+00	491	0	122
123	 1.455999880120000e+02 -5.778121286411000e+02  7.443469021516000e+02	 4.100000000000000e-09 -7.000000000000001e-09  1.534000000000000e-07	1.000000000000000e+00	729	0	123
126	-7.301784924100001e+01 -1.327109280000000e-02  1.518683640526000e+02	-8.900000000000000e-08 -3.870000000000000e-08  0.000000000000000e+00	1.000000000000000e+00	8073	0	126
127	-2.079696188949000e+02  3.403479836873000e+02 -7.340563023794000e+02	1.064200000000000e-06 0.000000000000000e+00 1.969700000000000e-06	1.000000000000000e+00	8073	0	127
128	 5.325432912903000e+02 -3.697178647016000e+02 -2.716234483196000e+02	7.010000000000000e-08 1.214000000000000e-07 3.941600000000001e-06	1.000000000000000e+00	8073	0	128
130	-3.336221558052000e+02  5.821840933137000e+02 -6.793251553319001e+02	-6.564700000000000e-06 -1.298340000000000e-05  0.000000000000000e+00	1.000000000000000e+00	8073	0	130
131	5.343385679323001e+02 1.495606341178000e+02 1.469693845670000e+01	9.044910000000001e-05 9.242000000000001e-07 0.000000000000000e+00	1.000000000000000e+00	5009	0	131
132	-4.698729870200000e+01  6.910882722200000e+02 -5.577871761990000e+02	-1.438550000000000e-05  0.000000000000000e+00 -2.545390000000000e-05	1.000000000000000e+00	8073	0	132
133	-3.447775432661000e+02  6.910882722200000e+02  1.560056390563000e+02	-1.298784375000000e-06  0.000000000000000e+00  3.021046875000000e-07	4.218750000000000e-01	8073	0	133
134	 3.686776545101000e+02 -1.684972046394000e+02  9.471360338760000e+01	 5.253900000000000e-06 -3.942900000000000e-06  0.000000000000000e+00	1.000000000000000e+00	8073	0	134
136	3.724147000519000e+02 2.342341031098000e+02 3.592584956082000e+02	1.262764000000000e-04 6.468700000000000e-06 0.000000000000000e+00	1.000000000000000e+00	8073	0	136
137	 1.590575315256000e+02  3.820476529180000e+01 -7.319580496860000e+01	-1.010990000000000e-05 -1.751080000000000e-05  1.652620000000000e-05	1.000000000000000e+00	8073	0	137
139	 6.777116230626000e+02 -6.032531645412000e+02  3.160472007500000e+00	 1.320000000000000e-07  2.286000000000000e-07 -2.106300000000000e-06	1.000000000000000e+00	97	0	139
141	 2.403128279274000e+02 -2.618814870071000e+02  5.829785587824000e+02	 1.327290000000000e-05 -2.315220000000000e-05  0.000000000000000e+00	1.000000000000000e+00	105	0	141
143	 5.701565821447000e+02  3.132299879398000e+02 -6.183376970826000e+02	 1.230000000000000e-07 -2.130000000000000e-07 -1.629500000000000e-06	1.000000000000000e+00	0	0	143
144	 4.817360128912000e+02 -3.765629586099000e+02  2.286190426598000e+02	-4.923680000000000e-05  3.938400000000000e-06  0.000000000000000e+00	1.000000000000000e+00	8073	0	144
146	 5.245218751559000e+02  6.530808114978000e+02 -4.262112152443000e+02	1.370000000000000e-08 9.570000000000000e-08 0.000000000000000e+00	1.000000000000000e+00	646	0	146
147	 7.251866225210000e+01  7.227066528720001e+02 -4.262112152443000e+02	2.134000000000000e-07 8.406000000000000e-07 0.000000000000000e+00	1.000000000000000e+00	646	0	147
150	-7.500000000000000e+02 -2.079892841761000e+02 -1.159425144917000e+02	 2.333030000000000e-05 -2.152700000000000e-06  0.000000000000000e+00	1.000000000000000e+00	661	1	150
151	-2.366010929447000e+02  4.506444227802000e+02 -1.159425144917000e+02	-1.041200000000000e-06  1.571800000000000e-06  0.000000000000000e+00	1.000000000000000e+00	661	0	151
152	-5.877441248551000e+02  1.014506421036000e+02 -4.164132562731000e+02	 5.305000000000000e-07 -4.377000000000000e-07  0.000000000000000e+00	1.000000000000000e+00	8073	0	152
153	-6.405930451302000e+02 -6.148983964482001e+02  1.077775486825000e+02	-1.382646000000000e-04  1.756000000000000e-07  0.000000000000000e+00	1.000000000000000e+00	23	0	153
154	-6.413678409125000e+02  3.322594918998000e+02  1.077775486825000e+02	-3.776060000000000e-05  1.404600000000000e-06  0.000000000000000e+00	1.000000000000000e+00	23	0	154
155	-4.469866833830000e+02 -3.749087278222000e+02 -1.894272067752000e+02	-2.511000000000000e-07  1.939000000000000e-07  0.000000000000000e+00	1.000000000000000e+00	27	0	155
156	 1.326085315816000e+02  3.750389582169000e+02 -1.894272067752000e+02	-1.363000000000000e-07  1.054000000000000e-07  0.000000000000000e+00	1.000000000000000e+00	27	0	156
159	-5.950127018922000e+02 -7.500000000000000e+02  2.320598802770000e+02	-7.970000000000000e-06 -1.380450000000000e-05  2.497700000000000e-06	1.000000000000000e+00	491	1	159
160	-4.481569883644000e+02 -4.956384427881000e+02  5.394493711129001e+02	 4.876400000000000e-06  8.446100000000000e-06 -1.310050000000000e-05	1.000000000000000e+00	491	0	160
161	 9.393075620900001e+01 -4.883183939704000e+02  7.500000000000000e+02	 4.100000000000000e-09 -7.200000000000000e-09  1.512000000000000e-07	1.000000000000000e+00	729	1	161
162	 1.965555315611000e+02 -6.660697189954001e+02  7.391963903360000e+02	 2.900000000000000e-09 -5.100000000000000e-09  1.292000000000000e-07	1.000000000000000e+00	729	0	162
164	5.219942678802000e+02 5.454878991380000e+01 2.286190426598000e+02	-9.469400000000001e-06  1.358900000000000e-06  0.000000000000000e+00	1.000000000000000e+00	8073	0	164
167	 9.021555176030000e+01 -3.750648210599000e+02  1.518683640526000e+02	-3.332000000000000e-07 -1.452000000000000e-07  0.000000000000000e+00	1.000000000000000e+00	8073	0	167
168	-2.362284038872000e+02  3.750075371352000e+02  1.518683640526000e+02	6.100000000000000e-08 2.660000000000000e-08 0.000000000000000e+00	1.000000000000000e+00	8073	0	168
169	-4.953458047068000e+02  3.403479836873000e+02 -7.007292492899001e+02	-1.836000000000000e-07  0.000000000000000e+00 -2.159000000000000e-06	1.000000000000000e+00	8073	0	169
172	 6.453100234665001e+02 -1.744001551690000e+02 -2.784054805226000e+02	1.455000000000000e-07 2.519000000000000e-07 1.242840000000000e-05	1.000000000000000e+00	8073	0	172
174	 4.523703482007000e+02 -5.860746348583000e+02 -3.053559204705000e+02	-1.597890000000000e-05  2.767630000000000e-05  3.560580000000000e-05	1.000000000000000e+00	8073	0	174
177	 5.135163599711000e+02 -3.054015575675000e+02  1.469693845670000e+01	 3.318750000000000e-05 -3.267300000000000e-06  0.000000000000000e+00	1.000000000000000e+00	5009	0	177
179	 7.005863897500000e+00  6.910882722200000e+02 -6.019747334135001e+02	-4.545400000000001e-06  0.000000000000000e+00 -2.297500000000000e-06	1.000000000000000e+00	8073	0	179
181	 2.145877119942000e+02 -4.510039751212000e+02  9.471360338760000e+01	 1.519000000000000e-07 -7.550000000000001e-08  0.000000000000000e+00	1.000000000000000e+00	8073	0	181
183	 3.595916019265000e+02 -2.770795420905000e+02  3.592584956082000e+02	 5.332300000000000e-05 -1.738100000000000e-06  0.000000000000000e+00	1.000000000000000e+00	8073	0	183
185	-8.238412512920000e+01 -3.799844510979000e+02 -3.823606610026000e+02	 1.685200000000000e-06  2.918800000000000e-06 -8.615900000000000e-06	1.000000000000000e+00	8073	0	185
187	4.253931172342000e+02 7.500000000000000e+02 3.804874067123000e+02	-2.695000000000000e-07 -8.230000000000000e-08  0.000000000000000e+00	1.000000000000000e+00	8006	1	187
189	 6.312498948595000e+02 -6.837272383964000e+02 -8.529225476700001e+00	 1.439000000000000e-07  2.492000000000000e-07 -2.309200000000000e-06	1.000000000000000e+00	97	0	189
190	 7.226738064144000e+02 -5.253763785567000e+02  1.401947951420000e+01	 8.290000000000001e-08  1.435000000000000e-07 -1.389200000000000e-06	1.000000000000000e+00	97	0	190
191	-8.612762814770001e+01 -4.545530339536000e+02  5.829785587824000e+02	-5.136300000000000e-06  8.286700000000000e-06  0.000000000000000e+00	1.000000000000000e+00	105	0	191
192	 5.702007944385000e+02 -7.909938253640000e+01  5.829785587824000e+02	 2.769860000000000e-05 -4.472050000000000e-05  0.000000000000000e+00	1.000000000000000e+00	105	0	192
193	-2.659909564206000e+02  4.954676973227000e+02 -4.164132562731000e+02	-1.903162500000000e-06  1.006200000000000e-06  0.000000000000000e+00	5.625000000000000e-01	8073	0	193
194	-2.008887570604000e+02  6.910882722200000e+02 -4.177091186293000e+02	-5.602406166004836e-05  0.000000000000000e+00 -7.293717329218426e-05	1.781794801354408e-02	8073	0	194
195	-3.871173420810000e+02  6.910882722200000e+02 -1.717022606669000e+02	-8.579350000000000e-05  0.000000000000000e+00  2.429853000000000e-04	1.000000000000000e+00	8073	0	195
198	6.000292721953000e+02 5.646573710880000e+01 9.471360338760000e+01	 5.295200000000001e-06 -6.300900000000000e-06  0.000000000000000e+00	1.000000000000000e+00	8073	0	198
201	 5.169398791117001e+02  4.054040214042000e+02 -6.363758424297000e+02	 9.780000000000000e-08 -1.695000000000000e-07 -1.135700000000000e-06	1.000000000000000e+00	0	0	201
202	 4.607542768068000e+02 -5.767401087444000e+02  2.286190426598000e+02	-1.173012890625000e-05 -3.187792968750001e-07  0.000000000000000e+00	3.164062500000000e-01	8073	0	202
204	 6.372681475201000e+02  6.369340834148001e+02 -4.262112152443000e+02	2.360000000000000e-08 1.651000000000000e-07 0.000000000000000e+00	1.000000000000000e+00	646	0	204
205	-2.398323114650000e+01  7.500000000000000e+02 -4.262112152443000e+02	-8.840000000000000e-08 -3.126000000000000e-07  0.000000000000000e+00	1.000000000000000e+00	646	1	205
209	-7.783286620540001e+01  5.625246742983001e+02 -1.159425144917000e+02	-1.146800000000000e-06  1.629300000000000e-06  0.000000000000000e+00	1.000000000000000e+00	661	0	209
210	-6.687805984537000e+02  3.234042387600000e+00 -4.164132562731000e+02	 4.810000000000000e-07 -3.967000000000000e-07  0.000000000000000e+00	1.000000000000000e+00	8073	0	210
212	-6.298238776301000e+02  5.593546194184000e+02  1.077775486825000e+02	-1.231870000000000e-05  7.255000000000000e-07  0.000000000000000e+00	1.000000000000000e+00	23	0	212
213	-5.917784929500000e+02 -5.624783006650000e+02 -1.894272067752000e+02	-5.140000000000000e-08  3.970000000000000e-08  0.000000000000000e+00	1.000000000000000e+00	27	0	213
214	 2.775240590854000e+02  5.625129482764000e+02 -1.894272067752000e+02	-4.420000000000000e-08  3.410000000000000e-08  0.000000000000000e+00	1.000000000000000e+00	27	0	214
216	-3.995242823107000e+02 -4.114041249934000e+02  6.045021019834001e+02	 4.508200000000000e-06  7.808400000000000e-06 -1.422930000000000e-05	1.000000000000000e+00	491	0	216
221	 1.722610618365000e+02 -5.624896871193000e+02  1.518683640526000e+02	6.560000000000001e-08 2.940000000000000e-08 0.000000000000000e+00	1.000000000000000e+00	8073	0	221
222	-3.121816561065000e+02  5.640826743958000e+02  1.518683640526000e+02	-4.940000000000001e-07 -1.786000000000000e-07  0.000000000000000e+00	1.000000000000000e+00	8073	0	222
223	-6.345448674694001e+02  3.403479836873000e+02 -6.910686482219000e+02	-1.141000000000000e-07  0.000000000000000e+00 -2.112300000000000e-06	1.000000000000000e+00	8073	0	223
226	 7.014262739149000e+02 -7.720395826210000e+01 -2.807235516580000e+02	1.348000000000000e-07 2.334000000000000e-07 1.512640000000000e-05	1.000000000000000e+00	8073	0	226
228	 5.238009555622000e+02 -7.097960760241000e+02 -5.505763458730000e+02	-8.937000000000000e-07  1.547900000000000e-06  7.865499999999999e-06	1.000000000000000e+00	8073	0	228
229	-5.028175054936000e+02  6.647060690367000e+02 -6.793251553319001e+02	-4.732500000000000e-06 -1.051730000000000e-05  0.000000000000000e+00	1.000000000000000e+00	8073	0	229
231	 4.868827464537000e+02 -5.371713183615000e+02  1.469693845670000e+01	 2.093700000000000e-06 -2.628000000000000e-07  0.000000000000000e+00	1.000000000000000e+00	5009	0	231
233	-4.695004653881000e+02  6.910882722200000e+02  4.366454231285000e+02	-8.087000000000001e-06  0.000000000000000e+00 -1.702400000000000e-06	1.000000000000000e+00	8073	0	233
234	 1.231216903902000e+02 -5.777726624605000e+02  9.471360338760000e+01	-1.007700000000000e-06  9.488000000000000e-07  0.000000000000000e+00	1.000000000000000e+00	8073	0	234
235	 3.464048014400000e+02 -5.359924992573000e+02  3.592584956082000e+02	 2.217550000000000e-05 -1.619100000000000e-06  0.000000000000000e+00	1.000000000000000e+00	8073	0	235
237	-2.086936434784000e+02 -5.987589543582001e+02 -4.619534016257000e+02	-1.910000000000000e-08 -3.300000000000000e-08  1.863000000000000e-07	1.000000000000000e+00	8073	0	237
238	4.315785091884000e+02 5.102249447322000e+02 4.971490924422000e+02	 2.849150000000000e-05  4.934880000000000e-05 -1.129097000000000e-04	1.000000000000000e+00	8073	0	238
241	-2.471163732185000e+02 -5.578605803305001e+02  5.829785587824000e+02	-1.440530000000000e-05  2.179640000000000e-05  0.000000000000000e+00	1.000000000000000e+00	105	0	241
242	7.119534291203000e+02 8.675895079400000e+00 5.829785587824000e+02	 1.402810000000000e-05 -2.477860000000000e-05  0.000000000000000e+00	1.000000000000000e+00	105	0	242
243	-2.215229966699000e+02  6.049406639210000e+02 -4.164132562731000e+02	-7.783808510742188e-05  1.156392268066406e-05  0.000000000000000e+00	1.779785156250000e-01	8073	0	243
246	 7.169569327249001e+02  5.896432216600000e+01 -5.856350649357000e+02	 1.115000000000000e-07 -1.931000000000000e-07 -2.721800000000000e-06	1.000000000000000e+00	0	0	246
247	 6.219946128303001e+02  2.234438850280000e+02 -6.040060433040001e+02	 1.239000000000000e-07 -2.145000000000000e-07 -2.078000000000000e-06	1.000000000000000e+00	0	0	247
248	 4.945582936238000e+02 -1.952561845731000e+02  2.286190426598000e+02	-4.395250000000000e-05  3.398900000000000e-06  0.000000000000000e+00	1.000000000000000e+00	8073	0	248
249	5.483089348515000e+02 1.793315512809000e+02 2.286190426598000e+02	 1.280000000000000e-07 -3.690000000000000e-08  0.000000000000000e+00	1.000000000000000e+00	8073	0	249
250	 4.117757490981000e+02  6.692286415299001e+02 -4.262112152443000e+02	2.700000000000000e-09 1.860000000000000e-08 0.000000000000000e+00	1.000000000000000e+00	646	0	250
251	 1.864165562333000e+02  7.024359558201000e+02 -4.262112152443000e+02	1.260000000000000e-08 7.130000000000000e-08 0.000000000000000e+00	1.000000000000000e+00	646	0	251
254	-7.042449840013001e+02 -6.840005522570000e+01 -1.159425144917000e+02	-5.947100000000000e-06  5.762100000000000e-06  0.000000000000000e+00	1.000000000000000e+00	661	0	254
255	-4.011076391171000e+02  3.202339391871000e+02 -1.159425144917000e+02	-2.156700000000000e-06 -2.596500000000000e-06  0.000000000000000e+00	1.000000000000000e+00	661	0	255
256	-5.067158783874000e+02  1.996740499051000e+02 -4.164132562731000e+02	 5.590000000000001e-07 -4.611000000000000e-07  0.000000000000000e+00	1.000000000000000e+00	8073	0	256
257	-3.450198784222000e+02  3.962323937144000e+02 -4.164132562731000e+02	 2.884500000000000e-07 -2.369250000000000e-07  0.000000000000000e+00	5.625000000000000e-01	8073	0	257
258	-6.422578924292001e+02 -4.259970590010000e+02  1.077775486825000e+02	-1.165796000000000e-04 -1.094600000000000e-06  0.000000000000000e+00	1.000000000000000e+00	23	0	258
259	-6.475324512332000e+02  8.893624591010000e+01  1.077775486825000e+02	-6.487570000000000e-05  7.817000000000001e-07  0.000000000000000e+00	1.000000000000000e+00	23	0	259
260	-3.021356196567000e+02 -1.873848888082000e+02 -1.894272067752000e+02	-3.386000000000000e-07  2.616000000000000e-07  0.000000000000000e+00	1.000000000000000e+00	27	0	260
261	-1.229556195650000e+01  1.875561390769000e+02 -1.894272067752000e+02	-1.791000000000000e-07  1.384000000000000e-07  0.000000000000000e+00	1.000000000000000e+00	27	0	261
262	-5.856096927395000e+02 -7.337135104034001e+02  2.785688438086000e+02	 1.697000000000000e-07  2.940000000000000e-07 -6.717100000000000e-06	1.000000000000000e+00	491	0	262
263	-4.957077580761000e+02 -5.779987918677000e+02  4.694128907834000e+02	 3.546600000000000e-06  6.142900000000000e-06 -1.044960000000000e-05	1.000000000000000e+00	491	0	263
268	 8.615484034400000e+00 -1.875317684304000e+02  1.518683640526000e+02	-1.679000000000000e-07 -7.310000000000000e-08  0.000000000000000e+00	1.000000000000000e+00	8073	0	268
269	-1.545812994342000e+02  1.875153341272000e+02  1.518683640526000e+02	7.930000000000000e-08 3.450000000000000e-08 0.000000000000000e+00	1.000000000000000e+00	8073	0	269
270	-3.566890835106000e+02  3.403479836873000e+02 -7.146581918878001e+02	-2.903000000000000e-07  0.000000000000000e+00 -2.514000000000000e-06	1.000000000000000e+00	8073	0	270
273	 5.891870559165001e+02 -2.716079864371000e+02 -2.754304070402000e+02	1.301000000000000e-07 2.253000000000000e-07 8.762100000000000e-06	1.000000000000000e+00	8073	0	273
274	 4.494129822715000e+02 -5.809523268124000e+02  1.476374236538000e+02	-3.088400000000000e-06  5.349300000000001e-06 -1.515000000000000e-05	1.000000000000000e+00	8073	0	274
277	 5.470127018922000e+02 -7.500000000000000e+02 -6.793251553319001e+02	0.000000000000000e+00 0.000000000000000e+00 0.000000000000000e+00	1.000000000000000e+00	8073	1	277
278	 5.346855925348000e+02 -5.752893334920000e+01  1.469693845670000e+01	 6.469300000000000e-05 -2.895100000000000e-06  0.000000000000000e+00	1.000000000000000e+00	5009	0	278
279	5.334303590743000e+02 4.067223202605000e+02 1.469693845670000e+01	 1.052717000000000e-04 -3.004200000000000e-06  0.000000000000000e+00	1.000000000000000e+00	5009	0	279
281	-4.039161893601000e+02  6.910882722200000e+02  1.136409379703000e+02	1.754330000000000e-05 0.000000000000000e+00 1.308720000000000e-05	1.000000000000000e+00	8073	0	281
282	 2.829024865443000e+02 -3.039397191860000e+02  9.471360338760000e+01	 3.511000000000000e-06 -1.904900000000000e-06  0.000000000000000e+00	1.000000000000000e+00	8073	0	282
283	 4.716691429628000e+02 -5.307923450750000e+01  9.471360338760000e+01	 3.913700000000000e-06 -4.309400000000000e-06  0.000000000000000e+00	1.000000000000000e+00	8073	0	283
284	 3.680206233267000e+02 -8.918199601700000e+00  3.592584956082000e+02	 8.476390000000000e-05 -2.594800000000000e-06  0.000000000000000e+00	1.000000000000000e+00	8073	0	284
286	 4.595569274670000e+01 -1.576933659026000e+02 -2.606534582677000e+02	 6.331200000000000e-06  1.096600000000000e-05 -1.989610000000000e-05	1.000000000000000e+00	8073	0	286
287	2.515104901070000e+02 1.983379868649000e+02 1.028992216074000e+02	-2.271870000000000e-05 -3.934990000000000e-05  4.953670000000000e-05	1.000000000000000e+00	8073	0	287
290	 7.714622131190001e+01 -3.574109514475000e+02  5.829785587824000e+02	 4.536200000000000e-06 -7.710800000000001e-06  0.000000000000000e+00	1.000000000000000e+00	105	0	290
291	 4.063512252868000e+02 -1.702686662061000e+02  5.829785587824000e+02	 1.746670000000000e-05 -3.313290000000000e-05  0.000000000000000e+00	1.000000000000000e+00	105	0	291
292	 4.638706040194000e+02 -6.059936622364000e+02  2.286190426598000e+02	-1.182020673751831e-05  2.047319874687195e-05  0.000000000000000e+00	7.508468627929688e-02	8073	0	292
297	-3.135200987100000e+00  6.103624833386000e+02 -1.159425144917000e+02	-3.000000000000000e-10 -7.470000000000000e-08  0.000000000000000e+00	1.000000000000000e+00	661	0	297
298	-7.092823903378001e+02 -4.588799309870000e+01 -4.164132562731000e+02	 4.913000000000001e-07 -4.059000000000000e-07  0.000000000000000e+00	1.000000000000000e+00	8073	0	298
300	-6.220778450902001e+02  6.680627199014000e+02  1.077775486825000e+02	-2.798000000000000e-07 -3.470000000000000e-08  0.000000000000000e+00	1.000000000000000e+00	23	0	300
301	-6.642659940449000e+02 -6.561923417984000e+02 -1.894272067752000e+02	-1.527000000000000e-07  1.180000000000000e-07  0.000000000000000e+00	1.000000000000000e+00	27	0	301
302	 3.499696639395000e+02  6.562593439983000e+02 -1.894272067752000e+02	-4.020000000000000e-08  3.110000000000000e-08  0.000000000000000e+00	1.000000000000000e+00	27	0	302
305	 2.138600766059000e+02 -6.561241460460001e+02  1.518683640526000e+02	3.911000000000000e-07 1.858000000000000e-07 0.000000000000000e+00	1.000000000000000e+00	8073	0	305
306	-3.516579734015000e+02  6.910882722200000e+02  1.518683640526000e+02	-5.054625000000000e-07 -1.549125000000000e-07 -2.459250000000000e-07	5.625000000000000e-01	8073	0	306
307	-7.048235554891000e+02  3.403479836873000e+02 -6.878375631584000e+02	-7.870000000000000e-08  0.000000000000000e+00 -2.129300000000000e-06	1.000000000000000e+00	8073	0	307
313	 4.746654896207000e+02 -6.438241322627000e+02  1.469693845670000e+01	-4.514900000000000e-06  7.463000000000001e-07  0.000000000000000e+00	1.000000000000000e+00	5009	0	313
314	5.674844939955000e+02 6.415072165634000e+02 1.469693845670000e+01	 9.654650000000000e-05 -3.093260000000000e-05  0.000000000000000e+00	1.000000000000000e+00	5009	0	314
315	-5.039423836323000e+02  6.910882722200000e+02  4.783571066199000e+02	 1.192300000000000e-06  0.000000000000000e+00 -1.075370000000000e-05	1.000000000000000e+00	8073	0	315
316	 5.854960002540000e+01 -6.430782974298000e+02  9.471360338760000e+01	-8.324000000000001e-07  8.808000000000000e-07  0.000000000000000e+00	1.000000000000000e+00	8073	0	316
317	 3.358009004516000e+02 -6.550739642607000e+02  3.592584956082000e+02	 8.260600000000000e-06 -8.901000000000001e-07  0.000000000000000e+00	1.000000000000000e+00	8073	0	317
319	-2.677102712188000e+02 -7.009787520960000e+02 -4.809884494224000e+02	-7.100000000000000e-09 -1.230000000000000e-08  1.220000000000000e-07	1.000000000000000e+00	8073	0	319
320	4.853511364478000e+02 6.033618672020000e+02 5.448435415314000e+02	 2.062720000000000e-05  3.572740000000000e-05 -1.333186000000000e-04	1.000000000000000e+00	8073	0	320
322	4.855447900194000e+02 5.736032167994000e+02 3.804874067123000e+02	2.196200000000000e-06 8.528000000000000e-07 0.000000000000000e+00	1.000000000000000e+00	8006	0	322
323	-3.259433524201000e+02 -6.104445937133000e+02  5.829785587824000e+02	-1.863170000000000e-05  2.833560000000000e-05  0.000000000000000e+00	1.000000000000000e+00	105	0	323
328	 5.027923379029000e+02 -1.020511663831000e+02  2.286190426598000e+02	-2.893290000000000e-05  2.783700000000000e-06  0.000000000000000e+00	1.000000000000000e+00	8073	0	328
332	-6.595472088673000e+02  2.049838664460000e+01 -1.159425144917000e+02	-1.721380000000000e-05 -1.161200000000000e-05  0.000000000000000e+00	1.000000000000000e+00	661	0	332
333	-4.837047037912000e+02  2.456656587880000e+02 -1.159425144917000e+02	5.411100000000001e-06 5.062500000000000e-06 0.000000000000000e+00	1.000000000000000e+00	661	0	333
334	-4.662054378977000e+02  2.487888018858000e+02 -4.164132562731000e+02	 5.650000000000000e-07 -4.660000000000000e-07  0.000000000000000e+00	1.000000000000000e+00	8073	0	334
335	-3.854077522984000e+02  3.471097223519000e+02 -4.164132562731000e+02	 3.188250000000000e-07 -2.616187500000000e-07  0.000000000000000e+00	5.625000000000000e-01	8073	0	335
336	-6.440530819595000e+02 -2.981653198372000e+02  1.077775486825000e+02	-1.028512000000000e-04 -1.691800000000000e-06  0.000000000000000e+00	1.000000000000000e+00	23	0	336
337	-6.480469188580000e+02 -3.321939100360000e+01  1.077775486825000e+02	-7.782420000000001e-05 -3.071000000000000e-07  0.000000000000000e+00	1.000000000000000e+00	23	0	337
338	-2.296872761871000e+02 -9.364059424920001e+01 -1.894272067752000e+02	-3.331000000000000e-07  2.575000000000000e-07  0.000000000000000e+00	1.000000000000000e+00	27	0	338
339	-8.475103684360000e+01  9.381738520720000e+01 -1.894272067752000e+02	-2.085000000000000e-07  1.612000000000000e-07  0.000000000000000e+00	1.000000000000000e+00	27	0	339
342	-3.221181237350000e+01 -9.377714875130000e+01  1.518683640526000e+02	-1.527000000000000e-07 -6.650000000000001e-08  0.000000000000000e+00	1.000000000000000e+00	8073	0	342
343	-1.137940887331000e+02  9.375342077660001e+01  1.518683640526000e+02	3.200000000000000e-09 1.400000000000000e-09 0.000000000000000e+00	1.000000000000000e+00	8073	0	343
344	-2.841366581882000e+02  3.403479836873000e+02 -7.238126993439000e+02	-2.744000000000000e-07  0.000000000000000e+00 -2.051800000000000e-06	1.000000000000000e+00	8073	0	344
346	 4.300000000000000e+02 -5.473280551918000e+02 -1.496480299100000e+00	0.000000000000000e+00 0.000000000000000e+00 0.000000000000000e+00	1.000000000000000e+00	8073	0	346
349	-1.625522039890000e+02  4.790024682542000e+02 -6.793251553319001e+02	 3.389770000000000e-05 -5.871250000000000e-05  0.000000000000000e+00	1.000000000000000e+00	8073	0	349
350	5.365021258360000e+02 2.564728477790000e+01 1.469693845670000e+01	 7.758820000000000e-05 -3.159000000000000e-07  0.000000000000000e+00	1.000000000000000e+00	5009	0	350
351	5.334075063738001e+02 3.007005893988000e+02 1.469693845670000e+01	1.049764000000000e-04 4.085000000000000e-07 0.000000000000000e+00	1.000000000000000e+00	5009	0	351
352	-4.112237994870000e+02  6.910882722200000e+02  3.592584956082000e+02	-1.016200000000000e-05  0.000000000000000e+00  0.000000000000000e+00	1.000000000000000e+00	8073	0	352
354	 3.235123134944000e+02 -2.342181235188000e+02  9.471360338760000e+01	 4.923400000000000e-06 -3.133900000000000e-06  0.000000000000000e+00	1.000000000000000e+00	8073	0	354
355	 4.178661031351000e+02 -1.080038955495000e+02  9.471360338760000e+01	 4.726600000000000e-06 -4.198000000000000e-06  0.000000000000000e+00	1.000000000000000e+00	8073	0	355
356	3.709422453651000e+02 9.917383433810001e+01 3.592584956082000e+02	 1.010604000000000e-04 -2.523800000000000e-06  0.000000000000000e+00	1.000000000000000e+00	8073	0	356
358	 1.049994090453000e+02 -5.542664940580000e+01 -1.744024429823000e+02	-4.231000000000000e-07 -7.329000000000000e-07 -3.813100000000000e-06	1.000000000000000e+00	8073	0	358
359	2.069233798259000e+02 1.211108464954000e+02 2.086602702630000e+01	-1.641930000000000e-05 -2.843900000000000e-05  3.610270000000000e-05	1.000000000000000e+00	8073	0	359
362	 1.587108305254000e+02 -3.094593960232000e+02  5.829785587824000e+02	 9.290800000000001e-06 -1.587560000000000e-05  0.000000000000000e+00	1.000000000000000e+00	105	0	362
363	 3.225026175871000e+02 -2.155679365404000e+02  5.829785587824000e+02	 1.641490000000000e-05 -2.977130000000000e-05  0.000000000000000e+00	1.000000000000000e+00	105	0	363
364	 4.738331017233000e+02 -4.631991164426000e+02  2.286190426598000e+02	-3.478670000000000e-05  3.546400000000000e-06  0.000000000000000e+00	1.000000000000000e+00	8073	0	364
365	 4.881825255746000e+02 -2.869633125859000e+02  2.286190426598000e+02	-5.439040000000000e-05  3.846200000000001e-06  0.000000000000000e+00	1.000000000000000e+00	8073	0	365
367	5.884693854451000e+02 2.680416879982000e+02 2.286190426598000e+02	-1.046000000000000e-07  5.070000000000000e-08  0.000000000000000e+00	1.000000000000000e+00	8073	0	367
373	-7.488828765031001e+02 -1.958821255446000e+02 -1.159425144917000e+02	-7.529999999999999e-08  6.264000000000001e-07  0.000000000000000e+00	7.500000000000000e-01	661	0	373
374	-1.580206935523000e+02  5.078841750551000e+02 -1.159425144917000e+02	-1.400300000000000e-06  2.014800000000000e-06  0.000000000000000e+00	1.000000000000000e+00	661	0	374
375	-3.157251953482000e+02  3.898146294744000e+02 -1.159425144917000e+02	-8.054000000000001e-07  4.873000000000000e-07  0.000000000000000e+00	1.000000000000000e+00	661	0	375
376	-6.282617353085001e+02  5.234180803310000e+01 -4.164132562731000e+02	 5.079000000000000e-07 -4.190000000000000e-07  0.000000000000000e+00	1.000000000000000e+00	8073	0	376
377	-5.472289101355000e+02  1.505614454286000e+02 -4.164132562731000e+02	 5.472000000000000e-07 -4.514000000000000e-07  0.000000000000000e+00	1.000000000000000e+00	8073	0	377
378	-6.428964217870000e+02 -6.676318998505001e+02  1.077775486825000e+02	-1.308519000000000e-04  1.350540000000000e-05  0.000000000000000e+00	1.000000000000000e+00	23	0	378
379	-6.415512871068000e+02 -5.335297878463000e+02  1.077775486825000e+02	-1.274779000000000e-04 -1.159400000000000e-06  0.000000000000000e+00	1.000000000000000e+00	23	0	379
380	-6.358580628329000e+02  4.466483776856000e+02  1.077775486825000e+02	-2.510430000000000e-05  1.265900000000000e-06  0.000000000000000e+00	1.000000000000000e+00	23	0	380
381	-6.450086027223000e+02  2.126672809494000e+02  1.077775486825000e+02	-5.111330000000000e-05  1.449800000000000e-06  0.000000000000000e+00	1.000000000000000e+00	23	0	381
382	-5.193809018345000e+02 -4.686948280489000e+02 -1.894272067752000e+02	-1.458000000000000e-07  1.125000000000000e-07  0.000000000000000e+00	1.000000000000000e+00	27	0	382
383	-3.745685358299000e+02 -2.811411034539000e+02 -1.894272067752000e+02	-3.087000000000000e-07  2.385000000000000e-07  0.000000000000000e+00	1.000000000000000e+00	27	0	383
384	 2.050639315013000e+02  4.687777809692000e+02 -1.894272067752000e+02	-9.510000000000000e-08  7.350000000000000e-08  0.000000000000000e+00	1.000000000000000e+00	27	0	384
385	 6.015539411360000e+01  2.812983915051000e+02 -1.894272067752000e+02	-1.648000000000000e-07  1.274000000000000e-07  0.000000000000000e+00	1.000000000000000e+00	27	0	385
388	5.491343020059001e+02 1.518399245410000e+01 9.471360338760000e+01	 5.479000000000000e-06 -6.506100000000000e-06  0.000000000000000e+00	1.000000000000000e+00	8073	0	388
390	 1.311328373173000e+02 -4.688235553607000e+02  1.518683640526000e+02	-3.761000000000000e-07 -1.646000000000000e-07  0.000000000000000e+00	1.000000000000000e+00	8073	0	390
391	 4.943515470250000e+01 -2.812896893217000e+02  1.518683640526000e+02	-2.051000000000000e-07 -8.920000000000000e-08  0.000000000000000e+00	1.000000000000000e+00	8073	0	391
392	-2.772625942108000e+02  4.686568410216000e+02  1.518683640526000e+02	3.610000000000000e-08 1.740000000000000e-08 0.000000000000000e+00	1.000000000000000e+00	8073	0	392
393	-1.953858409828000e+02  2.812697134437000e+02  1.518683640526000e+02	1.147000000000000e-07 5.000000000000000e-08 0.000000000000000e+00	1.000000000000000e+00	8073	0	393
394	-5.642698126821000e+02  3.403479836873000e+02 -6.954085610633000e+02	-1.472000000000000e-07  0.000000000000000e+00 -2.106800000000000e-06	1.000000000000000e+00	8073	0	394
395	-4.271367546094000e+02  3.403479836873000e+02 -7.070331556767001e+02	-2.313000000000000e-07  0.000000000000000e+00 -2.321000000000000e-06	1.000000000000000e+00	8073	0	395
400	 5.065791314914000e+02 -6.799670017344000e+02 -4.790361570664000e+02	-8.935400000000001e-06  1.547660000000000e-05  3.289380000000000e-05	1.000000000000000e+00	8073	0	400
401	 4.329802884698000e+02 -5.524900662427000e+02 -2.632824728450000e+02	-1.807976953125000e-06  3.131472656250000e-06  1.692994921875000e-06	3.164062500000000e-01	8073	0	401
402	-4.631054394167000e+02  6.464622740318000e+02 -6.793251553319001e+02	-5.497800000000000e-06 -1.183340000000000e-05  0.000000000000000e+00	1.000000000000000e+00	8073	0	402
403	-3.944316153007000e+02  6.133298402063000e+02 -6.793251553319001e+02	-6.687200000000000e-06 -1.353750000000000e-05  0.000000000000000e+00	1.000000000000000e+00	8073	0	403
406	 5.000260719863000e+02 -4.292896119211000e+02  1.469693845670000e+01	 1.643000000000000e-05 -2.016400000000000e-06  0.000000000000000e+00	1.000000000000000e+00	5009	0	406
407	 5.257385221319000e+02 -1.664523769887000e+02  1.469693845670000e+01	 5.137840000000000e-05 -4.093300000000000e-06  0.000000000000000e+00	1.000000000000000e+00	5009	0	407
408	5.575633849131000e+02 6.000659830469000e+02 1.469693845670000e+01	 1.011389000000000e-04 -1.658240000000000e-05  0.000000000000000e+00	1.000000000000000e+00	5009	0	408
409	5.413085765636000e+02 5.002575710679000e+02 1.469693845670000e+01	 1.037392000000000e-04 -1.061020000000000e-05  0.000000000000000e+00	1.000000000000000e+00	5009	0	409
412	 1.664333109343000e+02 -5.266652145369001e+02  9.471360338760000e+01	-5.318000000000000e-07  4.017000000000000e-07  0.000000000000000e+00	1.000000000000000e+00	8073	0	412
413	 2.473151537232000e+02 -3.772089184510000e+02  9.471360338760000e+01	 7.801000000000001e-07 -3.646000000000000e-07  0.000000000000000e+00	1.000000000000000e+00	8073	0	413
414	 3.544204145519000e+02 -4.060964256242000e+02  3.592584956082000e+02	 3.746880000000000e-05 -1.866000000000000e-06  0.000000000000000e+00	1.000000000000000e+00	8073	0	414
415	 3.637448176494000e+02 -1.417127706337000e+02  3.592584956082000e+02	 7.041750000000001e-05 -1.996100000000000e-06  0.000000000000000e+00	1.000000000000000e+00	8073	0	415
416	-8.132625707990000e+01  6.910882722200000e+02  3.592584956082000e+02	0.000000000000000e+00 0.000000000000000e+00 0.000000000000000e+00	1.000000000000000e+00	8073	0	416
418	-1.457156599069000e+02 -4.896778870541000e+02 -4.280351713893000e+02	 1.107000000000000e-07  1.917000000000000e-07 -6.532000000000001e-07	1.000000000000000e+00	8073	0	418
419	-1.818967208280000e+01 -2.687963968574000e+02 -3.280761625969000e+02	 3.906500000000000e-06  6.766300000000000e-06 -1.639570000000000e-05	1.000000000000000e+00	8073	0	419
420	3.603131967714000e+02 3.867898028087000e+02 3.923171395652000e+02	-5.314878000000000e-04 -9.205638000000001e-04 -1.406773400000000e-03	1.000000000000000e+00	8073	0	420
424	4.523934361173000e+02 6.615593072922001e+02 3.804874067123000e+02	9.991000000000001e-07 3.398000000000000e-07 0.000000000000000e+00	1.000000000000000e+00	8006	0	424
426	-1.673147336947000e+02 -5.053683828320000e+02  5.829785587824000e+02	-9.886400000000001e-06  1.531810000000000e-05  0.000000000000000e+00	1.000000000000000e+00	105	0	426
427	-4.529524274300000e+00 -4.055373725877000e+02  5.829785587824000e+02	-3.345000000000000e-07  5.251000000000001e-07  0.000000000000000e+00	1.000000000000000e+00	105	0	427
428	 6.429298365509001e+02 -3.156314122940000e+01  5.829785587824000e+02	 2.411980000000000e-05 -3.758400000000000e-05  0.000000000000000e+00	1.000000000000000e+00	105	0	428
429	 4.915690941633000e+02 -1.268302890937000e+02  5.829785587824000e+02	 2.216860000000000e-05 -3.793910000000000e-05  0.000000000000000e+00	1.000000000000000e+00	105	0	429
430	-2.385540356709000e+02  5.499908424514000e+02 -4.164132562731000e+02	-1.194000000000000e-06  4.703000000000000e-07  0.000000000000000e+00	1.000000000000000e+00	8073	0	430
431	-3.046827210556000e+02  4.453970955440000e+02 -4.164132562731000e+02	 1.162687500000000e-07 -9.461250000000000e-08  0.000000000000000e+00	5.625000000000000e-01	8073	0	431
432	-2.177450975851000e+02  6.910882722200000e+02 -4.146519793408000e+02	 3.268786241447926e-05  0.000000000000000e+00 -1.570439283984661e-04	4.223513603210449e-02	8073	0	432
433	-4.431163779120000e+02  6.910882722200000e+02 -9.132583705500000e+00	3.499710000000000e-05 0.000000000000000e+00 8.752230000000000e-05	1.000000000000000e+00	8073	0	433
434	6.627062879761000e+02 1.113933832153000e+02 9.471360338760000e+01	 3.213100000000000e-06 -3.722000000000000e-06  0.000000000000000e+00	1.000000000000000e+00	8073	0	434
436	 4.902563167670000e+02  4.516213071122000e+02 -6.470357540373001e+02	 1.056000000000000e-07 -1.829000000000000e-07 -9.308000000000000e-07	1.000000000000000e+00	0	0	436
438	5.135749514358000e+02 6.522469487446000e+02 5.611390210087001e+02	 1.307910000000000e-05  2.265370000000000e-05 -1.113897000000000e-04	1.000000000000000e+00	8073	0	438
439	 1.319748130753000e+02 -8.703879071200001e+00 -1.256861320450000e+02	-6.591000000000000e-06 -1.141600000000000e-05  3.641800000000000e-06	1.000000000000000e+00	8073	0	439
440	 1.837023169853000e+02  8.089078584980000e+01 -2.443414667210000e+01	-1.303770000000000e-05 -2.258200000000000e-05  2.795820000000000e-05	1.000000000000000e+00	8073	0	440
441	-1.141205406175000e+02 -4.349535351737000e+02 -4.059708243811000e+02	 5.848000000000000e-07  1.013000000000000e-06 -3.197300000000000e-06	1.000000000000000e+00	8073	0	441
442	-5.037050329810000e+01 -3.245352315520000e+02 -3.568067425195000e+02	 2.741800000000000e-06  4.749000000000000e-06 -1.285330000000000e-05	1.000000000000000e+00	8073	0	442
444	5.700127018922000e+02 7.500000000000000e+02 3.592584956082000e+02	 0.000000000000000e+00 -0.000000000000000e+00  0.000000000000000e+00	1.000000000000000e+00	8073	1	444
445	-2.391581749956000e+02 -6.515250707748000e+02 -4.731925179368000e+02	-1.720000000000000e-08 -2.970000000000000e-08  2.236000000000000e-07	1.000000000000000e+00	8073	0	445
446	-1.773163094643000e+02 -5.444118176397001e+02 -4.468592671146000e+02	 1.300000000000000e-09  2.200000000000000e-09 -2.000000000000000e-09	1.000000000000000e+00	8073	0	446
447	4.578734761237000e+02 5.557691634475000e+02 5.236577218540000e+02	 2.829720000000000e-05  4.901220000000000e-05 -1.371346000000000e-04	1.000000000000000e+00	8073	0	447
448	4.057459602725000e+02 4.654816575209000e+02 4.637103943068000e+02	 4.934130000000000e-05  8.546160000000000e-05 -1.241959000000000e-04	1.000000000000000e+00	8073	0	448
449	 7.673665780680000e+01 -1.043791705125000e+02 -2.194346177835000e+02	 4.292400000000000e-06  7.434700000000000e-06 -1.259610000000000e-05	1.000000000000000e+00	8073	0	449
450	 1.390300320580000e+01 -2.132102527066000e+02 -2.959892011168000e+02	 5.487900000000000e-06  9.505300000000000e-06 -2.074230000000000e-05	1.000000000000000e+00	8073	0	450
451	2.298125854173000e+02 1.607561135245000e+02 6.396474161000000e+01	-1.971900000000000e-05 -3.415430000000000e-05  4.314910000000000e-05	1.000000000000000e+00	8073	0	451
452	2.744048975110000e+02 2.379922636979000e+02 1.422475925572000e+02	-1.413340000000000e-05 -2.447970000000000e-05  7.014510000000001e-05	1.000000000000000e+00	8073	0	452
453	 3.295560931369000e+02 -7.022046788238000e+02  3.592584956082000e+02	 2.564600000000000e-06 -3.524000000000000e-07  0.000000000000000e+00	1.000000000000000e+00	8073	0	453
455	-3.758973675292000e+02 -3.704811081658000e+02  6.326040438513000e+02	 4.178800000000001e-06  7.237900000000001e-06 -1.455700000000000e-05	1.000000000000000e+00	491	0	455
459	 3.416492957732000e+02 -5.958206180902000e+02  3.592584956082000e+02	 1.525420000000000e-05 -1.330000000000000e-06  0.000000000000000e+00	1.000000000000000e+00	8073	0	459
460	3.719925677891000e+02 1.493254236354000e+02 3.592584956082000e+02	 1.164502000000000e-04 -1.189800000000000e-06  0.000000000000000e+00	1.000000000000000e+00	8073	0	460
465	 4.267272420150000e+01  6.383478648629000e+02 -1.159425144917000e+02	 1.058000000000000e-06 -1.759300000000000e-06  0.000000000000000e+00	1.000000000000000e+00	661	0	465
468	-6.925096421891001e+02  7.971293991780000e+01  6.580962442277000e+02	-1.961321000000000e-04 -5.979430000000000e-05  0.000000000000000e+00	1.000000000000000e+00	1105	0	468
471	 3.506516947260000e+02 -4.737098277088000e+02  3.592584956082000e+02	 2.942860000000000e-05 -1.792000000000000e-06  0.000000000000000e+00	1.000000000000000e+00	8073	0	471
479	7.497497538825000e+02 5.715767664980000e+01 6.580962442277000e+02	-5.975015625000000e-07  6.601816406250000e-07  0.000000000000000e+00	3.164062500000000e-01	1105	0	479
483	 5.074244531390000e+02 -3.695993288020000e+02  1.469693845670000e+01	 2.517160000000000e-05 -2.648800000000000e-06  0.000000000000000e+00	1.000000000000000e+00	5009	0	483
484	-5.775726497803000e+02  1.000263230678000e+02  6.580962442277000e+02	-1.872906000000000e-04 -1.446040000000000e-05  0.000000000000000e+00	1.000000000000000e+00	1105	0	484
486	-3.731620960017000e+02 -6.406109538645001e+02  5.829785587824000e+02	-2.047380000000000e-05  3.295480000000000e-05  0.000000000000000e+00	1.000000000000000e+00	105	0	486
487	5.237576480793000e+02 6.698838966892000e+02 2.286190426598000e+02	5.956706250000001e-06 1.031729062500000e-05 0.000000000000000e+00	4.218750000000000e-01	8073	0	487
488	 4.621225313531000e+02  5.003504528583000e+02 -6.603263084092000e+02	 1.412000000000000e-07 -2.445000000000000e-07 -1.122700000000000e-06	1.000000000000000e+00	0	0	488
490	5.047018289461000e+02 5.338960355657000e+02 3.804874067123000e+02	2.618600000000000e-06 1.660900000000000e-06 0.000000000000000e+00	1.000000000000000e+00	8006	0	490
491	-5.206248238539000e+02 -6.211564157704000e+02  4.286879578783000e+02	 3.183000000000000e-07  5.514000000000000e-07 -1.326300000000000e-05	1.000000000000000e+00	491	0	491
494	 8.174096273500000e+00 -6.864662276553000e+02  9.471360338760000e+01	 1.448200000000000e-06 -1.554400000000000e-06  0.000000000000000e+00	1.000000000000000e+00	8073	0	494
495	 5.198089444123000e+02 -2.440168925030000e+02  1.469693845670000e+01	 4.073380000000000e-05 -3.459700000000000e-06  0.000000000000000e+00	1.000000000000000e+00	5009	0	495
496	 3.419897329071000e+02 -6.997663093843000e+02  3.739800282600000e+00	1.590000000000000e-08 2.760000000000000e-08 2.865800000000000e-06	1.000000000000000e+00	8073	0	496
497	-4.716281681482000e+02 -5.362917186871000e+02  5.056637539150000e+02	 4.334600000000000e-06  7.507800000000000e-06 -1.201280000000000e-05	1.000000000000000e+00	491	0	497
499	 5.031855039370000e+02 -4.205670439954000e+02 -2.691272857565000e+02	1.580000000000000e-08 2.730000000000000e-08 6.850000000000000e-07	1.000000000000000e+00	8073	0	499
501	-4.945994426476000e+02  1.056345598844000e+02  6.580962442277000e+02	-2.957850000000000e-05  6.621700000000000e-06  0.000000000000000e+00	1.000000000000000e+00	1105	0	501
503	-4.246972508776000e+02  1.066167445309000e+02  6.580962442277000e+02	-2.990300000000000e-06  8.324700000000000e-06  0.000000000000000e+00	1.000000000000000e+00	1105	0	503
505	5.312071359633001e+02 1.199660516607000e+02 2.286190426598000e+02	-9.531000000000000e-07  1.186000000000000e-07  0.000000000000000e+00	1.000000000000000e+00	8073	0	505
507	-5.692426578997000e+02 -7.053649744916000e+02  3.269299289053000e+02	-8.507000000000001e-07 -1.473400000000000e-06 -1.275610000000000e-05	1.000000000000000e+00	491	0	507
512	 9.253503632730001e+01  6.676756111013000e+02 -1.159425144917000e+02	 2.397600000000000e-06 -4.185800000000000e-06  0.000000000000000e+00	1.000000000000000e+00	661	0	512
519	-3.552784513101000e+02  1.047889455263000e+02  6.580962442277000e+02	-6.077700000000000e-06  9.783500000000000e-06  0.000000000000000e+00	1.000000000000000e+00	1105	0	519
521	-5.942381273044000e+02 -7.486583974596000e+02  2.419464606158000e+02	 1.779750000000000e-07  3.081937500000000e-07 -7.266375000000000e-07	5.625000000000000e-01	491	0	521
523	 4.956213935430000e+01  6.910882722200000e+02 -6.309804240722000e+02	-5.969000000000001e-07  0.000000000000000e+00 -1.185000000000000e-06	1.000000000000000e+00	8073	0	523
527	5.341056707861001e+02 2.218343845187000e+02 1.469693845670000e+01	9.400700000000001e-05 6.062000000000000e-07 0.000000000000000e+00	1.000000000000000e+00	5009	0	527
529	-3.510205965018000e+02 -3.273932768181000e+02  6.590812689015000e+02	 3.236700000000000e-06  5.606100000000000e-06 -1.281160000000000e-05	1.000000000000000e+00	491	0	529
530	-5.361854078982000e+02  6.910882722200000e+02  5.155636463824001e+02	-2.511000000000000e-06  0.000000000000000e+00 -3.937900000000000e-06	1.000000000000000e+00	8073	0	530
531	5.379118615283001e+02 6.943997135240000e+02 5.713569946394000e+02	 8.845000000000001e-06  1.532010000000000e-05 -8.852040000000000e-05	1.000000000000000e+00	8073	0	531
535	 4.337476604834000e+02  5.494971708628000e+02 -6.747752480846000e+02	-1.200000000000000e-08  2.077500000000000e-08 -8.989500000000001e-07	7.500000000000000e-01	0	0	535
537	-2.889420744955000e+02  1.007191524267000e+02  6.580962442277000e+02	-3.127100000000000e-06  1.091450000000000e-05  0.000000000000000e+00	1.000000000000000e+00	1105	0	537
538	-6.465107564129000e+02  1.518232875957000e+02  1.077775486825000e+02	-5.791240000000000e-05  1.164200000000000e-06  0.000000000000000e+00	1.000000000000000e+00	23	0	538
540	-7.100064579538000e+02 -6.576588483110000e+02 -1.159425144917000e+02	2.117300000000000e-06 4.640300000000000e-06 0.000000000000000e+00	1.000000000000000e+00	661	0	540
545	-2.254592938182000e+02  9.497524000720000e+01  6.580962442277000e+02	-3.249200000000000e-06  1.208740000000000e-05  0.000000000000000e+00	1.000000000000000e+00	1105	0	545
547	-6.453550357809000e+02 -2.267695618979000e+02  1.077775486825000e+02	-9.602480000000000e-05 -1.772400000000000e-06  0.000000000000000e+00	1.000000000000000e+00	23	0	547
553	5.354113344835000e+02 8.806891113300000e+01 1.469693845670000e+01	8.401680000000001e-05 1.467000000000000e-06 0.000000000000000e+00	1.000000000000000e+00	5009	0	553
560	-7.312280405954000e+02 -6.164184527127001e+02 -1.159425144917000e+02	2.739400000000000e-06 1.843200000000000e-06 0.000000000000000e+00	1.000000000000000e+00	661	0	560
566	-6.475710864082000e+02 -9.520117070550000e+01  1.077775486825000e+02	-8.391370000000000e-05 -9.636000000000000e-07  0.000000000000000e+00	1.000000000000000e+00	23	0	566
567	-6.480315126321000e+02  2.804846989850000e+01  1.077775486825000e+02	-7.146810000000001e-05  2.851000000000000e-07  0.000000000000000e+00	1.000000000000000e+00	23	0	567
568	-1.612037033888000e+02  8.777870933300001e+01  6.580962442277000e+02	-8.085000000000001e-07  1.301890000000000e-05  0.000000000000000e+00	1.000000000000000e+00	1105	0	568
571	-5.349603389400000e+02  1.932102319010000e+02 -1.159425144917000e+02	-5.133000000000000e-07  1.808200000000000e-06  0.000000000000000e+00	1.000000000000000e+00	661	0	571
572	-3.677636244544000e+02  6.910882722200000e+02  1.518683640526000e+02	 2.056725000000000e-06 -1.472250000000000e-07 -2.066700000000000e-06	7.500000000000000e-01	8073	0	572
582	-4.199062647817000e+02 -6.686486627554000e+02  5.829785587824000e+02	-2.172980000000000e-05  3.731000000000000e-05  0.000000000000000e+00	1.000000000000000e+00	105	0	582
583	-9.778550860230000e+01  7.983716198150000e+01  6.580962442277000e+02	1.756400000000000e-06 1.404740000000000e-05 0.000000000000000e+00	1.000000000000000e+00	1105	0	583
585	 4.047185652391000e+02  5.997770387238000e+02 -6.922850655327001e+02	-2.612400000000000e-06  4.524800000000000e-06 -2.442900000000000e-06	1.000000000000000e+00	0	0	585
589	 1.434370644625000e+02  6.961172002185000e+02 -1.159425144917000e+02	 3.716600000000000e-06 -6.876600000000000e-06  0.000000000000000e+00	1.000000000000000e+00	661	0	589
595	5.330181682218000e+02 4.917412907934000e+02 3.804874067123000e+02	3.157500000000000e-06 2.535300000000000e-06 0.000000000000000e+00	1.000000000000000e+00	8006	0	595
598	 9.605266214030000e+01  6.910882722200000e+02 -6.588352013235000e+02	-8.649000000000001e-07  0.000000000000000e+00 -1.490100000000000e-06	1.000000000000000e+00	8073	0	598
600	-3.560986461920000e+01  7.144619916480001e+01  6.580962442277000e+02	3.221000000000000e-06 1.559220000000000e-05 0.000000000000000e+00	1.000000000000000e+00	1105	0	600
602	-4.341320868734000e+02  6.910882722200000e+02  5.248975668120000e+01	3.608360000000000e-05 0.000000000000000e+00 4.459670000000000e-05	1.000000000000000e+00	8073	0	602
610	-5.692250958984000e+02  6.910882722200000e+02  5.524284597279001e+02	-1.677500000000000e-06  0.000000000000000e+00 -2.238300000000000e-06	1.000000000000000e+00	8073	0	610
611	-6.431605798681001e+02 -3.601608114182000e+02  1.077775486825000e+02	-1.093647000000000e-04 -1.534500000000000e-06  0.000000000000000e+00	1.000000000000000e+00	23	0	611
615	 4.300000000000000e+02 -5.473280551918000e+02 -2.606506917860000e+02	0.000000000000000e+00 0.000000000000000e+00 0.000000000000000e+00	1.000000000000000e+00	8073	0	615
616	-3.250414389650000e+02 -2.823960560265000e+02  6.830632501893000e+02	 2.292000000000000e-06  3.969800000000001e-06 -1.056880000000000e-05	1.000000000000000e+00	491	0	616
618	2.497444912290000e+01 6.255937206940001e+01 6.580962442277000e+02	4.610500000000000e-06 1.776010000000000e-05 0.000000000000000e+00	1.000000000000000e+00	1105	0	618
620	 3.752597368378000e+02  6.508012262463001e+02 -7.067841142150000e+02	-5.251392924499512e-06  9.095683811187745e-06 -3.642538334655762e-06	7.508468627929688e-02	0	0	620
625	-6.190835775308000e+02  8.649358398740000e+01 -1.159425144917000e+02	-1.670050000000000e-05 -1.155860000000000e-05  0.000000000000000e+00	1.000000000000000e+00	661	0	625
627	 5.229605240308000e+02 -6.911323082116000e+02  2.286190426598000e+02	-3.043500000000000e-06  8.621300000000000e-06  0.000000000000000e+00	1.000000000000000e+00	8073	0	627
630	-3.335210291043000e+02  6.910882722200000e+02  1.806649064575000e+02	-2.519200000000000e-06  0.000000000000000e+00 -1.100600000000000e-06	1.000000000000000e+00	8073	0	630
631	8.413662765540001e+01 5.292404421040001e+01 6.580962442277000e+02	6.271900000000000e-06 2.068060000000000e-05 0.000000000000000e+00	1.000000000000000e+00	1105	0	631
639	 1.464584893823000e+02  6.910882722200000e+02 -6.848742604521000e+02	-6.283000000000000e-07  0.000000000000000e+00 -1.275300000000000e-06	1.000000000000000e+00	8073	0	639
646	 3.573095402041000e+02 -3.415114669883000e+02  3.592584956082000e+02	 4.520300000000000e-05 -1.794300000000000e-06  0.000000000000000e+00	1.000000000000000e+00	8073	0	646
647	 3.615469865616000e+02 -2.122046480441000e+02  3.592584956082000e+02	 6.117140000000000e-05 -1.877600000000000e-06  0.000000000000000e+00	1.000000000000000e+00	8073	0	647
655	 1.960103089007000e+02  7.233829620450000e+02 -1.159425144917000e+02	 4.593600000000000e-06 -9.351300000000000e-06  0.000000000000000e+00	1.000000000000000e+00	661	0	655
660	-4.675617002436000e+02 -6.955880159037000e+02  5.829785587824000e+02	-2.311620000000000e-05  4.261020000000000e-05  0.000000000000000e+00	1.000000000000000e+00	105	0	660
664	1.430793819264000e+02 4.207554458400000e+01 6.580962442277000e+02	7.087600000000001e-06 2.473580000000000e-05 0.000000000000000e+00	1.000000000000000e+00	1105	0	664
681	 3.357967759024000e+02  7.191530796035000e+02 -7.314037531002000e+02	-1.267887520980835e-06  2.196046870422363e-06 -1.906128002643585e-06	5.631351470947266e-02	0	0	681
683	-7.342521464823001e+02 -1.437812364819000e+02 -1.159425144917000e+02	-1.156000000000000e-06  7.640400000000001e-06  0.000000000000000e+00	1.000000000000000e+00	661	0	683
688	-6.046852145962000e+02  6.910882722200000e+02  5.909410531228000e+02	 9.900000000000000e-08  0.000000000000000e+00 -8.515000000000000e-07	1.000000000000000e+00	8073	0	688
689	2.024796860395000e+02 2.963181250950000e+01 6.580962442277000e+02	6.184200000000000e-06 3.025660000000000e-05 0.000000000000000e+00	1.000000000000000e+00	1105	0	689
696	 4.690769126589000e+02 -4.796448570635000e+02 -2.657594477488000e+02	2.471132812500000e-08 4.280976562500000e-08 8.837542968750000e-07	3.164062500000000e-01	8073	0	696
703	2.625261788566000e+02 1.545785608480000e+01 6.580962442277000e+02	6.219000000000000e-06 3.655460000000000e-05 0.000000000000000e+00	1.000000000000000e+00	1105	0	703
707	 3.653818526677000e+02 -7.817111099330000e+01  3.592584956082000e+02	 7.820440000000000e-05 -2.478500000000000e-06  0.000000000000000e+00	1.000000000000000e+00	8073	0	707
708	 4.239374020603000e+02 -5.473280551918000e+02 -2.582293277603000e+02	-6.773625000000000e-07  0.000000000000000e+00 -4.548181640625000e-07	2.373046875000000e-01	8073	0	708
710	 3.274881016452000e+02 -1.273181552200000e+00  6.580962442277000e+02	9.493700000000000e-06 4.308350000000000e-05 0.000000000000000e+00	1.000000000000000e+00	1105	0	710
712	-3.348429138588000e+02  6.910882722200000e+02  2.128246720281000e+02	-3.404200000000000e-06  0.000000000000000e+00 -2.803400000000000e-06	1.000000000000000e+00	8073	0	712
714	 4.575017575555000e+02 -3.436402658910000e+01  6.580962442277000e+02	1.307882000000000e-04 2.966560000000000e-05 0.000000000000000e+00	1.000000000000000e+00	1105	0	714
715	 5.241065101992000e+02 -4.542567046300000e+01  6.580962442277000e+02	1.747790000000000e-04 3.669590000000000e-05 0.000000000000000e+00	1.000000000000000e+00	1105	0	715
717	 5.753585488340000e+02 -4.508999030440000e+01  6.580962442277000e+02	2.206770000000000e-04 6.568960000000000e-05 0.000000000000000e+00	1.000000000000000e+00	1105	0	717
718	-5.449148495254000e+02  6.833016702052000e+02 -6.793251553319001e+02	-4.212600000000000e-06 -8.781400000000000e-06  0.000000000000000e+00	1.000000000000000e+00	8073	0	718
720	 6.275564570453000e+02 -3.166704513560000e+01  6.580962442277000e+02	5.164280000000000e-05 3.542670000000000e-05 0.000000000000000e+00	1.000000000000000e+00	1105	0	720
722	 1.998022656510000e+02  6.910882722200000e+02 -7.087694459100001e+02	-2.169000000000000e-07  0.000000000000000e+00 -5.270000000000000e-07	1.000000000000000e+00	8073	0	722
724	-6.235704105559000e+02  7.154962701680000e+02 -6.793251553319001e+02	-1.358210000000000e-05 -1.884400000000000e-06  0.000000000000000e+00	1.000000000000000e+00	8073	0	724
728	 4.814938564590000e+02 -6.365180308565000e+02 -3.896620454001000e+02	-2.831940000000000e-05  4.905060000000000e-05  8.824990000000000e-05	1.000000000000000e+00	8073	0	728
729	6.887825785459000e+02 1.979413970700000e+00 6.580962442277000e+02	4.410900000000000e-05 2.646140000000000e-05 0.000000000000000e+00	1.000000000000000e+00	1105	0	729
733	5.857860165314000e+02 4.339820265885000e+02 3.804874067123000e+02	2.046600000000000e-06 2.256300000000000e-06 0.000000000000000e+00	1.000000000000000e+00	8006	0	733
737	-6.438752199375000e+02  6.910882722200000e+02  6.326482228188000e+02	9.464000000000001e-07 0.000000000000000e+00 4.502000000000000e-07	1.000000000000000e+00	8073	0	737
740	-2.980187861697000e+02 -2.355914484298000e+02  7.043166416683000e+02	 1.447600000000000e-06  2.507400000000000e-06 -7.865700000000000e-06	1.000000000000000e+00	491	0	740
745	-7.344279125371000e+02  7.492151805761000e+02 -6.793251553319001e+02	-1.998500000000000e-06 -6.856000000000001e-07  0.000000000000000e+00	1.000000000000000e+00	8073	0	745
746	-8.902594072920000e+01  6.910882722200000e+02 -5.173611678048001e+02	-5.382180000000000e-05  0.000000000000000e+00 -6.470180000000000e-05	1.000000000000000e+00	8073	0	746
747	6.160563538239001e+02 4.084732859864000e+02 3.804874067123000e+02	2.602500000000000e-06 3.317800000000000e-06 0.000000000000000e+00	1.000000000000000e+00	8006	0	747
753	5.729510374725000e+02 4.063003026985000e+02 2.286190426598000e+02	-1.233405351562500e-05 -2.046121699218750e-05  0.000000000000000e+00	2.373046875000000e-01	8073	0	753
755	-2.736849310574000e+02  5.517523946790001e+02 -6.793251553319001e+02	3.692700000000000e-05 1.651950000000000e-05 0.000000000000000e+00	7.500000000000000e-01	8073	0	755
771	6.567374147625001e+02 3.784779925889000e+02 3.804874067123000e+02	-2.993900000000000e-06 -3.966900000000000e-06  0.000000000000000e+00	1.000000000000000e+00	8006	0	771
776	 2.560017486837000e+02  6.910882722200000e+02 -7.299158770595001e+02	-4.304000000000000e-07  0.000000000000000e+00 -1.171600000000000e-06	1.000000000000000e+00	8073	0	776
805	-1.091930591555000e+02  3.865817183540000e+02 -7.313409701696000e+02	 1.268253392592593e-05 -2.196679427160494e-05  5.665423170370372e-05	1.580246913580247e-02	8073	0	805
828	-1.399062628160000e+02  3.403479836873000e+02 -7.450985656809000e+02	 1.253263007812500e-05  0.000000000000000e+00 -1.075251269531250e-06	2.373046875000000e-01	8073	0	828
864	-2.699360977935000e+02 -1.869508053491000e+02  7.225887974590000e+02	 7.152000000000001e-07  1.238800000000000e-06 -4.665900000000001e-06	1.000000000000000e+00	491	0	864
865	 4.015613727750000e+02 -5.473280551918000e+02 -2.220465925327000e+02	-5.391500000000000e-06  0.000000000000000e+00  9.906000000000000e-06	1.000000000000000e+00	8073	0	865
909	-1.272672889664000e+02  6.910882722200000e+02  3.592584956082000e+02	0.000000000000000e+00 0.000000000000000e+00 0.000000000000000e+00	4.218750000000000e-01	8073	0	909
1000	-3.555003454497000e+02  6.910882722200000e+02  2.671331208382000e+02	-5.259500000000000e-06  0.000000000000000e+00 -3.982300000000000e-06	1.000000000000000e+00	8073	0	1000
1002	7.037145549956000e+02 3.427787027299000e+02 3.804874067123000e+02	-5.757300000000000e-06 -7.082000000000000e-06  0.000000000000000e+00	1.000000000000000e+00	8006	0	1002
1003	-4.404524928962000e+02  6.910882722200000e+02  3.992305881157000e+02	-1.208450000000000e-05  0.000000000000000e+00  2.707400000000000e-06	1.000000000000000e+00	8073	0	1003
1011	6.941517056131000e+02 2.751333165737000e+02 1.590289372078000e+02	-2.485476562500000e-06  4.304939062500000e-06  1.552293281250000e-05	4.218750000000000e-01	8073	0	1011
1012	 3.872590011550000e+02 -5.473280551918000e+02 -1.663134671185000e+02	-4.012200000000000e-06  0.000000000000000e+00  2.065030000000000e-05	1.000000000000000e+00	8073	0	1012
1014	-3.324622544147000e+02  6.207675500524000e+02  1.518683640526000e+02	-1.169300000000000e-06 -4.382000000000000e-07  0.000000000000000e+00	1.000000000000000e+00	8073	0	1014
1015	-3.578031996752000e+02  6.863241553406000e+02  1.518683640526000e+02	-7.474000000000000e-07 -8.520000000000001e-08  0.000000000000000e+00	1.000000000000000e+00	8073	0	1015
1020	-3.623392518851000e+02  6.863507516582000e+02  1.518683640526000e+02	-8.652000000000000e-07  4.364000000000000e-07  0.000000000000000e+00	1.000000000000000e+00	8073	0	1020
1081	-5.188129659397000e+02 -7.218346458928000e+02  5.829785587824000e+02	-1.583050000000000e-05  3.414660000000000e-05  0.000000000000000e+00	1.000000000000000e+00	105	0	1081
1396	-4.301831780097000e+02  6.910882722200000e+02 -7.700424694370000e+01	-3.790300000000000e-06  0.000000000000000e+00  1.544312000000000e-04	1.000000000000000e+00	8073	0	1396
1705	 3.909454262828000e+02 -5.473280551918000e+02 -1.070127906683000e+02	1.156620000000000e-05 0.000000000000000e+00 5.170440000000000e-05	1.000000000000000e+00	8073	0	1705
1759	5.399722573791000e+02 6.979684238213000e+02 2.529061479075000e+02	1.306681776123047e-05 2.263239321899414e-05 1.532397689208984e-05	1.334838867187500e-01	8073	0	1759
1801	-2.409192471221000e+02 -1.366921457105000e+02  7.373470614307000e+02	 8.910000000000000e-08  1.543000000000000e-07 -8.305000000000000e-07	1.000000000000000e+00	491	0	1801
2264	6.427496673377000e+02 3.641642584794000e+02 2.286190426598000e+02	-3.635360000000000e-05 -4.019790000000000e-05 -4.526500000000000e-06	1.000000000000000e+00	8073	0	2264
2827	6.419100605099001e+02 3.656185001635000e+02 2.230191846632000e+02	 8.888579296875001e-06 -1.539547382812500e-05  8.523604687500001e-06	3.164062500000000e-01	8073	0	2827
2939	6.205412184132000e+02 3.227778523887000e+02 2.286190426598000e+02	-3.031800000000000e-06  1.635000000000000e-06  0.000000000000000e+00	1.000000000000000e+00	8073	0	2939
3478	3.260657786228000e+02 3.274715345473000e+02 2.286190426598000e+02	-6.234770000000000e-05 -1.079893000000000e-04  0.000000000000000e+00	1.000000000000000e+00	8073	0	3478
4128	-6.640969011632001e+02 -7.131250296210001e+02 -1.159425144917000e+02	 3.888800000000000e-06 -6.089000000000000e-07  0.000000000000000e+00	1.000000000000000e+00	661	0	4128
4210	 4.276530562203000e+02 -5.432630293227000e+02  7.130120867200000e+00	 7.842037500000000e-06 -1.358280000000000e-05  7.401611250000000e-05	5.625000000000000e-01	8073	0	4210
4213	-3.300270550809000e+02  6.910882722200000e+02 -2.683060569998000e+02	7.297600000000000e-06 0.000000000000000e+00 3.786790000000000e-05	1.000000000000000e+00	8073	0	4213
4214	4.318228796880000e+02 7.345559699806000e+02 2.286190426598000e+02	1.237425000000000e-06 1.952625000000000e-06 0.000000000000000e+00	7.500000000000000e-01	8073	0	4214
4220	 4.353389269637000e+02 -5.565753479509000e+02  6.719724302390000e+01	-2.033600000000000e-05  3.522300000000000e-05 -1.916258000000000e-04	1.000000000000000e+00	8073	0	4220
4224	-7.241441085045001e+02  6.910882722200000e+02  7.170865095083001e+02	-4.142866000000000e-04  0.000000000000000e+00  4.694889000000000e-04	1.000000000000000e+00	8073	0	4224
4225	-2.481026847907000e+02  6.910882722200000e+02 -3.881754998782000e+02	 2.139869000000000e-04  0.000000000000000e+00 -3.354777000000000e-04	1.000000000000000e+00	8073	0	4225
4234	5.628089260422000e+02 7.375226942215000e+02 3.155588725826000e+02	5.094000000000000e-06 8.823100000000000e-06 1.069450000000000e-05	1.000000000000000e+00	8073	0	4234
4235	5.172799363926000e+02 6.708469093600000e+02 2.286190426598000e+02	9.291719915771483e-06 7.643354095458985e-06 0.000000000000000e+00	1.334838867187500e-01	8073	0	4235
4236	5.220909929766000e+02 4.301388613489000e+02 2.286190426598000e+02	 4.234930000000000e-05 -4.578690000000000e-05  0.000000000000000e+00	1.000000000000000e+00	8073	0	4236
4237	5.093477919101000e+02 6.034221808145001e+02 2.286190426598000e+02	1.916150000000000e-05 5.265330000000000e-05 0.000000000000000e+00	1.000000000000000e+00	8073	0	4237
4240	5.111117139680000e+02 5.395437882752000e+02 2.286190426598000e+02	3.543610000000000e-05 1.293500000000000e-06 0.000000000000000e+00	1.000000000000000e+00	8073	0	4240
4244	4.651311915381000e+02 3.955342718597000e+02 2.286190426598000e+02	 3.223900000000000e-05 -5.296500000000000e-05  0.000000000000000e+00	1.000000000000000e+00	8073	0	4244
4245	3.945463055349000e+02 3.483459941667000e+02 2.286190426598000e+02	-4.611290000000000e-05 -1.061673000000000e-04  0.000000000000000e+00	1.000000000000000e+00	8073	0	4245
4246	3.458375156372000e+02 3.617171876101000e+02 3.592584956082000e+02	1.660518000000000e-04 2.876102000000000e-04 0.000000000000000e+00	1.000000000000000e+00	8073	0	4246
4250	 3.862193695912000e+02 -1.681969002290000e+01  6.580962442277000e+02	2.053380000000000e-05 4.673480000000000e-05 0.000000000000000e+00	1.000000000000000e+00	1105	0	4250
4253	 4.120313001357000e+02 -5.784507563027000e+02  4.787365871300000e+00	 1.916819700000000e-03  3.320029200000000e-03 -2.649619000000000e-04	1.000000000000000e+00	8073	0	4253
4254	-1.458762926227000e+02  4.501189425052000e+02 -6.986442228951000e+02	-3.332133070312500e-04  5.771423707031251e-04 -4.434737976562500e-04	3.164062500000000e-01	8073	0	4254
4256	-1.692266130500000e+02  6.910882722200000e+02 -4.395907446455000e+02	4.122334687500000e-04 0.000000000000000e+00 1.121768704687500e-03	4.218750000000000e-01	8073	0	4256
4257	-2.119848560767000e+02  5.036352533170000e+02 -6.793251553319001e+02	 3.762481500000000e-04 -2.379173250000000e-04  0.000000000000000e+00	7.500000000000000e-01	8073	0	4257
4258	-2.952059168148000e+02  6.910882722200000e+02 -3.234993528516000e+02	 1.252592000000000e-04  0.000000000000000e+00 -1.900065000000000e-04	1.000000000000000e+00	8073	0	4258
4259	3.033941965192000e+02 2.882032024558000e+02 1.870427918662000e+02	1.019084062500000e-04 1.765105312500000e-04 2.843679937500000e-04	5.625000000000000e-01	8073	0	4259
4260	7.243317519479000e+02 2.228599429471000e+02 1.208337535538000e+02	 3.408071885375977e-05 -5.902953804931640e-05 -3.795964046630859e-05	1.334838867187500e-01	8073	0	4260
4262	 5.388458133574001e+02 -7.358545341179000e+02 -6.221365427453001e+02	 8.152490000000001e-05 -1.412053000000000e-04 -4.483851000000000e-04	1.000000000000000e+00	8073	0	4262
4263	6.661083196368000e+02 3.237058859009000e+02 1.902549547711000e+02	-6.248343955078126e-05  1.082244638671875e-04  8.471746494140625e-05	2.373046875000000e-01	8073	0	4263
4264	3.669437612238000e+02 2.964614013389000e+02 3.592584956082000e+02	1.515431000000000e-04 7.104440000000001e-05 0.000000000000000e+00	1.000000000000000e+00	8073	0	4264
4265	 3.720365855607000e+02 -6.477236339808001e+02  3.073226740000000e+00	 1.440638195800781e-06  2.495267687988281e-06 -1.291607841247559e-04	1.334838867187500e-01	8073	0	4265
0	 5.000000000000000e-01 -8.660254037844386e-01  0.000000000000000e+00	8.660254037844385e-01 5.000000000000000e-01 0.000000000000000e+00	5.632499999999998e+02 3.251925391210567e+02 0.000000000000000e+00	1	0	0.000000000000000e+00	0.000000000000000e+00	0.000000000000000e+00	9.350997546498553e+04
1	5.000000000000000e-01 8.660254037844386e-01 0.000000000000000e+00	0.000000000000000e+00 0.000000000000000e+00 1.000000000000000e+00	0.000000000000000e+00 0.000000000000000e+00 2.286190426597633e+02	1	0	0.000000000000000e+00	0.000000000000000e+00	0.000000000000000e+00	3.479505075985690e+05
3	-5.000000000000000e-01 -8.660254037844386e-01  0.000000000000000e+00	0.000000000000000e+00 0.000000000000000e+00 1.000000000000000e+00	0.000000000000000e+00 0.000000000000000e+00 6.580962442277471e+02	1	0	0.000000000000000e+00	0.000000000000000e+00	0.000000000000000e+00	1.210736514974700e+06
4	-1.000000000000000e+00  0.000000000000000e+00  0.000000000000000e+00	0.000000000000000e+00 0.000000000000000e+00 1.000000000000000e+00	-0.000000000000000e+00 -0.000000000000000e+00 -1.159425144917371e+02	1	0	0.000000000000000e+00	0.000000000000000e+00	0.000000000000000e+00	1.891364630076085e+06
7	-5.000000000000000e-01 -8.660254037844386e-01  0.000000000000000e+00	0.000000000000000e+00 0.000000000000000e+00 1.000000000000000e+00	-0.000000000000000e+00 -0.000000000000000e+00 -1.894272067752324e+02	1	0	0.000000000000000e+00	0.000000000000000e+00	0.000000000000000e+00	1.360830884461398e+06
9	-5.000000000000000e-01 -8.660254037844386e-01  0.000000000000000e+00	 8.660254037844385e-01 -5.000000000000000e-01  0.000000000000000e+00	-1.215000000000000e+02  7.014805770653952e+01 -0.000000000000000e+00	1	0	0.000000000000000e+00	0.000000000000000e+00	0.000000000000000e+00	2.460483338320339e+06
10	-5.000000000000000e-01  8.660254037844386e-01  0.000000000000000e+00	8.660254037844385e-01 5.000000000000000e-01 0.000000000000000e+00	-1.409999999999999e+02 -8.140638795573722e+01 -0.000000000000000e+00	1	0	0.000000000000000e+00	0.000000000000000e+00	0.000000000000000e+00	2.360473093856312e+03
12	1.000000000000000e+00 0.000000000000000e+00 0.000000000000000e+00	 0.000000000000000e+00 -1.000000000000000e+00  0.000000000000000e+00	0.000000000000000e+00 2.381569860407206e+02 0.000000000000000e+00	1	0	0.000000000000000e+00	0.000000000000000e+00	0.000000000000000e+00	2.250000000000000e+06
13	 5.000000000000000e-01 -8.660254037844386e-01  0.000000000000000e+00	0.000000000000000e+00 0.000000000000000e+00 1.000000000000000e+00	0.000000000000000e+00 0.000000000000000e+00 1.518683640525570e+02	1	0	0.000000000000000e+00	0.000000000000000e+00	0.000000000000000e+00	1.230693882130326e+06
15	5.000000000000000e-01 8.660254037844386e-01 0.000000000000000e+00	 8.660254037844385e-01 -5.000000000000000e-01  0.000000000000000e+00	 5.594999999999998e+02 -3.230274756115955e+02  0.000000000000000e+00	1	0	0.000000000000000e+00	0.000000000000000e+00	0.000000000000000e+00	4.808561987519684e+05
18	-5.000000000000000e-01 -8.660254037844386e-01  0.000000000000000e+00	0.000000000000000e+00 0.000000000000000e+00 1.000000000000000e+00	0.000000000000000e+00 0.000000000000000e+00 1.469693845669907e+01	1	0	0.000000000000000e+00	0.000000000000000e+00	0.000000000000000e+00	3.386098976373042e+05
21	-5.000000000000000e-01 -8.660254037844386e-01  0.000000000000000e+00	0.000000000000000e+00 0.000000000000000e+00 1.000000000000000e+00	0.000000000000000e+00 0.000000000000000e+00 3.592584956081994e+02	1	0	0.000000000000000e+00	0.000000000000000e+00	0.000000000000000e+00	1.353232782214889e+03
22	-5.000000000000000e-01 -8.660254037844386e-01  0.000000000000000e+00	 8.660254037844385e-01 -5.000000000000000e-01  0.000000000000000e+00	 1.027500000000000e+02 -5.932274015923404e+01  0.000000000000000e+00	1	0	0.000000000000000e+00	0.000000000000000e+00	0.000000000000000e+00	1.194591937967243e+06
24	5.000000000000000e-01 8.660254037844386e-01 0.000000000000000e+00	 8.660254037844385e-01 -5.000000000000000e-01  0.000000000000000e+00	 7.694999999999998e+02 -4.442710321414170e+02  0.000000000000000e+00	1	0	0.000000000000000e+00	0.000000000000000e+00	0.000000000000000e+00	2.360156429031118e+05
25	-5.000000000000000e-01  8.660254037844386e-01  0.000000000000000e+00	8.660254037844385e-01 5.000000000000000e-01 0.000000000000000e+00	-8.017499999999998e+02 -4.628905783227824e+02 -0.000000000000000e+00	1	0	0.000000000000000e+00	0.000000000000000e+00	0.000000000000000e+00	1.974568915210525e+05
26	1.000000000000000e+00 0.000000000000000e+00 0.000000000000000e+00	0.000000000000000e+00 0.000000000000000e+00 1.000000000000000e+00	0.000000000000000e+00 0.000000000000000e+00 5.829785587823964e+02	1	0	0.000000000000000e+00	0.000000000000000e+00	0.000000000000000e+00	5.188336476058040e+05
27	 5.000000000000000e-01 -8.660254037844386e-01  0.000000000000000e+00	 0.000000000000000e+00  0.000000000000000e+00 -1.000000000000000e+00	0.000000000000000e+00 0.000000000000000e+00 6.580962442277471e+02	1	0	0.000000000000000e+00	0.000000000000000e+00	0.000000000000000e+00	1.347499676674422e+04
28	1.000000000000000e+00 0.000000000000000e+00 0.000000000000000e+00	0.000000000000000e+00 0.000000000000000e+00 1.000000000000000e+00	0.000000000000000e+00 0.000000000000000e+00 2.286190426597633e+02	1	0	0.000000000000000e+00	0.000000000000000e+00	0.000000000000000e+00	2.708822055171474e+04
29	1.000000000000000e+00 0.000000000000000e+00 0.000000000000000e+00	 0.000000000000000e+00 -1.000000000000000e+00  0.000000000000000e+00	0.000000000000000e+00 5.715767664977295e+01 0.000000000000000e+00	1	0	0.000000000000000e+00	0.000000000000000e+00	0.000000000000000e+00	2.112144366341550e+06
43	5.000000000000000e-01 8.660254037844386e-01 0.000000000000000e+00	 0.000000000000000e+00  0.000000000000000e+00 -1.000000000000000e+00	-0.000000000000000e+00 -0.000000000000000e+00 -1.159425144917371e+02	1	0	0.000000000000000e+00	0.000000000000000e+00	0.000000000000000e+00	2.268460402963591e+03
55	-1.000000000000000e+00  0.000000000000000e+00  0.000000000000000e+00	0.000000000000000e+00 0.000000000000000e+00 1.000000000000000e+00	-0.000000000000000e+00 -0.000000000000000e+00 -4.262112152442729e+02	1	0	0.000000000000000e+00	0.000000000000000e+00	0.000000000000000e+00	5.559924423955769e+04
66	-5.000000000000000e-01 -8.660254037844386e-01  0.000000000000000e+00	0.000000000000000e+00 0.000000000000000e+00 1.000000000000000e+00	0.000000000000000e+00 0.000000000000000e+00 1.077775486824598e+02	1	0	0.000000000000000e+00	0.000000000000000e+00	0.000000000000000e+00	2.086036902613533e+06
76	-1.000000000000000e+00  0.000000000000000e+00  0.000000000000000e+00	0.000000000000000e+00 0.000000000000000e+00 1.000000000000000e+00	0.000000000000000e+00 0.000000000000000e+00 2.286190426597633e+02	1	0	0.000000000000000e+00	0.000000000000000e+00	0.000000000000000e+00	7.153586715790136e+02
106	-1.000000000000000e+00  0.000000000000000e+00  0.000000000000000e+00	 0.000000000000000e+00 -1.000000000000000e+00  0.000000000000000e+00	-0.000000000000000e+00 -5.473280551917652e+02 -0.000000000000000e+00	1	0	0.000000000000000e+00	0.000000000000000e+00	0.000000000000000e+00	7.100759391830768e+03
107	 5.000000000000000e-01 -8.660254037844386e-01  0.000000000000000e+00	0.000000000000000e+00 0.000000000000000e+00 1.000000000000000e+00	0.000000000000000e+00 0.000000000000000e+00 3.804874067123203e+02	1	0	0.000000000000000e+00	0.000000000000000e+00	0.000000000000000e+00	2.156151833098126e+06
108	5.000000000000000e-01 8.660254037844386e-01 0.000000000000000e+00	0.000000000000000e+00 0.000000000000000e+00 1.000000000000000e+00	-0.000000000000000e+00 -0.000000000000000e+00 -4.164132562731402e+02	1	0	0.000000000000000e+00	0.000000000000000e+00	0.000000000000000e+00	1.972531338041757e+06
113	 5.000000000000000e-01 -8.660254037844386e-01  0.000000000000000e+00	0.000000000000000e+00 0.000000000000000e+00 1.000000000000000e+00	-0.000000000000000e+00 -0.000000000000000e+00 -6.793251553318680e+02	1	0	0.000000000000000e+00	0.000000000000000e+00	0.000000000000000e+00	1.249329526680482e+06
208	1.000000000000000e+00 0.000000000000000e+00 0.000000000000000e+00	 0.000000000000000e+00 -1.000000000000000e+00  0.000000000000000e+00	0.000000000000000e+00 3.403479836872843e+02 0.000000000000000e+00	1	0	0.000000000000000e+00	0.000000000000000e+00	0.000000000000000e+00	2.525459724435285e+04
243	 5.000000000000000e-01 -8.660254037844386e-01  0.000000000000000e+00	0.000000000000000e+00 0.000000000000000e+00 1.000000000000000e+00	0.000000000000000e+00 0.000000000000000e+00 3.592584956081994e+02	1	0	0.000000000000000e+00	0.000000000000000e+00	0.000000000000000e+00	0.000000000000000e+00
246	1.000000000000000e+00 0.000000000000000e+00 0.000000000000000e+00	0.000000000000000e+00 0.000000000000000e+00 1.000000000000000e+00	0.000000000000000e+00 0.000000000000000e+00 3.592584956081994e+02	1	0	0.000000000000000e+00	0.000000000000000e+00	0.000000000000000e+00	0.000000000000000e+00
248	1.000000000000000e+00 0.000000000000000e+00 0.000000000000000e+00	0.000000000000000e+00 0.000000000000000e+00 1.000000000000000e+00	0.000000000000000e+00 0.000000000000000e+00 3.592584956081994e+02	1	0	0.000000000000000e+00	0.000000000000000e+00	0.000000000000000e+00	0.000000000000000e+00
297	-1.000000000000000e+00  0.000000000000000e+00  0.000000000000000e+00	0.000000000000000e+00 1.000000000000000e+00 0.000000000000000e+00	0.000000000000000e+00 6.910882722199819e+02 0.000000000000000e+00	1	0	0.000000000000000e+00	0.000000000000000e+00	0.000000000000000e+00	0.000000000000000e+00
319	5.000000000000000e-01 8.660254037844386e-01 0.000000000000000e+00	0.000000000000000e+00 0.000000000000000e+00 1.000000000000000e+00	0.000000000000000e+00 0.000000000000000e+00 3.592584956081994e+02	1	0	0.000000000000000e+00	0.000000000000000e+00	0.000000000000000e+00	1.353232782214895e+03
320	-1.000000000000000e+00  0.000000000000000e+00  0.000000000000000e+00	 0.000000000000000e+00 -1.000000000000000e+00  0.000000000000000e+00	0.000000000000000e+00 6.910882722199819e+02 0.000000000000000e+00	1	0	0.000000000000000e+00	0.000000000000000e+00	0.000000000000000e+00	1.633399741974969e+06
321	-5.000000000000000e-01 -8.660254037844386e-01  0.000000000000000e+00	0.000000000000000e+00 0.000000000000000e+00 1.000000000000000e+00	0.000000000000000e+00 0.000000000000000e+00 3.592584956081994e+02	1	0	0.000000000000000e+00	0.000000000000000e+00	0.000000000000000e+00	5.497325475488614e+05
323	-5.000000000000000e-01 -8.660254037844386e-01  0.000000000000000e+00	 0.000000000000000e+00  0.000000000000000e+00 -1.000000000000000e+00	0.000000000000000e+00 0.000000000000000e+00 1.518683640525570e+02	1	0	0.000000000000000e+00	0.000000000000000e+00	0.000000000000000e+00	3.836460201742402e+01
324	1.000000000000000e+00 0.000000000000000e+00 0.000000000000000e+00	 0.000000000000000e+00  0.000000000000000e+00 -1.000000000000000e+00	0.000000000000000e+00 0.000000000000000e+00 1.518683640525570e+02	1	0	0.000000000000000e+00	0.000000000000000e+00	0.000000000000000e+00	3.836460201742402e+01
325	-1.000000000000000e+00  0.000000000000000e+00  0.000000000000000e+00	 0.000000000000000e+00  0.000000000000000e+00 -1.000000000000000e+00	0.000000000000000e+00 0.000000000000000e+00 1.518683640525570e+02	1	0	0.000000000000000e+00	0.000000000000000e+00	0.000000000000000e+00	3.836460201742402e+01
327	1.000000000000000e+00 0.000000000000000e+00 0.000000000000000e+00	0.000000000000000e+00 0.000000000000000e+00 1.000000000000000e+00	0.000000000000000e+00 0.000000000000000e+00 1.518683640525570e+02	1	0	0.000000000000000e+00	0.000000000000000e+00	0.000000000000000e+00	1.067268613908281e+01
337	 5.000000000000000e-01 -8.660254037844386e-01  0.000000000000000e+00	8.660254037844385e-01 5.000000000000000e-01 0.000000000000000e+00	8.549999999999997e+01 4.936344801571300e+01 0.000000000000000e+00	1	0	0.000000000000000e+00	0.000000000000000e+00	0.000000000000000e+00	2.428568178771973e+05
340	-5.000000000000000e-01 -8.660254037844386e-01  0.000000000000000e+00	0.000000000000000e+00 0.000000000000000e+00 1.000000000000000e+00	0.000000000000000e+00 0.000000000000000e+00 9.471360338761622e+01	1	0	0.000000000000000e+00	0.000000000000000e+00	0.000000000000000e+00	3.994284842852660e+05
2428	-5.000000000000000e-01  8.660254037844386e-01  0.000000000000000e+00	8.660254037844385e-01 5.000000000000000e-01 0.000000000000000e+00	6.397499999999998e+02 3.693598347140630e+02 0.000000000000000e+00	1	0	0.000000000000000e+00	0.000000000000000e+00	0.000000000000000e+00	3.597682024756664e+05
2429	 5.000000000000000e-01 -8.660254037844386e-01  0.000000000000000e+00	 0.000000000000000e+00  0.000000000000000e+00 -1.000000000000000e+00	0.000000000000000e+00 0.000000000000000e+00 2.286190426597633e+02	1	0	0.000000000000000e+00	0.000000000000000e+00	0.000000000000000e+00	2.148634063482443e+04
2432	5.000000000000000e-01 8.660254037844386e-01 0.000000000000000e+00	0.000000000000000e+00 0.000000000000000e+00 1.000000000000000e+00	0.000000000000000e+00 0.000000000000000e+00 2.286190426597633e+02	1	0	0.000000000000000e+00	0.000000000000000e+00	0.000000000000000e+00	1.346759145641175e+03
0	0	1	1
0	246	0	0
0	1	2	1
0	2	681	0
0	112	246	0
0	247	112	0
0	201	143	0
0	143	247	0
0	436	201	0
0	488	436	0
0	535	488	0
0	585	535	0
0	620	585	0
0	681	620	0
1	4	5	1
1	63	4	1
1	5	6	1
1	6	2264	0
1	292	63	0
1	164	113	0
1	113	328	0
1	144	364	0
1	365	144	0
1	505	164	0
1	202	292	0
1	364	202	0
1	328	248	0
1	248	365	0
1	367	249	0
1	249	505	0
1	2939	367	0
1	2264	2939	0
3	10	11	1
3	479	10	0
3	11	12	1
3	12	13	1
3	13	479	0
4	15	16	1
4	104	15	1
4	16	17	1
4	17	655	0
4	101	104	0
4	150	101	1
4	571	116	0
4	116	625	0
4	373	150	0
4	374	151	0
4	151	375	0
4	297	209	0
4	209	374	0
4	332	254	0
4	254	683	0
4	255	333	0
4	375	255	0
4	465	297	0
4	625	332	0
4	333	571	0
4	683	373	0
4	512	465	0
4	589	512	0
4	655	589	0
7	27	28	1
7	301	27	0
7	28	29	1
7	29	30	1
7	30	302	0
7	119	338	0
7	339	119	0
7	155	382	0
7	383	155	0
7	384	156	0
7	156	385	0
7	213	301	0
7	382	213	0
7	302	214	0
7	214	384	0
7	338	260	0
7	260	383	0
7	261	339	0
7	385	261	0
9	36	37	1
9	159	36	1
9	37	38	1
9	38	39	1
9	39	1801	0
9	491	122	0
9	122	507	0
9	521	159	0
9	216	160	0
9	160	497	0
9	455	216	0
9	507	262	0
9	262	521	0
9	263	491	0
9	497	263	0
9	529	455	0
9	616	529	0
9	740	616	0
9	864	740	0
9	1801	864	0
10	41	42	1
10	161	41	1
10	42	162	0
10	123	161	0
10	162	123	0
12	47	48	1
12	50	47	1
12	48	49	1
12	49	50	1
13	52	53	1
13	305	52	0
13	53	54	1
13	54	55	1
13	55	306	0
13	126	342	0
13	343	126	0
13	167	390	0
13	391	167	0
13	392	168	0
13	168	393	0
13	221	305	0
13	390	221	0
13	222	392	0
13	1014	222	0
13	342	268	0
13	268	391	0
13	269	343	0
13	393	269	0
13	306	572	0
13	572	1015	0
13	1015	1014	0
15	59	60	1
15	496	59	0
15	60	61	1
15	61	62	1
15	62	226	0
15	273	128	0
15	128	499	0
15	226	172	0
15	172	273	0
15	615	346	0
15	346	4253	0
15	4265	496	0
15	499	696	0
15	696	615	0
15	4253	4265	0
18	71	72	1
18	313	71	0
18	72	73	1
18	73	74	1
18	74	314	0
18	527	131	0
18	131	553	0
18	177	483	0
18	495	177	0
18	231	313	0
18	406	231	0
18	350	278	0
18	278	407	0
18	279	351	0
18	409	279	0
18	314	408	0
18	553	350	0
18	351	527	0
18	483	406	0
18	407	495	0
18	408	409	0
21	352	416	0
21	909	352	0
21	416	444	0
21	444	909	0
22	87	88	1
22	319	87	0
22	88	89	1
22	89	90	1
22	90	531	0
22	137	439	0
22	440	137	0
22	185	441	0
22	442	185	0
22	237	445	0
22	446	237	0
22	447	238	0
22	238	448	0
22	449	286	0
22	286	450	0
22	287	451	0
22	452	287	0
22	445	319	0
22	438	320	0
22	320	447	0
22	439	358	0
22	358	449	0
22	359	440	0
22	451	359	0
22	441	418	0
22	418	446	0
22	419	442	0
22	450	419	0
22	448	420	0
22	420	4246	0
22	531	438	0
22	444	4234	0
22	4246	444	0
22	4259	452	0
22	1759	487	0
22	487	3478	0
22	4234	1759	0
22	3478	4259	0
24	97	98	1
24	189	97	0
24	98	99	1
24	99	100	1
24	100	190	0
24	139	189	0
24	190	139	0
25	101	102	1
25	104	101	0
25	102	103	1
25	103	104	1
26	105	106	1
26	1081	105	0
26	106	107	1
26	107	242	0
26	141	362	0
26	363	141	0
26	191	426	0
26	427	191	0
26	428	192	0
26	192	429	0
26	241	323	0
26	426	241	0
26	242	428	0
26	362	290	0
26	290	427	0
26	291	363	0
26	429	291	0
26	323	486	0
26	486	582	0
26	582	660	0
26	660	1081	0
27	468	10	0
27	10	479	0
27	484	468	0
27	479	729	0
27	501	484	0
27	503	501	0
27	519	503	0
27	537	519	0
27	545	537	0
27	568	545	0
27	583	568	0
27	600	583	0
27	618	600	0
27	631	618	0
27	664	631	0
27	689	664	0
27	703	689	0
27	710	703	0
27	4250	710	0
27	715	714	0
27	714	4250	0
27	717	715	0
27	720	717	0
27	729	720	0
28	2264	6	0
28	6	4214	0
28	487	3478	0
28	4235	487	0
28	753	2264	0
28	4236	753	0
28	3478	4236	0
28	4214	4235	0
29	10	44	1
29	479	10	0
29	45	13	1
29	13	479	0
29	44	45	1
43	101	104	0
43	560	101	0
43	104	4128	0
43	540	560	0
43	4128	540	0
55	7	8	1
55	204	7	0
55	8	205	1
55	114	250	0
55	251	114	0
55	146	204	0
55	250	146	0
55	205	147	0
55	147	251	0
66	23	24	1
66	378	23	0
66	24	25	1
66	25	26	1
66	26	300	0
66	118	547	0
66	566	118	0
66	153	378	0
66	379	153	0
66	380	154	0
66	154	381	0
66	300	212	0
66	212	380	0
66	258	379	0
66	611	258	0
66	538	259	0
66	259	567	0
66	547	336	0
66	336	611	0
66	337	566	0
66	567	337	0
66	381	538	0
76	292	63	0
76	63	627	0
76	627	292	0
106	615	346	0
106	346	1705	0
106	708	615	0
106	865	708	0
106	1012	865	0
106	1705	1012	0
107	92	93	1
107	187	92	1
107	93	94	1
107	94	95	1
107	95	1002	0
107	424	187	0
107	322	424	0
107	490	322	0
107	595	490	0
107	733	595	0
107	747	733	0
107	771	747	0
107	1002	771	0
108	18	19	1
108	298	18	0
108	19	20	1
108	20	21	1
108	21	22	1
108	22	108	0
108	108	243	0
108	117	334	0
108	335	117	0
108	152	376	0
108	377	152	0
108	430	193	0
108	193	431	0
108	210	298	0
108	376	210	0
108	243	430	0
108	334	256	0
108	256	377	0
108	257	335	0
108	431	257	0
113	67	68	1
113	745	67	0
113	68	277	1
113	130	403	0
113	755	130	0
113	402	229	0
113	229	718	0
113	277	349	0
113	349	4257	0
113	403	402	0
113	718	724	0
113	724	745	0
113	4257	755	0
208	56	57	1
208	307	56	0
208	57	66	1
208	66	828	0
208	127	344	0
208	828	127	0
208	169	394	0
208	395	169	0
208	223	307	0
208	394	223	0
208	344	270	0
208	270	395	0
243	416	352	0
243	352	909	0
243	909	416	0
246	352	416	0
246	909	352	0
246	416	909	0
248	416	352	0
248	352	909	0
248	909	416	0
297	416	352	0
297	352	909	0
297	909	416	0
319	416	444	0
319	909	416	0
319	444	909	0
320	75	76	1
320	776	75	0
320	76	77	1
320	77	78	1
320	78	4224	0
320	108	194	0
320	432	108	0
320	132	179	0
320	746	132	0
320	133	306	0
320	630	133	0
320	179	523	0
320	194	4256	0
320	1396	195	0
320	195	4213	0
320	315	233	0
320	233	1003	0
320	572	281	0
320	281	602	0
320	306	572	0
320	530	315	0
320	352	1000	0
320	1003	352	0
320	4225	432	0
320	602	433	0
320	433	1396	0
320	523	598	0
320	610	530	0
320	598	639	0
320	688	610	0
320	712	630	0
320	639	722	0
320	737	688	0
320	1000	712	0
320	722	776	0
320	4224	737	0
320	4256	746	0
320	4213	4258	0
320	4258	4225	0
321	83	84	1
321	453	83	0
321	84	85	1
321	85	444	1
321	136	460	0
321	4264	136	0
321	183	646	0
321	647	183	0
321	235	459	0
321	471	235	0
321	356	284	0
321	284	707	0
321	317	453	0
321	459	317	0
321	460	356	0
321	414	471	0
321	646	414	0
321	415	647	0
321	707	415	0
321	444	4246	0
321	4246	4264	0
323	572	306	0
323	306	1015	0
323	1015	572	0
324	572	306	0
324	306	1015	0
324	1015	572	0
325	572	306	0
325	306	1015	0
325	1015	572	0
327	1015	572	0
327	572	1020	0
327	1020	1015	0
337	63	65	1
337	292	63	0
337	65	66	1
337	66	805	0
337	174	401	0
337	728	174	0
337	228	400	0
337	4262	228	0
337	274	292	0
337	4220	274	0
337	349	277	0
337	277	4262	0
337	615	346	0
337	346	4210	0
337	4254	349	0
337	400	728	0
337	401	615	0
337	805	4254	0
337	4210	4220	0
340	80	34	1
340	34	434	0
340	79	80	1
340	494	79	0
340	134	354	0
340	355	134	0
340	181	412	0
340	413	181	0
340	198	388	0
340	434	198	0
340	234	316	0
340	412	234	0
340	354	282	0
340	282	413	0
340	283	355	0
340	388	283	0
340	316	494	0
2428	6	32	1
2428	2264	6	0
2428	32	33	1
2428	33	34	1
2428	34	4260	0
2428	4260	1011	0
2428	1011	4263	0
2428	2827	2264	0
2428	4263	2827	0
2429	3478	487	0
2429	487	4237	0
2429	4236	3478	0
2429	4240	4236	0
2429	4237	4240	0
2432	4236	3478	0
2432	3478	4245	0
2432	4244	4236	0
2432	4245	4244	0
