453
44
520
0	 7.500000000000000e+02  1.732050807600000e+00 -5.825111219469001e+02	 1.114000000000000e-07 -1.929000000000000e-07 -3.689300000000000e-06	1.000000000000000e+00	0	1	0
1	 7.500000000000000e+02  1.732050807600000e+00 -7.500000000000000e+02	0.000000000000000e+00 0.000000000000000e+00 0.000000000000000e+00	1.000000000000000e+00	0	1	1
2	 3.179872981078000e+02  7.500000000000000e+02 -7.500000000000000e+02	-2.628365660000000e-02  4.552462870000000e-02  0.000000000000000e+00	1.000000000000000e+00	0	1	2
4	 7.500000000000000e+02 -7.500000000000000e+02  2.286190426598000e+02	0.000000000000000e+00 0.000000000000000e+00 0.000000000000000e+00	1.000000000000000e+00	8168	1	4
5	7.500000000000000e+02 7.500000000000000e+02 2.286190426598000e+02	0.000000000000000e+00 0.000000000000000e+00 0.000000000000000e+00	1.000000000000000e+00	8168	1	5
6	4.199872981078000e+02 7.500000000000000e+02 2.286190426598000e+02	0.000000000000000e+00 0.000000000000000e+00 0.000000000000000e+00	7.500000000000000e-01	8168	1	6
7	 7.500000000000000e+02  6.209600619400001e+02 -4.262112152443000e+02	5.240000000000000e-08 3.689000000000000e-07 0.000000000000000e+00	1.000000000000000e+00	646	1	7
8	 7.500000000000000e+02  7.500000000000000e+02 -4.262112152443000e+02	0.000000000000000e+00 0.000000000000000e+00 0.000000000000000e+00	1.000000000000000e+00	646	1	8
10	-7.500000000000000e+02  5.715767664980000e+01  6.580962442277000e+02	0.000000000000000e+00 0.000000000000000e+00 0.000000000000000e+00	1.000000000000000e+00	1105	1	10
11	-7.500000000000000e+02 -7.500000000000000e+02  6.580962442277000e+02	0.000000000000000e+00 0.000000000000000e+00 0.000000000000000e+00	1.000000000000000e+00	1105	1	11
12	 7.500000000000000e+02 -7.500000000000000e+02  6.580962442277000e+02	0.000000000000000e+00 0.000000000000000e+00 0.000000000000000e+00	1.000000000000000e+00	1105	1	12
13	7.500000000000000e+02 5.715767664980000e+01 6.580962442277000e+02	0.000000000000000e+00 0.000000000000000e+00 0.000000000000000e+00	4.218750000000000e-01	1105	1	13
15	 7.500000000000000e+02 -7.500000000000000e+02 -1.159425144917000e+02	0.000000000000000e+00 0.000000000000000e+00 0.000000000000000e+00	1.000000000000000e+00	661	1	15
16	 7.500000000000000e+02  7.500000000000000e+02 -1.159425144917000e+02	0.000000000000000e+00 0.000000000000000e+00 0.000000000000000e+00	1.000000000000000e+00	661	1	16
17	 2.594704385266000e+02  7.500000000000000e+02 -1.159425144917000e+02	 1.391180000000000e-05 -3.012810000000000e-05  0.000000000000000e+00	1.000000000000000e+00	661	1	17
18	-7.500000000000000e+02 -9.527787031900000e+01 -4.164132562731000e+02	 8.092000000000000e-07 -6.710000000000000e-07  0.000000000000000e+00	1.000000000000000e+00	8168	1	18
19	-7.500000000000000e+02 -7.500000000000000e+02 -4.164132562731000e+02	0.000000000000000e+00 0.000000000000000e+00 0.000000000000000e+00	1.000000000000000e+00	8168	1	19
20	 7.500000000000000e+02 -7.500000000000000e+02 -4.164132562731000e+02	0.000000000000000e+00 0.000000000000000e+00 0.000000000000000e+00	1.000000000000000e+00	8168	1	20
21	 7.500000000000000e+02  7.500000000000000e+02 -4.164132562731000e+02	0.000000000000000e+00 0.000000000000000e+00 0.000000000000000e+00	1.000000000000000e+00	8168	1	21
22	-2.051361677954000e+02  7.500000000000000e+02 -4.164132562731000e+02	-2.862319187988282e-04  0.000000000000000e+00  0.000000000000000e+00	1.779785156250000e-01	8168	1	22
23	-7.050357107968000e+02 -7.500000000000000e+02  1.077775486825000e+02	-7.064060000000000e-05  1.730180000000000e-05  0.000000000000000e+00	1.000000000000000e+00	23	1	23
24	 7.500000000000000e+02 -7.500000000000000e+02  1.077775486825000e+02	0.000000000000000e+00 0.000000000000000e+00 0.000000000000000e+00	1.000000000000000e+00	23	1	24
25	7.500000000000000e+02 7.500000000000000e+02 1.077775486825000e+02	0.000000000000000e+00 0.000000000000000e+00 0.000000000000000e+00	1.000000000000000e+00	23	1	25
26	-6.097305989335000e+02  7.500000000000000e+02  1.077775486825000e+02	 4.681100000000000e-06 -7.132000000000000e-07  0.000000000000000e+00	1.000000000000000e+00	23	1	26
27	-7.364257965857000e+02 -7.500000000000000e+02 -1.894272067752000e+02	 3.157000000000000e-07 -2.426000000000000e-07  0.000000000000000e+00	1.000000000000000e+00	27	1	27
28	 7.500000000000000e+02 -7.500000000000000e+02 -1.894272067752000e+02	0.000000000000000e+00 0.000000000000000e+00 0.000000000000000e+00	1.000000000000000e+00	27	1	28
29	 7.500000000000000e+02  7.500000000000000e+02 -1.894272067752000e+02	0.000000000000000e+00 0.000000000000000e+00 0.000000000000000e+00	1.000000000000000e+00	27	1	29
30	 4.223090403401000e+02  7.500000000000000e+02 -1.894272067752000e+02	-1.883000000000000e-07  1.454000000000000e-07  0.000000000000000e+00	1.000000000000000e+00	27	1	30
32	4.199872981078000e+02 7.500000000000000e+02 7.500000000000000e+02	0.000000000000000e+00 0.000000000000000e+00 0.000000000000000e+00	1.000000000000000e+00	8168	1	32
33	7.500000000000000e+02 1.784012331796000e+02 7.500000000000000e+02	0.000000000000000e+00 0.000000000000000e+00 0.000000000000000e+00	1.000000000000000e+00	8168	1	33
34	7.500000000000000e+02 1.784012331796000e+02 9.471360338760000e+01	 0.000000000000000e+00 -0.000000000000000e+00  0.000000000000000e+00	7.500000000000000e-01	8168	1	34
36	-5.950127018922000e+02 -7.500000000000000e+02 -7.500000000000000e+02	0.000000000000000e+00 0.000000000000000e+00 0.000000000000000e+00	1.000000000000000e+00	491	1	36
37	 2.710127018922000e+02  7.500000000000000e+02 -7.500000000000000e+02	0.000000000000000e+00 0.000000000000000e+00 0.000000000000000e+00	1.000000000000000e+00	491	1	37
38	2.710127018922000e+02 7.500000000000000e+02 7.500000000000000e+02	0.000000000000000e+00 0.000000000000000e+00 0.000000000000000e+00	1.000000000000000e+00	491	1	38
39	-2.095419755033000e+02 -8.234511706390001e+01  7.500000000000000e+02	 7.865499999999999e-06  1.362340000000000e-05 -7.328120000000001e-05	1.000000000000000e+00	491	1	39
41	 2.450127018922000e+02 -7.500000000000000e+02  7.500000000000000e+02	0.000000000000000e+00 0.000000000000000e+00 0.000000000000000e+00	1.000000000000000e+00	729	1	41
42	 2.450127018922000e+02 -7.500000000000000e+02  7.354608847812000e+02	 2.600000000000000e-09 -4.400000000000001e-09  1.312000000000000e-07	1.000000000000000e+00	729	1	42
44	-7.500000000000000e+02  5.715767664980000e+01 -7.500000000000000e+02	0.000000000000000e+00 0.000000000000000e+00 0.000000000000000e+00	1.000000000000000e+00	1105	1	44
45	 7.500000000000000e+02  5.715767664980000e+01 -7.500000000000000e+02	0.000000000000000e+00 0.000000000000000e+00 0.000000000000000e+00	1.000000000000000e+00	1105	1	45
47	-7.500000000000000e+02  2.381569860407000e+02  7.500000000000000e+02	0.000000000000000e+00 0.000000000000000e+00 0.000000000000000e+00	1.000000000000000e+00	1074	1	47
48	-7.500000000000000e+02  2.381569860407000e+02 -7.500000000000000e+02	0.000000000000000e+00 0.000000000000000e+00 0.000000000000000e+00	1.000000000000000e+00	1074	1	48
49	 7.500000000000000e+02  2.381569860407000e+02 -7.500000000000000e+02	0.000000000000000e+00 0.000000000000000e+00 0.000000000000000e+00	1.000000000000000e+00	1074	1	49
50	7.500000000000000e+02 2.381569860407000e+02 7.500000000000000e+02	0.000000000000000e+00 0.000000000000000e+00 0.000000000000000e+00	1.000000000000000e+00	1074	1	50
52	 2.615450498739000e+02 -7.500000000000000e+02  1.518683640526000e+02	3.599000000000000e-07 1.823000000000000e-07 0.000000000000000e+00	1.000000000000000e+00	8168	1	52
53	 7.500000000000000e+02 -7.500000000000000e+02  1.518683640526000e+02	0.000000000000000e+00 0.000000000000000e+00 0.000000000000000e+00	1.000000000000000e+00	8168	1	53
54	7.500000000000000e+02 7.500000000000000e+02 1.518683640526000e+02	0.000000000000000e+00 0.000000000000000e+00 0.000000000000000e+00	1.000000000000000e+00	8168	1	54
55	-3.662280939741000e+02  7.500000000000000e+02  1.518683640526000e+02	-1.899493505859375e-06 -4.687242187500000e-07  0.000000000000000e+00	1.779785156250000e-01	8168	1	55
56	-7.500000000000000e+02  3.403479836873000e+02 -6.870298311923000e+02	-6.260000000000000e-08  0.000000000000000e+00 -2.034300000000000e-06	1.000000000000000e+00	8168	1	56
57	-7.500000000000000e+02  3.403479836873000e+02 -7.500000000000000e+02	0.000000000000000e+00 0.000000000000000e+00 0.000000000000000e+00	1.000000000000000e+00	8168	1	57
59	 3.129872981078000e+02 -7.500000000000000e+02  2.060435033950000e+01	3.636200000000000e-06 6.298100000000000e-06 1.109258000000000e-04	1.000000000000000e+00	8168	1	59
60	 3.129872981078000e+02 -7.500000000000000e+02 -7.500000000000000e+02	0.000000000000000e+00 0.000000000000000e+00 0.000000000000000e+00	1.000000000000000e+00	8168	1	60
61	 7.500000000000000e+02  6.928203230300000e+00 -7.500000000000000e+02	0.000000000000000e+00 0.000000000000000e+00 0.000000000000000e+00	1.000000000000000e+00	8168	1	61
62	 7.500000000000000e+02  6.928203230300000e+00 -2.784425846732000e+02	6.720000000000001e-08 1.164000000000000e-07 1.086260000000000e-05	1.000000000000000e+00	8168	1	62
63	 5.470127018922000e+02 -7.500000000000000e+02  2.286190426598000e+02	-0.000000000000000e+00 -0.000000000000000e+00  0.000000000000000e+00	1.000000000000000e+00	8168	1	63
65	 5.470127018922000e+02 -7.500000000000000e+02 -7.500000000000000e+02	0.000000000000000e+00 0.000000000000000e+00 0.000000000000000e+00	1.000000000000000e+00	8168	1	65
66	-8.250000000000000e+01  3.403479836873000e+02 -7.500000000000000e+02	0.000000000000000e+00 0.000000000000000e+00 0.000000000000000e+00	7.500000000000000e-01	8168	1	66
67	-7.500000000000000e+02  7.500000000000000e+02 -6.793251553319001e+02	0.000000000000000e+00 0.000000000000000e+00 0.000000000000000e+00	1.000000000000000e+00	8168	1	67
68	-7.500000000000000e+02 -7.500000000000000e+02 -6.793251553319001e+02	0.000000000000000e+00 0.000000000000000e+00 0.000000000000000e+00	1.000000000000000e+00	8168	1	68
71	 4.463882790918000e+02 -7.500000000000000e+02  1.469693845670000e+01	-4.971500000000001e-06  1.267800000000000e-06  0.000000000000000e+00	1.000000000000000e+00	5009	1	71
72	 7.500000000000000e+02 -7.500000000000000e+02  1.469693845670000e+01	0.000000000000000e+00 0.000000000000000e+00 0.000000000000000e+00	1.000000000000000e+00	5009	1	72
73	7.500000000000000e+02 7.500000000000000e+02 1.469693845670000e+01	0.000000000000000e+00 0.000000000000000e+00 0.000000000000000e+00	1.000000000000000e+00	5009	1	73
74	6.224077731015000e+02 7.500000000000000e+02 1.469693845670000e+01	 2.755300000000000e-06 -8.643000000000000e-07  0.000000000000000e+00	1.000000000000000e+00	5009	1	74
75	 3.131310990197000e+02  6.910882722200000e+02 -7.500000000000000e+02	2.148000000000000e-07 0.000000000000000e+00 6.208000000000001e-07	1.000000000000000e+00	8168	1	75
76	 7.500000000000000e+02  6.910882722200000e+02 -7.500000000000000e+02	0.000000000000000e+00 0.000000000000000e+00 0.000000000000000e+00	1.000000000000000e+00	8168	1	76
77	7.500000000000000e+02 6.910882722200000e+02 7.500000000000000e+02	0.000000000000000e+00 0.000000000000000e+00 0.000000000000000e+00	1.000000000000000e+00	8168	1	77
78	-7.500000000000000e+02  6.910882722200000e+02  7.500000000000000e+02	-8.471809500000001e-02  0.000000000000000e+00  0.000000000000000e+00	1.000000000000000e+00	8168	1	78
79	-5.314938659080000e+01 -7.500000000000000e+02  9.471360338760000e+01	 3.155000000000000e-06 -3.083500000000000e-06  0.000000000000000e+00	1.000000000000000e+00	8168	1	79
80	 7.500000000000000e+02 -7.500000000000000e+02  9.471360338760000e+01	0.000000000000000e+00 0.000000000000000e+00 0.000000000000000e+00	1.000000000000000e+00	8168	1	80
83	 3.208482208387000e+02 -7.500000000000000e+02  3.592584956082000e+02	-2.083500000000000e-06  4.054000000000000e-07  0.000000000000000e+00	1.000000000000000e+00	8168	1	83
84	 7.500000000000000e+02 -7.500000000000000e+02  3.592584956082000e+02	0.000000000000000e+00 0.000000000000000e+00 0.000000000000000e+00	1.000000000000000e+00	8168	1	84
85	7.500000000000000e+02 7.500000000000000e+02 3.592584956082000e+02	0.000000000000000e+00 0.000000000000000e+00 0.000000000000000e+00	1.000000000000000e+00	8168	1	85
87	-2.960127018922000e+02 -7.500000000000000e+02 -4.865553806932000e+02	-1.240000000000000e-08 -2.150000000000000e-08  2.509000000000000e-07	1.000000000000000e+00	8168	1	87
88	-2.960127018922000e+02 -7.500000000000000e+02 -7.500000000000000e+02	0.000000000000000e+00 0.000000000000000e+00 0.000000000000000e+00	1.000000000000000e+00	8168	1	88
89	 5.700127018922000e+02  7.500000000000000e+02 -7.500000000000000e+02	0.000000000000000e+00 0.000000000000000e+00 0.000000000000000e+00	1.000000000000000e+00	8168	1	89
90	5.700127018922000e+02 7.500000000000000e+02 5.277102704790000e+02	 1.260000000000000e-08  2.182500000000000e-08 -2.293500000000000e-07	7.500000000000000e-01	8168	1	90
92	-7.500000000000000e+02  7.500000000000000e+02  3.804874067123000e+02	0.000000000000000e+00 0.000000000000000e+00 0.000000000000000e+00	1.000000000000000e+00	8006	1	92
93	-7.500000000000000e+02 -7.500000000000000e+02  3.804874067123000e+02	0.000000000000000e+00 0.000000000000000e+00 0.000000000000000e+00	1.000000000000000e+00	8006	1	93
94	 7.500000000000000e+02 -7.500000000000000e+02  3.804874067123000e+02	0.000000000000000e+00 0.000000000000000e+00 0.000000000000000e+00	1.000000000000000e+00	8006	1	94
95	7.500000000000000e+02 2.915099601880000e+02 3.804874067123000e+02	-2.050180000000000e-05 -2.008980000000000e-05  0.000000000000000e+00	1.000000000000000e+00	8006	1	95
97	 5.929872981078000e+02 -7.500000000000000e+02 -1.598838023870000e+01	 3.500000000000000e-09  6.100000000000000e-09 -7.860000000000000e-08	1.000000000000000e+00	97	1	97
98	 5.929872981078000e+02 -7.500000000000000e+02 -7.500000000000000e+02	0.000000000000000e+00 0.000000000000000e+00 0.000000000000000e+00	1.000000000000000e+00	97	1	98
99	 7.500000000000000e+02 -4.780460228890000e+02 -7.500000000000000e+02	0.000000000000000e+00 0.000000000000000e+00 0.000000000000000e+00	1.000000000000000e+00	97	1	99
100	 7.500000000000000e+02 -4.780460228890000e+02  1.898011979290000e+01	 6.870000000000000e-08  1.189000000000000e-07 -1.391900000000000e-06	1.000000000000000e+00	97	1	100
101	-7.500000000000000e+02 -5.525242076145000e+02 -1.159425144917000e+02	-0.000000000000000e+00 -0.000000000000000e+00  0.000000000000000e+00	1.779785156250000e-01	661	1	101
102	-7.500000000000000e+02 -5.525242076145000e+02  7.500000000000000e+02	0.000000000000000e+00 0.000000000000000e+00 0.000000000000000e+00	1.000000000000000e+00	661	1	102
103	-6.359872981078000e+02 -7.500000000000000e+02  7.500000000000000e+02	0.000000000000000e+00 0.000000000000000e+00 0.000000000000000e+00	1.000000000000000e+00	661	1	103
104	-6.359872981078000e+02 -7.500000000000000e+02 -1.159425144917000e+02	0.000000000000000e+00 0.000000000000000e+00 0.000000000000000e+00	7.500000000000000e-01	661	1	104
105	-6.363087352237001e+02 -7.500000000000000e+02  5.829785587824000e+02	-2.357200000000000e-06  7.245600000000001e-06  0.000000000000000e+00	1.000000000000000e+00	105	1	105
106	 7.500000000000000e+02 -7.500000000000000e+02  5.829785587824000e+02	0.000000000000000e+00 0.000000000000000e+00 0.000000000000000e+00	1.000000000000000e+00	105	1	106
107	7.500000000000000e+02 1.899209965200000e+01 5.829785587824000e+02	 1.720430000000000e-05 -3.422370000000000e-05  0.000000000000000e+00	1.000000000000000e+00	105	1	107
108	-2.061503358734000e+02  6.910882722200000e+02 -4.164132562731000e+02	-2.198567713623047e-04  0.000000000000000e+00  0.000000000000000e+00	1.334838867187500e-01	8168	0	108
112	 6.716066883134000e+02  1.375132496223000e+02 -5.939919132091001e+02	 1.473000000000000e-07 -2.552000000000000e-07 -3.285200000000000e-06	1.000000000000000e+00	0	0	112
113	 5.094982526537000e+02 -5.675419782000001e+00  2.286190426598000e+02	-1.016270000000000e-05  1.463100000000000e-06  0.000000000000000e+00	1.000000000000000e+00	8168	0	113
114	 2.990292289906000e+02  6.853744336357000e+02 -4.262112152443000e+02	-6.100000000000000e-09 -4.100000000000000e-08  0.000000000000000e+00	1.000000000000000e+00	646	0	114
116	-6.319741343553001e+02  2.121148296439000e+02 -1.159425144917000e+02	-9.056300000000001e-05  1.496036000000000e-04  0.000000000000000e+00	1.000000000000000e+00	661	0	116
117	-4.255561039357000e+02  2.977899751266000e+02 -4.164132562731000e+02	 4.363000000000000e-07 -3.581000000000000e-07  0.000000000000000e+00	1.000000000000000e+00	8168	0	117
118	-6.673813210309000e+02 -1.588658811449000e+02  1.077775486825000e+02	-5.248750000000000e-05  1.175200000000000e-06  0.000000000000000e+00	1.000000000000000e+00	23	0	118
119	-1.573065212556000e+02  1.559646616000000e-01 -1.894272067752000e+02	-3.242000000000000e-07  2.508000000000000e-07  0.000000000000000e+00	1.000000000000000e+00	27	0	119
122	-5.468238842150000e+02 -6.665345194264000e+02  3.750244388972000e+02	-3.016000000000000e-07 -5.224000000000000e-07 -8.537900000000000e-06	1.000000000000000e+00	491	0	122
123	 1.456011566044000e+02 -5.778141527025000e+02  7.443911669479000e+02	 4.200000000000000e-09 -7.200000000000000e-09  1.579000000000000e-07	1.000000000000000e+00	729	0	123
126	-7.304291954200001e+01 -2.417547310000000e-02  1.518683640526000e+02	-8.520000000000001e-08 -3.710000000000000e-08  0.000000000000000e+00	1.000000000000000e+00	8168	0	126
127	-2.079010959852000e+02  3.403479836873000e+02 -7.340796493097000e+02	1.539000000000000e-07 0.000000000000000e+00 3.700000000000000e-09	1.000000000000000e+00	8168	0	127
128	 5.325662173357000e+02 -3.696781556262000e+02 -2.701427708878000e+02	8.940000000000001e-08 1.548000000000000e-07 6.335800000000000e-06	1.000000000000000e+00	8168	0	128
130	-3.328938040873000e+02  5.834565516988000e+02 -6.793251553319001e+02	8.750400000000000e-06 1.562120000000000e-05 0.000000000000000e+00	1.000000000000000e+00	8168	0	130
131	5.537142757882000e+02 1.495951914213000e+02 1.469693845670000e+01	 5.317250000000000e-05 -3.328000000000000e-07  0.000000000000000e+00	1.000000000000000e+00	5009	0	131
132	-4.388794750260000e+01  6.910882722200000e+02 -5.579365221808000e+02	-2.323340000000000e-05  0.000000000000000e+00 -3.520210000000000e-05	1.000000000000000e+00	8168	0	132
133	-3.452185569958000e+02  6.910882722200000e+02  1.560457450464000e+02	-9.772021636962891e-07  0.000000000000000e+00 -1.116759567260742e-07	1.001129150390625e-01	8168	0	133
134	 3.697805113943000e+02 -1.693260408672000e+02  9.471360338760000e+01	 2.973000000000000e-06 -2.238600000000000e-06  0.000000000000000e+00	1.000000000000000e+00	8168	0	134
136	3.979056444138000e+02 2.348775833829000e+02 3.592584956082000e+02	 6.317520000000000e-05 -4.839000000000000e-07  0.000000000000000e+00	1.000000000000000e+00	8168	0	136
137	 1.568362245950000e+02  3.435734882890000e+01 -7.018805658440000e+01	-5.570010000000000e-05 -9.647540000000000e-05  1.007287000000000e-04	1.000000000000000e+00	8168	0	137
139	 6.777457369849001e+02 -6.031940774947000e+02  2.616850391700000e+00	 1.257000000000000e-07  2.178000000000000e-07 -2.003400000000000e-06	1.000000000000000e+00	97	0	139
141	 2.433074332570000e+02 -2.672194524002000e+02  5.829785587824000e+02	 8.270200000000001e-06 -1.506830000000000e-05  0.000000000000000e+00	1.000000000000000e+00	105	0	141
143	 5.701981378089000e+02  3.131580114181000e+02 -6.188908215626000e+02	 1.839000000000000e-07 -3.185000000000000e-07 -2.457400000000000e-06	1.000000000000000e+00	0	0	143
144	 4.677950039885000e+02 -3.754352027115000e+02  2.286190426598000e+02	-3.859150000000000e-05  3.977200000000000e-06  0.000000000000000e+00	1.000000000000000e+00	8168	0	144
146	 5.245256996561001e+02  6.531075339092000e+02 -4.262112152443000e+02	1.290000000000000e-08 9.050000000000001e-08 0.000000000000000e+00	1.000000000000000e+00	646	0	146
147	 7.257737430940000e+01  7.229388988169001e+02 -4.262112152443000e+02	1.959000000000000e-07 7.785000000000000e-07 0.000000000000000e+00	1.000000000000000e+00	646	0	147
150	-7.500000000000000e+02  1.617076808900000e+02 -1.159425144917000e+02	-9.095300000000001e-05  2.578389000000000e-04  0.000000000000000e+00	1.000000000000000e+00	661	1	150
151	-2.445949356875000e+02  4.622848911298000e+02 -1.159425144917000e+02	-3.742830000000000e-05  5.758480000000000e-05  0.000000000000000e+00	1.000000000000000e+00	661	0	151
152	-5.876126268217000e+02  1.013421444200000e+02 -4.164132562731000e+02	 3.763000000000000e-07 -3.105000000000000e-07  0.000000000000000e+00	1.000000000000000e+00	8168	0	152
153	-6.758237353659000e+02 -6.136531425236000e+02  1.077775486825000e+02	-7.892150000000001e-05  6.937400000000000e-06  0.000000000000000e+00	1.000000000000000e+00	23	0	153
154	-6.494682389528000e+02  3.326511238847000e+02  1.077775486825000e+02	-2.111250000000000e-05  1.188300000000000e-06  0.000000000000000e+00	1.000000000000000e+00	23	0	154
155	-4.470593571712000e+02 -3.748526286605000e+02 -1.894272067752000e+02	-2.592000000000000e-07  2.000000000000000e-07  0.000000000000000e+00	1.000000000000000e+00	27	0	155
156	 1.325673888980000e+02  3.750707624346000e+02 -1.894272067752000e+02	-1.555000000000000e-07  1.202000000000000e-07  0.000000000000000e+00	1.000000000000000e+00	27	0	156
159	-5.950127018922000e+02 -7.500000000000000e+02  2.326032014669000e+02	-3.588468750000000e-06 -6.215400000000001e-06  1.272332812500000e-06	4.218750000000000e-01	491	1	159
160	-4.467770923236000e+02 -4.932483927361000e+02  5.357084962806000e+02	 3.840500000000000e-06  6.652000000000000e-06 -1.051380000000000e-05	1.000000000000000e+00	491	0	160
161	 9.393196565000001e+01 -4.883204887836000e+02  7.500000000000000e+02	 4.400000000000001e-09 -7.500000000000001e-09  1.604000000000000e-07	1.000000000000000e+00	729	1	161
162	 1.965563717368000e+02 -6.660711742225001e+02  7.392335794527000e+02	 3.000000000000000e-09 -5.200000000000000e-09  1.328000000000000e-07	1.000000000000000e+00	729	0	162
164	5.198046991594000e+02 5.489271138920000e+01 2.286190426598000e+02	-6.034000000000000e-06  1.027700000000000e-06  0.000000000000000e+00	1.000000000000000e+00	8168	0	164
167	 9.012428510250000e+01 -3.751045817234000e+02  1.518683640526000e+02	-3.008000000000000e-07 -1.310000000000000e-07  0.000000000000000e+00	1.000000000000000e+00	8168	0	167
168	-2.362063891404000e+02  3.750171486069000e+02  1.518683640526000e+02	9.820000000000001e-08 4.290000000000000e-08 0.000000000000000e+00	1.000000000000000e+00	8168	0	168
169	-4.953807001318000e+02  3.403479836873000e+02 -7.011403363813000e+02	-5.500000000000000e-08  0.000000000000000e+00 -6.540000000000000e-07	1.000000000000000e+00	8168	0	169
172	 6.453407520593000e+02 -1.743469316850000e+02 -2.754094220075000e+02	8.640000000000001e-08 1.497000000000000e-07 9.421200000000001e-06	1.000000000000000e+00	8168	0	172
174	 4.485478822858000e+02 -5.794539296836000e+02 -2.960406290121000e+02	-1.766446875000000e-05  3.059572500000000e-05 -3.389006250000001e-06	5.625000000000000e-01	8168	0	174
177	 5.208373852568001e+02 -3.062236874338000e+02  1.469693845670000e+01	 1.982460000000000e-05 -2.505900000000000e-06  0.000000000000000e+00	1.000000000000000e+00	5009	0	177
179	 7.517881753200000e+00  6.910882722200000e+02 -6.004089818820000e+02	-2.081800000000000e-06  0.000000000000000e+00  5.689000000000001e-07	1.000000000000000e+00	8168	0	179
181	 2.146306732300000e+02 -4.510252838440000e+02  9.471360338760000e+01	 1.505000000000000e-07 -7.480000000000001e-08  0.000000000000000e+00	1.000000000000000e+00	8168	0	181
183	 3.713575009170000e+02 -2.776257245822000e+02  3.592584956082000e+02	 3.245670000000000e-05 -1.964900000000000e-06  0.000000000000000e+00	1.000000000000000e+00	8168	0	183
185	-8.202838530300001e+01 -3.793682916446000e+02 -3.842251187646000e+02	 9.140000000000001e-07  1.583100000000000e-06 -4.897600000000000e-06	1.000000000000000e+00	8168	0	185
187	4.253694730933000e+02 7.500000000000000e+02 3.804874067123000e+02	5.760000000000000e-08 1.790000000000000e-08 0.000000000000000e+00	1.000000000000000e+00	8006	1	187
189	 6.312841893417000e+02 -6.836678386109000e+02 -9.080010089000000e+00	 1.160000000000000e-07  2.009000000000000e-07 -1.863700000000000e-06	1.000000000000000e+00	97	0	189
190	 7.226994223002000e+02 -5.253320105410000e+02  1.359251821640000e+01	 9.960000000000001e-08  1.726000000000000e-07 -1.653700000000000e-06	1.000000000000000e+00	97	0	190
191	-8.735782401730000e+01 -4.525158409331000e+02  5.829785587824000e+02	-3.529100000000000e-06  5.996700000000001e-06  0.000000000000000e+00	1.000000000000000e+00	105	0	191
192	 5.769823817360000e+02 -8.994172934950001e+01  5.829785587824000e+02	 1.981560000000000e-05 -3.136070000000000e-05  0.000000000000000e+00	1.000000000000000e+00	105	0	192
193	-2.662827925311000e+02  4.956254426738000e+02 -4.164132562731000e+02	-5.975437500000000e-07  3.341250000000000e-07  0.000000000000000e+00	5.625000000000000e-01	8168	0	193
194	-1.977839228072000e+02  6.910882722200000e+02 -4.179456590558000e+02	3.684723914794921e-05 0.000000000000000e+00 9.049697611083984e-05	1.334838867187500e-01	8168	0	194
195	-4.190305928574000e+02  6.910882722200000e+02 -1.078048852912000e+02	-6.062730000000000e-05  0.000000000000000e+00  1.013238000000000e-04	1.000000000000000e+00	8168	0	195
198	6.013752145838000e+02 5.487357303490001e+01 9.471360338760000e+01	 4.250400000000000e-06 -4.998600000000000e-06  0.000000000000000e+00	1.000000000000000e+00	8168	0	198
201	 5.169756672028000e+02  4.053420346122000e+02 -6.367940613683000e+02	 1.614000000000000e-07 -2.795000000000000e-07 -1.897200000000000e-06	1.000000000000000e+00	0	0	201
204	 6.372747527800000e+02  6.369803764203000e+02 -4.262112152443000e+02	2.230000000000000e-08 1.567000000000000e-07 0.000000000000000e+00	1.000000000000000e+00	646	0	204
205	-2.400869252490000e+01  7.500000000000000e+02 -4.262112152443000e+02	-9.180000000000000e-08 -3.278000000000000e-07  0.000000000000000e+00	1.000000000000000e+00	646	1	205
209	-8.019905614890000e+01  5.662315164818000e+02 -1.159425144917000e+02	-1.644400000000000e-05  2.680060000000000e-05  0.000000000000000e+00	1.000000000000000e+00	661	0	209
210	-6.686526510596000e+02  3.128512327800000e+00 -4.164132562731000e+02	 4.147000000000000e-07 -3.420000000000000e-07  0.000000000000000e+00	1.000000000000000e+00	8168	0	210
212	-6.326772157496000e+02  5.595594816602000e+02  1.077775486825000e+02	-8.355400000000000e-06  7.039000000000000e-07  0.000000000000000e+00	1.000000000000000e+00	23	0	212
213	-5.917912187199000e+02 -5.624684646333001e+02 -1.894272067752000e+02	-3.600000000000000e-08  2.790000000000000e-08  0.000000000000000e+00	1.000000000000000e+00	27	0	213
214	 2.775111653473000e+02  5.625229150621000e+02 -1.894272067752000e+02	-4.760000000000000e-08  3.680000000000000e-08  0.000000000000000e+00	1.000000000000000e+00	27	0	214
216	-3.982401100322000e+02 -4.091798733614000e+02  6.004541380172000e+02	 4.037000000000000e-06  6.992300000000000e-06 -1.279820000000000e-05	1.000000000000000e+00	491	0	216
221	 1.722842630804000e+02 -5.624793121812000e+02  1.518683640526000e+02	1.020000000000000e-07 4.550000000000000e-08 0.000000000000000e+00	1.000000000000000e+00	8168	0	221
222	-3.123140521194000e+02  5.640346384606000e+02  1.518683640526000e+02	-4.145000000000000e-07 -1.510000000000000e-07  0.000000000000000e+00	1.000000000000000e+00	8168	0	222
223	-6.345721501253000e+02  3.403479836873000e+02 -6.915768585871000e+02	-7.330000000000000e-08  0.000000000000000e+00 -1.390100000000000e-06	1.000000000000000e+00	8168	0	223
226	 7.014538878552000e+02 -7.715612951450001e+01 -2.772414300562000e+02	7.400000000000000e-08 1.281000000000000e-07 1.031690000000000e-05	1.000000000000000e+00	8168	0	226
228	 5.237282842953000e+02 -7.096702056976001e+02 -5.511069317557000e+02	-5.121670000000000e-05  8.870990000000000e-05 -3.060140000000000e-05	1.000000000000000e+00	8168	0	228
229	-4.953454798883000e+02  6.761044260961000e+02 -6.793251553319001e+02	3.276780000000000e-05 5.368770000000000e-05 0.000000000000000e+00	1.000000000000000e+00	8168	0	229
231	 4.873434214427000e+02 -5.372372862448000e+02  1.469693845670000e+01	 1.542400000000000e-06 -2.405000000000000e-07  0.000000000000000e+00	1.000000000000000e+00	5009	0	231
233	-4.747748636891000e+02  6.910882722200000e+02  4.332075288678000e+02	-8.405690625000002e-06  0.000000000000000e+00 -5.766440625000000e-06	4.218750000000000e-01	8168	0	233
234	 1.228401257596000e+02 -5.775078014121000e+02  9.471360338760000e+01	-9.634000000000000e-07  9.056000000000001e-07  0.000000000000000e+00	1.000000000000000e+00	8168	0	234
235	 3.512352187892000e+02 -5.364063091052000e+02  3.592584956082000e+02	 1.286450000000000e-05 -1.267500000000000e-06  0.000000000000000e+00	1.000000000000000e+00	8168	0	235
237	-2.086980122897000e+02 -5.987665213613000e+02 -4.619107765523000e+02	-1.180000000000000e-08 -2.050000000000000e-08  1.156000000000000e-07	1.000000000000000e+00	8168	0	237
238	4.422996550935000e+02 5.287945141551000e+02 4.569197407076000e+02	 1.121574375000000e-05  1.942621875000000e-05 -2.045041875000000e-05	5.625000000000000e-01	8168	0	238
241	-2.507099064203000e+02 -5.522912570034000e+02  5.829785587824000e+02	-9.747300000000001e-06  1.546460000000000e-05  0.000000000000000e+00	1.000000000000000e+00	105	0	241
242	7.159907294826000e+02 1.895545233100000e+00 5.829785587824000e+02	 2.083710000000000e-05 -3.341610000000000e-05  0.000000000000000e+00	1.000000000000000e+00	105	0	242
243	-2.206744683813000e+02  6.047964698283000e+02 -4.164132562731000e+02	-5.990710533714295e-05  1.008721463584900e-05  0.000000000000000e+00	7.508468627929688e-02	8168	0	243
246	 7.169920321035000e+02  5.890352825890000e+01 -5.864962636303001e+02	 1.435000000000000e-07 -2.486000000000000e-07 -3.535600000000000e-06	1.000000000000000e+00	0	0	246
247	 6.220349807791000e+02  2.233739656898000e+02 -6.046865735434001e+02	 1.728000000000000e-07 -2.994000000000000e-07 -2.925900000000000e-06	1.000000000000000e+00	0	0	247
248	 4.853537490970000e+02 -1.943952677180000e+02  2.286190426598000e+02	-2.434520000000000e-05  2.691100000000000e-06  0.000000000000000e+00	1.000000000000000e+00	8168	0	248
249	5.502449442508000e+02 1.783773824070000e+02 2.286190426598000e+02	 1.248600000000000e-06 -6.260000000000000e-07  0.000000000000000e+00	1.000000000000000e+00	8168	0	249
250	 4.117764088491000e+02  6.692332541509001e+02 -4.262112152443000e+02	2.000000000000000e-09 1.410000000000000e-08 0.000000000000000e+00	1.000000000000000e+00	646	0	250
251	 1.864201645986000e+02  7.024563045920000e+02 -4.262112152443000e+02	1.260000000000000e-08 7.060000000000000e-08 0.000000000000000e+00	1.000000000000000e+00	646	0	251
255	-4.208249428618000e+02  3.470114912827000e+02 -1.159425144917000e+02	-6.204990000000000e-05  9.556310000000000e-05  0.000000000000000e+00	1.000000000000000e+00	661	0	255
256	-5.065749292006000e+02  1.995577790568000e+02 -4.164132562731000e+02	 4.038000000000000e-07 -3.332000000000000e-07  0.000000000000000e+00	1.000000000000000e+00	8168	0	256
257	-3.449415634985000e+02  3.961681027491000e+02 -4.164132562731000e+02	 2.484562500000000e-07 -2.038500000000000e-07  0.000000000000000e+00	5.625000000000000e-01	8168	0	257
258	-6.707241529825001e+02 -4.259340981671000e+02  1.077775486825000e+02	-9.371090000000000e-05  7.510000000000000e-07  0.000000000000000e+00	1.000000000000000e+00	23	0	258
259	-6.594472227235000e+02  8.920479915290001e+01  1.077775486825000e+02	-2.457560000000000e-05  8.734000000000001e-07  0.000000000000000e+00	1.000000000000000e+00	23	0	259
260	-3.022381228683000e+02 -1.873056883614000e+02 -1.894272067752000e+02	-3.815000000000000e-07  2.948000000000000e-07  0.000000000000000e+00	1.000000000000000e+00	27	0	260
261	-1.235157064980000e+01  1.875994325028000e+02 -1.894272067752000e+02	-2.200000000000000e-07  1.700000000000000e-07  0.000000000000000e+00	1.000000000000000e+00	27	0	261
262	-5.854841487697000e+02 -7.334960618692000e+02  2.770645053340000e+02	 3.907687500000000e-07  6.768562499999999e-07 -2.988225000000000e-06	5.625000000000000e-01	491	0	262
263	-4.946389989670000e+02 -5.761476467897000e+02  4.662886528202000e+02	 2.403000000000000e-06  4.162100000000000e-06 -7.611300000000000e-06	1.000000000000000e+00	491	0	263
268	 8.569172338200000e+00 -1.875519313209000e+02  1.518683640526000e+02	-1.541000000000000e-07 -6.710000000000000e-08  0.000000000000000e+00	1.000000000000000e+00	8168	0	268
269	-1.545585116346000e+02  1.875252474440000e+02  1.518683640526000e+02	7.390000000000001e-08 3.210000000000000e-08 0.000000000000000e+00	1.000000000000000e+00	8168	0	269
270	-3.567287675396000e+02  3.403479836873000e+02 -7.150024511285001e+02	-4.580000000000000e-08  0.000000000000000e+00 -3.970000000000000e-07	1.000000000000000e+00	8168	0	270
273	 5.892171511803000e+02 -2.715558599112000e+02 -2.730974344102000e+02	9.390000000000000e-08 1.626000000000000e-07 8.142500000000000e-06	1.000000000000000e+00	8168	0	273
274	 4.421935703271000e+02 -5.684479385240001e+02  1.525259281908000e+02	-2.146090000000000e-05  3.717140000000000e-05 -7.172900000000000e-06	1.000000000000000e+00	8168	0	274
277	 5.470127018922000e+02 -7.500000000000000e+02 -6.793251553319001e+02	0.000000000000000e+00 0.000000000000000e+00 0.000000000000000e+00	1.000000000000000e+00	8168	1	277
278	 5.487458874842000e+02 -5.838258610050000e+01  1.469693845670000e+01	 3.826780000000000e-05 -2.922300000000000e-06  0.000000000000000e+00	1.000000000000000e+00	5009	0	278
279	5.568209370340001e+02 4.061657488312000e+02 1.469693845670000e+01	 6.604450000000000e-05 -1.690200000000000e-06  0.000000000000000e+00	1.000000000000000e+00	5009	0	279
281	-4.016143010466000e+02  6.910882722200000e+02  1.179368251638000e+02	1.553437500000000e-05 0.000000000000000e+00 2.177640000000000e-05	7.500000000000000e-01	8168	0	281
282	 2.836476758915000e+02 -3.043458583765000e+02  9.471360338760000e+01	 2.076900000000000e-06 -1.136600000000000e-06  0.000000000000000e+00	1.000000000000000e+00	8168	0	282
283	 4.726510569425000e+02 -5.416397479780000e+01  9.471360338760000e+01	 3.110000000000000e-06 -3.450300000000000e-06  0.000000000000000e+00	1.000000000000000e+00	8168	0	283
284	 3.868696370728000e+02 -9.737211850300000e+00  3.592584956082000e+02	 5.198170000000000e-05 -2.885100000000000e-06  0.000000000000000e+00	1.000000000000000e+00	8168	0	284
286	 4.692025064270000e+01 -1.560227026200000e+02 -2.636523404771000e+02	-3.580900000000000e-06 -6.202300000000000e-06  1.085370000000000e-05	1.000000000000000e+00	8168	0	286
287	2.468290983372000e+02 1.902295784696000e+02 1.138989585911000e+02	-8.113840000000001e-05 -1.405359000000000e-04  1.762200000000000e-04	1.000000000000000e+00	8168	0	287
290	 7.815993774890001e+01 -3.591797151433000e+02  5.829785587824000e+02	 2.725800000000000e-06 -4.887900000000000e-06  0.000000000000000e+00	1.000000000000000e+00	105	0	290
291	 4.104445000308000e+02 -1.781294807851000e+02  5.829785587824000e+02	 1.169160000000000e-05 -2.270220000000000e-05  0.000000000000000e+00	1.000000000000000e+00	105	0	291
292	 4.517333299343000e+02 -5.849712868557000e+02  2.286190426598000e+02	-3.204940000000000e-05  5.551120000000000e-05  0.000000000000000e+00	1.000000000000000e+00	8168	0	292
297	-4.075928702400000e+00  6.118954815624001e+02 -1.159425144917000e+02	-8.736500000000000e-06  1.468560000000000e-05  0.000000000000000e+00	1.000000000000000e+00	661	0	297
298	-7.091427341502000e+02 -4.600342903660000e+01 -4.164132562731000e+02	 4.918000000000000e-07 -4.067000000000000e-07  0.000000000000000e+00	1.000000000000000e+00	8168	0	298
300	-6.222149792048000e+02  6.680634113933000e+02  1.077775486825000e+02	-6.839000000000000e-07  3.880000000000000e-08  0.000000000000000e+00	1.000000000000000e+00	23	0	300
301	-6.643068146058000e+02 -6.561607838516001e+02 -1.894272067752000e+02	-1.312000000000000e-07  1.014000000000000e-07  0.000000000000000e+00	1.000000000000000e+00	27	0	301
302	 3.499570494160000e+02  6.562690865124000e+02 -1.894272067752000e+02	-4.880000000000000e-08  3.770000000000000e-08  0.000000000000000e+00	1.000000000000000e+00	27	0	302
305	 2.139750825614000e+02 -6.560694884612001e+02  1.518683640526000e+02	4.166000000000000e-07 1.980000000000000e-07 0.000000000000000e+00	1.000000000000000e+00	8168	0	305
306	-3.516907236937000e+02  6.910882722200000e+02  1.518683640526000e+02	 1.404562500000000e-07 -2.416500000000000e-07 -1.734750000000000e-06	5.625000000000000e-01	8168	0	306
307	-7.048448476061001e+02  3.403479836873000e+02 -6.884190576852001e+02	-6.520000000000000e-08  0.000000000000000e+00 -1.819500000000000e-06	1.000000000000000e+00	8168	0	307
313	 4.735138930421000e+02 -6.436309466723001e+02  1.469693845670000e+01	-3.464200000000000e-06  5.887000000000000e-07  0.000000000000000e+00	1.000000000000000e+00	5009	0	313
314	5.865350598785000e+02 6.354799053973001e+02 1.469693845670000e+01	 5.407600000000001e-06 -1.365800000000000e-06  0.000000000000000e+00	1.000000000000000e+00	5009	0	314
315	-5.073718149281000e+02  6.910882722200000e+02  4.734589863175000e+02	-5.199862500000000e-06  0.000000000000000e+00 -7.484681250000001e-06	5.625000000000000e-01	8168	0	315
316	 5.833580259740000e+01 -6.428545207523000e+02  9.471360338760000e+01	-6.760000000000001e-07  7.004000000000000e-07  0.000000000000000e+00	1.000000000000000e+00	8168	0	316
317	 3.376193732611000e+02 -6.552937792699000e+02  3.592584956082000e+02	 4.808100000000000e-06 -6.438000000000000e-07  0.000000000000000e+00	1.000000000000000e+00	8168	0	317
319	-2.677121333852000e+02 -7.009819774628000e+02 -4.809565335957000e+02	-5.900000000000000e-09 -1.010000000000000e-08  1.001000000000000e-07	1.000000000000000e+00	8168	0	319
320	4.923668901782000e+02 6.155135091164000e+02 4.995619830683000e+02	 1.816931250000000e-06  3.147039843750000e-06 -1.006317421875000e-05	3.164062500000000e-01	8168	0	320
322	4.860301383971000e+02 5.737935268832000e+02 3.804874067123000e+02	1.573400000000000e-06 6.188000000000000e-07 0.000000000000000e+00	1.000000000000000e+00	8006	0	322
323	-3.306184442221000e+02 -6.031555652373000e+02  5.829785587824000e+02	-1.253160000000000e-05  1.998940000000000e-05  0.000000000000000e+00	1.000000000000000e+00	105	0	323
328	 4.965425802604000e+02 -1.013517833852000e+02  2.286190426598000e+02	-1.706280000000000e-05  2.161000000000000e-06  0.000000000000000e+00	1.000000000000000e+00	8168	0	328
333	-5.131497462170000e+02  2.873581533827000e+02 -1.159425144917000e+02	-7.619450000000000e-05  1.187838000000000e-04  0.000000000000000e+00	1.000000000000000e+00	661	0	333
334	-4.660599125878000e+02  2.486687863649000e+02 -4.164132562731000e+02	 4.277000000000000e-07 -3.528000000000000e-07  0.000000000000000e+00	1.000000000000000e+00	8168	0	334
335	-3.853216653533000e+02  3.470391308188000e+02 -4.164132562731000e+02	 2.700000000000001e-07 -2.212875000000000e-07  0.000000000000000e+00	5.625000000000000e-01	8168	0	335
336	-6.695815656453000e+02 -2.982741108673000e+02  1.077775486825000e+02	-7.330970000000001e-05  8.601000000000000e-07  0.000000000000000e+00	1.000000000000000e+00	23	0	336
337	-6.638034669885001e+02 -3.307205062510000e+01  1.077775486825000e+02	-3.572510000000000e-05  1.178000000000000e-06  0.000000000000000e+00	1.000000000000000e+00	23	0	337
338	-2.297889416871000e+02 -9.356200084640000e+01 -1.894272067752000e+02	-3.810000000000000e-07  2.945000000000000e-07  0.000000000000000e+00	1.000000000000000e+00	27	0	338
339	-8.481604216610000e+01  9.386764885830000e+01 -1.894272067752000e+02	-2.514000000000000e-07  1.944000000000000e-07  0.000000000000000e+00	1.000000000000000e+00	27	0	339
342	-3.225463778420000e+01 -9.379579095210001e+01  1.518683640526000e+02	-1.456000000000000e-07 -6.340000000000000e-08  0.000000000000000e+00	1.000000000000000e+00	8168	0	342
343	-1.137930174756000e+02  9.375388820920000e+01  1.518683640526000e+02	2.900000000000000e-09 1.300000000000000e-09 0.000000000000000e+00	1.000000000000000e+00	8168	0	343
344	-2.841697106786000e+02  3.403479836873000e+02 -7.240622621014001e+02	-7.190000000000000e-08  0.000000000000000e+00 -5.528000000000000e-07	1.000000000000000e+00	8168	0	344
349	-1.635082323531000e+02  4.806583579542000e+02 -6.793251553319001e+02	 4.775572924804688e-05 -8.271533715820313e-05  0.000000000000000e+00	1.779785156250000e-01	8168	0	349
350	5.533214992025000e+02 2.535500103120000e+01 1.469693845670000e+01	 4.620720000000000e-05 -1.400500000000000e-06  0.000000000000000e+00	1.000000000000000e+00	5009	0	350
351	5.557840618574000e+02 3.006152193216000e+02 1.469693845670000e+01	 5.951900000000000e-05 -7.416000000000000e-07  0.000000000000000e+00	1.000000000000000e+00	5009	0	351
352	-4.192100202050000e+02  6.910882722200000e+02  3.592584956082000e+02	-1.399160000000000e-05  0.000000000000000e+00 -3.222319000000000e-04	1.000000000000000e+00	8168	0	352
354	 3.245310064515000e+02 -2.348687560014000e+02  9.471360338760000e+01	 2.740400000000000e-06 -1.755800000000000e-06  0.000000000000000e+00	1.000000000000000e+00	8168	0	354
355	 4.189209192126000e+02 -1.089431922671000e+02  9.471360338760000e+01	 3.011600000000000e-06 -2.693700000000000e-06  0.000000000000000e+00	1.000000000000000e+00	8168	0	355
356	3.925180279622000e+02 9.828973587780000e+01 3.592584956082000e+02	 5.841560000000000e-05 -3.223900000000000e-06  0.000000000000000e+00	1.000000000000000e+00	8168	0	356
358	 1.042785391273000e+02 -5.667523272940000e+01 -1.745274270751000e+02	-3.165750000000000e-05 -5.483240000000000e-05  5.990050000000000e-05	1.000000000000000e+00	8168	0	358
359	2.036969703308000e+02 1.155225413239000e+02 2.780343223690000e+01	-7.068960000000000e-05 -1.224381000000000e-04  1.395832000000000e-04	1.000000000000000e+00	8168	0	359
362	 1.607957690138000e+02 -3.131106892448000e+02  5.829785587824000e+02	 5.704900000000000e-06 -1.024670000000000e-05  0.000000000000000e+00	1.000000000000000e+00	105	0	362
363	 3.261758240187000e+02 -2.223431280515000e+02  5.829785587824000e+02	 1.010270000000000e-05 -1.897050000000000e-05  0.000000000000000e+00	1.000000000000000e+00	105	0	363
364	 4.573567674101000e+02 -4.616636897257000e+02  2.286190426598000e+02	-3.598280000000000e-05  4.555800000000000e-06  0.000000000000000e+00	1.000000000000000e+00	8168	0	364
365	 4.758951454368000e+02 -2.859729288738000e+02  2.286190426598000e+02	-3.278610000000000e-05  3.153800000000000e-06  0.000000000000000e+00	1.000000000000000e+00	8168	0	365
367	5.950604129253001e+02 2.650465014551000e+02 2.286190426598000e+02	-6.198000000000000e-07  3.123000000000000e-07  0.000000000000000e+00	1.000000000000000e+00	8168	0	367
374	-1.627265327167000e+02  5.149708258235000e+02 -1.159425144917000e+02	-2.656770000000000e-05  4.188350000000000e-05  0.000000000000000e+00	1.000000000000000e+00	661	0	374
375	-3.282140892068000e+02  4.074818349864000e+02 -1.159425144917000e+02	-4.884220000000000e-05  7.467650000000001e-05  0.000000000000000e+00	1.000000000000000e+00	661	0	375
376	-6.281330107869001e+02  5.223559028210000e+01 -4.164132562731000e+02	 3.865000000000000e-07 -3.189000000000000e-07  0.000000000000000e+00	1.000000000000000e+00	8168	0	376
377	-5.470931364785000e+02  1.504494311174000e+02 -4.164132562731000e+02	 3.836000000000000e-07 -3.165000000000000e-07  0.000000000000000e+00	1.000000000000000e+00	8168	0	377
378	-6.837304371136000e+02 -6.630136643471001e+02  1.077775486825000e+02	-7.253890000000000e-05  1.722140000000000e-05  0.000000000000000e+00	1.000000000000000e+00	23	0	378
379	-6.716693097117001e+02 -5.333002020689000e+02  1.077775486825000e+02	-8.910110000000001e-05  1.851100000000000e-06  0.000000000000000e+00	1.000000000000000e+00	23	0	379
380	-6.415211651662000e+02  4.470025361763000e+02  1.077775486825000e+02	-1.602780000000000e-05  1.174900000000000e-06  0.000000000000000e+00	1.000000000000000e+00	23	0	380
381	-6.550977616400000e+02  2.130527264689000e+02  1.077775486825000e+02	-2.221870000000000e-05  9.624000000000001e-07  0.000000000000000e+00	1.000000000000000e+00	23	0	381
382	-5.194209352044001e+02 -4.686639339533000e+02 -1.894272067752000e+02	-1.346000000000000e-07  1.038000000000000e-07  0.000000000000000e+00	1.000000000000000e+00	27	0	382
383	-3.746605702801000e+02 -2.810700226482000e+02 -1.894272067752000e+02	-3.378000000000000e-07  2.609000000000000e-07  0.000000000000000e+00	1.000000000000000e+00	27	0	383
384	 2.050359744398000e+02  4.687993946293000e+02 -1.894272067752000e+02	-1.028000000000000e-07  7.950000000000000e-08  0.000000000000000e+00	1.000000000000000e+00	27	0	384
385	 6.010453971810000e+01  2.813376996630000e+02 -1.894272067752000e+02	-1.973000000000000e-07  1.525000000000000e-07  0.000000000000000e+00	1.000000000000000e+00	27	0	385
388	5.505642173770000e+02 1.348309429270000e+01 9.471360338760000e+01	 4.576400000000000e-06 -5.452400000000001e-06  0.000000000000000e+00	1.000000000000000e+00	8168	0	388
390	 1.310307500710000e+02 -4.688682425315000e+02  1.518683640526000e+02	-3.326000000000000e-07 -1.457000000000000e-07  0.000000000000000e+00	1.000000000000000e+00	8168	0	390
391	 4.937925694450000e+01 -2.813140016758000e+02  1.518683640526000e+02	-1.827000000000000e-07 -7.940000000000000e-08  0.000000000000000e+00	1.000000000000000e+00	8168	0	391
392	-2.772447314646000e+02  4.686647957119000e+02  1.518683640526000e+02	1.068000000000000e-07 4.540000000000000e-08 0.000000000000000e+00	1.000000000000000e+00	8168	0	392
393	-1.953518172131000e+02  2.812845304351000e+02  1.518683640526000e+02	1.168000000000000e-07 5.090000000000000e-08 0.000000000000000e+00	1.000000000000000e+00	8168	0	393
394	-5.643010333514001e+02  3.403479836873000e+02 -6.958568727881001e+02	-6.600000000000001e-08  0.000000000000000e+00 -9.605000000000000e-07	1.000000000000000e+00	8168	0	394
395	-4.271751587482000e+02  3.403479836873000e+02 -7.074190402015000e+02	-4.790000000000000e-08  0.000000000000000e+00 -4.821000000000000e-07	1.000000000000000e+00	8168	0	395
400	 5.029047884128000e+02 -6.736028528377000e+02 -4.654002364517000e+02	-7.053970000000000e-05  1.221784000000000e-04 -1.080460000000000e-05	1.000000000000000e+00	8168	0	400
401	 4.326734607612000e+02 -5.519586250623000e+02 -2.628939245757000e+02	-1.177222025383450e-06  2.039008908044826e-06 -6.899127288792283e-07	1.336346101015806e-02	8168	0	401
402	-4.585736788128000e+02  6.545950979662000e+02 -6.793251553319001e+02	2.552930000000000e-05 4.432920000000000e-05 0.000000000000000e+00	1.000000000000000e+00	8168	0	402
403	-3.924285902827000e+02  6.169367188040001e+02 -6.793251553319001e+02	1.667260000000000e-05 2.944140000000000e-05 0.000000000000000e+00	1.000000000000000e+00	8168	0	403
406	 5.035678148896000e+02 -4.297781424437000e+02  1.469693845670000e+01	 9.517200000000001e-06 -1.457200000000000e-06  0.000000000000000e+00	1.000000000000000e+00	5009	0	406
407	 5.369578534159000e+02 -1.675025658939000e+02  1.469693845670000e+01	 3.049280000000000e-05 -3.277300000000000e-06  0.000000000000000e+00	1.000000000000000e+00	5009	0	407
408	5.779729195118000e+02 5.967895914663001e+02 1.469693845670000e+01	 1.807850000000000e-05 -2.824100000000000e-06  0.000000000000000e+00	1.000000000000000e+00	5009	0	408
409	5.632731669677000e+02 4.980917224115000e+02 1.469693845670000e+01	 4.284190000000000e-05 -3.801200000000000e-06  0.000000000000000e+00	1.000000000000000e+00	5009	0	409
412	 1.662708946145000e+02 -5.265431849462000e+02  9.471360338760000e+01	-5.695000000000000e-07  4.292000000000000e-07  0.000000000000000e+00	1.000000000000000e+00	8168	0	412
413	 2.475334241463000e+02 -3.773115557198000e+02  9.471360338760000e+01	 7.520000000000001e-07 -3.554000000000000e-07  0.000000000000000e+00	1.000000000000000e+00	8168	0	413
414	 3.626478344883000e+02 -4.066152509591000e+02  3.592584956082000e+02	 2.258590000000000e-05 -1.729800000000000e-06  0.000000000000000e+00	1.000000000000000e+00	8168	0	414
415	 3.792089320183000e+02 -1.423647712022000e+02  3.592584956082000e+02	 4.285690000000000e-05 -2.376800000000000e-06  0.000000000000000e+00	1.000000000000000e+00	8168	0	415
416	-8.132625707990000e+01  6.910882722200000e+02  3.592584956082000e+02	0.000000000000000e+00 0.000000000000000e+00 0.000000000000000e+00	1.000000000000000e+00	8168	0	416
418	-1.456810716529000e+02 -4.896179784408000e+02 -4.282434883638000e+02	 1.265000000000000e-07  2.191000000000000e-07 -7.752000000000000e-07	1.000000000000000e+00	8168	0	418
419	-1.740431374480000e+01 -2.674361163137000e+02 -3.314344833203000e+02	 1.907900000000000e-06  3.304600000000000e-06 -8.308000000000001e-06	1.000000000000000e+00	8168	0	419
424	4.527661677912000e+02 6.616864766239000e+02 3.804874067123000e+02	1.524400000000000e-06 5.219000000000000e-07 0.000000000000000e+00	1.000000000000000e+00	8006	0	424
426	-1.697372423289000e+02 -5.015212740758000e+02  5.829785587824000e+02	-6.736500000000001e-06  1.096080000000000e-05  0.000000000000000e+00	1.000000000000000e+00	105	0	426
427	-4.624348357500000e+00 -4.053819785320000e+02  5.829785587824000e+02	-3.659000000000000e-07  6.220000000000000e-07  0.000000000000000e+00	1.000000000000000e+00	105	0	427
428	 6.496753638994001e+02 -4.168479628580000e+01  5.829785587824000e+02	 2.593040000000000e-05 -3.898150000000000e-05  0.000000000000000e+00	1.000000000000000e+00	105	0	428
429	 4.961470065044000e+02 -1.349360413510000e+02  5.829785587824000e+02	 1.162330000000000e-05 -2.161920000000000e-05  0.000000000000000e+00	1.000000000000000e+00	105	0	429
430	-2.389099265401000e+02  5.501215600073000e+02 -4.164132562731000e+02	-6.696000000000000e-07  2.668000000000000e-07  0.000000000000000e+00	1.000000000000000e+00	8168	0	430
431	-3.046522700198000e+02  4.453723470938000e+02 -4.164132562731000e+02	 9.067500000000001e-08 -7.368750000000000e-08  0.000000000000000e+00	5.625000000000000e-01	8168	0	431
432	-2.128463866494000e+02  6.910882722200000e+02 -4.153604910390000e+02	-2.025503133333334e-05  0.000000000000000e+00 -3.955677800000001e-05	6.666666666666668e-03	8168	0	432
433	-4.435556254877000e+02  6.910882722200000e+02  1.182942785330000e+01	4.069000000000000e-07 0.000000000000000e+00 6.983860000000001e-05	1.000000000000000e+00	8168	0	433
434	6.635277391353001e+02 1.104551755087000e+02 9.471360338760000e+01	 2.578400000000000e-06 -2.903700000000000e-06  0.000000000000000e+00	1.000000000000000e+00	8168	0	434
436	 4.902972534038000e+02  4.515504027774000e+02 -6.473951219547000e+02	 1.787000000000000e-07 -3.095000000000000e-07 -1.568600000000000e-06	1.000000000000000e+00	0	0	436
438	5.189017198143000e+02 6.614731822164000e+02 5.132594193653000e+02	 6.252187500000000e-07  1.082910937500000e-06 -7.057040625000000e-06	4.218750000000000e-01	8168	0	438
439	 1.300922881418000e+02 -1.196450790240000e+01 -1.251423157598000e+02	-4.566280000000000e-05 -7.909030000000000e-05  7.639510000000000e-05	1.000000000000000e+00	8168	0	439
440	 1.811599892415000e+02  7.648734502800001e+01 -1.907410167830000e+01	-6.344920000000001e-05 -1.098973000000000e-04  1.225448000000000e-04	1.000000000000000e+00	8168	0	440
441	-1.139638712172000e+02 -4.346821758123000e+02 -4.068498887758000e+02	 4.878000000000000e-07  8.449000000000001e-07 -2.795000000000000e-06	1.000000000000000e+00	8168	0	441
442	-4.981799839410000e+01 -3.235782649870000e+02 -3.594406230081000e+02	 1.342900000000000e-06  2.326000000000000e-06 -6.513200000000001e-06	1.000000000000000e+00	8168	0	442
444	5.700127018922000e+02 7.500000000000000e+02 3.592584956082000e+02	 0.000000000000000e+00 -0.000000000000000e+00  0.000000000000000e+00	1.000000000000000e+00	8168	1	444
445	-2.391621797572000e+02 -6.515320072253000e+02 -4.731407920058000e+02	-1.120000000000000e-08 -1.940000000000000e-08  1.434000000000000e-07	1.000000000000000e+00	8168	0	445
446	-1.773144569336000e+02 -5.444086089623000e+02 -4.468705872408000e+02	 1.110000000000000e-08  1.930000000000000e-08 -7.360000000000000e-08	1.000000000000000e+00	8168	0	446
447	4.655837693036000e+02 5.691237829764000e+02 4.801909363812000e+02	-3.972825000000000e-06 -6.881062500000001e-06 -2.794404375000000e-05	5.625000000000000e-01	8168	0	447
448	4.160819753177000e+02 4.833841607269000e+02 4.274572830168000e+02	-1.368365848159790e-06 -2.370078156280518e-06 -4.822523462562561e-05	7.508468627929688e-02	8168	0	448
449	 7.703142430520001e+01 -1.038686199609000e+02 -2.206967063282000e+02	-1.724450000000000e-05 -2.986830000000000e-05  3.959100000000000e-05	1.000000000000000e+00	8168	0	449
450	 1.503433651770000e+01 -2.112507259302000e+02 -3.002311448258000e+02	 2.467900000000000e-06  4.274400000000000e-06 -9.072500000000000e-06	1.000000000000000e+00	8168	0	450
451	2.256964576537000e+02 1.536267711076000e+02 7.239832461690000e+01	-7.772100000000000e-05 -1.346168000000000e-04  1.546753000000000e-04	1.000000000000000e+00	8168	0	451
452	2.710507677243000e+02 2.321827404922000e+02 1.595571460365000e+02	-5.415980000000000e-05 -9.380750000000000e-05  2.612219000000000e-04	1.000000000000000e+00	8168	0	452
453	 3.301323700097000e+02 -7.022917732298000e+02  3.592584956082000e+02	 1.519900000000000e-06 -2.499000000000000e-07  0.000000000000000e+00	1.000000000000000e+00	8168	0	453
455	-3.747273609591000e+02 -3.684545973412000e+02  6.285494319798000e+02	 3.918300000000000e-06  6.786700000000001e-06 -1.355390000000000e-05	1.000000000000000e+00	491	0	455
459	 3.449803475413000e+02 -5.961534816750000e+02  3.592584956082000e+02	 8.788700000000001e-06 -9.906000000000001e-07  0.000000000000000e+00	1.000000000000000e+00	8168	0	459
460	3.956843403332000e+02 1.487212238995000e+02 3.592584956082000e+02	 6.280110000000000e-05 -2.207800000000000e-06  0.000000000000000e+00	1.000000000000000e+00	8168	0	460
465	 4.242037899380000e+01  6.387933540210000e+02 -1.159425144917000e+02	-4.858000000000000e-06  8.498300000000000e-06  0.000000000000000e+00	1.000000000000000e+00	661	0	465
468	-7.142250186286001e+02  7.198583685280001e+01  6.580962442277000e+02	-2.282500000000000e-05 -7.103100000000001e-06  0.000000000000000e+00	1.000000000000000e+00	1105	0	468
471	 3.570814058654000e+02 -4.741848846649000e+02  3.592584956082000e+02	 1.745520000000000e-05 -1.521300000000000e-06  0.000000000000000e+00	1.000000000000000e+00	8168	0	471
479	7.498684037077001e+02 5.715767664980000e+01 6.580962442277000e+02	 2.170483593750000e-06 -2.651484375000001e-06  0.000000000000000e+00	3.164062500000000e-01	1105	0	479
483	 5.128544010557000e+02 -3.702518491620000e+02  1.469693845670000e+01	 1.439460000000000e-05 -1.954900000000000e-06  0.000000000000000e+00	1.000000000000000e+00	5009	0	483
484	-6.177694828677000e+02  9.378627572020001e+01  6.580962442277000e+02	-7.476490000000000e-05 -4.031000000000000e-06  0.000000000000000e+00	1.000000000000000e+00	1105	0	484
486	-3.782821425689000e+02 -6.321484282946000e+02  5.829785587824000e+02	-1.369790000000000e-05  2.317400000000000e-05  0.000000000000000e+00	1.000000000000000e+00	105	0	486
487	5.275565365529001e+02 6.764637645377001e+02 2.286190426598000e+02	 1.074563085937500e-06  1.861204394531250e-06 -2.354157421875000e-06	2.373046875000000e-01	8168	0	487
488	 4.621648723907000e+02  5.002771160299000e+02 -6.606635753680000e+02	 1.460000000000000e-07 -2.528000000000000e-07 -1.164700000000000e-06	1.000000000000000e+00	0	0	488
490	5.053477823342000e+02 5.343079510346000e+02 3.804874067123000e+02	2.391900000000000e-06 1.543800000000000e-06 0.000000000000000e+00	1.000000000000000e+00	8006	0	490
491	-5.204381467501000e+02 -6.208330815420001e+02  4.247184278753000e+02	-5.962000000000000e-07 -1.032700000000000e-06 -1.039120000000000e-05	1.000000000000000e+00	491	0	491
494	 8.551739937800001e+00 -6.868675198772000e+02  9.471360338760000e+01	 1.199700000000000e-06 -1.262000000000000e-06  0.000000000000000e+00	1.000000000000000e+00	8168	0	494
495	 5.287000412966000e+02 -2.449022193090000e+02  1.469693845670000e+01	 2.409010000000000e-05 -2.750800000000000e-06  0.000000000000000e+00	1.000000000000000e+00	5009	0	495
496	 3.439516079279000e+02 -6.963682421703001e+02  1.654424646040000e+01	1.751130000000000e-05 3.033040000000000e-05 7.460400000000001e-05	1.000000000000000e+00	8168	0	496
497	-4.703765257785000e+02 -5.341238105100000e+02  5.021837131016000e+02	 3.230900000000000e-06  5.596100000000001e-06 -9.134800000000001e-06	1.000000000000000e+00	491	0	497
499	 5.032052135021000e+02 -4.205329060272000e+02 -2.681678105705000e+02	9.670000000000000e-08 1.674000000000000e-07 5.050700000000000e-06	1.000000000000000e+00	8168	0	499
501	-5.088729092961000e+02  1.058689946258000e+02  6.580962442277000e+02	-6.055930000000000e-05  1.364110000000000e-05  0.000000000000000e+00	1.000000000000000e+00	1105	0	501
503	-4.270152579591000e+02  1.093400665512000e+02  6.580962442277000e+02	-1.465450000000000e-05  2.469940000000000e-05  0.000000000000000e+00	1.000000000000000e+00	1105	0	503
505	5.309073007884000e+02 1.200115978589000e+02 2.286190426598000e+02	-3.350000000000000e-07  4.030000000000000e-08  0.000000000000000e+00	1.000000000000000e+00	8168	0	505
507	-5.691752758906000e+02 -7.052482654284000e+02  3.240473302372000e+02	 3.793000000000000e-07  6.569000000000000e-07 -5.513700000000000e-06	1.000000000000000e+00	491	0	507
512	 9.282881081820000e+01  6.671600625540000e+02 -1.159425144917000e+02	-1.569000000000000e-06  2.816000000000000e-06  0.000000000000000e+00	1.000000000000000e+00	661	0	512
519	-3.567591459093000e+02  1.093268174371000e+02  6.580962442277000e+02	-4.324900000000000e-06  3.157130000000000e-05  0.000000000000000e+00	1.000000000000000e+00	1105	0	519
521	-5.941972028347000e+02 -7.485875141988000e+02  2.418033307937000e+02	 1.037258789062500e-07  1.796693115234375e-07 -2.867233886718750e-07	1.779785156250000e-01	491	0	521
523	 5.013428969490000e+01  6.910882722200000e+02 -6.301997878962001e+02	3.020300000000000e-06 0.000000000000000e+00 4.292600000000000e-06	1.000000000000000e+00	8168	0	523
527	5.544378388909000e+02 2.217534508201000e+02 1.469693845670000e+01	 5.540800000000000e-05 -7.524000000000000e-07  0.000000000000000e+00	1.000000000000000e+00	5009	0	527
529	-3.500646510090000e+02 -3.257375306553000e+02  6.553515814536000e+02	 3.260600000000000e-06  5.647500000000001e-06 -1.258680000000000e-05	1.000000000000000e+00	491	0	529
530	-5.398251282435000e+02  6.910882722200000e+02  5.118817642438000e+02	-4.789743750000001e-06  0.000000000000000e+00 -5.360175000000000e-06	5.625000000000000e-01	8168	0	530
531	5.428976787850000e+02 7.030354023299001e+02 5.217419478589001e+02	 3.208359375000000e-07  5.557359375000000e-07 -3.761817187500000e-06	4.218750000000000e-01	8168	0	531
535	 4.337569329102000e+02  5.494811105484000e+02 -6.751265554519000e+02	 5.287500000000000e-08 -9.157500000000001e-08 -1.286625000000000e-06	7.500000000000000e-01	0	0	535
537	-2.897668103034000e+02  1.070251899482000e+02  6.580962442277000e+02	-2.315300000000000e-06  3.865280000000000e-05  0.000000000000000e+00	1.000000000000000e+00	1105	0	537
538	-6.572533182262000e+02  1.521398835761000e+02  1.077775486825000e+02	-2.226540000000000e-05  7.819000000000000e-07  0.000000000000000e+00	1.000000000000000e+00	23	0	538
540	-7.090760845102001e+02 -6.561047299961000e+02 -1.159425144917000e+02	2.014900000000000e-06 3.655400000000000e-06 0.000000000000000e+00	1.000000000000000e+00	661	0	540
545	-2.261593231305000e+02  1.030251377395000e+02  6.580962442277000e+02	-1.635600000000000e-06  4.610940000000000e-05  0.000000000000000e+00	1.000000000000000e+00	1105	0	545
547	-6.687220823590001e+02 -2.268858161667000e+02  1.077775486825000e+02	-6.299110000000000e-05  9.714999999999999e-07  0.000000000000000e+00	1.000000000000000e+00	23	0	547
553	5.536047377643000e+02 8.819352376840000e+01 1.469693845670000e+01	 5.054860000000000e-05 -1.640000000000000e-07  0.000000000000000e+00	1.000000000000000e+00	5009	0	553
560	-7.299806719694001e+02 -6.160996598926000e+02 -1.159425144917000e+02	2.666500000000000e-06 1.009000000000000e-06 0.000000000000000e+00	1.000000000000000e+00	661	0	560
566	-6.657417457749000e+02 -9.515048912910001e+01  1.077775486825000e+02	-4.360960000000000e-05  1.230300000000000e-06  0.000000000000000e+00	1.000000000000000e+00	23	0	566
567	-6.616521764117000e+02  2.826558329560000e+01  1.077775486825000e+02	-2.922380000000000e-05  1.039900000000000e-06  0.000000000000000e+00	1.000000000000000e+00	23	0	567
568	-1.607980629286000e+02  9.759752165680000e+01  6.580962442277000e+02	2.932200000000000e-06 5.412500000000000e-05 0.000000000000000e+00	1.000000000000000e+00	1105	0	568
571	-5.759486751953000e+02  2.475002715525000e+02 -1.159425144917000e+02	-8.454920000000001e-05  1.335460000000000e-04  0.000000000000000e+00	1.000000000000000e+00	661	0	571
572	-3.679188624332000e+02  6.910882722200000e+02  1.518683640526000e+02	 1.087828417968750e-06 -1.363078125000000e-07 -1.203182226562500e-06	2.373046875000000e-01	8168	0	572
582	-4.253604165378000e+02 -6.590261034395000e+02  5.829785587824000e+02	-1.437490000000000e-05  2.591670000000000e-05  0.000000000000000e+00	1.000000000000000e+00	105	0	582
583	-9.651181617440001e+01  9.149813842140000e+01  6.580962442277000e+02	5.956200000000000e-06 6.270200000000000e-05 0.000000000000000e+00	1.000000000000000e+00	1105	0	583
585	 4.040203070360000e+02  6.009864574083000e+02 -6.930333720441000e+02	-2.116600000000000e-06  3.666100000000000e-06 -2.506800000000000e-06	1.000000000000000e+00	0	0	585
589	 1.441651406810000e+02  6.947543299181000e+02 -1.159425144917000e+02	 9.207000000000000e-07 -1.785500000000000e-06  0.000000000000000e+00	1.000000000000000e+00	661	0	589
595	5.337661135016000e+02 4.923396701193000e+02 3.804874067123000e+02	2.876500000000000e-06 2.261900000000000e-06 0.000000000000000e+00	1.000000000000000e+00	8006	0	595
598	 9.623704266610001e+01  6.910882722200000e+02 -6.585207073606000e+02	2.059100000000000e-06 0.000000000000000e+00 3.509100000000000e-06	1.000000000000000e+00	8168	0	598
600	-3.370601333360000e+01  8.504642986190001e+01  6.580962442277000e+02	8.318600000000000e-06 7.177810000000000e-05 0.000000000000000e+00	1.000000000000000e+00	1105	0	600
602	-4.301369861912000e+02  6.910882722200000e+02  6.691364736810000e+01	1.763380000000000e-05 0.000000000000000e+00 5.152550000000000e-05	1.000000000000000e+00	8168	0	602
610	-5.724831482769000e+02  6.910882722200000e+02  5.493715270987000e+02	-3.739275000000000e-06  0.000000000000000e+00 -3.717825000000000e-06	7.500000000000000e-01	8168	0	610
611	-6.702875499070000e+02 -3.602404729592000e+02  1.077775486825000e+02	-8.035940000000001e-05  7.063000000000000e-07  0.000000000000000e+00	1.000000000000000e+00	23	0	611
615	 4.300000000000000e+02 -5.473280551918000e+02 -2.606506917860000e+02	0.000000000000000e+00 0.000000000000000e+00 0.000000000000000e+00	1.000000000000000e+00	8168	0	615
616	-3.243213388956000e+02 -2.811488061198000e+02  6.798007935750001e+02	 2.480900000000000e-06  4.297000000000001e-06 -1.108470000000000e-05	1.000000000000000e+00	491	0	616
618	2.753755916730000e+01 7.820725854300001e+01 6.580962442277000e+02	1.091940000000000e-05 8.127310000000000e-05 0.000000000000000e+00	1.000000000000000e+00	1105	0	618
620	 3.738028867438000e+02  6.533245646281000e+02 -7.078310606979001e+02	-4.501837518310547e-06  7.797417026138306e-06 -3.536331045913696e-06	7.508468627929688e-02	0	0	620
625	-6.829166227281000e+02  1.853714311626000e+02 -1.159425144917000e+02	-9.176840000000001e-05  1.892620000000000e-04  0.000000000000000e+00	1.000000000000000e+00	661	0	625
627	 5.179894073597001e+02 -6.793278538613000e+02  2.286190426598000e+02	-5.704220000000000e-05  1.158458000000000e-04  0.000000000000000e+00	1.000000000000000e+00	8168	0	627
630	-3.353656680230000e+02  6.910882722200000e+02  1.798766099865000e+02	-3.736631250000000e-06  0.000000000000000e+00 -1.458949218750000e-06	3.164062500000000e-01	8168	0	630
631	8.752605642740001e+01 7.074660821700000e+01 6.580962442277000e+02	1.428110000000000e-05 9.113120000000001e-05 0.000000000000000e+00	1.000000000000000e+00	1105	0	631
639	 1.464171841911000e+02  6.910882722200000e+02 -6.849631168977000e+02	5.925000000000000e-07 0.000000000000000e+00 1.151700000000000e-06	1.000000000000000e+00	8168	0	639
646	 3.672758363960000e+02 -3.420434411171000e+02  3.592584956082000e+02	 2.749190000000000e-05 -1.847400000000000e-06  0.000000000000000e+00	1.000000000000000e+00	8168	0	646
647	 3.751229128660000e+02 -2.128068332197000e+02  3.592584956082000e+02	 3.760780000000000e-05 -2.182900000000000e-06  0.000000000000000e+00	1.000000000000000e+00	8168	0	647
655	 1.970733777062000e+02  7.211879478848000e+02 -1.159425144917000e+02	 2.223000000000000e-06 -4.705800000000000e-06  0.000000000000000e+00	1.000000000000000e+00	661	0	655
660	-4.732748869988000e+02 -6.847909817559000e+02  5.829785587824000e+02	-1.516510000000000e-05  2.901350000000000e-05  0.000000000000000e+00	1.000000000000000e+00	105	0	660
664	1.471882341825000e+02 6.229390699210001e+01 6.580962442277000e+02	1.753220000000000e-05 1.015107000000000e-04 0.000000000000000e+00	1.000000000000000e+00	1105	0	664
681	 3.354807167090000e+02  7.197005101846000e+02 -7.318047825762001e+02	-8.726736433982850e-07  1.511511048316956e-06 -1.387728311634064e-06	5.631351470947266e-02	0	0	681
688	-6.071948278822000e+02  6.910882722200000e+02  5.882652419705000e+02	-1.791200000000000e-06  0.000000000000000e+00 -2.558100000000000e-06	1.000000000000000e+00	8168	0	688
689	2.069626952043000e+02 5.253943728320000e+01 6.580962442277000e+02	1.986150000000000e-05 1.125007000000000e-04 0.000000000000000e+00	1.000000000000000e+00	1105	0	689
696	 4.690911287039000e+02 -4.796202341514000e+02 -2.652188484278000e+02	7.495664062500001e-08 1.297898437500000e-07 3.028071093750000e-06	3.164062500000000e-01	8168	0	696
703	2.674127347189000e+02 4.126558926060000e+01 6.580962442277000e+02	2.182030000000000e-05 1.239965000000000e-04 0.000000000000000e+00	1.000000000000000e+00	1105	0	703
707	 3.825738635199000e+02 -7.893660276880000e+01  3.592584956082000e+02	 4.713660000000000e-05 -2.711000000000000e-06  0.000000000000000e+00	1.000000000000000e+00	8168	0	707
708	 4.240521260549000e+02 -5.473280551918000e+02 -2.583293969766000e+02	3.352681411743164e-07 0.000000000000000e+00 2.191371597290039e-07	1.001129150390625e-01	8168	0	708
710	3.336148377490000e+02 2.759505326700000e+01 6.580962442277000e+02	2.597850000000000e-05 1.363381000000000e-04 0.000000000000000e+00	1.000000000000000e+00	1105	0	710
712	-3.379318505484000e+02  6.910882722200000e+02  2.108637747034000e+02	-6.105656250000000e-06  0.000000000000000e+00 -3.890306250000000e-06	5.625000000000000e-01	8168	0	712
714	 4.917477835781000e+02 -4.270983727300000e+00  6.580962442277000e+02	8.746760000000001e-05 1.580315000000000e-04 0.000000000000000e+00	1.000000000000000e+00	1105	0	714
715	 5.619668601362000e+02 -1.339573567030000e+01  6.580962442277000e+02	9.513650000000000e-05 1.687330000000000e-04 0.000000000000000e+00	1.000000000000000e+00	1105	0	715
717	 6.122384898835001e+02 -1.351871100300000e+01  6.580962442277000e+02	9.629900000000001e-05 1.627019000000000e-04 0.000000000000000e+00	1.000000000000000e+00	1105	0	717
718	-5.319259920432000e+02  7.002928587804000e+02 -6.793251553319001e+02	2.819860000000000e-05 3.644700000000000e-05 0.000000000000000e+00	1.000000000000000e+00	8168	0	718
720	 6.565704017875000e+02 -4.654397574200000e+00  6.580962442277000e+02	7.490210000000000e-05 1.360625000000000e-04 0.000000000000000e+00	1.000000000000000e+00	1105	0	720
722	 1.997520690756000e+02  6.910882722200000e+02 -7.088924688373000e+02	-4.160000000000000e-08  0.000000000000000e+00 -1.165000000000000e-07	1.000000000000000e+00	8168	0	722
728	 4.758999308535000e+02 -6.268290674939000e+02 -3.720831150999000e+02	-5.119810000000000e-05  8.867770000000000e-05 -2.728200000000000e-06	1.000000000000000e+00	8168	0	728
729	6.989275495905000e+02 1.545776206990000e+01 6.580962442277000e+02	3.612840000000000e-05 8.326780000000000e-05 0.000000000000000e+00	1.000000000000000e+00	1105	0	729
733	5.863298016712000e+02 4.345808200605000e+02 3.804874067123000e+02	1.636500000000000e-06 1.780400000000000e-06 0.000000000000000e+00	1.000000000000000e+00	8006	0	733
737	-6.466236717868001e+02  6.910882722200000e+02  6.316461215745001e+02	-1.357500000000000e-06  0.000000000000000e+00  3.963000000000000e-07	1.000000000000000e+00	8168	0	737
740	-2.975235169023000e+02 -2.347336168951000e+02  7.016840637477001e+02	 1.752100000000000e-06  3.034700000000000e-06 -9.152800000000000e-06	1.000000000000000e+00	491	0	740
745	-5.874063615216000e+02  7.500000000000000e+02 -6.793251553319001e+02	2.867830000000000e-05 3.200920000000000e-05 0.000000000000000e+00	1.000000000000000e+00	8168	1	745
746	-8.406669038250000e+01  6.910882722200000e+02 -5.195384662281000e+02	-8.598020000000000e-05  0.000000000000000e+00 -1.094666000000000e-04	1.000000000000000e+00	8168	0	746
747	6.164680636656000e+02 4.089813673978000e+02 3.804874067123000e+02	4.275000000000000e-07 4.888000000000000e-07 0.000000000000000e+00	1.000000000000000e+00	8006	0	747
755	-2.708146078354000e+02  5.492426990386000e+02 -6.793251553319001e+02	1.649362500000000e-05 1.674637031250000e-05 0.000000000000000e+00	4.218750000000000e-01	8168	0	755
771	6.560036192966000e+02 3.775369450079000e+02 3.804874067123000e+02	-2.650600000000000e-06 -3.305500000000000e-06  0.000000000000000e+00	1.000000000000000e+00	8006	0	771
776	 2.558989746717000e+02  6.910882722200000e+02 -7.301951861959001e+02	-2.743000000000000e-07  0.000000000000000e+00 -7.430000000000000e-07	1.000000000000000e+00	8168	0	776
805	-1.030693067666000e+02  3.759750680836000e+02 -7.366306011818000e+02	 2.103671870298386e-05 -3.643666294355393e-05 -2.144820718631744e-05	5.631351470947266e-02	8168	0	805
828	-1.384075570218000e+02  3.403479836873000e+02 -7.451766908812000e+02	 2.147465039062500e-06  0.000000000000000e+00 -1.606410351562500e-06	2.373046875000000e-01	8168	0	828
864	-2.696498125058000e+02 -1.864549446853000e+02  7.207690423969000e+02	 1.080000000000000e-06  1.870700000000000e-06 -6.732900000000000e-06	1.000000000000000e+00	491	0	864
865	 3.992606430755000e+02 -5.473280551918000e+02 -2.184755683335000e+02	 6.549806250000001e-06  0.000000000000000e+00 -1.292940000000000e-05	5.625000000000000e-01	8168	0	865
909	-1.272672889664000e+02  6.910882722200000e+02  3.592584956082000e+02	0.000000000000000e+00 0.000000000000000e+00 0.000000000000000e+00	4.218750000000000e-01	8168	0	909
1000	-3.600408507080000e+02  6.910882722200000e+02  2.643283107904000e+02	-7.722100000000000e-06  0.000000000000000e+00 -6.826000000000000e-06	1.000000000000000e+00	8168	0	1000
1002	7.018492403660000e+02 3.406481319800000e+02 3.804874067123000e+02	-6.147200000000000e-06 -6.840700000000000e-06  0.000000000000000e+00	1.000000000000000e+00	8006	0	1002
1003	-4.468896398445000e+02  6.910882722200000e+02  3.969516957047000e+02	-1.158435000000000e-05  0.000000000000000e+00 -2.900432812500000e-06	4.218750000000000e-01	8168	0	1003
1011	6.941541814844001e+02 2.751290282389000e+02 1.612291089932000e+02	-1.493785546875000e-06  2.587285546875000e-06  9.958728515625000e-06	3.164062500000000e-01	8168	0	1011
1012	 3.847457637641000e+02 -5.473280551918000e+02 -1.609576110966000e+02	 3.042600000000000e-06  0.000000000000000e+00 -6.795760000000000e-05	1.000000000000000e+00	8168	0	1012
1014	-3.327912744191000e+02  6.206441351995001e+02  1.518683640526000e+02	-1.121400000000000e-06 -4.212000000000000e-07  0.000000000000000e+00	1.000000000000000e+00	8168	0	1014
1015	-3.580197629987000e+02  6.863288714328000e+02  1.518683640526000e+02	-7.724000000000000e-07  1.822000000000000e-07  0.000000000000000e+00	1.000000000000000e+00	8168	0	1015
1020	-3.627090564861000e+02  6.863575497094000e+02  1.518683640526000e+02	-5.741349609375000e-07  1.682727539062500e-07  0.000000000000000e+00	2.373046875000000e-01	8168	0	1020
1081	-5.232941106736000e+02 -7.101680900510000e+02  5.829785587824000e+02	-1.203720000000000e-05  2.478990000000000e-05  0.000000000000000e+00	1.000000000000000e+00	105	0	1081
1396	-4.400534614343000e+02  6.910882722200000e+02 -4.410211661160000e+01	-2.707200000000000e-05  0.000000000000000e+00  8.380770000000000e-05	1.000000000000000e+00	8168	0	1396
1705	 3.890321804534000e+02 -5.473280551918000e+02 -1.017794663618000e+02	-3.502710000000000e-05  0.000000000000000e+00 -8.170490000000000e-05	1.000000000000000e+00	8168	0	1705
1759	5.477334713169000e+02 7.114112406900000e+02 2.654585467986000e+02	7.055448046875001e-06 1.222043203125000e-05 1.505286914062500e-05	3.164062500000000e-01	8168	0	1759
1801	-2.408344914575000e+02 -1.365453445932000e+02  7.365651342563000e+02	 4.004000000000000e-07  6.934000000000000e-07 -3.663600000000000e-06	1.000000000000000e+00	491	0	1801
3478	3.037320006151000e+02 2.887882963129000e+02 2.286190426598000e+02	-2.145549000000000e-04 -3.716200000000000e-04  0.000000000000000e+00	1.000000000000000e+00	8168	0	3478
4128	-6.639909291634000e+02 -7.117590065798000e+02 -1.159425144917000e+02	-5.088000000000000e-07  4.105200000000000e-06  0.000000000000000e+00	1.000000000000000e+00	661	0	4128
4213	-3.251362433129000e+02  6.910882722200000e+02 -2.730649631096000e+02	-9.241300000000001e-06  0.000000000000000e+00 -6.505060000000000e-05	1.000000000000000e+00	8168	0	4213
4214	4.324224850866000e+02 7.353929938353000e+02 2.286190426598000e+02	-1.863900000000000e-06  2.055000000000000e-06  0.000000000000000e+00	7.500000000000000e-01	8168	0	4214
4220	 4.300000000000000e+02 -5.473280551918000e+02  8.956488194300000e+00	0.000000000000000e+00 0.000000000000000e+00 0.000000000000000e+00	5.625000000000000e-01	8168	0	4220
4225	-2.345141330289000e+02  6.910882722200000e+02 -3.992903623488000e+02	-2.418916051912308e-05  0.000000000000000e+00 -1.079093027792931e-04	5.631351470947266e-02	8168	0	4225
4234	5.655827463373000e+02 7.423270919036000e+02 3.229863818237000e+02	2.199750000000000e-06 3.810075000000000e-06 9.574650000000000e-06	7.500000000000000e-01	8168	0	4234
4235	5.240321544275000e+02 6.732300298969001e+02 2.286190426598000e+02	-2.517011718750000e-07  4.734703125000000e-07  0.000000000000000e+00	3.164062500000000e-01	8168	0	4235
4236	5.379074516108000e+02 3.926661557928000e+02 2.286190426598000e+02	 9.160370000000001e-05 -9.609600000000001e-05  0.000000000000000e+00	1.000000000000000e+00	8168	0	4236
4240	5.277832427395000e+02 5.399940934740000e+02 2.286190426598000e+02	-3.151100000000000e-06 -2.625000000000000e-07  0.000000000000000e+00	1.000000000000000e+00	8168	0	4240
4244	4.852205692594000e+02 3.598798471667000e+02 2.286190426598000e+02	 8.167120000000000e-05 -1.587315000000000e-04  0.000000000000000e+00	1.000000000000000e+00	8168	0	4244
4245	3.652962625633000e+02 3.015611613476000e+02 2.286190426598000e+02	 4.968200000000000e-05 -3.253487000000000e-04  0.000000000000000e+00	1.000000000000000e+00	8168	0	4245
4250	3.973379567529000e+02 1.394588088550000e+01 6.580962442277000e+02	4.998630000000000e-05 1.441157000000000e-04 0.000000000000000e+00	1.000000000000000e+00	1105	0	4250
4258	-2.649973202162000e+02  6.910882722200000e+02 -3.633547378451000e+02	-2.356390000000000e-05  0.000000000000000e+00 -8.412360000000001e-05	1.000000000000000e+00	8168	0	4258
4264	3.969412297601000e+02 3.073932389833000e+02 3.592584956082000e+02	4.282871835937500e-05 1.130905546875000e-05 0.000000000000000e+00	3.164062500000000e-01	8168	0	4264
4270	 4.279767793061000e+02 -5.438237341550000e+02  1.504528443850000e+01	 7.145872998046875e-06 -1.237703532714844e-05 -2.852200041503907e-05	1.779785156250000e-01	8168	0	4270
4273	-3.719801776825000e+02  6.910882722200000e+02 -1.968072521232000e+02	-1.058854000000000e-04  0.000000000000000e+00  1.269704000000000e-04	1.000000000000000e+00	8168	0	4273
4275	4.298449204538000e+02 3.332543331303000e+02 2.286190426598000e+02	 1.370808000000000e-04 -2.827558000000000e-04  0.000000000000000e+00	1.000000000000000e+00	8168	0	4275
4276	 3.764256469415000e+02 -6.401215566718000e+02  1.602996374020000e+01	2.726034631347656e-05 4.721631196289062e-05 4.544506977539063e-05	1.779785156250000e-01	8168	0	4276
4285	 4.306936489776000e+02 -5.485294904637000e+02  5.672287276400000e+01	-3.181190000000000e-05  5.509990000000000e-05 -2.427831000000000e-04	1.000000000000000e+00	8168	0	4285
4287	-5.789681581876000e+02 -7.313453564241000e+02  5.829785587824000e+02	-1.881100000000000e-06  5.220200000000000e-06  0.000000000000000e+00	1.000000000000000e+00	105	0	4287
4288	3.725743085919000e+02 4.080266714391000e+02 3.592584956082000e+02	3.077759122085049e-07 5.330811961591222e-07 0.000000000000000e+00	2.809327846364884e-02	8168	0	4288
4292	5.242878707123000e+02 5.999370634058000e+02 2.286190426598000e+02	-7.267400000000000e-06  9.700000000000001e-09  0.000000000000000e+00	1.000000000000000e+00	8168	0	4292
4296	5.839561521771000e+02 3.707414800129000e+02 2.286190426598000e+02	3.339773437500000e-06 7.077121875000001e-06 0.000000000000000e+00	4.218750000000000e-01	8168	0	4296
4297	5.282147857131000e+02 4.795637476250000e+02 2.286190426598000e+02	3.492030000000000e-05 9.438000000000001e-07 0.000000000000000e+00	1.000000000000000e+00	8168	0	4297
4302	-7.108288739717000e+02  6.910882722200000e+02  7.011274861636000e+02	-3.152350000000000e-04  0.000000000000000e+00  3.551602000000000e-04	1.000000000000000e+00	8168	0	4302
4303	3.728272657610000e+02 4.084648061080000e+02 3.631786912063000e+02	 6.608546367187500e-05  1.144633939453125e-04 -3.269204296875000e-05	2.373046875000000e-01	8168	0	4303
4305	-2.130280597220000e+02  5.045744808229000e+02 -6.793251553319001e+02	-7.834061000000000e-06 -1.969731050000000e-05  0.000000000000000e+00	5.000000000000000e-03	8168	0	4305
4307	-1.366306845482000e+02  4.341050795733000e+02 -7.079653860679000e+02	-2.569851475982666e-05  4.451114058494568e-05  2.953981727600098e-05	7.508468627929688e-02	8168	0	4307
4308	-1.584928499254000e+02  6.910882722200000e+02 -4.465044781558000e+02	7.968223125000000e-05 0.000000000000000e+00 8.892286875000000e-04	5.625000000000000e-01	8168	0	4308
4309	 4.464861584493000e+02 -5.300379671307001e+02  2.286190426598000e+02	-3.109110000000000e-05 -2.527200000000000e-06  0.000000000000000e+00	1.000000000000000e+00	8168	0	4309
4310	7.241711695255000e+02 2.231380798614000e+02 1.220513708274000e+02	 3.477545242767334e-05 -6.023284523162842e-05 -3.528855113983155e-05	1.001129150390625e-01	8168	0	4310
4311	 5.401462415693001e+02 -7.381069418526000e+02 -6.301240632822000e+02	 6.860350000000000e-05 -1.188247000000000e-04 -5.107452000000000e-04	1.000000000000000e+00	8168	0	4311
4312	6.481863925553000e+02 3.547475741756000e+02 2.286190426598000e+02	 4.512585937500000e-07 -7.816104492187500e-07  1.231279101562500e-06	2.373046875000000e-01	8168	0	4312
4315	6.387441299235001e+02 3.527569681094000e+02 2.286190426598000e+02	-8.695700000000000e-06  3.028000000000000e-06  0.000000000000000e+00	1.000000000000000e+00	8168	0	4315
4317	6.044460645578000e+02 6.927410911239000e+02 1.469693845670000e+01	 1.616800000000000e-06 -5.064000000000000e-07  0.000000000000000e+00	1.000000000000000e+00	5009	0	4317
0	 5.000000000000000e-01 -8.660254037844386e-01  0.000000000000000e+00	8.660254037844385e-01 5.000000000000000e-01 0.000000000000000e+00	5.632499999999998e+02 3.251925391210567e+02 0.000000000000000e+00	1	0	0.000000000000000e+00	0.000000000000000e+00	0.000000000000000e+00	9.306530095908386e+04
1	5.000000000000000e-01 8.660254037844386e-01 0.000000000000000e+00	0.000000000000000e+00 0.000000000000000e+00 1.000000000000000e+00	0.000000000000000e+00 0.000000000000000e+00 2.286190426597633e+02	1	0	0.000000000000000e+00	0.000000000000000e+00	0.000000000000000e+00	3.540441925510589e+05
3	-5.000000000000000e-01 -8.660254037844386e-01  0.000000000000000e+00	0.000000000000000e+00 0.000000000000000e+00 1.000000000000000e+00	0.000000000000000e+00 0.000000000000000e+00 6.580962442277471e+02	1	0	0.000000000000000e+00	0.000000000000000e+00	0.000000000000000e+00	1.210736514974700e+06
4	-1.000000000000000e+00  0.000000000000000e+00  0.000000000000000e+00	0.000000000000000e+00 0.000000000000000e+00 1.000000000000000e+00	-0.000000000000000e+00 -0.000000000000000e+00 -1.159425144917371e+02	1	0	0.000000000000000e+00	0.000000000000000e+00	0.000000000000000e+00	1.943425945186936e+06
7	-5.000000000000000e-01 -8.660254037844386e-01  0.000000000000000e+00	0.000000000000000e+00 0.000000000000000e+00 1.000000000000000e+00	-0.000000000000000e+00 -0.000000000000000e+00 -1.894272067752324e+02	1	0	0.000000000000000e+00	0.000000000000000e+00	0.000000000000000e+00	1.360951099724206e+06
9	-5.000000000000000e-01 -8.660254037844386e-01  0.000000000000000e+00	 8.660254037844385e-01 -5.000000000000000e-01  0.000000000000000e+00	-1.215000000000000e+02  7.014805770653952e+01 -0.000000000000000e+00	1	0	0.000000000000000e+00	0.000000000000000e+00	0.000000000000000e+00	2.457547457273468e+06
10	-5.000000000000000e-01  8.660254037844386e-01  0.000000000000000e+00	8.660254037844385e-01 5.000000000000000e-01 0.000000000000000e+00	-1.409999999999999e+02 -8.140638795573722e+01 -0.000000000000000e+00	1	0	0.000000000000000e+00	0.000000000000000e+00	0.000000000000000e+00	2.350421831847255e+03
12	1.000000000000000e+00 0.000000000000000e+00 0.000000000000000e+00	 0.000000000000000e+00 -1.000000000000000e+00  0.000000000000000e+00	0.000000000000000e+00 2.381569860407206e+02 0.000000000000000e+00	1	0	0.000000000000000e+00	0.000000000000000e+00	0.000000000000000e+00	2.250000000000000e+06
13	 5.000000000000000e-01 -8.660254037844386e-01  0.000000000000000e+00	0.000000000000000e+00 0.000000000000000e+00 1.000000000000000e+00	0.000000000000000e+00 0.000000000000000e+00 1.518683640525570e+02	1	0	0.000000000000000e+00	0.000000000000000e+00	0.000000000000000e+00	1.230763879226177e+06
15	5.000000000000000e-01 8.660254037844386e-01 0.000000000000000e+00	 8.660254037844385e-01 -5.000000000000000e-01  0.000000000000000e+00	 5.594999999999998e+02 -3.230274756115955e+02  0.000000000000000e+00	1	0	0.000000000000000e+00	0.000000000000000e+00	0.000000000000000e+00	4.849610964036651e+05
18	-5.000000000000000e-01 -8.660254037844386e-01  0.000000000000000e+00	0.000000000000000e+00 0.000000000000000e+00 1.000000000000000e+00	0.000000000000000e+00 0.000000000000000e+00 1.469693845669907e+01	1	0	0.000000000000000e+00	0.000000000000000e+00	0.000000000000000e+00	3.187734111548379e+05
21	-5.000000000000000e-01 -8.660254037844386e-01  0.000000000000000e+00	0.000000000000000e+00 0.000000000000000e+00 1.000000000000000e+00	0.000000000000000e+00 0.000000000000000e+00 3.592584956081994e+02	1	0	0.000000000000000e+00	0.000000000000000e+00	0.000000000000000e+00	1.353232782214895e+03
22	-5.000000000000000e-01 -8.660254037844386e-01  0.000000000000000e+00	 8.660254037844385e-01 -5.000000000000000e-01  0.000000000000000e+00	 1.027500000000000e+02 -5.932274015923404e+01  0.000000000000000e+00	1	0	0.000000000000000e+00	0.000000000000000e+00	0.000000000000000e+00	1.178092359860202e+06
24	5.000000000000000e-01 8.660254037844386e-01 0.000000000000000e+00	 8.660254037844385e-01 -5.000000000000000e-01  0.000000000000000e+00	 7.694999999999998e+02 -4.442710321414170e+02  0.000000000000000e+00	1	0	0.000000000000000e+00	0.000000000000000e+00	0.000000000000000e+00	2.358766457087665e+05
25	-5.000000000000000e-01  8.660254037844386e-01  0.000000000000000e+00	8.660254037844385e-01 5.000000000000000e-01 0.000000000000000e+00	-8.017499999999998e+02 -4.628905783227824e+02 -0.000000000000000e+00	1	0	0.000000000000000e+00	0.000000000000000e+00	0.000000000000000e+00	1.974568915210525e+05
26	1.000000000000000e+00 0.000000000000000e+00 0.000000000000000e+00	0.000000000000000e+00 0.000000000000000e+00 1.000000000000000e+00	0.000000000000000e+00 0.000000000000000e+00 5.829785587823964e+02	1	0	0.000000000000000e+00	0.000000000000000e+00	0.000000000000000e+00	5.178269341221140e+05
27	 5.000000000000000e-01 -8.660254037844386e-01  0.000000000000000e+00	0.000000000000000e+00 0.000000000000000e+00 1.000000000000000e+00	0.000000000000000e+00 0.000000000000000e+00 6.580962442277471e+02	1	0	0.000000000000000e+00	0.000000000000000e+00	0.000000000000000e+00	8.183612742882839e+03
28	1.000000000000000e+00 0.000000000000000e+00 0.000000000000000e+00	0.000000000000000e+00 0.000000000000000e+00 1.000000000000000e+00	0.000000000000000e+00 0.000000000000000e+00 2.286190426597633e+02	1	0	0.000000000000000e+00	0.000000000000000e+00	0.000000000000000e+00	3.741236550534485e+04
29	1.000000000000000e+00 0.000000000000000e+00 0.000000000000000e+00	 0.000000000000000e+00 -1.000000000000000e+00  0.000000000000000e+00	0.000000000000000e+00 5.715767664977295e+01 0.000000000000000e+00	1	0	0.000000000000000e+00	0.000000000000000e+00	0.000000000000000e+00	2.112144366341550e+06
43	5.000000000000000e-01 8.660254037844386e-01 0.000000000000000e+00	 0.000000000000000e+00  0.000000000000000e+00 -1.000000000000000e+00	-0.000000000000000e+00 -0.000000000000000e+00 -1.159425144917371e+02	1	0	0.000000000000000e+00	0.000000000000000e+00	0.000000000000000e+00	2.045288630766715e+03
55	-1.000000000000000e+00  0.000000000000000e+00  0.000000000000000e+00	0.000000000000000e+00 0.000000000000000e+00 1.000000000000000e+00	-0.000000000000000e+00 -0.000000000000000e+00 -4.262112152442729e+02	1	0	0.000000000000000e+00	0.000000000000000e+00	0.000000000000000e+00	5.555767788310968e+04
66	-5.000000000000000e-01 -8.660254037844386e-01  0.000000000000000e+00	0.000000000000000e+00 0.000000000000000e+00 1.000000000000000e+00	0.000000000000000e+00 0.000000000000000e+00 1.077775486824598e+02	1	0	0.000000000000000e+00	0.000000000000000e+00	0.000000000000000e+00	2.112059998360548e+06
76	-1.000000000000000e+00  0.000000000000000e+00  0.000000000000000e+00	0.000000000000000e+00 0.000000000000000e+00 1.000000000000000e+00	0.000000000000000e+00 0.000000000000000e+00 2.286190426597633e+02	1	0	0.000000000000000e+00	0.000000000000000e+00	0.000000000000000e+00	9.719603755529010e+02
106	-1.000000000000000e+00  0.000000000000000e+00  0.000000000000000e+00	 0.000000000000000e+00 -1.000000000000000e+00  0.000000000000000e+00	-0.000000000000000e+00 -5.473280551917652e+02 -0.000000000000000e+00	1	0	0.000000000000000e+00	0.000000000000000e+00	0.000000000000000e+00	7.743000761532228e+03
107	 5.000000000000000e-01 -8.660254037844386e-01  0.000000000000000e+00	0.000000000000000e+00 0.000000000000000e+00 1.000000000000000e+00	0.000000000000000e+00 0.000000000000000e+00 3.804874067123203e+02	1	0	0.000000000000000e+00	0.000000000000000e+00	0.000000000000000e+00	2.156007037506827e+06
108	5.000000000000000e-01 8.660254037844386e-01 0.000000000000000e+00	0.000000000000000e+00 0.000000000000000e+00 1.000000000000000e+00	-0.000000000000000e+00 -0.000000000000000e+00 -4.164132562731402e+02	1	0	0.000000000000000e+00	0.000000000000000e+00	0.000000000000000e+00	1.972137190116051e+06
113	 5.000000000000000e-01 -8.660254037844386e-01  0.000000000000000e+00	0.000000000000000e+00 0.000000000000000e+00 1.000000000000000e+00	-0.000000000000000e+00 -0.000000000000000e+00 -6.793251553318680e+02	1	0	0.000000000000000e+00	0.000000000000000e+00	0.000000000000000e+00	1.256676886257927e+06
208	1.000000000000000e+00 0.000000000000000e+00 0.000000000000000e+00	 0.000000000000000e+00 -1.000000000000000e+00  0.000000000000000e+00	0.000000000000000e+00 3.403479836872843e+02 0.000000000000000e+00	1	0	0.000000000000000e+00	0.000000000000000e+00	0.000000000000000e+00	2.504661873714271e+04
243	 5.000000000000000e-01 -8.660254037844386e-01  0.000000000000000e+00	0.000000000000000e+00 0.000000000000000e+00 1.000000000000000e+00	0.000000000000000e+00 0.000000000000000e+00 3.592584956081994e+02	1	0	0.000000000000000e+00	0.000000000000000e+00	0.000000000000000e+00	0.000000000000000e+00
246	1.000000000000000e+00 0.000000000000000e+00 0.000000000000000e+00	0.000000000000000e+00 0.000000000000000e+00 1.000000000000000e+00	0.000000000000000e+00 0.000000000000000e+00 3.592584956081994e+02	1	0	0.000000000000000e+00	0.000000000000000e+00	0.000000000000000e+00	0.000000000000000e+00
248	1.000000000000000e+00 0.000000000000000e+00 0.000000000000000e+00	0.000000000000000e+00 0.000000000000000e+00 1.000000000000000e+00	0.000000000000000e+00 0.000000000000000e+00 3.592584956081994e+02	1	0	0.000000000000000e+00	0.000000000000000e+00	0.000000000000000e+00	0.000000000000000e+00
297	-1.000000000000000e+00  0.000000000000000e+00  0.000000000000000e+00	0.000000000000000e+00 1.000000000000000e+00 0.000000000000000e+00	0.000000000000000e+00 6.910882722199819e+02 0.000000000000000e+00	1	0	0.000000000000000e+00	0.000000000000000e+00	0.000000000000000e+00	0.000000000000000e+00
319	5.000000000000000e-01 8.660254037844386e-01 0.000000000000000e+00	0.000000000000000e+00 0.000000000000000e+00 1.000000000000000e+00	0.000000000000000e+00 0.000000000000000e+00 3.592584956081994e+02	1	0	0.000000000000000e+00	0.000000000000000e+00	0.000000000000000e+00	1.353232782214895e+03
320	-1.000000000000000e+00  0.000000000000000e+00  0.000000000000000e+00	 0.000000000000000e+00 -1.000000000000000e+00  0.000000000000000e+00	0.000000000000000e+00 6.910882722199819e+02 0.000000000000000e+00	1	0	0.000000000000000e+00	0.000000000000000e+00	0.000000000000000e+00	1.635739959350639e+06
321	-5.000000000000000e-01 -8.660254037844386e-01  0.000000000000000e+00	0.000000000000000e+00 0.000000000000000e+00 1.000000000000000e+00	0.000000000000000e+00 0.000000000000000e+00 3.592584956081994e+02	1	0	0.000000000000000e+00	0.000000000000000e+00	0.000000000000000e+00	5.326771724589765e+05
323	-5.000000000000000e-01 -8.660254037844386e-01  0.000000000000000e+00	 0.000000000000000e+00  0.000000000000000e+00 -1.000000000000000e+00	0.000000000000000e+00 0.000000000000000e+00 1.518683640525570e+02	1	0	0.000000000000000e+00	0.000000000000000e+00	0.000000000000000e+00	3.861810814578332e+01
324	1.000000000000000e+00 0.000000000000000e+00 0.000000000000000e+00	 0.000000000000000e+00  0.000000000000000e+00 -1.000000000000000e+00	0.000000000000000e+00 0.000000000000000e+00 1.518683640525570e+02	1	0	0.000000000000000e+00	0.000000000000000e+00	0.000000000000000e+00	3.861810814578332e+01
325	-1.000000000000000e+00  0.000000000000000e+00  0.000000000000000e+00	 0.000000000000000e+00  0.000000000000000e+00 -1.000000000000000e+00	0.000000000000000e+00 0.000000000000000e+00 1.518683640525570e+02	1	0	0.000000000000000e+00	0.000000000000000e+00	0.000000000000000e+00	3.861810814578332e+01
327	1.000000000000000e+00 0.000000000000000e+00 0.000000000000000e+00	0.000000000000000e+00 0.000000000000000e+00 1.000000000000000e+00	0.000000000000000e+00 0.000000000000000e+00 1.518683640525570e+02	1	0	0.000000000000000e+00	0.000000000000000e+00	0.000000000000000e+00	1.101716900183501e+01
337	 5.000000000000000e-01 -8.660254037844386e-01  0.000000000000000e+00	8.660254037844385e-01 5.000000000000000e-01 0.000000000000000e+00	8.549999999999997e+01 4.936344801571300e+01 0.000000000000000e+00	1	0	0.000000000000000e+00	0.000000000000000e+00	0.000000000000000e+00	2.457373071501404e+05
340	-5.000000000000000e-01 -8.660254037844386e-01  0.000000000000000e+00	0.000000000000000e+00 0.000000000000000e+00 1.000000000000000e+00	0.000000000000000e+00 0.000000000000000e+00 9.471360338761622e+01	1	0	0.000000000000000e+00	0.000000000000000e+00	0.000000000000000e+00	3.984190302567779e+05
2428	-5.000000000000000e-01  8.660254037844386e-01  0.000000000000000e+00	8.660254037844385e-01 5.000000000000000e-01 0.000000000000000e+00	6.397499999999998e+02 3.693598347140630e+02 0.000000000000000e+00	1	0	0.000000000000000e+00	0.000000000000000e+00	0.000000000000000e+00	3.586552657250200e+05
2429	 5.000000000000000e-01 -8.660254037844386e-01  0.000000000000000e+00	 0.000000000000000e+00  0.000000000000000e+00 -1.000000000000000e+00	0.000000000000000e+00 0.000000000000000e+00 2.286190426597633e+02	1	0	0.000000000000000e+00	0.000000000000000e+00	0.000000000000000e+00	3.245731167208968e+04
2432	5.000000000000000e-01 8.660254037844386e-01 0.000000000000000e+00	0.000000000000000e+00 0.000000000000000e+00 1.000000000000000e+00	0.000000000000000e+00 0.000000000000000e+00 2.286190426597633e+02	1	0	0.000000000000000e+00	0.000000000000000e+00	0.000000000000000e+00	2.113464580310476e+03
0	0	1	1
0	246	0	0
0	1	2	1
0	2	681	0
0	112	246	0
0	247	112	0
0	201	143	0
0	143	247	0
0	436	201	0
0	488	436	0
0	535	488	0
0	585	535	0
0	620	585	0
0	681	620	0
1	4	5	1
1	63	4	1
1	5	6	1
1	6	4312	0
1	292	63	0
1	164	113	0
1	113	328	0
1	144	364	0
1	365	144	0
1	505	164	0
1	328	248	0
1	248	365	0
1	367	249	0
1	249	505	0
1	4309	292	0
1	364	4309	0
1	4315	367	0
1	4312	4315	0
3	10	11	1
3	479	10	0
3	11	12	1
3	12	13	1
3	13	479	0
4	15	16	1
4	104	15	1
4	16	17	1
4	17	655	0
4	101	104	0
4	150	101	1
4	571	116	0
4	116	625	0
4	625	150	0
4	374	151	0
4	151	375	0
4	297	209	0
4	209	374	0
4	255	333	0
4	375	255	0
4	465	297	0
4	333	571	0
4	512	465	0
4	589	512	0
4	655	589	0
7	27	28	1
7	301	27	0
7	28	29	1
7	29	30	1
7	30	302	0
7	119	338	0
7	339	119	0
7	155	382	0
7	383	155	0
7	384	156	0
7	156	385	0
7	213	301	0
7	382	213	0
7	302	214	0
7	214	384	0
7	338	260	0
7	260	383	0
7	261	339	0
7	385	261	0
9	36	37	1
9	159	36	1
9	37	38	1
9	38	39	1
9	39	1801	0
9	491	122	0
9	122	507	0
9	521	159	0
9	216	160	0
9	160	497	0
9	455	216	0
9	507	262	0
9	262	521	0
9	263	491	0
9	497	263	0
9	529	455	0
9	616	529	0
9	740	616	0
9	864	740	0
9	1801	864	0
10	41	42	1
10	161	41	1
10	42	162	0
10	123	161	0
10	162	123	0
12	47	48	1
12	50	47	1
12	48	49	1
12	49	50	1
13	52	53	1
13	305	52	0
13	53	54	1
13	54	55	1
13	55	306	0
13	126	342	0
13	343	126	0
13	167	390	0
13	391	167	0
13	392	168	0
13	168	393	0
13	221	305	0
13	390	221	0
13	222	392	0
13	1014	222	0
13	342	268	0
13	268	391	0
13	269	343	0
13	393	269	0
13	306	572	0
13	572	1015	0
13	1015	1014	0
15	59	60	1
15	496	59	0
15	60	61	1
15	61	62	1
15	62	226	0
15	273	128	0
15	128	499	0
15	226	172	0
15	172	273	0
15	4276	496	0
15	499	696	0
15	696	615	0
15	615	4220	0
15	4220	4276	0
18	71	72	1
18	313	71	0
18	72	73	1
18	73	74	1
18	74	4317	0
18	527	131	0
18	131	553	0
18	177	483	0
18	495	177	0
18	231	313	0
18	406	231	0
18	350	278	0
18	278	407	0
18	279	351	0
18	409	279	0
18	314	408	0
18	4317	314	0
18	553	350	0
18	351	527	0
18	483	406	0
18	407	495	0
18	408	409	0
21	352	416	0
21	909	352	0
21	416	444	0
21	444	909	0
22	87	88	1
22	319	87	0
22	88	89	1
22	89	90	1
22	90	531	0
22	137	439	0
22	440	137	0
22	185	441	0
22	442	185	0
22	237	445	0
22	446	237	0
22	447	238	0
22	238	448	0
22	449	286	0
22	286	450	0
22	287	451	0
22	452	287	0
22	445	319	0
22	438	320	0
22	320	447	0
22	439	358	0
22	358	449	0
22	359	440	0
22	451	359	0
22	441	418	0
22	418	446	0
22	419	442	0
22	450	419	0
22	531	438	0
22	444	4234	0
22	4288	444	0
22	448	4303	0
22	3478	452	0
22	1759	487	0
22	487	3478	0
22	4234	1759	0
22	4303	4288	0
24	97	98	1
24	189	97	0
24	98	99	1
24	99	100	1
24	100	190	0
24	139	189	0
24	190	139	0
25	101	102	1
25	104	101	0
25	102	103	1
25	103	104	1
26	105	106	1
26	4287	105	0
26	106	107	1
26	107	242	0
26	141	362	0
26	363	141	0
26	191	426	0
26	427	191	0
26	428	192	0
26	192	429	0
26	241	323	0
26	426	241	0
26	242	428	0
26	362	290	0
26	290	427	0
26	291	363	0
26	429	291	0
26	323	486	0
26	486	582	0
26	582	660	0
26	660	1081	0
26	1081	4287	0
27	468	10	0
27	10	479	0
27	484	468	0
27	479	729	0
27	501	484	0
27	503	501	0
27	519	503	0
27	537	519	0
27	545	537	0
27	568	545	0
27	583	568	0
27	600	583	0
27	618	600	0
27	631	618	0
27	664	631	0
27	689	664	0
27	703	689	0
27	710	703	0
27	4250	710	0
27	715	714	0
27	714	4250	0
27	717	715	0
27	720	717	0
27	729	720	0
28	6	4214	0
28	4312	6	0
28	487	3478	0
28	4235	487	0
28	3478	4236	0
28	4214	4235	0
28	4236	4296	0
28	4296	4315	0
28	4315	4312	0
29	10	44	1
29	479	10	0
29	45	13	1
29	13	479	0
29	44	45	1
43	101	104	0
43	560	101	0
43	104	4128	0
43	540	560	0
43	4128	540	0
55	7	8	1
55	204	7	0
55	8	205	1
55	114	250	0
55	251	114	0
55	146	204	0
55	250	146	0
55	205	147	0
55	147	251	0
66	23	24	1
66	378	23	0
66	24	25	1
66	25	26	1
66	26	300	0
66	118	547	0
66	566	118	0
66	153	378	0
66	379	153	0
66	380	154	0
66	154	381	0
66	300	212	0
66	212	380	0
66	258	379	0
66	611	258	0
66	538	259	0
66	259	567	0
66	547	336	0
66	336	611	0
66	337	566	0
66	567	337	0
66	381	538	0
76	292	63	0
76	63	627	0
76	627	292	0
106	708	615	0
106	615	4220	0
106	865	708	0
106	1012	865	0
106	1705	1012	0
106	4220	1705	0
107	92	93	1
107	187	92	1
107	93	94	1
107	94	95	1
107	95	1002	0
107	424	187	0
107	322	424	0
107	490	322	0
107	595	490	0
107	733	595	0
107	747	733	0
107	771	747	0
107	1002	771	0
108	18	19	1
108	298	18	0
108	19	20	1
108	20	21	1
108	21	22	1
108	22	108	0
108	108	243	0
108	117	334	0
108	335	117	0
108	152	376	0
108	377	152	0
108	430	193	0
108	193	431	0
108	210	298	0
108	376	210	0
108	243	430	0
108	334	256	0
108	256	377	0
108	257	335	0
108	431	257	0
113	67	68	1
113	745	67	1
113	68	277	1
113	130	403	0
113	755	130	0
113	402	229	0
113	229	718	0
113	277	349	0
113	349	4305	0
113	403	402	0
113	718	745	0
113	4305	755	0
208	56	57	1
208	307	56	0
208	57	66	1
208	66	828	0
208	127	344	0
208	828	127	0
208	169	394	0
208	395	169	0
208	223	307	0
208	394	223	0
208	344	270	0
208	270	395	0
243	416	352	0
243	352	909	0
243	909	416	0
246	352	416	0
246	909	352	0
246	416	909	0
248	416	352	0
248	352	909	0
248	909	416	0
297	416	352	0
297	352	909	0
297	909	416	0
319	416	444	0
319	909	416	0
319	444	909	0
320	75	76	1
320	776	75	0
320	76	77	1
320	77	78	1
320	78	4302	0
320	108	194	0
320	432	108	0
320	132	179	0
320	746	132	0
320	133	306	0
320	630	133	0
320	179	523	0
320	194	4308	0
320	1396	195	0
320	195	4273	0
320	315	233	0
320	233	1003	0
320	572	281	0
320	281	602	0
320	306	572	0
320	530	315	0
320	352	1000	0
320	1003	352	0
320	4225	432	0
320	602	433	0
320	433	1396	0
320	523	598	0
320	610	530	0
320	598	639	0
320	688	610	0
320	712	630	0
320	639	722	0
320	737	688	0
320	1000	712	0
320	722	776	0
320	4302	737	0
320	4308	746	0
320	4213	4258	0
320	4273	4213	0
320	4258	4225	0
321	83	84	1
321	453	83	0
321	84	85	1
321	85	444	1
321	136	460	0
321	4264	136	0
321	183	646	0
321	647	183	0
321	235	459	0
321	471	235	0
321	356	284	0
321	284	707	0
321	317	453	0
321	459	317	0
321	460	356	0
321	414	471	0
321	646	414	0
321	415	647	0
321	707	415	0
321	444	4288	0
321	4288	4264	0
323	572	306	0
323	306	1015	0
323	1015	572	0
324	572	306	0
324	306	1015	0
324	1015	572	0
325	572	306	0
325	306	1015	0
325	1015	572	0
327	1015	572	0
327	572	1020	0
327	1020	1015	0
337	63	65	1
337	292	63	0
337	65	66	1
337	66	805	0
337	174	401	0
337	728	174	0
337	228	400	0
337	4311	228	0
337	274	292	0
337	4285	274	0
337	349	277	0
337	277	4311	0
337	4307	349	0
337	400	728	0
337	401	615	0
337	615	4220	0
337	805	4307	0
337	4220	4270	0
337	4270	4285	0
340	80	34	1
340	34	434	0
340	79	80	1
340	494	79	0
340	134	354	0
340	355	134	0
340	181	412	0
340	413	181	0
340	198	388	0
340	434	198	0
340	234	316	0
340	412	234	0
340	354	282	0
340	282	413	0
340	283	355	0
340	388	283	0
340	316	494	0
2428	6	32	1
2428	4312	6	0
2428	32	33	1
2428	33	34	1
2428	34	4310	0
2428	4310	1011	0
2428	1011	4312	0
2429	3478	487	0
2429	487	4235	0
2429	4236	3478	0
2429	4235	4292	0
2429	4297	4236	0
2429	4292	4240	0
2429	4240	4297	0
2432	4236	3478	0
2432	3478	4245	0
2432	4244	4236	0
2432	4275	4244	0
2432	4245	4275	0
