455
44
520
0	 7.500000000000000e+02  1.732050807600000e+00 -5.811888418120001e+02	 1.031000000000000e-07 -1.786000000000000e-07 -3.362700000000000e-06	1.000000000000000e+00	0	1	0
1	 7.500000000000000e+02  1.732050807600000e+00 -7.500000000000000e+02	0.000000000000000e+00 0.000000000000000e+00 0.000000000000000e+00	1.000000000000000e+00	0	1	1
2	 3.179872981078000e+02  7.500000000000000e+02 -7.500000000000000e+02	-2.583762780000000e-02  4.475208400000000e-02  0.000000000000000e+00	1.000000000000000e+00	0	1	2
4	 7.500000000000000e+02 -7.500000000000000e+02  2.286190426598000e+02	0.000000000000000e+00 0.000000000000000e+00 0.000000000000000e+00	1.000000000000000e+00	8039	1	4
5	7.500000000000000e+02 7.500000000000000e+02 2.286190426598000e+02	0.000000000000000e+00 0.000000000000000e+00 0.000000000000000e+00	1.000000000000000e+00	8039	1	5
6	4.199872981078000e+02 7.500000000000000e+02 2.286190426598000e+02	0.000000000000000e+00 0.000000000000000e+00 0.000000000000000e+00	7.500000000000000e-01	8039	1	6
7	 7.500000000000000e+02  6.208006211504000e+02 -4.262112152443000e+02	5.540000000000000e-08 3.879000000000000e-07 0.000000000000000e+00	1.000000000000000e+00	646	1	7
8	 7.500000000000000e+02  7.500000000000000e+02 -4.262112152443000e+02	0.000000000000000e+00 0.000000000000000e+00 0.000000000000000e+00	1.000000000000000e+00	646	1	8
10	-7.500000000000000e+02  5.715767664980000e+01  6.580962442277000e+02	0.000000000000000e+00 0.000000000000000e+00 0.000000000000000e+00	1.000000000000000e+00	1105	1	10
11	-7.500000000000000e+02 -7.500000000000000e+02  6.580962442277000e+02	0.000000000000000e+00 0.000000000000000e+00 0.000000000000000e+00	1.000000000000000e+00	1105	1	11
12	 7.500000000000000e+02 -7.500000000000000e+02  6.580962442277000e+02	0.000000000000000e+00 0.000000000000000e+00 0.000000000000000e+00	1.000000000000000e+00	1105	1	12
13	7.500000000000000e+02 5.715767664980000e+01 6.580962442277000e+02	0.000000000000000e+00 0.000000000000000e+00 0.000000000000000e+00	4.218750000000000e-01	1105	1	13
15	 7.500000000000000e+02 -7.500000000000000e+02 -1.159425144917000e+02	0.000000000000000e+00 0.000000000000000e+00 0.000000000000000e+00	1.000000000000000e+00	661	1	15
16	 7.500000000000000e+02  7.500000000000000e+02 -1.159425144917000e+02	0.000000000000000e+00 0.000000000000000e+00 0.000000000000000e+00	1.000000000000000e+00	661	1	16
17	 2.513828979061000e+02  7.500000000000000e+02 -1.159425144917000e+02	 1.038820000000000e-05 -2.318790000000000e-05  0.000000000000000e+00	1.000000000000000e+00	661	1	17
18	-7.500000000000000e+02 -9.501137194940000e+01 -4.164132562731000e+02	 7.501000000000000e-07 -6.201000000000000e-07  0.000000000000000e+00	1.000000000000000e+00	8039	1	18
19	-7.500000000000000e+02 -7.500000000000000e+02 -4.164132562731000e+02	0.000000000000000e+00 0.000000000000000e+00 0.000000000000000e+00	1.000000000000000e+00	8039	1	19
20	 7.500000000000000e+02 -7.500000000000000e+02 -4.164132562731000e+02	0.000000000000000e+00 0.000000000000000e+00 0.000000000000000e+00	1.000000000000000e+00	8039	1	20
21	 7.500000000000000e+02  7.500000000000000e+02 -4.164132562731000e+02	0.000000000000000e+00 0.000000000000000e+00 0.000000000000000e+00	1.000000000000000e+00	8039	1	21
22	-2.067479488630000e+02  7.500000000000000e+02 -4.164132562731000e+02	 6.915174873046875e-05 -1.042170996093750e-06  0.000000000000000e+00	2.373046875000000e-01	8039	1	22
23	-6.382541249903001e+02 -7.500000000000000e+02  1.077775486825000e+02	-1.779865000000000e-04  3.374800000000000e-05  0.000000000000000e+00	1.000000000000000e+00	23	1	23
24	 7.500000000000000e+02 -7.500000000000000e+02  1.077775486825000e+02	0.000000000000000e+00 0.000000000000000e+00 0.000000000000000e+00	1.000000000000000e+00	23	1	24
25	7.500000000000000e+02 7.500000000000000e+02 1.077775486825000e+02	0.000000000000000e+00 0.000000000000000e+00 0.000000000000000e+00	1.000000000000000e+00	23	1	25
26	-6.125382191586000e+02  7.500000000000000e+02  1.077775486825000e+02	 9.764700000000000e-06 -1.134400000000000e-06  0.000000000000000e+00	1.000000000000000e+00	23	1	26
27	-7.365550886516000e+02 -7.500000000000000e+02 -1.894272067752000e+02	 2.991000000000000e-07 -2.306000000000000e-07  0.000000000000000e+00	1.000000000000000e+00	27	1	27
28	 7.500000000000000e+02 -7.500000000000000e+02 -1.894272067752000e+02	0.000000000000000e+00 0.000000000000000e+00 0.000000000000000e+00	1.000000000000000e+00	27	1	28
29	 7.500000000000000e+02  7.500000000000000e+02 -1.894272067752000e+02	0.000000000000000e+00 0.000000000000000e+00 0.000000000000000e+00	1.000000000000000e+00	27	1	29
30	 4.223833410089000e+02  7.500000000000000e+02 -1.894272067752000e+02	-1.705000000000000e-07  1.317000000000000e-07  0.000000000000000e+00	1.000000000000000e+00	27	1	30
32	4.199872981078000e+02 7.500000000000000e+02 7.500000000000000e+02	0.000000000000000e+00 0.000000000000000e+00 0.000000000000000e+00	1.000000000000000e+00	8039	1	32
33	7.500000000000000e+02 1.784012331796000e+02 7.500000000000000e+02	0.000000000000000e+00 0.000000000000000e+00 0.000000000000000e+00	1.000000000000000e+00	8039	1	33
34	7.500000000000000e+02 1.784012331796000e+02 9.471360338760000e+01	 0.000000000000000e+00 -0.000000000000000e+00  0.000000000000000e+00	7.500000000000000e-01	8039	1	34
36	-5.950127018922000e+02 -7.500000000000000e+02 -7.500000000000000e+02	0.000000000000000e+00 0.000000000000000e+00 0.000000000000000e+00	1.000000000000000e+00	491	1	36
37	 2.710127018922000e+02  7.500000000000000e+02 -7.500000000000000e+02	0.000000000000000e+00 0.000000000000000e+00 0.000000000000000e+00	1.000000000000000e+00	491	1	37
38	2.710127018922000e+02 7.500000000000000e+02 7.500000000000000e+02	0.000000000000000e+00 0.000000000000000e+00 0.000000000000000e+00	1.000000000000000e+00	491	1	38
39	-2.115189277486000e+02 -8.576929879690000e+01  7.500000000000000e+02	 1.244800000000000e-06  2.156000000000000e-06 -1.164510000000000e-05	1.000000000000000e+00	491	1	39
41	 2.450127018922000e+02 -7.500000000000000e+02  7.500000000000000e+02	0.000000000000000e+00 0.000000000000000e+00 0.000000000000000e+00	1.000000000000000e+00	729	1	41
42	 2.450127018922000e+02 -7.500000000000000e+02  7.354063764191001e+02	 2.700000000000000e-09 -4.600000000000000e-09  1.374000000000000e-07	1.000000000000000e+00	729	1	42
44	-7.500000000000000e+02  5.715767664980000e+01 -7.500000000000000e+02	0.000000000000000e+00 0.000000000000000e+00 0.000000000000000e+00	1.000000000000000e+00	1105	1	44
45	 7.500000000000000e+02  5.715767664980000e+01 -7.500000000000000e+02	0.000000000000000e+00 0.000000000000000e+00 0.000000000000000e+00	1.000000000000000e+00	1105	1	45
47	-7.500000000000000e+02  2.381569860407000e+02  7.500000000000000e+02	0.000000000000000e+00 0.000000000000000e+00 0.000000000000000e+00	1.000000000000000e+00	1074	1	47
48	-7.500000000000000e+02  2.381569860407000e+02 -7.500000000000000e+02	0.000000000000000e+00 0.000000000000000e+00 0.000000000000000e+00	1.000000000000000e+00	1074	1	48
49	 7.500000000000000e+02  2.381569860407000e+02 -7.500000000000000e+02	0.000000000000000e+00 0.000000000000000e+00 0.000000000000000e+00	1.000000000000000e+00	1074	1	49
50	7.500000000000000e+02 2.381569860407000e+02 7.500000000000000e+02	0.000000000000000e+00 0.000000000000000e+00 0.000000000000000e+00	1.000000000000000e+00	1074	1	50
52	 2.613996149138000e+02 -7.500000000000000e+02  1.518683640526000e+02	3.374000000000000e-07 1.711000000000000e-07 0.000000000000000e+00	1.000000000000000e+00	8039	1	52
53	 7.500000000000000e+02 -7.500000000000000e+02  1.518683640526000e+02	0.000000000000000e+00 0.000000000000000e+00 0.000000000000000e+00	1.000000000000000e+00	8039	1	53
54	7.500000000000000e+02 7.500000000000000e+02 1.518683640526000e+02	0.000000000000000e+00 0.000000000000000e+00 0.000000000000000e+00	1.000000000000000e+00	8039	1	54
55	-3.653073979740000e+02  7.500000000000000e+02  1.518683640526000e+02	-2.274280664062500e-06 -5.305895507812500e-07  0.000000000000000e+00	1.779785156250000e-01	8039	1	55
56	-7.500000000000000e+02  3.403479836873000e+02 -6.861237085556000e+02	-6.830000000000000e-08  0.000000000000000e+00 -2.160700000000000e-06	1.000000000000000e+00	8039	1	56
57	-7.500000000000000e+02  3.403479836873000e+02 -7.500000000000000e+02	0.000000000000000e+00 0.000000000000000e+00 0.000000000000000e+00	1.000000000000000e+00	8039	1	57
59	 3.129872981078000e+02 -7.500000000000000e+02 -3.822588200600000e+00	-1.403900000000000e-06 -2.431600000000000e-06  1.805370000000000e-04	1.000000000000000e+00	8039	1	59
60	 3.129872981078000e+02 -7.500000000000000e+02 -7.500000000000000e+02	0.000000000000000e+00 0.000000000000000e+00 0.000000000000000e+00	1.000000000000000e+00	8039	1	60
61	 7.500000000000000e+02  6.928203230300000e+00 -7.500000000000000e+02	0.000000000000000e+00 0.000000000000000e+00 0.000000000000000e+00	1.000000000000000e+00	8039	1	61
62	 7.500000000000000e+02  6.928203230300000e+00 -2.851405605948000e+02	2.942000000000000e-07 5.096000000000001e-07 3.201430000000000e-05	1.000000000000000e+00	8039	1	62
63	 5.470127018922000e+02 -7.500000000000000e+02  2.286190426598000e+02	-0.000000000000000e+00 -0.000000000000000e+00  0.000000000000000e+00	1.000000000000000e+00	8039	1	63
65	 5.470127018922000e+02 -7.500000000000000e+02 -7.500000000000000e+02	0.000000000000000e+00 0.000000000000000e+00 0.000000000000000e+00	1.000000000000000e+00	8039	1	65
66	-8.250000000000000e+01  3.403479836873000e+02 -7.500000000000000e+02	0.000000000000000e+00 0.000000000000000e+00 0.000000000000000e+00	7.500000000000000e-01	8039	1	66
67	-7.500000000000000e+02  7.500000000000000e+02 -6.793251553319001e+02	0.000000000000000e+00 1.464977538000000e-01 0.000000000000000e+00	1.000000000000000e+00	8039	1	67
68	-7.500000000000000e+02 -7.500000000000000e+02 -6.793251553319001e+02	0.000000000000000e+00 0.000000000000000e+00 0.000000000000000e+00	1.000000000000000e+00	8039	1	68
71	 4.495772573912000e+02 -7.500000000000000e+02  1.469693845670000e+01	-1.153860000000000e-05  2.807800000000000e-06  0.000000000000000e+00	1.000000000000000e+00	5009	1	71
72	 7.500000000000000e+02 -7.500000000000000e+02  1.469693845670000e+01	0.000000000000000e+00 0.000000000000000e+00 0.000000000000000e+00	1.000000000000000e+00	5009	1	72
73	7.500000000000000e+02 7.500000000000000e+02 1.469693845670000e+01	0.000000000000000e+00 0.000000000000000e+00 0.000000000000000e+00	1.000000000000000e+00	5009	1	73
74	5.899466576486000e+02 7.500000000000000e+02 1.469693845670000e+01	 3.660800000000000e-05 -1.206110000000000e-05  0.000000000000000e+00	1.000000000000000e+00	5009	1	74
75	 3.130618715688000e+02  6.910882722200000e+02 -7.500000000000000e+02	2.557000000000000e-07 0.000000000000000e+00 7.198000000000000e-07	1.000000000000000e+00	8039	1	75
76	 7.500000000000000e+02  6.910882722200000e+02 -7.500000000000000e+02	0.000000000000000e+00 0.000000000000000e+00 0.000000000000000e+00	1.000000000000000e+00	8039	1	76
77	7.500000000000000e+02 6.910882722200000e+02 7.500000000000000e+02	0.000000000000000e+00 0.000000000000000e+00 0.000000000000000e+00	1.000000000000000e+00	8039	1	77
78	-7.500000000000000e+02  6.910882722200000e+02  7.500000000000000e+02	-6.496017550000001e-02  0.000000000000000e+00  0.000000000000000e+00	1.000000000000000e+00	8039	1	78
79	-5.517170071050001e+01 -7.500000000000000e+02  9.471360338760000e+01	 8.887700000000000e-06 -8.802600000000001e-06  0.000000000000000e+00	1.000000000000000e+00	8039	1	79
80	 7.500000000000000e+02 -7.500000000000000e+02  9.471360338760000e+01	0.000000000000000e+00 0.000000000000000e+00 0.000000000000000e+00	1.000000000000000e+00	8039	1	80
83	 3.221057009287000e+02 -7.500000000000000e+02  3.592584956082000e+02	-4.767400000000000e-06  7.032000000000000e-07  0.000000000000000e+00	1.000000000000000e+00	8039	1	83
84	 7.500000000000000e+02 -7.500000000000000e+02  3.592584956082000e+02	0.000000000000000e+00 0.000000000000000e+00 0.000000000000000e+00	1.000000000000000e+00	8039	1	84
85	7.500000000000000e+02 7.500000000000000e+02 3.592584956082000e+02	0.000000000000000e+00 0.000000000000000e+00 0.000000000000000e+00	1.000000000000000e+00	8039	1	85
87	-2.960127018922000e+02 -7.500000000000000e+02 -4.867396235728000e+02	-3.240000000000000e-08 -5.610000000000000e-08  6.399000000000000e-07	1.000000000000000e+00	8039	1	87
88	-2.960127018922000e+02 -7.500000000000000e+02 -7.500000000000000e+02	0.000000000000000e+00 0.000000000000000e+00 0.000000000000000e+00	1.000000000000000e+00	8039	1	88
89	 5.700127018922000e+02  7.500000000000000e+02 -7.500000000000000e+02	0.000000000000000e+00 0.000000000000000e+00 0.000000000000000e+00	1.000000000000000e+00	8039	1	89
90	5.700127018922000e+02 7.500000000000000e+02 5.922098708927000e+02	 2.029200000000000e-06  3.514700000000000e-06 -3.167270000000000e-05	1.000000000000000e+00	8039	1	90
92	-7.500000000000000e+02  7.500000000000000e+02  3.804874067123000e+02	0.000000000000000e+00 0.000000000000000e+00 0.000000000000000e+00	1.000000000000000e+00	8006	1	92
93	-7.500000000000000e+02 -7.500000000000000e+02  3.804874067123000e+02	0.000000000000000e+00 0.000000000000000e+00 0.000000000000000e+00	1.000000000000000e+00	8006	1	93
94	 7.500000000000000e+02 -7.500000000000000e+02  3.804874067123000e+02	0.000000000000000e+00 0.000000000000000e+00 0.000000000000000e+00	1.000000000000000e+00	8006	1	94
95	7.500000000000000e+02 2.997584455166000e+02 3.804874067123000e+02	-1.967730000000000e-05 -2.023760000000000e-05  0.000000000000000e+00	1.000000000000000e+00	8006	1	95
97	 5.929872981078000e+02 -7.500000000000000e+02 -1.595148685870000e+01	 5.100000000000000e-09  8.800000000000001e-09 -9.960000000000001e-08	1.000000000000000e+00	97	1	97
98	 5.929872981078000e+02 -7.500000000000000e+02 -7.500000000000000e+02	0.000000000000000e+00 0.000000000000000e+00 0.000000000000000e+00	1.000000000000000e+00	97	1	98
99	 7.500000000000000e+02 -4.780460228890000e+02 -7.500000000000000e+02	0.000000000000000e+00 0.000000000000000e+00 0.000000000000000e+00	1.000000000000000e+00	97	1	99
100	 7.500000000000000e+02 -4.780460228890000e+02  1.940009974640000e+01	 2.570000000000000e-08  4.440000000000000e-08 -5.407000000000001e-07	1.000000000000000e+00	97	1	100
101	-7.500000000000000e+02 -5.525242076145000e+02 -1.159425144917000e+02	-0.000000000000000e+00  0.000000000000000e+00  0.000000000000000e+00	1.779785156250000e-01	661	1	101
102	-7.500000000000000e+02 -5.525242076145000e+02  7.500000000000000e+02	0.000000000000000e+00 0.000000000000000e+00 0.000000000000000e+00	1.000000000000000e+00	661	1	102
103	-6.359872981078000e+02 -7.500000000000000e+02  7.500000000000000e+02	0.000000000000000e+00 0.000000000000000e+00 0.000000000000000e+00	1.000000000000000e+00	661	1	103
104	-6.359872981078000e+02 -7.500000000000000e+02 -1.159425144917000e+02	0.000000000000000e+00 0.000000000000000e+00 0.000000000000000e+00	7.500000000000000e-01	661	1	104
105	-5.843197645480000e+02 -7.500000000000000e+02  5.829785587824000e+02	-9.015520000000001e-05  2.720774000000000e-04  0.000000000000000e+00	1.000000000000000e+00	105	1	105
106	 7.500000000000000e+02 -7.500000000000000e+02  5.829785587824000e+02	0.000000000000000e+00 0.000000000000000e+00 0.000000000000000e+00	1.000000000000000e+00	105	1	106
107	7.500000000000000e+02 2.497413396040000e+01 5.829785587824000e+02	 7.361000000000000e-07 -2.324400000000000e-06  0.000000000000000e+00	1.000000000000000e+00	105	1	107
108	-2.076357983838000e+02  6.910882722200000e+02 -4.164132562731000e+02	6.730359609375001e-05 0.000000000000000e+00 0.000000000000000e+00	3.164062500000000e-01	8039	0	108
112	 6.715553766046000e+02  1.376021241090000e+02 -5.928552001301000e+02	 1.280000000000000e-07 -2.217000000000000e-07 -2.814300000000000e-06	1.000000000000000e+00	0	0	112
113	 5.157090543028000e+02 -6.422009016000001e+00  2.286190426598000e+02	-2.366000000000000e-05  2.217300000000000e-06  0.000000000000000e+00	1.000000000000000e+00	8039	0	113
114	 2.990317023350000e+02  6.853910760671000e+02 -4.262112152443000e+02	-6.200000000000000e-09 -4.180000000000000e-08  0.000000000000000e+00	1.000000000000000e+00	646	0	114
116	-5.775911318567000e+02  1.417628672501000e+02 -1.159425144917000e+02	-1.099000000000000e-06  2.503300000000000e-06  0.000000000000000e+00	1.000000000000000e+00	661	0	116
117	-4.257755058036000e+02  2.979702189546000e+02 -4.164132562731000e+02	 5.621000000000000e-07 -4.623000000000000e-07  0.000000000000000e+00	1.000000000000000e+00	8039	0	117
118	-6.324462779785000e+02 -1.584712842394000e+02  1.077775486825000e+02	-1.278312000000000e-04 -4.047100000000000e-06  0.000000000000000e+00	1.000000000000000e+00	23	0	118
119	-1.571836470746000e+02  6.095228570000000e-02 -1.894272067752000e+02	-2.849000000000000e-07  2.202000000000000e-07  0.000000000000000e+00	1.000000000000000e+00	27	0	119
122	-5.464788852083000e+02 -6.659369636183001e+02  3.818243865440000e+02	-3.966200000000000e-06 -6.869700000000000e-06 -2.754950000000000e-05	1.000000000000000e+00	491	0	122
123	 1.455994363051000e+02 -5.778111730567000e+02  7.443260530990000e+02	 4.200000000000000e-09 -7.300000000000000e-09  1.599000000000000e-07	1.000000000000000e+00	729	0	123
126	-7.300609139470001e+01 -8.153682600000000e-03  1.518683640526000e+02	-8.910000000000000e-08 -3.880000000000000e-08  0.000000000000000e+00	1.000000000000000e+00	8039	0	126
127	-2.081465419520000e+02  3.403479836873000e+02 -7.339554152631000e+02	 2.579000000000000e-07  0.000000000000000e+00 -5.197000000000000e-07	1.000000000000000e+00	8039	0	127
128	 5.325300149126000e+02 -3.697408600624000e+02 -2.722999366887000e+02	1.714000000000000e-07 2.969000000000000e-07 7.999900000000001e-06	1.000000000000000e+00	8039	0	128
130	-3.323854513787000e+02  5.846471946164000e+02 -6.793251553319001e+02	-1.237120000000000e-05 -2.459180000000000e-05  0.000000000000000e+00	1.000000000000000e+00	8039	0	130
131	5.195942107512000e+02 1.493083294114000e+02 1.469693845670000e+01	1.387531000000000e-04 3.379700000000000e-06 0.000000000000000e+00	1.000000000000000e+00	5009	0	131
132	-4.754540357000000e+01  6.910882722200000e+02 -5.566457307133001e+02	1.727360000000000e-05 0.000000000000000e+00 2.659400000000000e-06	1.000000000000000e+00	8039	0	132
133	-3.446197142423000e+02  6.910882722200000e+02  1.559183519027000e+02	-8.895234375000001e-07  0.000000000000000e+00  1.280137500000000e-06	4.218750000000000e-01	8039	0	133
134	 3.676971304224000e+02 -1.677616560153000e+02  9.471360338760000e+01	 1.195710000000000e-05 -8.974900000000001e-06  0.000000000000000e+00	1.000000000000000e+00	8039	0	134
136	3.552302640742000e+02 2.299496418629000e+02 3.592584956082000e+02	4.569170000000000e-05 1.080880000000000e-05 0.000000000000000e+00	1.000000000000000e+00	8039	0	136
137	 1.621917914390000e+02  4.363346270600000e+01 -7.928763827060000e+01	-2.848385000000000e-04 -4.933547000000000e-04  6.131876000000001e-04	1.000000000000000e+00	8039	0	137
139	 6.776909595794000e+02 -6.032889547440000e+02  3.490846802700000e+00	 1.806000000000000e-07  3.127000000000000e-07 -2.893300000000000e-06	1.000000000000000e+00	97	0	139
141	 2.382761234102000e+02 -2.583804642084000e+02  5.829785587824000e+02	 1.787880000000000e-05 -3.028310000000000e-05  0.000000000000000e+00	1.000000000000000e+00	105	0	141
143	 5.701387718379000e+02  3.132608362960000e+02 -6.181021479108000e+02	 1.426000000000000e-07 -2.470000000000000e-07 -1.882000000000000e-06	1.000000000000000e+00	0	0	143
144	 4.878941194208000e+02 -3.771064053064000e+02  2.286190426598000e+02	-4.493220000000000e-05  4.407700000000000e-06  0.000000000000000e+00	1.000000000000000e+00	8039	0	144
146	 5.245200692852001e+02  6.530682075535000e+02 -4.262112152443000e+02	1.340000000000000e-08 9.320000000000000e-08 0.000000000000000e+00	1.000000000000000e+00	646	0	146
147	 7.248970904420000e+01  7.225929261961001e+02 -4.262112152443000e+02	2.221000000000000e-07 8.699000000000000e-07 0.000000000000000e+00	1.000000000000000e+00	646	0	147
150	-7.500000000000000e+02 -2.077691879472000e+02 -1.159425144917000e+02	0.000000000000000e+00 0.000000000000000e+00 0.000000000000000e+00	1.000000000000000e+00	661	1	150
151	-2.359855251400000e+02  4.497989593953000e+02 -1.159425144917000e+02	-1.333160000000000e-05  1.799420000000000e-05  0.000000000000000e+00	1.000000000000000e+00	661	0	151
152	-5.878148558546001e+02  1.015089935901000e+02 -4.164132562731000e+02	 5.330000000000000e-07 -4.397000000000000e-07  0.000000000000000e+00	1.000000000000000e+00	8039	0	152
153	-6.190213486274000e+02 -6.147665428118000e+02  1.077775486825000e+02	-1.941571000000000e-04 -1.438100000000000e-06  0.000000000000000e+00	1.000000000000000e+00	23	0	153
154	-6.354322227804000e+02  3.320910478088000e+02  1.077775486825000e+02	-5.336550000000000e-05  1.042500000000000e-06  0.000000000000000e+00	1.000000000000000e+00	23	0	154
155	-4.469526032275000e+02 -3.749350452031000e+02 -1.894272067752000e+02	-2.622000000000000e-07  2.025000000000000e-07  0.000000000000000e+00	1.000000000000000e+00	27	0	155
156	 1.326270430445000e+02  3.750246511390000e+02 -1.894272067752000e+02	-1.464000000000000e-07  1.131000000000000e-07  0.000000000000000e+00	1.000000000000000e+00	27	0	156
159	-5.950127018922000e+02 -7.500000000000000e+02  2.315721011319000e+02	-1.643640000000000e-05 -2.846870000000000e-05  4.644400000000000e-06	1.000000000000000e+00	491	1	159
160	-4.489643420481000e+02 -4.970368203878000e+02  5.416312394820001e+02	 7.875500000000001e-06  1.364070000000000e-05 -2.141600000000000e-05	1.000000000000000e+00	491	0	160
161	 9.393019543360001e+01 -4.883174226788000e+02  7.500000000000000e+02	 4.300000000000000e-09 -7.400000000000000e-09  1.561000000000000e-07	1.000000000000000e+00	729	1	161
162	 1.965551325998000e+02 -6.660690279742000e+02  7.391787434627000e+02	 3.100000000000000e-09 -5.300000000000000e-09  1.360000000000000e-07	1.000000000000000e+00	729	0	162
164	5.234501163695001e+02 5.435395237270000e+01 2.286190426598000e+02	-1.285240000000000e-05  1.591300000000000e-06  0.000000000000000e+00	1.000000000000000e+00	8039	0	164
167	 9.026051434150000e+01 -3.750452241153000e+02  1.518683640526000e+02	-3.444000000000000e-07 -1.501000000000000e-07  0.000000000000000e+00	1.000000000000000e+00	8039	0	167
168	-2.362363419274000e+02  3.750040738119000e+02  1.518683640526000e+02	5.880000000000000e-08 2.570000000000000e-08 0.000000000000000e+00	1.000000000000000e+00	8039	0	168
169	-4.953220371309000e+02  3.403479836873000e+02 -7.004494402033000e+02	-1.882000000000000e-07  0.000000000000000e+00 -2.215300000000000e-06	1.000000000000000e+00	8039	0	169
172	 6.452820719864001e+02 -1.744485685525000e+02 -2.805658267712000e+02	3.460000000000000e-07 5.993000000000000e-07 2.443700000000000e-05	1.000000000000000e+00	8039	0	172
174	 4.560820143423000e+02 -5.925034291965001e+02 -3.143877539510000e+02	-2.813520000000000e-05  4.873160000000000e-05  5.846470000000000e-05	1.000000000000000e+00	8039	0	174
177	 5.082736237808000e+02 -3.049378663067000e+02  1.469693845670000e+01	 4.749400000000000e-05 -3.714800000000000e-06  0.000000000000000e+00	1.000000000000000e+00	5009	0	177
179	 7.418574042200000e+00  6.910882722200000e+02 -6.019447808535000e+02	4.988100000000001e-06 0.000000000000000e+00 1.033270000000000e-05	1.000000000000000e+00	8039	0	179
181	 2.145678208326000e+02 -4.509941103423000e+02  9.471360338760000e+01	 1.429000000000000e-07 -7.040000000000001e-08  0.000000000000000e+00	1.000000000000000e+00	8039	0	181
183	 3.510692418961000e+02 -2.768857211222000e+02  3.592584956082000e+02	 7.786030000000000e-05 -1.001300000000000e-06  0.000000000000000e+00	1.000000000000000e+00	8039	0	183
185	-8.266159387890001e+01 -3.804650410699000e+02 -3.809713043883000e+02	 2.829700000000000e-06  4.901200000000000e-06 -1.385660000000000e-05	1.000000000000000e+00	8039	0	185
187	4.254379680756000e+02 7.500000000000000e+02 3.804874067123000e+02	-3.991000000000000e-07 -1.210000000000000e-07  0.000000000000000e+00	1.000000000000000e+00	8006	1	187
189	 6.312268545385000e+02 -6.837671454031000e+02 -8.159455141100000e+00	 2.050000000000000e-07  3.550000000000000e-07 -3.290900000000000e-06	1.000000000000000e+00	97	0	189
190	 7.226623609824001e+02 -5.253962026265000e+02  1.421228175450000e+01	 9.060000000000000e-08  1.569000000000000e-07 -1.534800000000000e-06	1.000000000000000e+00	97	0	190
191	-8.524079594950000e+01 -4.559618563162000e+02  5.829785587824000e+02	-8.646600000000000e-06  1.353430000000000e-05  0.000000000000000e+00	1.000000000000000e+00	105	0	191
192	 5.657518795890001e+02 -7.196802807570000e+01  5.829785587824000e+02	 4.145790000000000e-05 -6.596760000000000e-05  0.000000000000000e+00	1.000000000000000e+00	105	0	192
193	-2.656547788681000e+02  4.952906605189000e+02 -4.164132562731000e+02	-2.111118750000000e-06  1.126237500000000e-06  0.000000000000000e+00	5.625000000000000e-01	8039	0	193
194	-1.984680807795000e+02  6.910882722200000e+02 -4.178136659603000e+02	4.747778613281250e-06 0.000000000000000e+00 6.209480566406250e-06	2.373046875000000e-01	8039	0	194
195	-3.689882380923000e+02  6.910882722200000e+02 -2.016316584607000e+02	-6.729210000000000e-05  0.000000000000000e+00  2.116470000000000e-04	1.000000000000000e+00	8039	0	195
198	5.992831845967000e+02 5.735599204640000e+01 9.471360338760000e+01	 5.941500000000001e-06 -7.110100000000000e-06  0.000000000000000e+00	1.000000000000000e+00	8039	0	198
201	 5.169260441976000e+02  4.054279841784000e+02 -6.362154552737001e+02	 1.131000000000000e-07 -1.959000000000000e-07 -1.309700000000000e-06	1.000000000000000e+00	0	0	201
202	 4.623464442710000e+02 -5.766765225681000e+02  2.286190426598000e+02	-1.190902500000000e-05 -5.870285156250000e-07  0.000000000000000e+00	3.164062500000000e-01	8039	0	202
204	 6.372650076614000e+02  6.369121308341000e+02 -4.262112152443000e+02	2.360000000000000e-08 1.652000000000000e-07 0.000000000000000e+00	1.000000000000000e+00	646	0	204
205	-2.397157398970000e+01  7.500000000000000e+02 -4.262112152443000e+02	-8.610000000000000e-08 -3.031000000000000e-07  0.000000000000000e+00	1.000000000000000e+00	646	1	205
209	-7.728370505650000e+01  5.617152676384001e+02 -1.159425144917000e+02	-8.201100000000000e-06  1.212030000000000e-05  0.000000000000000e+00	1.000000000000000e+00	661	0	209
210	-6.688446302142000e+02  3.286855450800000e+00 -4.164132562731000e+02	 4.818000000000000e-07 -3.974000000000000e-07  0.000000000000000e+00	1.000000000000000e+00	8039	0	210
212	-6.279100712215001e+02  5.592590102392001e+02  1.077775486825000e+02	-1.703960000000000e-05  6.978000000000000e-07  0.000000000000000e+00	1.000000000000000e+00	23	0	212
213	-5.917714959486000e+02 -5.624837083685001e+02 -1.894272067752000e+02	-5.400000000000000e-08  4.170000000000000e-08  0.000000000000000e+00	1.000000000000000e+00	27	0	213
214	 2.775303183194000e+02  5.625081105093000e+02 -1.894272067752000e+02	-5.280000000000000e-08  4.080000000000000e-08  0.000000000000000e+00	1.000000000000000e+00	27	0	214
216	-4.002423863788000e+02 -4.126479177246000e+02  6.067627491327000e+02	 6.468800000000001e-06  1.120430000000000e-05 -2.026730000000000e-05	1.000000000000000e+00	491	0	216
221	 1.722531454087000e+02 -5.624932364664000e+02  1.518683640526000e+02	5.170000000000000e-08 2.320000000000000e-08 0.000000000000000e+00	1.000000000000000e+00	8039	0	221
222	-3.121157244099000e+02  5.641064602966001e+02  1.518683640526000e+02	-4.938000000000000e-07 -1.778000000000000e-07  0.000000000000000e+00	1.000000000000000e+00	8039	0	222
223	-6.345294713714001e+02  3.403479836873000e+02 -6.907836579149000e+02	-1.207000000000000e-07  0.000000000000000e+00 -2.233200000000000e-06	1.000000000000000e+00	8039	0	223
226	 7.014006531981000e+02 -7.724833464530001e+01 -2.833539225638000e+02	3.070000000000000e-07 5.317000000000000e-07 2.906490000000000e-05	1.000000000000000e+00	8039	0	226
228	 5.237447984931000e+02 -7.096988091272000e+02 -5.495118356795000e+02	-1.522100000000000e-06  2.636300000000000e-06 -2.595700000000000e-06	1.000000000000000e+00	8039	0	228
229	-5.019919512237000e+02  6.665556645222000e+02 -6.793251553319001e+02	-9.360700000000000e-06 -2.114430000000000e-05  0.000000000000000e+00	1.000000000000000e+00	8039	0	229
231	 4.865642761425000e+02 -5.371356289687001e+02  1.469693845670000e+01	 2.778900000000000e-06 -2.714000000000000e-07  0.000000000000000e+00	1.000000000000000e+00	5009	0	231
233	-4.685936574723000e+02  6.910882722200000e+02  4.370503791509000e+02	-7.638500000000000e-06  0.000000000000000e+00 -7.142000000000000e-06	1.000000000000000e+00	8039	0	233
234	 1.232587646132000e+02 -5.779018099323000e+02  9.471360338760000e+01	-1.059000000000000e-06  9.986000000000001e-07  0.000000000000000e+00	1.000000000000000e+00	8039	0	234
235	 3.428747403404000e+02 -5.357676940601000e+02  3.592584956082000e+02	 3.204760000000000e-05 -1.740400000000000e-06  0.000000000000000e+00	1.000000000000000e+00	8039	0	235
237	-2.086909259735000e+02 -5.987542475016000e+02 -4.619799542102000e+02	-2.150000000000000e-08 -3.720000000000000e-08  2.099000000000000e-07	1.000000000000000e+00	8039	0	237
238	4.276941311855000e+02 5.034970046755000e+02 5.133141579446000e+02	 4.385600000000000e-06  7.596100000000000e-06 -1.868860000000000e-05	1.000000000000000e+00	8039	0	238
241	-2.447663785233000e+02 -5.613661956338000e+02  5.829785587824000e+02	-2.197590000000000e-05  3.234220000000000e-05  0.000000000000000e+00	1.000000000000000e+00	105	0	241
242	7.099662482004001e+02 1.229630534550000e+01 5.829785587824000e+02	 1.346000000000000e-05 -2.564030000000000e-05  0.000000000000000e+00	1.000000000000000e+00	105	0	242
243	-2.206634526344000e+02  6.048297458222000e+02 -4.164132562731000e+02	 3.307559853515625e-05 -4.983434033203125e-06  0.000000000000000e+00	1.779785156250000e-01	8039	0	243
244	-2.169504558108000e+02  6.910882722200000e+02 -4.145250924770000e+02	 2.147253046875000e-05  0.000000000000000e+00 -1.875228785156250e-04	3.164062500000000e-01	8039	0	244
246	 7.169408941350000e+02  5.899210181860001e+01 -5.852446232852001e+02	 1.298000000000000e-07 -2.249000000000000e-07 -3.151000000000000e-06	1.000000000000000e+00	0	0	246
247	 6.219767262218000e+02  2.234748655427000e+02 -6.037066337370001e+02	 1.427000000000000e-07 -2.472000000000000e-07 -2.383700000000000e-06	1.000000000000000e+00	0	0	247
248	 5.015412765707000e+02 -1.957414026489000e+02  2.286190426598000e+02	-6.101400000000000e-05  3.906800000000000e-06  0.000000000000000e+00	1.000000000000000e+00	8039	0	248
249	5.482830817464001e+02 1.793399850205000e+02 2.286190426598000e+02	 2.972000000000000e-07 -1.063000000000000e-07  0.000000000000000e+00	1.000000000000000e+00	8039	0	249
250	 4.117754113784000e+02  6.692262850257000e+02 -4.262112152443000e+02	2.200000000000000e-09 1.560000000000000e-08 0.000000000000000e+00	1.000000000000000e+00	646	0	250
251	 1.864149402221000e+02  7.024267939888000e+02 -4.262112152443000e+02	1.150000000000000e-08 6.530000000000000e-08 0.000000000000000e+00	1.000000000000000e+00	646	0	251
254	-7.032857697408000e+02 -6.931779168310000e+01 -1.159425144917000e+02	-4.580400000000000e-06  6.341600000000000e-06  0.000000000000000e+00	1.000000000000000e+00	661	0	254
255	-4.005740492093000e+02  3.203630335212000e+02 -1.159425144917000e+02	-4.837400000000000e-06 -4.379000000000000e-07  0.000000000000000e+00	1.000000000000000e+00	661	0	255
256	-5.067905139796000e+02  1.997356119349000e+02 -4.164132562731000e+02	 5.633000000000000e-07 -4.646000000000000e-07  0.000000000000000e+00	1.000000000000000e+00	8039	0	256
257	-3.450586493602000e+02  3.962642476310000e+02 -4.164132562731000e+02	 2.944687500000000e-07 -2.419875000000000e-07  0.000000000000000e+00	5.625000000000000e-01	8039	0	257
258	-6.239446149185001e+02 -4.256662367396000e+02  1.077775486825000e+02	-1.646251000000000e-04 -4.475800000000000e-06  0.000000000000000e+00	1.000000000000000e+00	23	0	258
259	-6.373072407702000e+02  8.890154304580000e+01  1.077775486825000e+02	-9.211990000000000e-05 -4.868000000000000e-07  0.000000000000000e+00	1.000000000000000e+00	23	0	259
260	-3.020902815047000e+02 -1.874199219233000e+02 -1.894272067752000e+02	-3.449000000000000e-07  2.665000000000000e-07  0.000000000000000e+00	1.000000000000000e+00	27	0	260
261	-1.227165356350000e+01  1.875376606355000e+02 -1.894272067752000e+02	-1.809000000000000e-07  1.398000000000000e-07  0.000000000000000e+00	1.000000000000000e+00	27	0	261
262	-5.856301615395000e+02 -7.337489634050000e+02  2.798700383909000e+02	-5.866000000000000e-07 -1.016000000000000e-06 -1.318250000000000e-05	1.000000000000000e+00	491	0	262
263	-4.963438626635000e+02 -5.791005573320000e+02  4.712069396848000e+02	 6.268400000000000e-06  1.085710000000000e-05 -1.715030000000000e-05	1.000000000000000e+00	491	0	263
268	 8.637884783700001e+00 -1.875220133396000e+02  1.518683640526000e+02	-1.671000000000000e-07 -7.280000000000000e-08  0.000000000000000e+00	1.000000000000000e+00	8039	0	268
269	-1.545917791911000e+02  1.875107730345000e+02  1.518683640526000e+02	7.620000000000001e-08 3.320000000000000e-08 0.000000000000000e+00	1.000000000000000e+00	8039	0	269
270	-3.566512261850000e+02  3.403479836873000e+02 -7.143293087420001e+02	-2.057000000000000e-07  0.000000000000000e+00 -1.794900000000000e-06	1.000000000000000e+00	8039	0	270
273	 5.891619092061001e+02 -2.716515418172000e+02 -2.769559147021000e+02	3.235000000000000e-07 5.603000000000001e-07 1.787880000000000e-05	1.000000000000000e+00	8039	0	273
274	 4.507047545612000e+02 -5.831897420499000e+02  1.468128116702000e+02	-1.517830000000000e-05  2.628960000000000e-05  2.223050000000000e-05	1.000000000000000e+00	8039	0	274
277	 5.470127018922000e+02 -7.500000000000000e+02 -6.793251553319001e+02	0.000000000000000e+00 0.000000000000000e+00 0.000000000000000e+00	1.000000000000000e+00	8039	1	277
278	 5.242356137191000e+02 -5.718833557000000e+01  1.469693845670000e+01	 9.707630000000000e-05 -1.966900000000000e-06  0.000000000000000e+00	1.000000000000000e+00	5009	0	278
279	5.178620816101001e+02 4.072982905737000e+02 1.469693845670000e+01	 9.700420000000001e-05 -4.773100000000000e-06  0.000000000000000e+00	1.000000000000000e+00	5009	0	279
281	-4.049900546351000e+02  6.910882722200000e+02  1.112552380557000e+02	1.862570000000000e-05 0.000000000000000e+00 1.162950000000000e-05	1.000000000000000e+00	8039	0	281
282	 2.822245227194000e+02 -3.035733419026000e+02  9.471360338760000e+01	 8.020300000000000e-06 -4.317400000000000e-06  0.000000000000000e+00	1.000000000000000e+00	8039	0	282
283	 4.710426003581000e+02 -5.238870520280000e+01  9.471360338760000e+01	 6.641900000000000e-06 -7.349000000000000e-06  0.000000000000000e+00	1.000000000000000e+00	8039	0	283
284	 3.542267381913000e+02 -8.650202773700000e+00  3.592584956082000e+02	 1.300910000000000e-04 -1.157300000000000e-06  0.000000000000000e+00	1.000000000000000e+00	8039	0	284
286	 4.477871178680000e+01 -1.597319567246000e+02 -2.568685609973000e+02	 1.345440000000000e-05  2.330370000000000e-05 -4.529090000000000e-05	1.000000000000000e+00	8039	0	286
287	2.557828471133000e+02 2.057379262679000e+02 9.326179802080000e+01	-3.670968000000000e-04 -6.358303000000000e-04  8.398094000000000e-04	1.000000000000000e+00	8039	0	287
290	 7.648418187150000e+01 -3.563049632180000e+02  5.829785587824000e+02	 5.559600000000000e-06 -9.120300000000000e-06  0.000000000000000e+00	1.000000000000000e+00	105	0	290
291	 4.037780048290000e+02 -1.654299044866000e+02  5.829785587824000e+02	 2.150310000000000e-05 -4.001910000000000e-05  0.000000000000000e+00	1.000000000000000e+00	105	0	291
292	 4.656919184060000e+02 -6.091482712906001e+02  2.286190426598000e+02	-1.487946470375061e-05  2.577198512535095e-05  0.000000000000000e+00	7.508468627929688e-02	8039	0	292
297	-2.917130343200000e+00  6.100303579716000e+02 -1.159425144917000e+02	-3.467500000000000e-06  5.323600000000000e-06  0.000000000000000e+00	1.000000000000000e+00	661	0	297
298	-7.093478840815001e+02 -4.583390296000000e+01 -4.164132562731000e+02	 4.934000000000000e-07 -4.074000000000000e-07  0.000000000000000e+00	1.000000000000000e+00	8039	0	298
300	-6.220563031381000e+02  6.680701739645000e+02  1.077775486825000e+02	 1.930000000000000e-08 -8.370000000000000e-08  0.000000000000000e+00	1.000000000000000e+00	23	0	300
301	-6.642452314624001e+02 -6.562083872024000e+02 -1.894272067752000e+02	-1.600000000000000e-07  1.236000000000000e-07  0.000000000000000e+00	1.000000000000000e+00	27	0	301
302	 3.499750782604000e+02  6.562551608852000e+02 -1.894272067752000e+02	-4.300000000000000e-08  3.320000000000000e-08  0.000000000000000e+00	1.000000000000000e+00	27	0	302
305	 2.138085294251000e+02 -6.561486370918000e+02  1.518683640526000e+02	3.828000000000000e-07 1.819000000000000e-07 0.000000000000000e+00	1.000000000000000e+00	8039	0	305
306	-3.515631935982000e+02  6.910882722200000e+02  1.518683640526000e+02	-9.916312500000000e-07 -1.309500000000000e-07  7.377750000000000e-07	5.625000000000000e-01	8039	0	306
307	-7.048130179009000e+02  3.403479836873000e+02 -6.875525253796001e+02	-8.080000000000001e-08  0.000000000000000e+00 -2.185300000000000e-06	1.000000000000000e+00	8039	0	307
313	 4.753851793105000e+02 -6.439444243442000e+02  1.469693845670000e+01	-6.508700000000000e-06  1.106000000000000e-06  0.000000000000000e+00	1.000000000000000e+00	5009	0	313
314	5.554771680993000e+02 6.453775160145000e+02 1.469693845670000e+01	 3.126180000000000e-05 -1.020470000000000e-05  0.000000000000000e+00	1.000000000000000e+00	5009	0	314
315	-5.041208153946000e+02  6.910882722200000e+02  4.798051634860000e+02	-5.346000000000000e-07  0.000000000000000e+00 -1.243650000000000e-05	1.000000000000000e+00	8039	0	315
316	 5.866783619810001e+01 -6.432042500655000e+02  9.471360338760000e+01	-9.523000000000001e-07  1.021400000000000e-06  0.000000000000000e+00	1.000000000000000e+00	8039	0	316
317	 3.345009283469000e+02 -6.549463409984000e+02  3.592584956082000e+02	 1.166720000000000e-05 -1.032700000000000e-06  0.000000000000000e+00	1.000000000000000e+00	8039	0	317
319	-2.677093190064000e+02 -7.009771028156000e+02 -4.810047825024000e+02	-7.200000000000000e-09 -1.240000000000000e-08  1.227000000000000e-07	1.000000000000000e+00	8039	0	319
320	4.832825561878000e+02 5.997789810921000e+02 5.588555807342000e+02	 4.150500000000000e-06  7.188900000000000e-06 -2.885100000000000e-05	1.000000000000000e+00	8039	0	320
322	4.849762539308000e+02 5.733867219303000e+02 3.804874067123000e+02	1.306300000000000e-05 4.885000000000000e-06 0.000000000000000e+00	1.000000000000000e+00	8006	0	322
323	-3.229503327399000e+02 -6.149330108893000e+02  5.829785587824000e+02	-2.746890000000000e-05  4.065030000000000e-05  0.000000000000000e+00	1.000000000000000e+00	105	0	323
328	 5.075639213517000e+02 -1.024515742497000e+02  2.286190426598000e+02	-4.500360000000000e-05  3.264200000000000e-06  0.000000000000000e+00	1.000000000000000e+00	8039	0	328
332	-6.567670184044000e+02  2.218562806770000e+01 -1.159425144917000e+02	-1.980900000000000e-05 -1.730630000000000e-05  0.000000000000000e+00	1.000000000000000e+00	661	0	332
333	-4.843901208764000e+02  2.446578348398000e+02 -1.159425144917000e+02	9.002500000000001e-06 6.437700000000000e-06 0.000000000000000e+00	1.000000000000000e+00	661	0	333
334	-4.662809337563000e+02  2.488510635883000e+02 -4.164132562731000e+02	 5.702000000000001e-07 -4.703000000000000e-07  0.000000000000000e+00	1.000000000000000e+00	8039	0	334
335	-3.854503047535000e+02  3.471446526978000e+02 -4.164132562731000e+02	 3.210750000000000e-07 -2.637000000000000e-07  0.000000000000000e+00	5.625000000000000e-01	8039	0	335
336	-6.278082934231001e+02 -2.977678143402000e+02  1.077775486825000e+02	-1.464822000000000e-04 -4.775300000000000e-06  0.000000000000000e+00	1.000000000000000e+00	23	0	336
337	-6.357685004469000e+02 -3.307249968820000e+01  1.077775486825000e+02	-1.106725000000000e-04 -2.215000000000000e-06  0.000000000000000e+00	1.000000000000000e+00	23	0	337
338	-2.296428281162000e+02 -9.367495033070000e+01 -1.894272067752000e+02	-3.383000000000000e-07  2.615000000000000e-07  0.000000000000000e+00	1.000000000000000e+00	27	0	338
339	-8.472318565770000e+01  9.379585625350001e+01 -1.894272067752000e+02	-2.136000000000000e-07  1.651000000000000e-07  0.000000000000000e+00	1.000000000000000e+00	27	0	339
342	-3.219157655080000e+01 -9.376833878700000e+01  1.518683640526000e+02	-1.494000000000000e-07 -6.510000000000001e-08  0.000000000000000e+00	1.000000000000000e+00	8039	0	342
343	-1.137945132536000e+02  9.375323568330001e+01  1.518683640526000e+02	-1.000000000000000e-10 -1.000000000000000e-10  0.000000000000000e+00	1.000000000000000e+00	8039	0	343
344	-2.840725782268000e+02  3.403479836873000e+02 -7.233374924674000e+02	-1.959000000000000e-07  0.000000000000000e+00 -1.435600000000000e-06	1.000000000000000e+00	8039	0	344
346	 4.300000000000000e+02 -5.473280551918000e+02 -1.496480299100000e+00	0.000000000000000e+00 0.000000000000000e+00 0.000000000000000e+00	1.000000000000000e+00	8039	0	346
349	-1.641310774782000e+02  4.817371573562000e+02 -6.793251553319001e+02	 9.460631250000001e-05 -1.638629437500000e-04  0.000000000000000e+00	5.625000000000000e-01	8039	0	349
350	5.239663944374000e+02 2.556974935820000e+01 1.469693845670000e+01	1.168822000000000e-04 1.975100000000000e-06 0.000000000000000e+00	1.000000000000000e+00	5009	0	350
351	5.162658348935000e+02 3.005199603925000e+02 1.469693845670000e+01	1.569401000000000e-04 2.570100000000000e-06 0.000000000000000e+00	1.000000000000000e+00	5009	0	351
352	-4.098269688138000e+02  6.910882722200000e+02  3.592584956082000e+02	-1.475560000000000e-05  0.000000000000000e+00  0.000000000000000e+00	1.000000000000000e+00	8039	0	352
354	 3.225627797608000e+02 -2.336155678368000e+02  9.471360338760000e+01	 1.171970000000000e-05 -7.419600000000000e-06  0.000000000000000e+00	1.000000000000000e+00	8039	0	354
355	 4.170318499206000e+02 -1.072632228472000e+02  9.471360338760000e+01	 9.688400000000000e-06 -8.602900000000000e-06  0.000000000000000e+00	1.000000000000000e+00	8039	0	355
356	3.548314761496000e+02 9.942904738240000e+01 3.592584956082000e+02	 1.434720000000000e-04 -1.261400000000000e-06  0.000000000000000e+00	1.000000000000000e+00	8039	0	356
358	 1.059386700052000e+02 -5.379980170170001e+01 -1.761181369875000e+02	-3.478360000000000e-05 -6.024700000000000e-05  8.387160000000000e-05	1.000000000000000e+00	8039	0	358
359	2.109075428675000e+02 1.280116193091000e+02 1.212980467880000e+01	-3.919398000000000e-04 -6.788596000000001e-04  8.442339000000000e-04	1.000000000000000e+00	8039	0	359
362	 1.572962619455000e+02 -3.070816545986000e+02  5.829785587824000e+02	 1.234610000000000e-05 -2.040960000000000e-05  0.000000000000000e+00	1.000000000000000e+00	105	0	362
363	 3.199656540225000e+02 -2.110145877423000e+02  5.829785587824000e+02	 2.230850000000000e-05 -3.963440000000000e-05  0.000000000000000e+00	1.000000000000000e+00	105	0	363
364	 4.781052010276000e+02 -4.636804677989000e+02  2.286190426598000e+02	-3.118590000000000e-05  3.837700000000001e-06  0.000000000000000e+00	1.000000000000000e+00	8039	0	364
365	 4.957124396051000e+02 -2.874958656278000e+02  2.286190426598000e+02	-5.689070000000000e-05  4.157000000000000e-06  0.000000000000000e+00	1.000000000000000e+00	8039	0	365
367	5.884849536438001e+02 2.680338152722000e+02 2.286190426598000e+02	-3.661000000000000e-07  2.095000000000000e-07  0.000000000000000e+00	1.000000000000000e+00	8039	0	367
373	-7.488569045568000e+02 -1.959504812718000e+02 -1.159425144917000e+02	-1.775250000000000e-07  5.152500000000000e-08  0.000000000000000e+00	7.500000000000000e-01	661	0	373
374	-1.573301551983000e+02  5.069053004475000e+02 -1.159425144917000e+02	-1.227800000000000e-05  1.732800000000000e-05  0.000000000000000e+00	1.000000000000000e+00	661	0	374
375	-3.152740766551000e+02  3.893127620580000e+02 -1.159425144917000e+02	-9.803400000000000e-06  1.194730000000000e-05  0.000000000000000e+00	1.000000000000000e+00	661	0	375
376	-6.283293838677000e+02  5.239762001490000e+01 -4.164132562731000e+02	 5.093000000000000e-07 -4.202000000000000e-07  0.000000000000000e+00	1.000000000000000e+00	8039	0	376
377	-5.473019254200000e+02  1.506216760012000e+02 -4.164132562731000e+02	 5.507000000000000e-07 -4.543000000000000e-07  0.000000000000000e+00	1.000000000000000e+00	8039	0	377
378	-6.230907691473000e+02 -6.700285826234000e+02  1.077775486825000e+02	-1.861396000000000e-04  1.540900000000000e-05  0.000000000000000e+00	1.000000000000000e+00	23	0	378
379	-6.211018181365000e+02 -5.331626508848000e+02  1.077775486825000e+02	-1.871284000000000e-04 -4.865900000000000e-06  0.000000000000000e+00	1.000000000000000e+00	23	0	379
380	-6.319242889807000e+02  4.464847406783000e+02  1.077775486825000e+02	-3.527950000000000e-05  1.155100000000000e-06  0.000000000000000e+00	1.000000000000000e+00	23	0	380
381	-6.369593428754000e+02  2.125100018495000e+02  1.077775486825000e+02	-7.248510000000000e-05  7.754000000000000e-07  0.000000000000000e+00	1.000000000000000e+00	23	0	381
382	-5.193609604392000e+02 -4.687102237533000e+02 -1.894272067752000e+02	-1.545000000000000e-07  1.193000000000000e-07  0.000000000000000e+00	1.000000000000000e+00	27	0	382
383	-3.745269444180000e+02 -2.811732327128000e+02 -1.894272067752000e+02	-3.179000000000000e-07  2.456000000000000e-07  0.000000000000000e+00	1.000000000000000e+00	27	0	383
384	 2.050770617492000e+02  4.687676321090000e+02 -1.894272067752000e+02	-1.064000000000000e-07  8.220000000000001e-08  0.000000000000000e+00	1.000000000000000e+00	27	0	384
385	 6.017749131270000e+01  2.812813127885000e+02 -1.894272067752000e+02	-1.698000000000000e-07  1.313000000000000e-07  0.000000000000000e+00	1.000000000000000e+00	27	0	385
388	5.483567781676001e+02 1.610576798330000e+01 9.471360338760000e+01	 6.519900000000000e-06 -7.706900000000001e-06  0.000000000000000e+00	1.000000000000000e+00	8039	0	388
390	 1.311838905165000e+02 -4.688012263669000e+02  1.518683640526000e+02	-3.932000000000000e-07 -1.719000000000000e-07  0.000000000000000e+00	1.000000000000000e+00	8039	0	390
391	 4.946274886170000e+01 -2.812776815804000e+02  1.518683640526000e+02	-2.102000000000000e-07 -9.150000000000001e-08  0.000000000000000e+00	1.000000000000000e+00	8039	0	391
392	-2.772674095567000e+02  4.686545239781000e+02  1.518683640526000e+02	3.770000000000000e-08 1.800000000000000e-08 0.000000000000000e+00	1.000000000000000e+00	8039	0	392
393	-1.954009827977000e+02  2.812631192602000e+02  1.518683640526000e+02	1.126000000000000e-07 4.910000000000000e-08 0.000000000000000e+00	1.000000000000000e+00	8039	0	393
394	-5.642500589231000e+02  3.403479836873000e+02 -6.951258060723001e+02	-1.578000000000000e-07  0.000000000000000e+00 -2.258200000000000e-06	1.000000000000000e+00	8039	0	394
395	-4.271082930523000e+02  3.403479836873000e+02 -7.067470430373000e+02	-2.056000000000000e-07  0.000000000000000e+00 -2.071900000000000e-06	1.000000000000000e+00	8039	0	395
400	 5.075626510568000e+02 -6.816705075918001e+02 -4.821644984997000e+02	-5.357900000000000e-06  9.280200000000000e-06  3.731400000000000e-06	1.000000000000000e+00	8039	0	400
401	 4.333821494539000e+02 -5.531861098848000e+02 -2.637034088189000e+02	-4.523006249999999e-06  7.834050000000000e-06  4.375856250000000e-06	5.625000000000000e-01	8039	0	401
402	-4.621453579249000e+02  6.485375992839000e+02 -6.793251553319001e+02	-1.080810000000000e-05 -2.344270000000000e-05  0.000000000000000e+00	1.000000000000000e+00	8039	0	402
403	-3.932677196857000e+02  6.156994428899001e+02 -6.793251553319001e+02	-1.232540000000000e-05 -2.519730000000000e-05  0.000000000000000e+00	1.000000000000000e+00	8039	0	403
406	 4.973969341014000e+02 -4.289964942682000e+02  1.469693845670000e+01	 2.417500000000000e-05 -2.423700000000000e-06  0.000000000000000e+00	1.000000000000000e+00	5009	0	406
407	 5.174846705996000e+02 -1.658807501781000e+02  1.469693845670000e+01	 7.602340000000000e-05 -4.471900000000000e-06  0.000000000000000e+00	1.000000000000000e+00	5009	0	407
408	5.446510753686000e+02 6.022136793317001e+02 1.469693845670000e+01	 3.580350000000000e-05 -6.367400000000000e-06  0.000000000000000e+00	1.000000000000000e+00	5009	0	408
409	5.270517638447000e+02 5.017453870665000e+02 1.469693845670000e+01	 5.829870000000000e-05 -6.721400000000001e-06  0.000000000000000e+00	1.000000000000000e+00	5009	0	409
412	 1.665034640239000e+02 -5.267181824303000e+02  9.471360338760000e+01	-5.286000000000000e-07  3.983000000000000e-07  0.000000000000000e+00	1.000000000000000e+00	8039	0	412
413	 2.472068128352000e+02 -3.771584797274000e+02  9.471360338760000e+01	 8.743000000000000e-07 -4.050000000000000e-07  0.000000000000000e+00	1.000000000000000e+00	8039	0	413
414	 3.484396483800000e+02 -4.058556916610000e+02  3.592584956082000e+02	 5.446340000000000e-05 -1.669100000000000e-06  0.000000000000000e+00	1.000000000000000e+00	8039	0	414
415	 3.524879228851000e+02 -1.414994803712000e+02  3.592584956082000e+02	 1.015703000000000e-04 -1.037500000000000e-06  0.000000000000000e+00	1.000000000000000e+00	8039	0	415
416	-8.132625707990000e+01  6.910882722200000e+02  3.592584956082000e+02	0.000000000000000e+00 0.000000000000000e+00 0.000000000000000e+00	1.000000000000000e+00	8039	0	416
418	-1.457294150379000e+02 -4.897017116399000e+02 -4.279548003510000e+02	 9.510000000000000e-08  1.648000000000000e-07 -5.502000000000000e-07	1.000000000000000e+00	8039	0	418
419	-1.885915532880000e+01 -2.699559758543000e+02 -3.253100834338000e+02	 7.607600000000001e-06  1.317670000000000e-05 -3.092550000000000e-05	1.000000000000000e+00	8039	0	419
420	3.733411438392000e+02 4.093548690485000e+02 4.414443368295000e+02	 1.121883000000000e-04  1.943158000000000e-04 -3.031177000000000e-04	1.000000000000000e+00	8039	0	420
421	3.142503269682000e+02 3.070065719671000e+02 1.908759871463000e+02	2.273080000000000e-05 3.937090000000000e-05 8.007393000000001e-04	1.000000000000000e+00	8039	0	421
424	4.522573631093000e+02 6.615128793857000e+02 3.804874067123000e+02	1.205600000000000e-06 4.162000000000000e-07 0.000000000000000e+00	1.000000000000000e+00	8006	0	424
426	-1.656699931126000e+02 -5.078797530882000e+02  5.829785587824000e+02	-1.564210000000000e-05  2.355240000000000e-05  0.000000000000000e+00	1.000000000000000e+00	105	0	426
427	-4.413629767900000e+00 -4.057227017905000e+02  5.829785587824000e+02	-1.540500000000000e-06  2.453600000000000e-06  0.000000000000000e+00	1.000000000000000e+00	105	0	427
428	 6.391828401415000e+02 -2.558571105060000e+01  5.829785587824000e+02	 3.057540000000000e-05 -4.998960000000000e-05  0.000000000000000e+00	1.000000000000000e+00	105	0	428
429	 4.879684895559000e+02 -1.207652320472000e+02  5.829785587824000e+02	 3.382540000000000e-05 -5.606930000000000e-05  0.000000000000000e+00	1.000000000000000e+00	105	0	429
430	-2.379041948937000e+02  5.497760743247001e+02 -4.164132562731000e+02	-1.239500000000000e-06  4.968000000000001e-07  0.000000000000000e+00	1.000000000000000e+00	8039	0	430
431	-3.046991572872000e+02  4.454104835363000e+02 -4.164132562731000e+02	 1.325250000000000e-07 -1.079437500000000e-07  0.000000000000000e+00	5.625000000000000e-01	8039	0	431
432	-2.483600112548000e+02  6.910882722200000e+02 -3.867924749317000e+02	 4.175116000000000e-04  0.000000000000000e+00 -3.862067000000000e-04	1.000000000000000e+00	8039	0	432
433	-4.404888398345000e+02  6.910882722200000e+02 -1.613731104400000e+01	3.311190000000000e-05 0.000000000000000e+00 2.529692000000000e-04	1.000000000000000e+00	8039	0	433
434	6.622374691912000e+02 1.119428467895000e+02 9.471360338760000e+01	-1.924030000000000e-05  2.592940000000000e-05  0.000000000000000e+00	1.000000000000000e+00	8039	0	434
436	 4.902429695073000e+02  4.516444252442000e+02 -6.469180180032000e+02	 1.087000000000000e-07 -1.882000000000000e-07 -9.556000000000000e-07	1.000000000000000e+00	0	0	436
438	5.121036121053000e+02 6.496985142690000e+02 5.742260861140001e+02	 3.080200000000000e-06  5.335000000000001e-06 -2.760520000000000e-05	1.000000000000000e+00	8039	0	438
439	 1.342994014968000e+02 -4.677573818400000e+00 -1.295773241122000e+02	-1.694121000000000e-04 -2.934303000000000e-04  3.790112000000000e-04	1.000000000000000e+00	8039	0	439
440	 1.873223662995000e+02  8.716089518780001e+01 -3.217234046650000e+01	-3.564443000000000e-04 -6.173796000000000e-04  7.596073000000000e-04	1.000000000000000e+00	8039	0	440
441	-1.141986565887000e+02 -4.350888360047000e+02 -4.055515736252000e+02	 5.952000000000000e-07  1.030900000000000e-06 -3.121900000000000e-06	1.000000000000000e+00	8039	0	441
442	-5.083682269930000e+01 -3.253429204475000e+02 -3.546523693900000e+02	 5.094100000000000e-06  8.823300000000001e-06 -2.315840000000000e-05	1.000000000000000e+00	8039	0	442
444	5.700127018922000e+02 7.500000000000000e+02 3.592584956082000e+02	 0.000000000000000e+00 -0.000000000000000e+00  0.000000000000000e+00	1.000000000000000e+00	8039	1	444
445	-2.391557567973000e+02 -6.515208823324000e+02 -4.732240915720000e+02	-1.900000000000000e-08 -3.290000000000000e-08  2.483000000000000e-07	1.000000000000000e+00	8039	0	445
446	-1.773161666080000e+02 -5.444115702054000e+02 -4.468611944242000e+02	-3.200000000000000e-09 -5.600000000000001e-09  2.950000000000000e-08	1.000000000000000e+00	8039	0	446
447	4.548601576649000e+02 5.505499427775001e+02 5.385600317413000e+02	 5.422700000000001e-06  9.392300000000000e-06 -2.721730000000000e-05	1.000000000000000e+00	8039	0	447
448	3.998416022945000e+02 4.552550095170000e+02 4.805115841889000e+02	 4.195330000000000e-05  7.266520000000000e-05 -1.144066000000000e-04	1.000000000000000e+00	8039	0	448
449	 7.629691655140000e+01 -1.051408247090000e+02 -2.180780493445000e+02	 1.524240000000000e-05  2.640060000000000e-05 -4.539640000000000e-05	1.000000000000000e+00	8039	0	449
450	 1.297602588680000e+01 -2.148158245206000e+02 -2.925110078511000e+02	 1.046900000000000e-05  1.813280000000000e-05 -3.889180000000000e-05	1.000000000000000e+00	8039	0	450
451	2.340171284071000e+02 1.680385956056000e+02 5.462313386640000e+01	-3.945734000000000e-04 -6.834212000000000e-04  8.720881000000001e-04	1.000000000000000e+00	8039	0	451
452	2.777000395856000e+02 2.436996171893000e+02 1.308207077927000e+02	-3.151780000000000e-04 -5.459044000000000e-04  7.559891000000000e-04	1.000000000000000e+00	8039	0	452
453	 3.291627939892000e+02 -7.021545504967000e+02  3.592584956082000e+02	 3.429800000000000e-06 -4.022000000000000e-07  0.000000000000000e+00	1.000000000000000e+00	8039	0	453
455	-3.765493704712000e+02 -3.716104103880000e+02  6.348767895952001e+02	 5.608100000000001e-06  9.713500000000001e-06 -1.961080000000000e-05	1.000000000000000e+00	491	0	455
459	 3.392304939465000e+02 -5.956324219896001e+02  3.592584956082000e+02	 2.187440000000000e-05 -1.495700000000000e-06  0.000000000000000e+00	1.000000000000000e+00	8039	0	459
460	3.557156842347000e+02 1.493484654204000e+02 3.592584956082000e+02	 1.201838000000000e-04 -2.325000000000000e-07  0.000000000000000e+00	1.000000000000000e+00	8039	0	460
465	 4.262650233430000e+01  6.384249990518000e+02 -1.159425144917000e+02	-3.730000000000000e-08  5.150000000000000e-08  0.000000000000000e+00	1.000000000000000e+00	661	0	465
468	-6.435269314253001e+02  9.066915038190000e+01  6.580962442277000e+02	-7.992240000000000e-05 -3.324300000000000e-06  0.000000000000000e+00	1.000000000000000e+00	1105	0	468
471	 3.459556740815000e+02 -4.734682328312000e+02  3.592584956082000e+02	 4.273310000000000e-05 -1.794000000000000e-06  0.000000000000000e+00	1.000000000000000e+00	8039	0	471
479	7.497715736864001e+02 5.715767664980000e+01 6.580962442277000e+02	 1.570798828125000e-06 -1.803800390625000e-06  0.000000000000000e+00	3.164062500000000e-01	1105	0	479
483	 5.033968035619000e+02 -3.692169450605000e+02  1.469693845670000e+01	 3.683240000000000e-05 -3.127500000000000e-06  0.000000000000000e+00	1.000000000000000e+00	5009	0	483
484	-5.637936177098001e+02  1.012036039855000e+02  6.580962442277000e+02	-5.825080000000000e-05  2.079610000000000e-05  0.000000000000000e+00	1.000000000000000e+00	1105	0	484
486	-3.698961086365000e+02 -6.457902629857000e+02  5.829785587824000e+02	-2.963710000000000e-05  4.634960000000000e-05  0.000000000000000e+00	1.000000000000000e+00	105	0	486
487	5.196768298082001e+02 6.628157121071000e+02 2.286190426598000e+02	-6.557369238281250e-06 -1.135770342407227e-05  0.000000000000000e+00	1.334838867187500e-01	8039	0	487
488	 4.621098978464000e+02  5.003723347338000e+02 -6.602255690471001e+02	 5.740000000000000e-08 -9.950000000000000e-08 -4.597000000000000e-07	1.000000000000000e+00	0	0	488
490	5.040733635420000e+02 5.334925407192001e+02 3.804874067123000e+02	1.244660000000000e-05 8.116200000000000e-06 0.000000000000000e+00	1.000000000000000e+00	8006	0	490
491	-5.208231161874000e+02 -6.214998681667000e+02  4.308119023745000e+02	 2.477800000000000e-06  4.291700000000000e-06 -1.804030000000000e-05	1.000000000000000e+00	491	0	491
494	 7.970952243000000e+00 -6.862470946042000e+02  9.471360338760000e+01	 1.619900000000000e-06 -1.755100000000000e-06  0.000000000000000e+00	1.000000000000000e+00	8039	0	494
495	 5.132353683462001e+02 -2.435306361894000e+02  1.469693845670000e+01	 6.106370000000000e-05 -3.850800000000000e-06  0.000000000000000e+00	1.000000000000000e+00	5009	0	495
496	 3.414039707179000e+02 -7.007808792572000e+02 -2.938710145400000e+00	1.365900000000000e-05 2.365800000000000e-05 1.304486000000000e-04	1.000000000000000e+00	8039	0	496
497	-4.723668095544000e+02 -5.375710831312000e+02  5.076942037887000e+02	 7.353800000000001e-06  1.273720000000000e-05 -2.005580000000000e-05	1.000000000000000e+00	491	0	497
499	 5.031837627919000e+02 -4.205700597471000e+02 -2.691998674463000e+02	1.410000000000000e-08 2.450000000000000e-08 5.636000000000000e-07	1.000000000000000e+00	8039	0	499
501	-4.917896066243000e+02  1.052594314039000e+02  6.580962442277000e+02	-2.152810000000000e-05  3.747100000000000e-05  0.000000000000000e+00	1.000000000000000e+00	1105	0	501
503	-4.245453606086000e+02  1.057249133087000e+02  6.580962442277000e+02	2.672500000000000e-06 5.002980000000000e-05 0.000000000000000e+00	1.000000000000000e+00	1105	0	503
505	5.313133597146000e+02 1.199552813207000e+02 2.286190426598000e+02	-5.929000000000000e-07  3.660000000000000e-08  0.000000000000000e+00	1.000000000000000e+00	8039	0	505
507	-5.690776252827001e+02 -7.050791296141000e+02  3.293208558628000e+02	-2.882600000000000e-06 -4.992800000000000e-06 -2.337520000000000e-05	1.000000000000000e+00	491	0	507
512	 9.219212997530001e+01  6.682689111194001e+02 -1.159425144917000e+02	 3.255900000000000e-06 -5.566800000000000e-06  0.000000000000000e+00	1.000000000000000e+00	661	0	512
519	-3.543342113064000e+02  1.033607754727000e+02  6.580962442277000e+02	-5.738200000000000e-06  6.423120000000000e-05  0.000000000000000e+00	1.000000000000000e+00	1105	0	519
521	-5.942695146389000e+02 -7.487127619176000e+02  2.420925285703000e+02	 2.638125000000000e-07  4.569750000000000e-07 -1.431787500000000e-06	5.625000000000000e-01	491	0	521
523	 4.972202054080000e+01  6.910882722200000e+02 -6.306955036782000e+02	-4.155000000000000e-07  0.000000000000000e+00 -1.008200000000000e-06	1.000000000000000e+00	8039	0	523
527	5.188720023427001e+02 2.215925292428000e+02 1.469693845670000e+01	1.445321000000000e-04 3.673100000000000e-06 0.000000000000000e+00	1.000000000000000e+00	5009	0	527
529	-3.515153111873000e+02 -3.282501477886000e+02  6.610619631918000e+02	 4.268200000000000e-06  7.392700000000000e-06 -1.728500000000000e-05	1.000000000000000e+00	491	0	529
530	-5.357801659815000e+02  6.910882722200000e+02  5.161125463051001e+02	-4.360500000000000e-06  0.000000000000000e+00 -5.008000000000000e-06	1.000000000000000e+00	8039	0	530
531	5.370117715796000e+02 6.928407120015000e+02 5.837527387101001e+02	 1.974100000000000e-06  3.419300000000000e-06 -2.869030000000000e-05	1.000000000000000e+00	8039	0	531
535	 4.338113452871000e+02  5.493868655472000e+02 -6.751353663468000e+02	-8.491500000000002e-07  1.470750000000000e-06  5.652900000000001e-06	7.500000000000000e-01	0	0	535
537	-2.886254108444000e+02  9.879304876910000e+01  6.580962442277000e+02	3.630100000000000e-06 7.820270000000000e-05 0.000000000000000e+00	1.000000000000000e+00	1105	0	537
538	-6.373868307230000e+02  1.517200021109000e+02  1.077775486825000e+02	-8.217450000000000e-05  2.072000000000000e-07  0.000000000000000e+00	1.000000000000000e+00	23	0	538
540	-7.104180472797000e+02 -6.582648825445000e+02 -1.159425144917000e+02	3.776900000000000e-06 4.846900000000000e-06 0.000000000000000e+00	1.000000000000000e+00	661	0	540
545	-2.251009905938000e+02  9.249278016530000e+01  6.580962442277000e+02	5.465100000000000e-06 9.363210000000001e-05 0.000000000000000e+00	1.000000000000000e+00	1105	0	545
547	-6.301696179229000e+02 -2.263765051212000e+02  1.077775486825000e+02	-1.370112000000000e-04 -4.561500000000000e-06  0.000000000000000e+00	1.000000000000000e+00	23	0	547
553	5.217925661437000e+02 8.771190574460000e+01 1.469693845670000e+01	1.282698000000000e-04 4.534600000000000e-06 0.000000000000000e+00	1.000000000000000e+00	5009	0	553
560	-7.316794310624000e+02 -6.166594726149000e+02 -1.159425144917000e+02	3.538900000000000e-06 3.407600000000000e-06 0.000000000000000e+00	1.000000000000000e+00	661	0	560
566	-6.343217548407000e+02 -9.494887091690001e+01  1.077775486825000e+02	-1.194516000000000e-04 -3.180300000000000e-06  0.000000000000000e+00	1.000000000000000e+00	23	0	566
567	-6.367616651459000e+02  2.809803942100000e+01  1.077775486825000e+02	-1.015627000000000e-04 -1.301200000000000e-06  0.000000000000000e+00	1.000000000000000e+00	23	0	567
568	-1.612636277742000e+02  8.473047989280001e+01  6.580962442277000e+02	1.177600000000000e-05 1.101488000000000e-04 0.000000000000000e+00	1.000000000000000e+00	1105	0	568
571	-5.348573876771001e+02  1.925769115266000e+02 -1.159425144917000e+02	3.903100000000000e-06 2.994000000000000e-06 0.000000000000000e+00	1.000000000000000e+00	661	0	571
572	-3.674805328268000e+02  6.910882722200000e+02  1.518683640526000e+02	 1.981237500000000e-06 -3.218625000000000e-07 -2.088787500000000e-06	5.625000000000000e-01	8039	0	572
582	-4.164572029563000e+02 -6.744883070808000e+02  5.829785587824000e+02	-3.094630000000000e-05  5.173970000000000e-05  0.000000000000000e+00	1.000000000000000e+00	105	0	582
583	-9.828140306330000e+01  7.617682971360000e+01  6.580962442277000e+02	1.806110000000000e-05 1.273634000000000e-04 0.000000000000000e+00	1.000000000000000e+00	1105	0	583
585	 4.050886364525000e+02  5.991360565798000e+02 -6.923197145360000e+02	-2.638300000000000e-06  4.569700000000000e-06  2.237000000000000e-06	1.000000000000000e+00	0	0	585
589	 1.428272474323000e+02  6.972351294167000e+02 -1.159425144917000e+02	 6.051100000000000e-06 -1.097950000000000e-05  0.000000000000000e+00	1.000000000000000e+00	661	0	589
595	5.324401402845000e+02 4.912819134017000e+02 3.804874067123000e+02	6.958000000000000e-06 5.455100000000001e-06 0.000000000000000e+00	1.000000000000000e+00	8006	0	595
598	 9.623205046960000e+01  6.910882722200000e+02 -6.585261042778001e+02	-1.976700000000000e-06  0.000000000000000e+00 -3.413000000000000e-06	1.000000000000000e+00	8039	0	598
600	-3.640981065630000e+01  6.708845512810001e+01  6.580962442277000e+02	2.359980000000000e-05 1.449854000000000e-04 0.000000000000000e+00	1.000000000000000e+00	1105	0	600
602	-4.345544493427000e+02  6.910882722200000e+02  4.732918547590000e+01	4.460500000000000e-05 0.000000000000000e+00 2.274990000000000e-05	1.000000000000000e+00	8039	0	602
610	-5.688856964879001e+02  6.910882722200000e+02  5.528198264440000e+02	-3.071000000000000e-06  0.000000000000000e+00 -3.384900000000000e-06	1.000000000000000e+00	8039	0	610
611	-6.258191596273000e+02 -3.597753430701000e+02  1.077775486825000e+02	-1.569206000000000e-04 -4.741400000000000e-06  0.000000000000000e+00	1.000000000000000e+00	23	0	611
615	 4.300000000000000e+02 -5.473280551918000e+02 -2.606506917860000e+02	0.000000000000000e+00 0.000000000000000e+00 0.000000000000000e+00	1.000000000000000e+00	8039	0	615
616	-3.253878397876000e+02 -2.829960398511000e+02  6.846798667274001e+02	 3.041800000000000e-06  5.268500000000000e-06 -1.437090000000000e-05	1.000000000000000e+00	491	0	616
618	2.386987750940000e+01 5.742023172230000e+01 6.580962442277000e+02	2.973740000000000e-05 1.625608000000000e-04 0.000000000000000e+00	1.000000000000000e+00	1105	0	618
620	 3.759255373307000e+02  6.496480259648000e+02 -7.065997006750000e+02	-4.150005695343018e-06  7.188022203826904e-06  3.153331569671631e-07	7.508468627929688e-02	0	0	620
625	-6.165932846212000e+02  8.775738116780001e+01 -1.159425144917000e+02	-1.497070000000000e-05 -1.092340000000000e-05  0.000000000000000e+00	1.000000000000000e+00	661	0	625
627	 5.231687205613000e+02 -6.918980773957001e+02  2.286190426598000e+02	2.079600000000000e-06 1.680900000000000e-06 0.000000000000000e+00	1.000000000000000e+00	8039	0	627
630	-3.329847853437000e+02  6.910882722200000e+02  1.808217119030000e+02	-4.438300000000000e-06  0.000000000000000e+00 -2.782100000000000e-06	1.000000000000000e+00	8039	0	630
631	8.266224512770000e+01 4.691511751720000e+01 6.580962442277000e+02	3.722120000000000e-05 1.798227000000000e-04 0.000000000000000e+00	1.000000000000000e+00	1105	0	631
639	 1.465503235225000e+02  6.910882722200000e+02 -6.846889843634000e+02	-7.335000000000000e-07  0.000000000000000e+00 -1.468500000000000e-06	1.000000000000000e+00	8039	0	639
646	 3.500838360067000e+02 -3.412959167677000e+02  3.592584956082000e+02	 6.598380000000000e-05 -1.314800000000000e-06  0.000000000000000e+00	1.000000000000000e+00	8039	0	646
647	 3.517637530407000e+02 -2.120042616795000e+02  3.592584956082000e+02	 8.933730000000001e-05 -9.353000000000001e-07  0.000000000000000e+00	1.000000000000000e+00	8039	0	647
655	 1.952782189573000e+02  7.248651089052000e+02 -1.159425144917000e+02	 6.613000000000000e-06 -1.330150000000000e-05  0.000000000000000e+00	1.000000000000000e+00	661	0	655
660	-4.639851926924000e+02 -7.021159391700000e+02  5.829785587824000e+02	-3.107190000000000e-05  5.607670000000000e-05  0.000000000000000e+00	1.000000000000000e+00	105	0	660
664	1.413431464777000e+02 3.505139156840000e+01 6.580962442277000e+02	4.470180000000000e-05 1.971986000000000e-04 0.000000000000000e+00	1.000000000000000e+00	1105	0	664
681	 3.359808705216000e+02  7.188342183695000e+02 -7.312847802099001e+02	-1.563358901309967e-06  2.707824092102051e-06 -4.993995111465454e-07	5.631351470947266e-02	0	0	681
683	-7.339722544112001e+02 -1.446550554142000e+02 -1.159425144917000e+02	-1.561200000000000e-06  3.484400000000000e-06  0.000000000000000e+00	1.000000000000000e+00	661	0	683
688	-6.045430466640000e+02  6.910882722200000e+02  5.912763924734001e+02	-7.865000000000000e-07  0.000000000000000e+00 -2.438600000000000e-06	1.000000000000000e+00	8039	0	688
689	2.006950663731000e+02 2.141022981370000e+01 6.580962442277000e+02	5.075380000000000e-05 2.149899000000000e-04 0.000000000000000e+00	1.000000000000000e+00	1105	0	689
696	 4.690727218929000e+02 -4.796521156832000e+02 -2.659086613420000e+02	4.078476562500000e-08 7.062187500000001e-08 1.447495312500000e-06	3.164062500000000e-01	8039	0	696
703	2.604255848517000e+02 6.023941967200000e+00 6.580962442277000e+02	6.081950000000000e-05 2.311602000000000e-04 0.000000000000000e+00	1.000000000000000e+00	1105	0	703
707	 3.531339928908000e+02 -7.789209005370000e+01  3.592584956082000e+02	 1.103578000000000e-04 -1.438500000000000e-06  0.000000000000000e+00	1.000000000000000e+00	8039	0	707
708	 4.240463543309000e+02 -5.473280551918000e+02 -2.581445976544000e+02	-5.596593750000000e-07  0.000000000000000e+00 -1.192052636718750e-06	2.373046875000000e-01	8039	0	708
710	 3.246401097698000e+02 -1.193193901080000e+01  6.580962442277000e+02	7.242010000000001e-05 2.462498000000000e-04 0.000000000000000e+00	1.000000000000000e+00	1105	0	710
712	-3.341143404378000e+02  6.910882722200000e+02  2.133648580571000e+02	-5.390000000000000e-06  0.000000000000000e+00 -8.196400000000000e-06	1.000000000000000e+00	8039	0	712
714	 4.389299043314000e+02 -4.288677416270000e+01  6.580962442277000e+02	1.328214000000000e-04 2.490610000000000e-04 0.000000000000000e+00	1.000000000000000e+00	1105	0	714
715	 5.017778484981000e+02 -5.411853538780000e+01  6.580962442277000e+02	1.729325000000000e-04 2.274226000000000e-04 0.000000000000000e+00	1.000000000000000e+00	1105	0	715
717	 5.522135984832000e+02 -5.396862208950000e+01  6.580962442277000e+02	1.670771000000000e-04 1.912549000000000e-04 0.000000000000000e+00	1.000000000000000e+00	1105	0	717
718	-5.441958773073001e+02  6.848606690305000e+02 -6.793251553319001e+02	-7.941900000000001e-06 -1.794580000000000e-05  0.000000000000000e+00	1.000000000000000e+00	8039	0	718
720	 6.076418398173000e+02 -4.000124184870000e+01  6.580962442277000e+02	8.147220000000001e-05 1.140674000000000e-04 0.000000000000000e+00	1.000000000000000e+00	1105	0	720
722	 1.998256905173000e+02  6.910882722200000e+02 -7.087119479049001e+02	-1.217000000000000e-07  0.000000000000000e+00 -3.062000000000000e-07	1.000000000000000e+00	8039	0	722
724	-6.215298273508000e+02  7.159608976225001e+02 -6.793251553319001e+02	-1.793800000000000e-05 -6.501900000000000e-06  0.000000000000000e+00	1.000000000000000e+00	8039	0	724
728	 4.860403959132000e+02 -6.443928681897000e+02 -4.039661898838000e+02	-4.484320000000000e-05  7.767070000000000e-05  1.308592000000000e-04	1.000000000000000e+00	8039	0	728
729	6.870054439821000e+02 2.498750999200000e+00 6.580962442277000e+02	-3.100480000000000e-05 -6.119300000000000e-06  0.000000000000000e+00	1.000000000000000e+00	1105	0	729
733	5.855198086836000e+02 4.336911215629000e+02 3.804874067123000e+02	1.930800000000000e-06 2.074700000000000e-06 0.000000000000000e+00	1.000000000000000e+00	8006	0	733
737	-6.434737156453000e+02  6.910882722200000e+02  6.324468309824000e+02	-3.309500000000000e-06  0.000000000000000e+00  4.047500000000000e-06	1.000000000000000e+00	8039	0	737
740	-2.982343481252000e+02 -2.359648126889000e+02  7.055038653791000e+02	 1.928100000000000e-06  3.339600000000000e-06 -1.076930000000000e-05	1.000000000000000e+00	491	0	740
745	-7.341240572323001e+02  7.493366243165000e+02 -6.793251553319001e+02	-3.221700000000000e-06 -1.244300000000000e-06  0.000000000000000e+00	1.000000000000000e+00	8039	0	745
746	-9.042850777670000e+01  6.910882722200000e+02 -5.153275629347000e+02	 2.935460000000000e-05  0.000000000000000e+00 -5.561100000000000e-06	1.000000000000000e+00	8039	0	746
747	6.155639068935001e+02 4.078220358161000e+02 3.804874067123000e+02	5.481400000000001e-06 7.535300000000001e-06 0.000000000000000e+00	1.000000000000000e+00	8006	0	747
753	5.747419754445000e+02 4.092582060441000e+02 2.286190426598000e+02	-1.561652314453125e-05 -2.510553076171875e-05  0.000000000000000e+00	2.373046875000000e-01	8039	0	753
755	-2.754146470653000e+02  5.559366739862000e+02 -6.793251553319001e+02	 1.259130000000000e-05 -3.349190000000000e-05  0.000000000000000e+00	1.000000000000000e+00	8039	0	755
771	6.572418793732000e+02 3.791592236412000e+02 3.804874067123000e+02	-4.946100000000000e-06 -6.818300000000000e-06  0.000000000000000e+00	1.000000000000000e+00	8006	0	771
776	 2.560622026302000e+02  6.910882722200000e+02 -7.297512024912000e+02	-4.773000000000000e-07  0.000000000000000e+00 -1.301000000000000e-06	1.000000000000000e+00	8039	0	776
805	-1.119079219321000e+02  3.912839986188000e+02 -7.285523125159000e+02	 3.591637031250000e-05 -6.220897031250001e-05 -7.465339687500000e-05	4.218750000000000e-01	8039	0	805
828	-1.440338299970000e+02  3.403479836873000e+02 -7.446438986605000e+02	3.527890136718750e-06 0.000000000000000e+00 8.410552734375001e-07	2.373046875000000e-01	8039	0	828
864	-2.700394065241000e+02 -1.871297413194000e+02  7.232728222977000e+02	 9.297000000000001e-07  1.610300000000000e-06 -6.253300000000000e-06	1.000000000000000e+00	491	0	864
865	 4.026569114934000e+02 -5.473280551918000e+02 -2.233248004140000e+02	-1.138480000000000e-05  0.000000000000000e+00  7.439000000000000e-07	1.000000000000000e+00	8039	0	865
909	-1.272672889664000e+02  6.910882722200000e+02  3.592584956082000e+02	0.000000000000000e+00 0.000000000000000e+00 0.000000000000000e+00	4.218750000000000e-01	8039	0	909
1000	-3.547587906309000e+02  6.910882722200000e+02  2.680855394023000e+02	-3.467000000000000e-06  0.000000000000000e+00 -1.611910000000000e-05	1.000000000000000e+00	8039	0	1000
1002	7.046119456238000e+02 3.438899128979000e+02 3.804874067123000e+02	-8.612400000000001e-06 -1.066320000000000e-05  0.000000000000000e+00	1.000000000000000e+00	8006	0	1002
1003	-4.386565353920000e+02  6.910882722200000e+02  3.986433625750000e+02	-1.787570000000000e-05  0.000000000000000e+00  4.472800000000000e-06	1.000000000000000e+00	8039	0	1003
1011	6.937565445067000e+02 2.758177556872000e+02 1.569427011959000e+02	 4.273785000000000e-05 -7.402417500000000e-05  1.417614750000000e-04	7.500000000000000e-01	8039	0	1011
1012	 3.886401462224000e+02 -5.473280551918000e+02 -1.694425542019000e+02	-2.743650000000000e-05  0.000000000000000e+00  2.210230000000000e-05	1.000000000000000e+00	8039	0	1012
1014	-3.323062876509000e+02  6.208259772290000e+02  1.518683640526000e+02	-1.164500000000000e-06 -4.360000000000000e-07  0.000000000000000e+00	1.000000000000000e+00	8039	0	1014
1015	-3.577057595021000e+02  6.863352190798000e+02  1.518683640526000e+02	-6.643000000000000e-07  5.842000000000001e-07  0.000000000000000e+00	1.000000000000000e+00	8039	0	1015
1020	-3.621198783779000e+02  6.864185825347000e+02  1.518683640526000e+02	-2.584300000000000e-06  2.968400000000000e-06  0.000000000000000e+00	1.000000000000000e+00	8039	0	1020
1081	-5.163785961662001e+02 -7.274871146836000e+02  5.829785587824000e+02	-1.750720000000000e-05  4.208460000000000e-05  0.000000000000000e+00	1.000000000000000e+00	105	0	1081
1396	-4.193447511244000e+02  6.910882722200000e+02 -1.006547481403000e+02	-4.759350000000000e-05  0.000000000000000e+00  2.460783000000000e-04	1.000000000000000e+00	8039	0	1396
1705	 3.914596219653000e+02 -5.473280551918000e+02 -1.118384186667000e+02	-2.223870000000000e-05  0.000000000000000e+00  6.386190000000000e-05	1.000000000000000e+00	8039	0	1705
1759	5.294749963729000e+02 6.797866344182000e+02 2.396822880409000e+02	4.669600000000000e-05 8.087980000000000e-05 6.273790000000000e-05	1.000000000000000e+00	8039	0	1759
1801	-2.409276565288000e+02 -1.367067112302000e+02  7.374257450187000e+02	 3.940000000000000e-08  6.820000000000000e-08 -3.687000000000000e-07	1.000000000000000e+00	491	0	1801
1886	3.265573526346000e+02 3.283229657114000e+02 3.592584956082000e+02	1.374258000000000e-04 2.380284000000000e-04 0.000000000000000e+00	1.000000000000000e+00	8039	0	1886
2264	6.396546414173000e+02 3.695250006242000e+02 2.286190426598000e+02	 3.730233937500000e-04 -6.460954875000000e-04  0.000000000000000e+00	4.218750000000000e-01	8039	0	2264
2820	-7.154137621094001e+02  7.243615385610001e+01  6.580962442277000e+02	1.579270000000000e-05 7.147200000000000e-06 0.000000000000000e+00	1.000000000000000e+00	1105	0	2820
2827	6.392768254248000e+02 3.701793971191000e+02 2.231576004397000e+02	 1.628776223437500e-03 -2.821123181250000e-03  2.603155155468750e-03	3.164062500000000e-01	8039	0	2827
2939	6.209760093069000e+02 3.225522875338000e+02 2.286190426598000e+02	-4.833500000000000e-06  2.798700000000000e-06  0.000000000000000e+00	1.000000000000000e+00	8039	0	2939
3478	3.338282756464000e+02 3.409165737858000e+02 2.286190426598000e+02	-3.594534000000000e-04 -6.225915000000000e-04  0.000000000000000e+00	1.000000000000000e+00	8039	0	3478
4128	-6.661404225528000e+02 -7.113179266357000e+02 -1.159425144917000e+02	 3.492760000000000e-05 -3.573400000000000e-05  0.000000000000000e+00	1.000000000000000e+00	661	0	4128
4210	 4.278199009767000e+02 -5.435520129179000e+02  5.637714276500001e+00	-1.625700000000000e-06  2.815725000000000e-06  1.037685000000000e-05	7.500000000000000e-01	8039	0	4210
4212	 3.781144950121000e+02 -6.371963860071000e+02  1.134979338700000e+00	2.990170000000000e-04 5.179126000000000e-04 1.030295000000000e-04	1.000000000000000e+00	8039	0	4212
4213	-3.292029848742000e+02  6.910882722200000e+02 -2.678590944725000e+02	3.951910000000000e-05 0.000000000000000e+00 2.807370000000000e-05	1.000000000000000e+00	8039	0	4213
4214	4.362021644493000e+02 7.262575082797000e+02 2.286190426598000e+02	-1.727539000000000e-04  2.293520000000000e-04  0.000000000000000e+00	1.000000000000000e+00	8039	0	4214
4217	7.306137233079000e+02 2.119792493799000e+02 1.125728667897000e+02	 2.806473000000000e-04 -4.860954000000000e-04 -1.382150500000000e-03	1.000000000000000e+00	8039	0	4217
4220	 4.387455598759000e+02 -5.624758092375000e+02  8.245226815220001e+01	-3.435590000000000e-05  5.950620000000000e-05 -9.127990000000000e-05	1.000000000000000e+00	8039	0	4220
4223	-2.132364235651000e+02  5.064923018390000e+02 -6.793251553319001e+02	-8.418248118736223e-06 -4.348763139770776e-05  0.000000000000000e+00	1.781794801354408e-02	8039	0	4223
4224	-6.897980015577000e+02  6.910882722200000e+02  6.802361190901000e+02	-1.434166000000000e-04  0.000000000000000e+00  1.552478000000000e-04	1.000000000000000e+00	8039	0	4224
4225	-2.953661110842000e+02  6.910882722200000e+02 -3.218276801457000e+02	 1.442661000000000e-04  0.000000000000000e+00 -1.404253000000000e-04	1.000000000000000e+00	8039	0	4225
4230	6.590918528700000e+02 3.358587628307000e+02 1.959863158364000e+02	-1.260931837500000e-03  2.183997993750000e-03 -3.676420181250000e-03	5.625000000000000e-01	8039	0	4230
4233	 5.392278845099000e+02 -7.365163007662001e+02 -6.237848681455000e+02	 7.245760000000000e-05 -1.255003000000000e-04 -4.121450000000000e-04	1.000000000000000e+00	8039	0	4233
4234	5.589737848362000e+02 7.308800347985000e+02 3.068221040601000e+02	1.189806000000000e-04 2.060805000000000e-04 3.726422000000000e-04	1.000000000000000e+00	8039	0	4234
4235	4.869921969667000e+02 6.811145637816001e+02 2.286190426598000e+02	 6.672982500000000e-05 -6.833536875000001e-05  0.000000000000000e+00	5.625000000000000e-01	8039	0	4235
4236	5.170493958498000e+02 4.344504756417000e+02 2.286190426598000e+02	 9.863170000000001e-05 -3.954170000000000e-05  0.000000000000000e+00	1.000000000000000e+00	8039	0	4236
4237	5.061540844557000e+02 5.981499106283001e+02 2.286190426598000e+02	2.259340000000000e-05 1.072300000000000e-05 0.000000000000000e+00	1.000000000000000e+00	8039	0	4237
4238	-1.489839675636000e+02  6.910882722200000e+02 -4.556192740465000e+02	-4.524739312500000e-04  0.000000000000000e+00  3.761256375000000e-04	5.625000000000000e-01	8039	0	4238
4240	5.055138989667000e+02 5.393914471859000e+02 2.286190426598000e+02	6.414500000000000e-05 6.513000000000000e-07 0.000000000000000e+00	1.000000000000000e+00	8039	0	4240
4244	4.626571258239000e+02 3.998569391876000e+02 2.286190426598000e+02	 2.762977500000000e-05 -4.298370000000000e-05  0.000000000000000e+00	7.500000000000000e-01	8039	0	4244
4245	4.099496334387000e+02 3.636031216752000e+02 2.286190426598000e+02	 9.607730000000000e-05 -3.698547000000000e-04  0.000000000000000e+00	1.000000000000000e+00	8039	0	4245
4246	3.462703365652000e+02 3.624668554480000e+02 4.014352193649000e+02	-7.526378000000001e-04 -1.303606900000000e-03 -1.754354600000000e-03	1.000000000000000e+00	8039	0	4246
0	 5.000000000000000e-01 -8.660254037844386e-01  0.000000000000000e+00	8.660254037844385e-01 5.000000000000000e-01 0.000000000000000e+00	5.632499999999998e+02 3.251925391210567e+02 0.000000000000000e+00	1	0	0.000000000000000e+00	0.000000000000000e+00	0.000000000000000e+00	9.361953225328178e+04
1	5.000000000000000e-01 8.660254037844386e-01 0.000000000000000e+00	0.000000000000000e+00 0.000000000000000e+00 1.000000000000000e+00	0.000000000000000e+00 0.000000000000000e+00 2.286190426597633e+02	1	0	0.000000000000000e+00	0.000000000000000e+00	0.000000000000000e+00	3.448360894711320e+05
3	-5.000000000000000e-01 -8.660254037844386e-01  0.000000000000000e+00	0.000000000000000e+00 0.000000000000000e+00 1.000000000000000e+00	0.000000000000000e+00 0.000000000000000e+00 6.580962442277471e+02	1	0	0.000000000000000e+00	0.000000000000000e+00	0.000000000000000e+00	1.210736514974700e+06
4	-1.000000000000000e+00  0.000000000000000e+00  0.000000000000000e+00	0.000000000000000e+00 0.000000000000000e+00 1.000000000000000e+00	-0.000000000000000e+00 -0.000000000000000e+00 -1.159425144917371e+02	1	0	0.000000000000000e+00	0.000000000000000e+00	0.000000000000000e+00	1.890651203970206e+06
7	-5.000000000000000e-01 -8.660254037844386e-01  0.000000000000000e+00	0.000000000000000e+00 0.000000000000000e+00 1.000000000000000e+00	-0.000000000000000e+00 -0.000000000000000e+00 -1.894272067752324e+02	1	0	0.000000000000000e+00	0.000000000000000e+00	0.000000000000000e+00	1.360776684744396e+06
9	-5.000000000000000e-01 -8.660254037844386e-01  0.000000000000000e+00	 8.660254037844385e-01 -5.000000000000000e-01  0.000000000000000e+00	-1.215000000000000e+02  7.014805770653952e+01 -0.000000000000000e+00	1	0	0.000000000000000e+00	0.000000000000000e+00	0.000000000000000e+00	2.462082192126385e+06
10	-5.000000000000000e-01  8.660254037844386e-01  0.000000000000000e+00	8.660254037844385e-01 5.000000000000000e-01 0.000000000000000e+00	-1.409999999999999e+02 -8.140638795573722e+01 -0.000000000000000e+00	1	0	0.000000000000000e+00	0.000000000000000e+00	0.000000000000000e+00	2.365236420227788e+03
12	1.000000000000000e+00 0.000000000000000e+00 0.000000000000000e+00	 0.000000000000000e+00 -1.000000000000000e+00  0.000000000000000e+00	0.000000000000000e+00 2.381569860407206e+02 0.000000000000000e+00	1	0	0.000000000000000e+00	0.000000000000000e+00	0.000000000000000e+00	2.250000000000000e+06
13	 5.000000000000000e-01 -8.660254037844386e-01  0.000000000000000e+00	0.000000000000000e+00 0.000000000000000e+00 1.000000000000000e+00	0.000000000000000e+00 0.000000000000000e+00 1.518683640525570e+02	1	0	0.000000000000000e+00	0.000000000000000e+00	0.000000000000000e+00	1.230654225108187e+06
15	5.000000000000000e-01 8.660254037844386e-01 0.000000000000000e+00	 8.660254037844385e-01 -5.000000000000000e-01  0.000000000000000e+00	 5.594999999999998e+02 -3.230274756115955e+02  0.000000000000000e+00	1	0	0.000000000000000e+00	0.000000000000000e+00	0.000000000000000e+00	4.788552938290727e+05
18	-5.000000000000000e-01 -8.660254037844386e-01  0.000000000000000e+00	0.000000000000000e+00 0.000000000000000e+00 1.000000000000000e+00	0.000000000000000e+00 0.000000000000000e+00 1.469693845669907e+01	1	0	0.000000000000000e+00	0.000000000000000e+00	0.000000000000000e+00	3.525779644548570e+05
21	-5.000000000000000e-01 -8.660254037844386e-01  0.000000000000000e+00	0.000000000000000e+00 0.000000000000000e+00 1.000000000000000e+00	0.000000000000000e+00 0.000000000000000e+00 3.592584956081994e+02	1	0	0.000000000000000e+00	0.000000000000000e+00	0.000000000000000e+00	1.353232782214891e+03
22	-5.000000000000000e-01 -8.660254037844386e-01  0.000000000000000e+00	 8.660254037844385e-01 -5.000000000000000e-01  0.000000000000000e+00	 1.027500000000000e+02 -5.932274015923404e+01  0.000000000000000e+00	1	0	0.000000000000000e+00	0.000000000000000e+00	0.000000000000000e+00	1.199715210616615e+06
24	5.000000000000000e-01 8.660254037844386e-01 0.000000000000000e+00	 8.660254037844385e-01 -5.000000000000000e-01  0.000000000000000e+00	 7.694999999999998e+02 -4.442710321414170e+02  0.000000000000000e+00	1	0	0.000000000000000e+00	0.000000000000000e+00	0.000000000000000e+00	2.360951560553272e+05
25	-5.000000000000000e-01  8.660254037844386e-01  0.000000000000000e+00	8.660254037844385e-01 5.000000000000000e-01 0.000000000000000e+00	-8.017499999999998e+02 -4.628905783227824e+02 -0.000000000000000e+00	1	0	0.000000000000000e+00	0.000000000000000e+00	0.000000000000000e+00	1.974568915210525e+05
26	1.000000000000000e+00 0.000000000000000e+00 0.000000000000000e+00	0.000000000000000e+00 0.000000000000000e+00 1.000000000000000e+00	0.000000000000000e+00 0.000000000000000e+00 5.829785587823964e+02	1	0	0.000000000000000e+00	0.000000000000000e+00	0.000000000000000e+00	5.198793085812652e+05
27	 5.000000000000000e-01 -8.660254037844386e-01  0.000000000000000e+00	 0.000000000000000e+00  0.000000000000000e+00 -1.000000000000000e+00	0.000000000000000e+00 0.000000000000000e+00 6.580962442277471e+02	1	0	0.000000000000000e+00	0.000000000000000e+00	0.000000000000000e+00	1.982740769144587e+04
28	1.000000000000000e+00 0.000000000000000e+00 0.000000000000000e+00	0.000000000000000e+00 0.000000000000000e+00 1.000000000000000e+00	0.000000000000000e+00 0.000000000000000e+00 2.286190426597633e+02	1	0	0.000000000000000e+00	0.000000000000000e+00	0.000000000000000e+00	2.591468691922034e+04
29	1.000000000000000e+00 0.000000000000000e+00 0.000000000000000e+00	 0.000000000000000e+00 -1.000000000000000e+00  0.000000000000000e+00	0.000000000000000e+00 5.715767664977295e+01 0.000000000000000e+00	1	0	0.000000000000000e+00	0.000000000000000e+00	0.000000000000000e+00	2.112144366341550e+06
43	5.000000000000000e-01 8.660254037844386e-01 0.000000000000000e+00	 0.000000000000000e+00  0.000000000000000e+00 -1.000000000000000e+00	-0.000000000000000e+00 -0.000000000000000e+00 -1.159425144917371e+02	1	0	0.000000000000000e+00	0.000000000000000e+00	0.000000000000000e+00	2.363818493019466e+03
55	-1.000000000000000e+00  0.000000000000000e+00  0.000000000000000e+00	0.000000000000000e+00 0.000000000000000e+00 1.000000000000000e+00	-0.000000000000000e+00 -0.000000000000000e+00 -4.262112152442729e+02	1	0	0.000000000000000e+00	0.000000000000000e+00	0.000000000000000e+00	5.561934244727837e+04
66	-5.000000000000000e-01 -8.660254037844386e-01  0.000000000000000e+00	0.000000000000000e+00 0.000000000000000e+00 1.000000000000000e+00	0.000000000000000e+00 0.000000000000000e+00 1.077775486824598e+02	1	0	0.000000000000000e+00	0.000000000000000e+00	0.000000000000000e+00	2.069227985430579e+06
76	-1.000000000000000e+00  0.000000000000000e+00  0.000000000000000e+00	0.000000000000000e+00 0.000000000000000e+00 1.000000000000000e+00	0.000000000000000e+00 0.000000000000000e+00 2.286190426597633e+02	1	0	0.000000000000000e+00	0.000000000000000e+00	0.000000000000000e+00	6.832139392321524e+02
106	-1.000000000000000e+00  0.000000000000000e+00  0.000000000000000e+00	 0.000000000000000e+00 -1.000000000000000e+00  0.000000000000000e+00	-0.000000000000000e+00 -5.473280551917652e+02 -0.000000000000000e+00	1	0	0.000000000000000e+00	0.000000000000000e+00	0.000000000000000e+00	6.865689290634893e+03
107	 5.000000000000000e-01 -8.660254037844386e-01  0.000000000000000e+00	0.000000000000000e+00 0.000000000000000e+00 1.000000000000000e+00	0.000000000000000e+00 0.000000000000000e+00 3.804874067123203e+02	1	0	0.000000000000000e+00	0.000000000000000e+00	0.000000000000000e+00	2.156134771496268e+06
108	5.000000000000000e-01 8.660254037844386e-01 0.000000000000000e+00	0.000000000000000e+00 0.000000000000000e+00 1.000000000000000e+00	-0.000000000000000e+00 -0.000000000000000e+00 -4.164132562731402e+02	1	0	0.000000000000000e+00	0.000000000000000e+00	0.000000000000000e+00	1.972352038796392e+06
113	 5.000000000000000e-01 -8.660254037844386e-01  0.000000000000000e+00	0.000000000000000e+00 0.000000000000000e+00 1.000000000000000e+00	-0.000000000000000e+00 -0.000000000000000e+00 -6.793251553318680e+02	1	0	0.000000000000000e+00	0.000000000000000e+00	0.000000000000000e+00	1.250512960023243e+06
208	1.000000000000000e+00 0.000000000000000e+00 0.000000000000000e+00	 0.000000000000000e+00 -1.000000000000000e+00  0.000000000000000e+00	0.000000000000000e+00 3.403479836872843e+02 0.000000000000000e+00	1	0	0.000000000000000e+00	0.000000000000000e+00	0.000000000000000e+00	2.541732144835553e+04
243	 5.000000000000000e-01 -8.660254037844386e-01  0.000000000000000e+00	0.000000000000000e+00 0.000000000000000e+00 1.000000000000000e+00	0.000000000000000e+00 0.000000000000000e+00 3.592584956081994e+02	1	0	0.000000000000000e+00	0.000000000000000e+00	0.000000000000000e+00	0.000000000000000e+00
246	1.000000000000000e+00 0.000000000000000e+00 0.000000000000000e+00	0.000000000000000e+00 0.000000000000000e+00 1.000000000000000e+00	0.000000000000000e+00 0.000000000000000e+00 3.592584956081994e+02	1	0	0.000000000000000e+00	0.000000000000000e+00	0.000000000000000e+00	0.000000000000000e+00
248	1.000000000000000e+00 0.000000000000000e+00 0.000000000000000e+00	0.000000000000000e+00 0.000000000000000e+00 1.000000000000000e+00	0.000000000000000e+00 0.000000000000000e+00 3.592584956081994e+02	1	0	0.000000000000000e+00	0.000000000000000e+00	0.000000000000000e+00	0.000000000000000e+00
297	-1.000000000000000e+00  0.000000000000000e+00  0.000000000000000e+00	0.000000000000000e+00 1.000000000000000e+00 0.000000000000000e+00	0.000000000000000e+00 6.910882722199819e+02 0.000000000000000e+00	1	0	0.000000000000000e+00	0.000000000000000e+00	0.000000000000000e+00	0.000000000000000e+00
319	5.000000000000000e-01 8.660254037844386e-01 0.000000000000000e+00	0.000000000000000e+00 0.000000000000000e+00 1.000000000000000e+00	0.000000000000000e+00 0.000000000000000e+00 3.592584956081994e+02	1	0	0.000000000000000e+00	0.000000000000000e+00	0.000000000000000e+00	1.353232782214895e+03
320	-1.000000000000000e+00  0.000000000000000e+00  0.000000000000000e+00	 0.000000000000000e+00 -1.000000000000000e+00  0.000000000000000e+00	0.000000000000000e+00 6.910882722199819e+02 0.000000000000000e+00	1	0	0.000000000000000e+00	0.000000000000000e+00	0.000000000000000e+00	1.631742768503095e+06
321	-5.000000000000000e-01 -8.660254037844386e-01  0.000000000000000e+00	0.000000000000000e+00 0.000000000000000e+00 1.000000000000000e+00	0.000000000000000e+00 0.000000000000000e+00 3.592584956081994e+02	1	0	0.000000000000000e+00	0.000000000000000e+00	0.000000000000000e+00	5.614680475677056e+05
323	-5.000000000000000e-01 -8.660254037844386e-01  0.000000000000000e+00	 0.000000000000000e+00  0.000000000000000e+00 -1.000000000000000e+00	0.000000000000000e+00 0.000000000000000e+00 1.518683640525570e+02	1	0	0.000000000000000e+00	0.000000000000000e+00	0.000000000000000e+00	3.782797960206286e+01
324	1.000000000000000e+00 0.000000000000000e+00 0.000000000000000e+00	 0.000000000000000e+00  0.000000000000000e+00 -1.000000000000000e+00	0.000000000000000e+00 0.000000000000000e+00 1.518683640525570e+02	1	0	0.000000000000000e+00	0.000000000000000e+00	0.000000000000000e+00	3.782797960206286e+01
325	-1.000000000000000e+00  0.000000000000000e+00  0.000000000000000e+00	 0.000000000000000e+00  0.000000000000000e+00 -1.000000000000000e+00	0.000000000000000e+00 0.000000000000000e+00 1.518683640525570e+02	1	0	0.000000000000000e+00	0.000000000000000e+00	0.000000000000000e+00	3.782797960206286e+01
327	1.000000000000000e+00 0.000000000000000e+00 0.000000000000000e+00	0.000000000000000e+00 0.000000000000000e+00 1.000000000000000e+00	0.000000000000000e+00 0.000000000000000e+00 1.518683640525570e+02	1	0	0.000000000000000e+00	0.000000000000000e+00	0.000000000000000e+00	1.008284135431298e+01
337	 5.000000000000000e-01 -8.660254037844386e-01  0.000000000000000e+00	8.660254037844385e-01 5.000000000000000e-01 0.000000000000000e+00	8.549999999999997e+01 4.936344801571300e+01 0.000000000000000e+00	1	0	0.000000000000000e+00	0.000000000000000e+00	0.000000000000000e+00	2.420769010561013e+05
340	-5.000000000000000e-01 -8.660254037844386e-01  0.000000000000000e+00	0.000000000000000e+00 0.000000000000000e+00 1.000000000000000e+00	0.000000000000000e+00 0.000000000000000e+00 9.471360338761622e+01	1	0	0.000000000000000e+00	0.000000000000000e+00	0.000000000000000e+00	4.001334467390053e+05
2428	-5.000000000000000e-01  8.660254037844386e-01  0.000000000000000e+00	8.660254037844385e-01 5.000000000000000e-01 0.000000000000000e+00	6.397499999999998e+02 3.693598347140630e+02 0.000000000000000e+00	1	0	0.000000000000000e+00	0.000000000000000e+00	0.000000000000000e+00	3.602578457231260e+05
2429	 5.000000000000000e-01 -8.660254037844386e-01  0.000000000000000e+00	 0.000000000000000e+00  0.000000000000000e+00 -1.000000000000000e+00	0.000000000000000e+00 0.000000000000000e+00 2.286190426597633e+02	1	0	0.000000000000000e+00	0.000000000000000e+00	0.000000000000000e+00	1.896618535714743e+04
2432	5.000000000000000e-01 8.660254037844386e-01 0.000000000000000e+00	0.000000000000000e+00 0.000000000000000e+00 1.000000000000000e+00	0.000000000000000e+00 0.000000000000000e+00 2.286190426597633e+02	1	0	0.000000000000000e+00	0.000000000000000e+00	0.000000000000000e+00	1.407342009333172e+03
0	0	1	1
0	246	0	0
0	1	2	1
0	2	681	0
0	112	246	0
0	247	112	0
0	201	143	0
0	143	247	0
0	436	201	0
0	488	436	0
0	535	488	0
0	585	535	0
0	620	585	0
0	681	620	0
1	4	5	1
1	63	4	1
1	5	6	1
1	6	2264	0
1	292	63	0
1	164	113	0
1	113	328	0
1	144	364	0
1	365	144	0
1	505	164	0
1	202	292	0
1	364	202	0
1	328	248	0
1	248	365	0
1	367	249	0
1	249	505	0
1	2939	367	0
1	2264	2939	0
3	10	11	1
3	479	10	0
3	11	12	1
3	12	13	1
3	13	479	0
4	15	16	1
4	104	15	1
4	16	17	1
4	17	655	0
4	101	104	0
4	150	101	1
4	571	116	0
4	116	625	0
4	373	150	0
4	374	151	0
4	151	375	0
4	297	209	0
4	209	374	0
4	332	254	0
4	254	683	0
4	255	333	0
4	375	255	0
4	465	297	0
4	625	332	0
4	333	571	0
4	683	373	0
4	512	465	0
4	589	512	0
4	655	589	0
7	27	28	1
7	301	27	0
7	28	29	1
7	29	30	1
7	30	302	0
7	119	338	0
7	339	119	0
7	155	382	0
7	383	155	0
7	384	156	0
7	156	385	0
7	213	301	0
7	382	213	0
7	302	214	0
7	214	384	0
7	338	260	0
7	260	383	0
7	261	339	0
7	385	261	0
9	36	37	1
9	159	36	1
9	37	38	1
9	38	39	1
9	39	1801	0
9	491	122	0
9	122	507	0
9	521	159	0
9	216	160	0
9	160	497	0
9	455	216	0
9	507	262	0
9	262	521	0
9	263	491	0
9	497	263	0
9	529	455	0
9	616	529	0
9	740	616	0
9	864	740	0
9	1801	864	0
10	41	42	1
10	161	41	1
10	42	162	0
10	123	161	0
10	162	123	0
12	47	48	1
12	50	47	1
12	48	49	1
12	49	50	1
13	52	53	1
13	305	52	0
13	53	54	1
13	54	55	1
13	55	306	0
13	126	342	0
13	343	126	0
13	167	390	0
13	391	167	0
13	392	168	0
13	168	393	0
13	221	305	0
13	390	221	0
13	222	392	0
13	1014	222	0
13	342	268	0
13	268	391	0
13	269	343	0
13	393	269	0
13	306	572	0
13	572	1015	0
13	1015	1014	0
15	59	60	1
15	496	59	0
15	60	61	1
15	61	62	1
15	62	226	0
15	273	128	0
15	128	499	0
15	226	172	0
15	172	273	0
15	615	346	0
15	346	4212	0
15	4212	496	0
15	499	696	0
15	696	615	0
18	71	72	1
18	313	71	0
18	72	73	1
18	73	74	1
18	74	314	0
18	527	131	0
18	131	553	0
18	177	483	0
18	495	177	0
18	231	313	0
18	406	231	0
18	350	278	0
18	278	407	0
18	279	351	0
18	409	279	0
18	314	408	0
18	553	350	0
18	351	527	0
18	483	406	0
18	407	495	0
18	408	409	0
21	352	416	0
21	909	352	0
21	416	444	0
21	444	909	0
22	87	88	1
22	319	87	0
22	88	89	1
22	89	90	1
22	90	531	0
22	137	439	0
22	440	137	0
22	185	441	0
22	442	185	0
22	237	445	0
22	446	237	0
22	447	238	0
22	238	448	0
22	449	286	0
22	286	450	0
22	287	451	0
22	452	287	0
22	445	319	0
22	438	320	0
22	320	447	0
22	439	358	0
22	358	449	0
22	359	440	0
22	451	359	0
22	441	418	0
22	418	446	0
22	419	442	0
22	450	419	0
22	448	420	0
22	420	4246	0
22	421	452	0
22	3478	421	0
22	531	438	0
22	1886	444	0
22	444	4234	0
22	1759	487	0
22	487	3478	0
22	4234	1759	0
22	4246	1886	0
24	97	98	1
24	189	97	0
24	98	99	1
24	99	100	1
24	100	190	0
24	139	189	0
24	190	139	0
25	101	102	1
25	104	101	0
25	102	103	1
25	103	104	1
26	105	106	1
26	1081	105	0
26	106	107	1
26	107	242	0
26	141	362	0
26	363	141	0
26	191	426	0
26	427	191	0
26	428	192	0
26	192	429	0
26	241	323	0
26	426	241	0
26	242	428	0
26	362	290	0
26	290	427	0
26	291	363	0
26	429	291	0
26	323	486	0
26	486	582	0
26	582	660	0
26	660	1081	0
27	10	479	0
27	2820	10	0
27	484	468	0
27	468	2820	0
27	479	729	0
27	501	484	0
27	503	501	0
27	519	503	0
27	537	519	0
27	545	537	0
27	568	545	0
27	583	568	0
27	600	583	0
27	618	600	0
27	631	618	0
27	664	631	0
27	689	664	0
27	703	689	0
27	710	703	0
27	714	710	0
27	715	714	0
27	717	715	0
27	720	717	0
27	729	720	0
28	2264	6	0
28	6	4214	0
28	487	3478	0
28	4235	487	0
28	753	2264	0
28	4236	753	0
28	3478	4236	0
28	4214	4235	0
29	10	44	1
29	479	10	0
29	45	13	1
29	13	479	0
29	44	45	1
43	101	104	0
43	560	101	0
43	104	4128	0
43	540	560	0
43	4128	540	0
55	7	8	1
55	204	7	0
55	8	205	1
55	114	250	0
55	251	114	0
55	146	204	0
55	250	146	0
55	205	147	0
55	147	251	0
66	23	24	1
66	378	23	0
66	24	25	1
66	25	26	1
66	26	300	0
66	118	547	0
66	566	118	0
66	153	378	0
66	379	153	0
66	380	154	0
66	154	381	0
66	300	212	0
66	212	380	0
66	258	379	0
66	611	258	0
66	538	259	0
66	259	567	0
66	547	336	0
66	336	611	0
66	337	566	0
66	567	337	0
66	381	538	0
76	292	63	0
76	63	627	0
76	627	292	0
106	615	346	0
106	346	1705	0
106	708	615	0
106	865	708	0
106	1012	865	0
106	1705	1012	0
107	92	93	1
107	187	92	1
107	93	94	1
107	94	95	1
107	95	1002	0
107	424	187	0
107	322	424	0
107	490	322	0
107	595	490	0
107	733	595	0
107	747	733	0
107	771	747	0
107	1002	771	0
108	18	19	1
108	298	18	0
108	19	20	1
108	20	21	1
108	21	22	1
108	22	108	0
108	108	243	0
108	117	334	0
108	335	117	0
108	152	376	0
108	377	152	0
108	430	193	0
108	193	431	0
108	210	298	0
108	376	210	0
108	243	430	0
108	334	256	0
108	256	377	0
108	257	335	0
108	431	257	0
113	67	68	1
113	745	67	0
113	68	277	1
113	130	403	0
113	755	130	0
113	402	229	0
113	229	718	0
113	277	349	0
113	349	4223	0
113	403	402	0
113	718	724	0
113	724	745	0
113	4223	755	0
208	56	57	1
208	307	56	0
208	57	66	1
208	66	828	0
208	127	344	0
208	828	127	0
208	169	394	0
208	395	169	0
208	223	307	0
208	394	223	0
208	344	270	0
208	270	395	0
243	416	352	0
243	352	909	0
243	909	416	0
246	352	416	0
246	909	352	0
246	416	909	0
248	416	352	0
248	352	909	0
248	909	416	0
297	416	352	0
297	352	909	0
297	909	416	0
319	416	444	0
319	909	416	0
319	444	909	0
320	75	76	1
320	776	75	0
320	76	77	1
320	77	78	1
320	78	4224	0
320	108	194	0
320	244	108	0
320	132	179	0
320	746	132	0
320	133	306	0
320	630	133	0
320	179	523	0
320	194	4238	0
320	1396	195	0
320	195	4213	0
320	315	233	0
320	233	1003	0
320	432	244	0
320	572	281	0
320	281	602	0
320	306	572	0
320	530	315	0
320	352	1000	0
320	1003	352	0
320	4225	432	0
320	602	433	0
320	433	1396	0
320	523	598	0
320	610	530	0
320	598	639	0
320	688	610	0
320	712	630	0
320	639	722	0
320	737	688	0
320	1000	712	0
320	722	776	0
320	4224	737	0
320	4238	746	0
320	4213	4225	0
321	83	84	1
321	453	83	0
321	84	85	1
321	85	444	1
321	136	460	0
321	1886	136	0
321	183	646	0
321	647	183	0
321	235	459	0
321	471	235	0
321	356	284	0
321	284	707	0
321	317	453	0
321	459	317	0
321	460	356	0
321	414	471	0
321	646	414	0
321	415	647	0
321	707	415	0
321	444	1886	0
323	572	306	0
323	306	1015	0
323	1015	572	0
324	572	306	0
324	306	1015	0
324	1015	572	0
325	572	306	0
325	306	1015	0
325	1015	572	0
327	1015	572	0
327	572	1020	0
327	1020	1015	0
337	63	65	1
337	292	63	0
337	65	66	1
337	66	805	0
337	174	401	0
337	728	174	0
337	228	400	0
337	4233	228	0
337	274	292	0
337	4220	274	0
337	349	277	0
337	277	4233	0
337	615	346	0
337	346	4210	0
337	805	349	0
337	400	728	0
337	401	615	0
337	4210	4220	0
340	80	34	1
340	34	434	0
340	79	80	1
340	494	79	0
340	134	354	0
340	355	134	0
340	181	412	0
340	413	181	0
340	198	388	0
340	434	198	0
340	234	316	0
340	412	234	0
340	354	282	0
340	282	413	0
340	283	355	0
340	388	283	0
340	316	494	0
2428	6	32	1
2428	2264	6	0
2428	32	33	1
2428	33	34	1
2428	34	4217	0
2428	4217	1011	0
2428	1011	4230	0
2428	2827	2264	0
2428	4230	2827	0
2429	3478	487	0
2429	487	4237	0
2429	4236	3478	0
2429	4240	4236	0
2429	4237	4240	0
2432	4236	3478	0
2432	3478	4245	0
2432	4244	4236	0
2432	4245	4244	0
