460
44
526
0	 7.500000000000000e+02  1.732050807600000e+00 -5.820116885055000e+02	 7.900000000000001e-08 -1.368000000000000e-07 -2.603000000000000e-06	1.000000000000000e+00	0	1	0
1	 7.500000000000000e+02  1.732050807600000e+00 -7.500000000000000e+02	0.000000000000000e+00 0.000000000000000e+00 0.000000000000000e+00	1.000000000000000e+00	0	1	1
2	 3.179872981078000e+02  7.500000000000000e+02 -7.500000000000000e+02	-2.623169960000000e-02  4.543463650000000e-02  0.000000000000000e+00	1.000000000000000e+00	0	1	2
4	 7.500000000000000e+02 -7.500000000000000e+02  2.286190426598000e+02	0.000000000000000e+00 0.000000000000000e+00 0.000000000000000e+00	1.000000000000000e+00	8137	1	4
5	7.500000000000000e+02 7.500000000000000e+02 2.286190426598000e+02	0.000000000000000e+00 0.000000000000000e+00 0.000000000000000e+00	1.000000000000000e+00	8137	1	5
6	4.199872981078000e+02 7.500000000000000e+02 2.286190426598000e+02	0.000000000000000e+00 0.000000000000000e+00 0.000000000000000e+00	7.500000000000000e-01	8137	1	6
7	 7.500000000000000e+02  6.209099451591001e+02 -4.262112152443000e+02	5.410000000000000e-08 3.803000000000000e-07 0.000000000000000e+00	1.000000000000000e+00	646	1	7
8	 7.500000000000000e+02  7.500000000000000e+02 -4.262112152443000e+02	0.000000000000000e+00 0.000000000000000e+00 0.000000000000000e+00	1.000000000000000e+00	646	1	8
10	-7.500000000000000e+02  5.715767664980000e+01  6.580962442277000e+02	0.000000000000000e+00 0.000000000000000e+00 0.000000000000000e+00	1.000000000000000e+00	1105	1	10
11	-7.500000000000000e+02 -7.500000000000000e+02  6.580962442277000e+02	0.000000000000000e+00 0.000000000000000e+00 0.000000000000000e+00	1.000000000000000e+00	1105	1	11
12	 7.500000000000000e+02 -7.500000000000000e+02  6.580962442277000e+02	0.000000000000000e+00 0.000000000000000e+00 0.000000000000000e+00	1.000000000000000e+00	1105	1	12
13	7.500000000000000e+02 5.715767664980000e+01 6.580962442277000e+02	0.000000000000000e+00 0.000000000000000e+00 0.000000000000000e+00	4.218750000000000e-01	1105	1	13
15	 7.500000000000000e+02 -7.500000000000000e+02 -1.159425144917000e+02	0.000000000000000e+00 0.000000000000000e+00 0.000000000000000e+00	1.000000000000000e+00	661	1	15
16	 7.500000000000000e+02  7.500000000000000e+02 -1.159425144917000e+02	0.000000000000000e+00 0.000000000000000e+00 0.000000000000000e+00	1.000000000000000e+00	661	1	16
17	 2.550268899599000e+02  7.500000000000000e+02 -1.159425144917000e+02	 1.321170000000000e-05 -2.772200000000000e-05  0.000000000000000e+00	1.000000000000000e+00	661	1	17
18	-7.500000000000000e+02 -9.518838217070001e+01 -4.164132562731000e+02	 7.329000000000000e-07 -6.071000000000000e-07  0.000000000000000e+00	1.000000000000000e+00	8137	1	18
19	-7.500000000000000e+02 -7.500000000000000e+02 -4.164132562731000e+02	0.000000000000000e+00 0.000000000000000e+00 0.000000000000000e+00	1.000000000000000e+00	8137	1	19
20	 7.500000000000000e+02 -7.500000000000000e+02 -4.164132562731000e+02	0.000000000000000e+00 0.000000000000000e+00 0.000000000000000e+00	1.000000000000000e+00	8137	1	20
21	 7.500000000000000e+02  7.500000000000000e+02 -4.164132562731000e+02	0.000000000000000e+00 0.000000000000000e+00 0.000000000000000e+00	1.000000000000000e+00	8137	1	21
22	-2.079823952582000e+02  7.500000000000000e+02 -4.164132562731000e+02	 3.447863876953125e-05 -5.293555664062501e-07  0.000000000000000e+00	2.373046875000000e-01	8137	1	22
23	-6.737119842119000e+02 -7.500000000000000e+02  1.077775486825000e+02	-9.831340000000001e-05  1.605220000000000e-05  0.000000000000000e+00	1.000000000000000e+00	23	1	23
24	 7.500000000000000e+02 -7.500000000000000e+02  1.077775486825000e+02	0.000000000000000e+00 0.000000000000000e+00 0.000000000000000e+00	1.000000000000000e+00	23	1	24
25	7.500000000000000e+02 7.500000000000000e+02 1.077775486825000e+02	0.000000000000000e+00 0.000000000000000e+00 0.000000000000000e+00	1.000000000000000e+00	23	1	25
26	-6.104240887753000e+02  7.500000000000000e+02  1.077775486825000e+02	 5.791900000000000e-06 -8.273000000000000e-07  0.000000000000000e+00	1.000000000000000e+00	23	1	26
27	-7.364683667603000e+02 -7.500000000000000e+02 -1.894272067752000e+02	 3.099000000000000e-07 -2.384000000000000e-07  0.000000000000000e+00	1.000000000000000e+00	27	1	27
28	 7.500000000000000e+02 -7.500000000000000e+02 -1.894272067752000e+02	0.000000000000000e+00 0.000000000000000e+00 0.000000000000000e+00	1.000000000000000e+00	27	1	28
29	 7.500000000000000e+02  7.500000000000000e+02 -1.894272067752000e+02	0.000000000000000e+00 0.000000000000000e+00 0.000000000000000e+00	1.000000000000000e+00	27	1	29
30	 4.223343409239000e+02  7.500000000000000e+02 -1.894272067752000e+02	-1.755000000000000e-07  1.355000000000000e-07  0.000000000000000e+00	1.000000000000000e+00	27	1	30
32	4.199872981078000e+02 7.500000000000000e+02 7.500000000000000e+02	0.000000000000000e+00 0.000000000000000e+00 0.000000000000000e+00	1.000000000000000e+00	8137	1	32
33	7.500000000000000e+02 1.784012331796000e+02 7.500000000000000e+02	0.000000000000000e+00 0.000000000000000e+00 0.000000000000000e+00	1.000000000000000e+00	8137	1	33
34	7.500000000000000e+02 1.784012331796000e+02 9.471360338760000e+01	 0.000000000000000e+00 -0.000000000000000e+00  0.000000000000000e+00	7.500000000000000e-01	8137	1	34
36	-5.950127018922000e+02 -7.500000000000000e+02 -7.500000000000000e+02	0.000000000000000e+00 0.000000000000000e+00 0.000000000000000e+00	1.000000000000000e+00	491	1	36
37	 2.710127018922000e+02  7.500000000000000e+02 -7.500000000000000e+02	0.000000000000000e+00 0.000000000000000e+00 0.000000000000000e+00	1.000000000000000e+00	491	1	37
38	2.710127018922000e+02 7.500000000000000e+02 7.500000000000000e+02	0.000000000000000e+00 0.000000000000000e+00 0.000000000000000e+00	1.000000000000000e+00	491	1	38
39	-2.108958704013000e+02 -8.469013181540001e+01  7.500000000000000e+02	 3.777200000000000e-06  6.542300000000000e-06 -3.537090000000000e-05	1.000000000000000e+00	491	1	39
41	 2.450127018922000e+02 -7.500000000000000e+02  7.500000000000000e+02	0.000000000000000e+00 0.000000000000000e+00 0.000000000000000e+00	1.000000000000000e+00	729	1	41
42	 2.450127018922000e+02 -7.500000000000000e+02  7.354429599927000e+02	 2.400000000000000e-09 -4.100000000000000e-09  1.230000000000000e-07	1.000000000000000e+00	729	1	42
44	-7.500000000000000e+02  5.715767664980000e+01 -7.500000000000000e+02	0.000000000000000e+00 0.000000000000000e+00 0.000000000000000e+00	1.000000000000000e+00	1105	1	44
45	 7.500000000000000e+02  5.715767664980000e+01 -7.500000000000000e+02	0.000000000000000e+00 0.000000000000000e+00 0.000000000000000e+00	1.000000000000000e+00	1105	1	45
47	-7.500000000000000e+02  2.381569860407000e+02  7.500000000000000e+02	0.000000000000000e+00 0.000000000000000e+00 0.000000000000000e+00	1.000000000000000e+00	1074	1	47
48	-7.500000000000000e+02  2.381569860407000e+02 -7.500000000000000e+02	0.000000000000000e+00 0.000000000000000e+00 0.000000000000000e+00	1.000000000000000e+00	1074	1	48
49	 7.500000000000000e+02  2.381569860407000e+02 -7.500000000000000e+02	0.000000000000000e+00 0.000000000000000e+00 0.000000000000000e+00	1.000000000000000e+00	1074	1	49
50	7.500000000000000e+02 2.381569860407000e+02 7.500000000000000e+02	0.000000000000000e+00 0.000000000000000e+00 0.000000000000000e+00	1.000000000000000e+00	1074	1	50
52	 2.614969289136000e+02 -7.500000000000000e+02  1.518683640526000e+02	3.474000000000000e-07 1.760000000000000e-07 0.000000000000000e+00	1.000000000000000e+00	8137	1	52
53	 7.500000000000000e+02 -7.500000000000000e+02  1.518683640526000e+02	0.000000000000000e+00 0.000000000000000e+00 0.000000000000000e+00	1.000000000000000e+00	8137	1	53
54	7.500000000000000e+02 7.500000000000000e+02 1.518683640526000e+02	0.000000000000000e+00 0.000000000000000e+00 0.000000000000000e+00	1.000000000000000e+00	8137	1	54
55	-3.659091130229000e+02  7.500000000000000e+02  1.518683640526000e+02	-1.748371948242187e-06 -4.209369873046875e-07  0.000000000000000e+00	1.779785156250000e-01	8137	1	55
56	-7.500000000000000e+02  3.403479836873000e+02 -6.867365189163000e+02	-6.790000000000001e-08  0.000000000000000e+00 -2.149700000000000e-06	1.000000000000000e+00	8137	1	56
57	-7.500000000000000e+02  3.403479836873000e+02 -7.500000000000000e+02	0.000000000000000e+00 0.000000000000000e+00 0.000000000000000e+00	1.000000000000000e+00	8137	1	57
59	 3.129872981078000e+02 -7.500000000000000e+02  1.101923783400000e+01	2.780000000000000e-07 4.816000000000000e-07 2.909780000000000e-05	1.000000000000000e+00	8137	1	59
60	 3.129872981078000e+02 -7.500000000000000e+02 -7.500000000000000e+02	0.000000000000000e+00 0.000000000000000e+00 0.000000000000000e+00	1.000000000000000e+00	8137	1	60
61	 7.500000000000000e+02  6.928203230300000e+00 -7.500000000000000e+02	0.000000000000000e+00 0.000000000000000e+00 0.000000000000000e+00	1.000000000000000e+00	8137	1	61
62	 7.500000000000000e+02  6.928203230300000e+00 -2.799654828035000e+02	8.700000000000000e-08 1.507000000000000e-07 1.308410000000000e-05	1.000000000000000e+00	8137	1	62
63	 5.470127018922000e+02 -7.500000000000000e+02  2.286190426598000e+02	-0.000000000000000e+00 -0.000000000000000e+00  0.000000000000000e+00	1.000000000000000e+00	8137	1	63
65	 5.470127018922000e+02 -7.500000000000000e+02 -7.500000000000000e+02	0.000000000000000e+00 0.000000000000000e+00 0.000000000000000e+00	1.000000000000000e+00	8137	1	65
66	-8.250000000000000e+01  3.403479836873000e+02 -7.500000000000000e+02	0.000000000000000e+00 0.000000000000000e+00 0.000000000000000e+00	7.500000000000000e-01	8137	1	66
67	-7.500000000000000e+02  7.500000000000000e+02 -6.793251553319001e+02	0.000000000000000e+00 1.490685074000000e-01 0.000000000000000e+00	1.000000000000000e+00	8137	1	67
68	-7.500000000000000e+02 -7.500000000000000e+02 -6.793251553319001e+02	0.000000000000000e+00 0.000000000000000e+00 0.000000000000000e+00	1.000000000000000e+00	8137	1	68
71	 4.471888122481000e+02 -7.500000000000000e+02  1.469693845670000e+01	-6.288700000000000e-06  1.587600000000000e-06  0.000000000000000e+00	1.000000000000000e+00	5009	1	71
72	 7.500000000000000e+02 -7.500000000000000e+02  1.469693845670000e+01	0.000000000000000e+00 0.000000000000000e+00 0.000000000000000e+00	1.000000000000000e+00	5009	1	72
73	7.500000000000000e+02 7.500000000000000e+02 1.469693845670000e+01	0.000000000000000e+00 0.000000000000000e+00 0.000000000000000e+00	1.000000000000000e+00	5009	1	73
74	6.152442707718001e+02 7.500000000000000e+02 1.469693845670000e+01	 6.308360000000001e-05 -2.004500000000000e-05  0.000000000000000e+00	1.000000000000000e+00	5009	1	74
75	 3.131031388681000e+02  6.910882722200000e+02 -7.500000000000000e+02	1.013000000000000e-07 0.000000000000000e+00 2.907000000000000e-07	1.000000000000000e+00	8137	1	75
76	 7.500000000000000e+02  6.910882722200000e+02 -7.500000000000000e+02	0.000000000000000e+00 0.000000000000000e+00 0.000000000000000e+00	1.000000000000000e+00	8137	1	76
77	7.500000000000000e+02 6.910882722200000e+02 7.500000000000000e+02	0.000000000000000e+00 0.000000000000000e+00 0.000000000000000e+00	1.000000000000000e+00	8137	1	77
78	-7.500000000000000e+02  6.910882722200000e+02  7.500000000000000e+02	-9.452960220000001e-02  0.000000000000000e+00  0.000000000000000e+00	1.000000000000000e+00	8137	1	78
79	-5.360084813450000e+01 -7.500000000000000e+02  9.471360338760000e+01	 4.024300000000000e-06 -3.940000000000000e-06  0.000000000000000e+00	1.000000000000000e+00	8137	1	79
80	 7.500000000000000e+02 -7.500000000000000e+02  9.471360338760000e+01	0.000000000000000e+00 0.000000000000000e+00 0.000000000000000e+00	1.000000000000000e+00	8137	1	80
83	 3.211534820948000e+02 -7.500000000000000e+02  3.592584956082000e+02	-2.444200000000000e-06  4.476000000000000e-07  0.000000000000000e+00	1.000000000000000e+00	8137	1	83
84	 7.500000000000000e+02 -7.500000000000000e+02  3.592584956082000e+02	0.000000000000000e+00 0.000000000000000e+00 0.000000000000000e+00	1.000000000000000e+00	8137	1	84
85	7.500000000000000e+02 7.500000000000000e+02 3.592584956082000e+02	0.000000000000000e+00 0.000000000000000e+00 0.000000000000000e+00	1.000000000000000e+00	8137	1	85
87	-2.960127018922000e+02 -7.500000000000000e+02 -4.865916259802000e+02	-2.080000000000000e-08 -3.610000000000000e-08  4.196000000000000e-07	1.000000000000000e+00	8137	1	87
88	-2.960127018922000e+02 -7.500000000000000e+02 -7.500000000000000e+02	0.000000000000000e+00 0.000000000000000e+00 0.000000000000000e+00	1.000000000000000e+00	8137	1	88
89	 5.700127018922000e+02  7.500000000000000e+02 -7.500000000000000e+02	0.000000000000000e+00 0.000000000000000e+00 0.000000000000000e+00	1.000000000000000e+00	8137	1	89
90	5.700127018922000e+02 7.500000000000000e+02 5.565940309275001e+02	 5.149800000000000e-06  8.919700000000000e-06 -7.576230000000000e-05	1.000000000000000e+00	8137	1	90
92	-7.500000000000000e+02  7.500000000000000e+02  3.804874067123000e+02	0.000000000000000e+00 0.000000000000000e+00 0.000000000000000e+00	1.000000000000000e+00	8006	1	92
93	-7.500000000000000e+02 -7.500000000000000e+02  3.804874067123000e+02	0.000000000000000e+00 0.000000000000000e+00 0.000000000000000e+00	1.000000000000000e+00	8006	1	93
94	 7.500000000000000e+02 -7.500000000000000e+02  3.804874067123000e+02	0.000000000000000e+00 0.000000000000000e+00 0.000000000000000e+00	1.000000000000000e+00	8006	1	94
95	7.500000000000000e+02 2.935986171719000e+02 3.804874067123000e+02	-1.539540000000000e-05 -1.524390000000000e-05  0.000000000000000e+00	1.000000000000000e+00	8006	1	95
97	 5.929872981078000e+02 -7.500000000000000e+02 -1.597750334300000e+01	 3.900000000000000e-09  6.700000000000000e-09 -8.350000000000000e-08	1.000000000000000e+00	97	1	97
98	 5.929872981078000e+02 -7.500000000000000e+02 -7.500000000000000e+02	0.000000000000000e+00 0.000000000000000e+00 0.000000000000000e+00	1.000000000000000e+00	97	1	98
99	 7.500000000000000e+02 -4.780460228890000e+02 -7.500000000000000e+02	0.000000000000000e+00 0.000000000000000e+00 0.000000000000000e+00	1.000000000000000e+00	97	1	99
100	 7.500000000000000e+02 -4.780460228890000e+02  1.914951733550000e+01	 6.180000000000000e-08  1.070000000000000e-07 -1.260200000000000e-06	1.000000000000000e+00	97	1	100
101	-7.500000000000000e+02 -5.525242076145000e+02 -1.159425144917000e+02	-0.000000000000000e+00 -0.000000000000000e+00  0.000000000000000e+00	1.779785156250000e-01	661	1	101
102	-7.500000000000000e+02 -5.525242076145000e+02  7.500000000000000e+02	0.000000000000000e+00 0.000000000000000e+00 0.000000000000000e+00	1.000000000000000e+00	661	1	102
103	-6.359872981078000e+02 -7.500000000000000e+02  7.500000000000000e+02	0.000000000000000e+00 0.000000000000000e+00 0.000000000000000e+00	1.000000000000000e+00	661	1	103
104	-6.359872981078000e+02 -7.500000000000000e+02 -1.159425144917000e+02	0.000000000000000e+00 0.000000000000000e+00 0.000000000000000e+00	7.500000000000000e-01	661	1	104
105	-6.360609444791000e+02 -7.500000000000000e+02  5.829785587824000e+02	-1.490000000000000e-06  4.704700000000000e-06  0.000000000000000e+00	1.000000000000000e+00	105	1	105
106	 7.500000000000000e+02 -7.500000000000000e+02  5.829785587824000e+02	0.000000000000000e+00 0.000000000000000e+00 0.000000000000000e+00	1.000000000000000e+00	105	1	106
107	7.500000000000000e+02 2.241232229790000e+01 5.829785587824000e+02	 8.491600000000000e-06 -1.812660000000000e-05  0.000000000000000e+00	1.000000000000000e+00	105	1	107
108	-2.088868879257000e+02  6.910882722200000e+02 -4.164132562731000e+02	2.080329960937500e-05 0.000000000000000e+00 0.000000000000000e+00	3.164062500000000e-01	8137	0	108
112	 6.715869902419000e+02  1.375473676829000e+02 -5.935536273097000e+02	 1.001000000000000e-07 -1.734000000000000e-07 -2.221900000000000e-06	1.000000000000000e+00	0	0	112
113	 5.110096366457000e+02 -5.884857788800001e+00  2.286190426598000e+02	-1.235350000000000e-05  1.644400000000000e-06  0.000000000000000e+00	1.000000000000000e+00	8137	0	113
114	 2.990301052450000e+02  6.853803311181000e+02 -4.262112152443000e+02	-5.300000000000000e-09 -3.530000000000000e-08  0.000000000000000e+00	1.000000000000000e+00	646	0	114
116	-5.808056949746000e+02  1.413007686271000e+02 -1.159425144917000e+02	-1.057229800000000e-03  8.319232000000000e-04  0.000000000000000e+00	1.000000000000000e+00	661	0	116
117	-4.256178149440000e+02  2.978406345832000e+02 -4.164132562731000e+02	 5.464000000000000e-07 -4.487000000000000e-07  0.000000000000000e+00	1.000000000000000e+00	8137	0	117
118	-6.583422375817000e+02 -1.589437863971000e+02  1.077775486825000e+02	-6.344080000000000e-05 -3.243000000000000e-07  0.000000000000000e+00	1.000000000000000e+00	23	0	118
119	-1.572629121923000e+02  1.222381541000000e-01 -1.894272067752000e+02	-2.802000000000000e-07  2.166000000000000e-07  0.000000000000000e+00	1.000000000000000e+00	27	0	119
122	-5.466366363051001e+02 -6.662101965329000e+02  3.761871641421000e+02	-8.999700000000000e-06 -1.558790000000000e-05  3.955700000000000e-06	1.000000000000000e+00	491	0	122
123	 1.456005899806000e+02 -5.778131712813000e+02  7.443696987214000e+02	 3.900000000000000e-09 -6.800000000000001e-09  1.493000000000000e-07	1.000000000000000e+00	729	0	123
126	-7.303149377730000e+01 -1.920580410000000e-02  1.518683640526000e+02	-8.910000000000000e-08 -3.870000000000000e-08  0.000000000000000e+00	1.000000000000000e+00	8137	0	126
127	-2.079479261865000e+02  3.403479836873000e+02 -7.342531279244000e+02	4.122000000000000e-07 0.000000000000000e+00 1.751400000000000e-06	1.000000000000000e+00	8137	0	127
128	 5.325547103087000e+02 -3.696980863816000e+02 -2.709260681001000e+02	8.370000000000000e-08 1.450000000000000e-07 5.448800000000000e-06	1.000000000000000e+00	8137	0	128
130	-3.343167745092000e+02  5.808040612746000e+02 -6.793251553319001e+02	-9.472000000000000e-06 -1.800420000000000e-05  0.000000000000000e+00	1.000000000000000e+00	8137	0	130
131	5.459183447814000e+02 1.496198208615000e+02 1.469693845670000e+01	6.512360000000001e-05 1.160000000000000e-08 0.000000000000000e+00	1.000000000000000e+00	5009	0	131
132	-4.590638890320000e+01  6.910882722200000e+02 -5.585182533137000e+02	2.048140000000000e-05 0.000000000000000e+00 8.474700000000000e-06	1.000000000000000e+00	8137	0	132
133	-3.449255764915000e+02  6.910882722200000e+02  1.560201962841000e+02	-2.820951562500000e-06  0.000000000000000e+00  8.545921874999999e-07	4.218750000000000e-01	8137	0	133
134	 3.693651638103000e+02 -1.690134734945000e+02  9.471360338760000e+01	 3.903000000000000e-06 -2.932500000000000e-06  0.000000000000000e+00	1.000000000000000e+00	8137	0	134
136	3.879109280354000e+02 2.348639273618000e+02 3.592584956082000e+02	8.774870000000001e-05 1.828400000000000e-06 0.000000000000000e+00	1.000000000000000e+00	8137	0	136
137	 1.578475372800000e+02  3.610899378170000e+01 -7.142044234430000e+01	-1.382330000000000e-05 -2.394260000000000e-05  2.266020000000000e-05	1.000000000000000e+00	8137	0	137
139	 6.777306910700000e+02 -6.032201377837000e+02  2.856591474000000e+00	 1.101000000000000e-07  1.907000000000000e-07 -1.754300000000000e-06	1.000000000000000e+00	97	0	139
141	 2.420710468177000e+02 -2.649873825120000e+02  5.829785587824000e+02	 1.020480000000000e-05 -1.825370000000000e-05  0.000000000000000e+00	1.000000000000000e+00	105	0	141
143	 5.701744167570000e+02  3.131990974851000e+02 -6.185744894827001e+02	 1.173000000000000e-07 -2.032000000000000e-07 -1.560000000000000e-06	1.000000000000000e+00	0	0	143
144	 4.740495545436000e+02 -3.759782668266000e+02  2.286190426598000e+02	-4.946170000000000e-05  3.727100000000000e-06  0.000000000000000e+00	1.000000000000000e+00	8137	0	144
146	 5.245239790225000e+02  6.530955059225000e+02 -4.262112152443000e+02	1.390000000000000e-08 9.720000000000001e-08 0.000000000000000e+00	1.000000000000000e+00	646	0	146
147	 7.255051587720000e+01  7.228324214062001e+02 -4.262112152443000e+02	2.066000000000000e-07 8.178000000000000e-07 0.000000000000000e+00	1.000000000000000e+00	646	0	147
150	-7.500000000000000e+02 -1.754870515377000e+02 -1.159425144917000e+02	0.000000000000000e+00 2.513531280000000e-02 0.000000000000000e+00	1.000000000000000e+00	661	1	150
151	-2.364477676416000e+02  4.504703680903000e+02 -1.159425144917000e+02	-4.784400000000000e-06  6.502300000000000e-06  0.000000000000000e+00	1.000000000000000e+00	661	0	151
152	-5.876639195639000e+02  1.013844680448000e+02 -4.164132562731000e+02	 5.180000000000001e-07 -4.274000000000000e-07  0.000000000000000e+00	1.000000000000000e+00	8137	0	152
153	-6.585281245167000e+02 -6.147556778124000e+02  1.077775486825000e+02	-1.033656000000000e-04  1.395400000000000e-06  0.000000000000000e+00	1.000000000000000e+00	23	0	153
154	-6.463304184013000e+02  3.324803068042000e+02  1.077775486825000e+02	-2.866350000000000e-05  1.484100000000000e-06  0.000000000000000e+00	1.000000000000000e+00	23	0	154
155	-4.470239931244000e+02 -3.748799233994000e+02 -1.894272067752000e+02	-2.475000000000000e-07  1.911000000000000e-07  0.000000000000000e+00	1.000000000000000e+00	27	0	155
156	 1.325882441457000e+02  3.750546399637000e+02 -1.894272067752000e+02	-1.309000000000000e-07  1.012000000000000e-07  0.000000000000000e+00	1.000000000000000e+00	27	0	156
159	-5.950127018922000e+02 -7.500000000000000e+02  2.325240476367000e+02	 1.538540000000000e-05  2.664830000000000e-05 -5.357700000000000e-06	1.000000000000000e+00	491	1	159
160	-4.473621699626000e+02 -4.942617769333000e+02  5.373070979721000e+02	 4.638700000000000e-06  8.034400000000001e-06 -1.249300000000000e-05	1.000000000000000e+00	491	0	160
161	 9.393137358120001e+01 -4.883194632903000e+02  7.500000000000000e+02	 4.100000000000000e-09 -7.000000000000001e-09  1.491000000000000e-07	1.000000000000000e+00	729	1	161
162	 1.965559638599000e+02 -6.660704677590001e+02  7.392155045632001e+02	 2.800000000000000e-09 -4.900000000000000e-09  1.249000000000000e-07	1.000000000000000e+00	729	0	162
164	5.207250086625000e+02 5.474108120450000e+01 2.286190426598000e+02	-7.499400000000001e-06  1.194600000000000e-06  0.000000000000000e+00	1.000000000000000e+00	8137	0	164
167	 9.016584446260001e+01 -3.750864791170000e+02  1.518683640526000e+02	-3.220000000000000e-07 -1.403000000000000e-07  0.000000000000000e+00	1.000000000000000e+00	8137	0	167
168	-2.362189466086000e+02  3.750116643561000e+02  1.518683640526000e+02	6.470000000000000e-08 2.820000000000000e-08 0.000000000000000e+00	1.000000000000000e+00	8137	0	168
169	-4.953729471838000e+02  3.403479836873000e+02 -7.010485361529001e+02	-1.540000000000000e-07  0.000000000000000e+00 -1.814100000000000e-06	1.000000000000000e+00	8137	0	169
172	 6.453285293778000e+02 -1.743681019903000e+02 -2.766901579509000e+02	1.032000000000000e-07 1.787000000000000e-07 1.034760000000000e-05	1.000000000000000e+00	8137	0	172
174	 4.496688276611000e+02 -5.813954640261001e+02 -2.988349188155000e+02	-1.345740000000000e-05  2.330890000000000e-05  3.113640000000000e-05	1.000000000000000e+00	8137	0	174
177	 5.178491668956000e+02 -3.058634296915000e+02  1.469693845670000e+01	 2.477150000000000e-05 -2.844000000000000e-06  0.000000000000000e+00	1.000000000000000e+00	5009	0	177
179	 6.776624503800000e+00  6.910882722200000e+02 -6.017668179402000e+02	4.369700000000000e-06 0.000000000000000e+00 8.654200000000001e-06	1.000000000000000e+00	8137	0	179
181	 2.146111198242000e+02 -4.510156473546000e+02  9.471360338760000e+01	 1.557000000000000e-07 -7.770000000000000e-08  0.000000000000000e+00	1.000000000000000e+00	8137	0	181
183	 3.665324727368000e+02 -2.773618331559000e+02  3.592584956082000e+02	 3.983340000000000e-05 -1.946400000000000e-06  0.000000000000000e+00	1.000000000000000e+00	8137	0	183
185	-8.216054493090000e+01 -3.795971988348000e+02 -3.835219713418000e+02	 1.157800000000000e-06  2.005400000000000e-06 -6.108800000000000e-06	1.000000000000000e+00	8137	0	185
187	4.253663006880000e+02 7.500000000000000e+02 3.804874067123000e+02	-7.050000000000000e-08 -2.170000000000000e-08  0.000000000000000e+00	1.000000000000000e+00	8006	1	187
189	 6.312698804491000e+02 -6.836926223399000e+02 -8.849928344800000e+00	 1.082000000000000e-07  1.874000000000000e-07 -1.739300000000000e-06	1.000000000000000e+00	97	0	189
190	 7.226873669229001e+02 -5.253528910670000e+02  1.379310632210000e+01	 8.930000000000000e-08  1.547000000000000e-07 -1.488900000000000e-06	1.000000000000000e+00	97	0	190
191	-8.680731819070000e+01 -4.534410007801000e+02  5.829785587824000e+02	-3.844200000000000e-06  6.381000000000000e-06  0.000000000000000e+00	1.000000000000000e+00	105	0	191
192	 5.739785756257000e+02 -8.518449656940000e+01  5.829785587824000e+02	 2.417810000000000e-05 -3.852470000000000e-05  0.000000000000000e+00	1.000000000000000e+00	105	0	192
193	-2.661819318506000e+02  4.955699464378000e+02 -4.164132562731000e+02	-9.285187500000001e-07  5.031562500000000e-07  0.000000000000000e+00	5.625000000000000e-01	8137	0	193
194	-1.996736158992000e+02  6.910882722200000e+02 -4.178310441887000e+02	3.583428332519532e-06 0.000000000000000e+00 4.594942529296875e-06	1.334838867187500e-01	8137	0	194
195	-4.082061597447000e+02  6.910882722200000e+02 -1.311501103809000e+02	-1.108985000000000e-04  0.000000000000000e+00  3.093212000000000e-04	1.000000000000000e+00	8137	0	195
198	6.007808807106001e+02 5.557422149510001e+01 9.471360338760000e+01	 4.657300000000000e-06 -5.506200000000000e-06  0.000000000000000e+00	1.000000000000000e+00	8137	0	198
201	 5.169550591997000e+02  4.053777287206000e+02 -6.365523960821000e+02	 1.050000000000000e-07 -1.819000000000000e-07 -1.224400000000000e-06	1.000000000000000e+00	0	0	201
202	 4.579128117595000e+02 -5.768493981505001e+02  2.286190426598000e+02	-2.741552578125000e-05 -1.299100781250000e-06  0.000000000000000e+00	3.164062500000000e-01	8137	0	202
204	 6.372717359037000e+02  6.369592127674000e+02 -4.262112152443000e+02	2.350000000000000e-08 1.650000000000000e-07 0.000000000000000e+00	1.000000000000000e+00	646	0	204
205	-2.399621931730000e+01  7.500000000000000e+02 -4.262112152443000e+02	-8.470000000000000e-08 -3.009000000000000e-07  0.000000000000000e+00	1.000000000000000e+00	646	1	205
209	-7.776070131010000e+01  5.624018941433001e+02 -1.159425144917000e+02	 7.380000000000000e-08 -2.161000000000000e-07  0.000000000000000e+00	1.000000000000000e+00	661	0	209
210	-6.687077957375001e+02  3.173991745600000e+00 -4.164132562731000e+02	 4.611000000000000e-07 -3.803000000000000e-07  0.000000000000000e+00	1.000000000000000e+00	8137	0	210
212	-6.314624185287000e+02  5.594633966881000e+02  1.077775486825000e+02	-9.541300000000000e-06  7.044000000000000e-07  0.000000000000000e+00	1.000000000000000e+00	23	0	212
213	-5.917860259281000e+02 -5.624724786532000e+02 -1.894272067752000e+02	-4.860000000000001e-08  3.750000000000000e-08  0.000000000000000e+00	1.000000000000000e+00	27	0	213
214	 2.775178521566000e+02  5.625177460880000e+02 -1.894272067752000e+02	-3.620000000000000e-08  2.800000000000000e-08  0.000000000000000e+00	1.000000000000000e+00	27	0	214
216	-3.988517715833000e+02 -4.102393022449000e+02  6.023831492164001e+02	 4.335800000000000e-06  7.509800000000001e-06 -1.365650000000000e-05	1.000000000000000e+00	491	0	216
221	 1.722718446025000e+02 -5.624848611954001e+02  1.518683640526000e+02	7.630000000000000e-08 3.410000000000000e-08 0.000000000000000e+00	1.000000000000000e+00	8137	0	221
222	-3.122556636770000e+02  5.640558657114000e+02  1.518683640526000e+02	-4.857000000000001e-07 -1.763000000000000e-07  0.000000000000000e+00	1.000000000000000e+00	8137	0	222
223	-6.345623077466000e+02  3.403479836873000e+02 -6.913916938063001e+02	-1.088000000000000e-07  0.000000000000000e+00 -2.017200000000000e-06	1.000000000000000e+00	8137	0	223
226	 7.014432574080000e+02 -7.717454198900001e+01 -2.786740018478000e+02	9.280000000000000e-08 1.607000000000000e-07 1.203500000000000e-05	1.000000000000000e+00	8137	0	226
228	 5.234474784919000e+02 -7.091838357790000e+02 -5.506825019755000e+02	-2.959423000000000e-04  5.125871000000000e-04 -2.702829000000000e-04	1.000000000000000e+00	8137	0	228
229	-5.033567275316000e+02  6.635118599409001e+02 -6.793251553319001e+02	-3.975800000000000e-06 -8.776600000000000e-06  0.000000000000000e+00	1.000000000000000e+00	8137	0	229
231	 4.871470505569000e+02 -5.372072940962000e+02  1.469693845670000e+01	 1.477300000000000e-06 -2.173000000000000e-07  0.000000000000000e+00	1.000000000000000e+00	5009	0	231
233	-4.706329300365000e+02  6.910882722200000e+02  4.363437878986000e+02	-5.179590000000000e-05  0.000000000000000e+00 -3.808160000000000e-05	1.000000000000000e+00	8137	0	233
234	 1.229719590045000e+02 -5.776317657535001e+02  9.471360338760000e+01	-9.720000000000000e-07  9.141000000000001e-07  0.000000000000000e+00	1.000000000000000e+00	8137	0	234
235	 3.492819340270000e+02 -5.362242351592000e+02  3.592584956082000e+02	 1.637410000000000e-05 -1.442000000000000e-06  0.000000000000000e+00	1.000000000000000e+00	8137	0	235
237	-2.086962772149000e+02 -5.987635161237000e+02 -4.619276919492000e+02	-1.660000000000000e-08 -2.870000000000000e-08  1.616000000000000e-07	1.000000000000000e+00	8137	0	237
238	4.365949546022000e+02 5.189136830623000e+02 4.770531170069000e+02	-4.562900000000000e-06 -7.903200000000001e-06  1.429030000000000e-05	1.000000000000000e+00	8137	0	238
241	-2.491563181315000e+02 -5.547315515181000e+02  5.829785587824000e+02	-1.162950000000000e-05  1.809380000000000e-05  0.000000000000000e+00	1.000000000000000e+00	105	0	241
242	7.138130377645000e+02 5.460201036300000e+00 5.829785587824000e+02	 1.250480000000000e-05 -2.106140000000000e-05  0.000000000000000e+00	1.000000000000000e+00	105	0	242
243	-2.217391231272000e+02  6.049675832261000e+02 -4.164132562731000e+02	 9.124887304687500e-06 -1.349682275390625e-06  0.000000000000000e+00	1.779785156250000e-01	8137	0	243
246	 7.169726536931000e+02  5.893709265030000e+01 -5.860200709674000e+02	 1.000000000000000e-07 -1.732000000000000e-07 -2.456000000000000e-06	1.000000000000000e+00	0	0	246
247	 6.220122371363000e+02  2.234133588346000e+02 -6.043023861719000e+02	 1.135000000000000e-07 -1.966000000000000e-07 -1.912900000000000e-06	1.000000000000000e+00	0	0	247
248	 4.890220819000000e+02 -1.947758801156000e+02  2.286190426598000e+02	-3.063950000000000e-05  2.969800000000000e-06  0.000000000000000e+00	1.000000000000000e+00	8137	0	248
249	5.483203749623000e+02 1.793289267344000e+02 2.286190426598000e+02	1.530000000000000e-08 4.700000000000000e-09 0.000000000000000e+00	1.000000000000000e+00	8137	0	249
250	 4.117761769179000e+02  6.692316312338000e+02 -4.262112152443000e+02	2.900000000000000e-09 2.040000000000000e-08 0.000000000000000e+00	1.000000000000000e+00	646	0	250
251	 1.864185407565000e+02  7.024471989715000e+02 -4.262112152443000e+02	1.350000000000000e-08 7.630000000000000e-08 0.000000000000000e+00	1.000000000000000e+00	646	0	251
254	-7.090749923669000e+02 -6.584548416430000e+01 -1.159425144917000e+02	-5.618252800000000e-03  1.844903400000000e-03  0.000000000000000e+00	1.000000000000000e+00	661	0	254
255	-4.011375438994000e+02  3.195709923404000e+02 -1.159425144917000e+02	-7.867780000000001e-05  8.561060000000000e-05  0.000000000000000e+00	1.000000000000000e+00	661	0	255
256	-5.066314596319000e+02  1.996044145985000e+02 -4.164132562731000e+02	 5.513000000000000e-07 -4.547000000000000e-07  0.000000000000000e+00	1.000000000000000e+00	8137	0	256
257	-3.449764568045000e+02  3.961967388303000e+02 -4.164132562731000e+02	 2.850750000000000e-07 -2.340000000000000e-07  0.000000000000000e+00	5.625000000000000e-01	8137	0	257
258	-6.574867450762000e+02 -4.260361294579000e+02  1.077775486825000e+02	-8.961850000000000e-05  3.784000000000000e-07  0.000000000000000e+00	1.000000000000000e+00	23	0	258
259	-6.560324052877000e+02  8.909922022300000e+01  1.077775486825000e+02	-4.783250000000000e-05  1.257900000000000e-06  0.000000000000000e+00	1.000000000000000e+00	23	0	259
260	-3.021866006356000e+02 -1.873454965648000e+02 -1.894272067752000e+02	-3.406000000000000e-07  2.632000000000000e-07  0.000000000000000e+00	1.000000000000000e+00	27	0	260
261	-1.232259642120000e+01  1.875770351489000e+02 -1.894272067752000e+02	-1.812000000000000e-07  1.400000000000000e-07  0.000000000000000e+00	1.000000000000000e+00	27	0	261
262	-5.854869142258000e+02 -7.335008517797000e+02  2.773258540004000e+02	-7.982400000000000e-06 -1.382590000000000e-05  6.582600000000000e-06	1.000000000000000e+00	491	0	262
263	-4.949763914571000e+02 -5.767320277247001e+02  4.673399368153000e+02	 2.746200000000000e-06  4.756500000000000e-06 -8.348700000000000e-06	1.000000000000000e+00	491	0	263
268	 8.590134368200001e+00 -1.875428053738000e+02  1.518683640526000e+02	-1.662000000000000e-07 -7.240000000000000e-08  0.000000000000000e+00	1.000000000000000e+00	8137	0	268
269	-1.545692274632000e+02  1.875205861324000e+02  1.518683640526000e+02	8.220000000000001e-08 3.580000000000000e-08 0.000000000000000e+00	1.000000000000000e+00	8137	0	269
270	-3.567219372922000e+02  3.403479836873000e+02 -7.149432548654000e+02	-1.483000000000000e-07  0.000000000000000e+00 -1.292100000000000e-06	1.000000000000000e+00	8137	0	270
273	 5.892043163881000e+02 -2.715780904233000e+02 -2.741640234599000e+02	1.027000000000000e-07 1.779000000000000e-07 8.145000000000001e-06	1.000000000000000e+00	8137	0	273
274	 4.473833080706000e+02 -5.774368279737000e+02  1.501429609720000e+02	-2.259400000000000e-05  3.913400000000000e-05  3.674370000000000e-05	1.000000000000000e+00	8137	0	274
277	 5.470127018922000e+02 -7.500000000000000e+02 -6.793251553319001e+02	0.000000000000000e+00 0.000000000000000e+00 0.000000000000000e+00	1.000000000000000e+00	8137	1	277
278	 5.430297142120000e+02 -5.798214931040000e+01  1.469693845670000e+01	 4.727610000000000e-05 -3.018400000000000e-06  0.000000000000000e+00	1.000000000000000e+00	5009	0	278
279	5.471243130586000e+02 4.063818442374000e+02 1.469693845670000e+01	 7.810800000000001e-05 -1.541500000000000e-06  0.000000000000000e+00	1.000000000000000e+00	5009	0	279
281	-4.018515602380000e+02  6.910882722200000e+02  1.164583299812000e+02	4.684700000000000e-06 0.000000000000000e+00 2.074100000000000e-05	1.000000000000000e+00	8137	0	281
282	 2.833647432971000e+02 -3.041913316944000e+02  9.471360338760000e+01	 2.675200000000000e-06 -1.460700000000000e-06  0.000000000000000e+00	1.000000000000000e+00	8137	0	282
283	 4.722203703229000e+02 -5.368725674270000e+01  9.471360338760000e+01	 3.422300000000000e-06 -3.782800000000000e-06  0.000000000000000e+00	1.000000000000000e+00	8137	0	283
284	 3.791070974090000e+02 -9.344338454000001e+00  3.592584956082000e+02	 6.387170000000001e-05 -2.917200000000000e-06  0.000000000000000e+00	1.000000000000000e+00	8137	0	284
286	 4.662920685330000e+01 -1.565268052504000e+02 -2.627639955544000e+02	 9.259000000000000e-07  1.603800000000000e-06 -2.845100000000000e-06	1.000000000000000e+00	8137	0	286
287	2.490795622633000e+02 1.941274963302000e+02 1.080596824305000e+02	-4.187450000000000e-05 -7.252880000000001e-05  9.029360000000000e-05	1.000000000000000e+00	8137	0	287
290	 7.775594248770000e+01 -3.584635016514000e+02  5.829785587824000e+02	 3.596800000000000e-06 -6.304000000000000e-06  0.000000000000000e+00	1.000000000000000e+00	105	0	290
291	 4.087166960917000e+02 -1.747889915466000e+02  5.829785587824000e+02	 1.392740000000000e-05 -2.680290000000000e-05  0.000000000000000e+00	1.000000000000000e+00	105	0	291
292	 4.602623860335000e+02 -5.997440453600000e+02  2.286190426598000e+02	-3.336310000000000e-05  5.778660000000000e-05  0.000000000000000e+00	1.000000000000000e+00	8137	0	292
297	-2.977647172000000e+00  6.101004187417000e+02 -1.159425144917000e+02	 1.081800000000000e-06 -1.803900000000000e-06  0.000000000000000e+00	1.000000000000000e+00	661	0	297
298	-7.092081389556000e+02 -4.594935078400000e+01 -4.164132562731000e+02	 4.675000000000000e-07 -3.865000000000000e-07  0.000000000000000e+00	1.000000000000000e+00	8137	0	298
300	-6.221288190243000e+02  6.680597283230001e+02  1.077775486825000e+02	-3.864000000000000e-07 -5.900000000000000e-09  0.000000000000000e+00	1.000000000000000e+00	23	0	300
301	-6.642886441465000e+02 -6.561748346495000e+02 -1.894272067752000e+02	-1.455000000000000e-07  1.125000000000000e-07  0.000000000000000e+00	1.000000000000000e+00	27	0	301
302	 3.499637287629000e+02  6.562639282867000e+02 -1.894272067752000e+02	-3.820000000000000e-08  2.950000000000000e-08  0.000000000000000e+00	1.000000000000000e+00	27	0	302
305	 2.139197881611000e+02 -6.560957695165000e+02  1.518683640526000e+02	3.970000000000000e-07 1.887000000000000e-07 0.000000000000000e+00	1.000000000000000e+00	8137	0	305
306	-3.517257577171000e+02  6.910882722200000e+02  1.518683640526000e+02	-4.354312500000000e-07 -1.554750000000000e-07 -3.446437500000000e-07	5.625000000000000e-01	8137	0	306
307	-7.048356041481001e+02  3.403479836873000e+02 -6.881637796105000e+02	-7.760000000000001e-08  0.000000000000000e+00 -2.104600000000000e-06	1.000000000000000e+00	8137	0	307
313	 4.740194451583000e+02 -6.437164204648000e+02  1.469693845670000e+01	-3.913000000000000e-06  6.556000000000000e-07  0.000000000000000e+00	1.000000000000000e+00	5009	0	313
314	5.795490719737001e+02 6.376635077609001e+02 1.469693845670000e+01	 6.013070000000000e-05 -1.898560000000000e-05  0.000000000000000e+00	1.000000000000000e+00	5009	0	314
315	-5.039393711849000e+02  6.910882722200000e+02  4.768710971433000e+02	-3.969900000000000e-05  0.000000000000000e+00 -4.147850000000000e-05	1.000000000000000e+00	8137	0	315
316	 5.843191413540000e+01 -6.429545621579000e+02  9.471360338760000e+01	-7.262000000000000e-07  7.587000000000000e-07  0.000000000000000e+00	1.000000000000000e+00	8137	0	316
317	 3.368828267090000e+02 -6.551990329463000e+02  3.592584956082000e+02	 6.210000000000000e-06 -7.662000000000001e-07  0.000000000000000e+00	1.000000000000000e+00	8137	0	317
319	-2.677113344441000e+02 -7.009805936562000e+02 -4.809702099776000e+02	-7.000000000000001e-09 -1.220000000000000e-08  1.205000000000000e-07	1.000000000000000e+00	8137	0	319
320	4.887411751932000e+02 6.092335865486000e+02 5.230980011106000e+02	 5.550600000000000e-06  9.614000000000000e-06 -3.608590000000000e-05	1.000000000000000e+00	8137	0	320
322	4.858193748982000e+02 5.737105933934000e+02 3.804874067123000e+02	2.069800000000000e-06 8.074000000000000e-07 0.000000000000000e+00	1.000000000000000e+00	8006	0	322
323	-3.286503506698000e+02 -6.062656009831001e+02  5.829785587824000e+02	-1.523800000000000e-05  2.387590000000000e-05  0.000000000000000e+00	1.000000000000000e+00	105	0	323
328	 4.990888983386000e+02 -1.016595025203000e+02  2.286190426598000e+02	-2.098860000000000e-05  2.412500000000000e-06  0.000000000000000e+00	1.000000000000000e+00	8137	0	328
332	-6.638158004366001e+02  1.999885757550000e+01 -1.159425144917000e+02	-2.189859600000000e-03  1.255908300000000e-03  0.000000000000000e+00	1.000000000000000e+00	661	0	332
333	-4.829418793190000e+02  2.461988062161000e+02 -1.159425144917000e+02	-3.146583000000000e-04  3.300232000000000e-04  0.000000000000000e+00	1.000000000000000e+00	661	0	333
334	-4.661201636946000e+02  2.487184767332000e+02 -4.164132562731000e+02	 5.584000000000000e-07 -4.605000000000000e-07  0.000000000000000e+00	1.000000000000000e+00	8137	0	334
335	-3.853595488695000e+02  3.470701842309000e+02 -4.164132562731000e+02	 3.175312500000000e-07 -2.603250000000000e-07  0.000000000000000e+00	5.625000000000000e-01	8137	0	335
336	-6.574703670675000e+02 -2.982997285362000e+02  1.077775486825000e+02	-8.043450000000000e-05 -2.920000000000000e-07  0.000000000000000e+00	1.000000000000000e+00	23	0	336
337	-6.582268644478000e+02 -3.319318394490000e+01  1.077775486825000e+02	-5.459360000000001e-05  4.958000000000000e-07  0.000000000000000e+00	1.000000000000000e+00	23	0	337
338	-2.297376130903000e+02 -9.360168234770001e+01 -1.894272067752000e+02	-3.357000000000000e-07  2.595000000000000e-07  0.000000000000000e+00	1.000000000000000e+00	27	0	338
339	-8.478251885600001e+01  9.384172586070001e+01 -1.894272067752000e+02	-2.099000000000000e-07  1.623000000000000e-07  0.000000000000000e+00	1.000000000000000e+00	27	0	339
342	-3.223505162330000e+01 -9.378726501230000e+01  1.518683640526000e+02	-1.535000000000000e-07 -6.680000000000000e-08  0.000000000000000e+00	1.000000000000000e+00	8137	0	342
343	-1.137936831913000e+02  9.375359840810000e+01  1.518683640526000e+02	4.900000000000000e-09 2.200000000000000e-09 0.000000000000000e+00	1.000000000000000e+00	8137	0	343
344	-2.841601128351000e+02  3.403479836873000e+02 -7.239887648202000e+02	-8.250000000000000e-08  0.000000000000000e+00 -6.242000000000000e-07	1.000000000000000e+00	8137	0	344
349	-1.623819547421000e+02  4.787075879085000e+02 -6.793251553319001e+02	 4.961790000000000e-05 -8.594070000000000e-05  0.000000000000000e+00	1.000000000000000e+00	8137	0	349
350	5.465042738250000e+02 2.552672239940000e+01 1.469693845670000e+01	 5.657160000000000e-05 -1.134100000000000e-06  0.000000000000000e+00	1.000000000000000e+00	5009	0	350
351	5.468250678745001e+02 3.006894796376000e+02 1.469693845670000e+01	 7.550140000000001e-05 -3.516000000000000e-07  0.000000000000000e+00	1.000000000000000e+00	5009	0	351
352	-4.126151102257000e+02  6.910882722200000e+02  3.592584956082000e+02	-8.444910000000000e-05  0.000000000000000e+00  0.000000000000000e+00	1.000000000000000e+00	8137	0	352
354	 3.241537560313000e+02 -2.346273064304000e+02  9.471360338760000e+01	 3.649200000000000e-06 -2.332500000000000e-06  0.000000000000000e+00	1.000000000000000e+00	8137	0	354
355	 4.184999997255000e+02 -1.085671385246000e+02  9.471360338760000e+01	 3.690700000000000e-06 -3.283200000000000e-06  0.000000000000000e+00	1.000000000000000e+00	8137	0	355
356	3.837345586907000e+02 9.872563151210001e+01 3.592584956082000e+02	 7.216710000000001e-05 -3.189000000000000e-06  0.000000000000000e+00	1.000000000000000e+00	8137	0	356
358	 1.046986865797000e+02 -5.594751599510001e+01 -1.745653635899000e+02	-1.160190000000000e-05 -2.009510000000000e-05  1.861420000000000e-05	1.000000000000000e+00	8137	0	358
359	2.052102150559000e+02 1.181435580720000e+02 2.463237044770000e+01	-1.735120000000000e-05 -3.005320000000000e-05  3.698040000000000e-05	1.000000000000000e+00	8137	0	359
362	 1.599433037393000e+02 -3.115957782130000e+02  5.829785587824000e+02	 7.170100000000000e-06 -1.260740000000000e-05  0.000000000000000e+00	1.000000000000000e+00	105	0	362
363	 3.246620626011000e+02 -2.195224179857000e+02  5.829785587824000e+02	 1.242870000000000e-05 -2.298580000000000e-05  0.000000000000000e+00	1.000000000000000e+00	105	0	363
364	 4.675922002931000e+02 -4.626442258896000e+02  2.286190426598000e+02	-4.711300000000000e-05  3.761300000000000e-06  0.000000000000000e+00	1.000000000000000e+00	8137	0	364
365	 4.808759137022000e+02 -2.864142538920000e+02  2.286190426598000e+02	-4.167660000000000e-05  3.412600000000000e-06  0.000000000000000e+00	1.000000000000000e+00	8137	0	365
367	5.884484513478001e+02 2.680519417894000e+02 2.286190426598000e+02	-1.801000000000000e-07  8.850000000000000e-08  0.000000000000000e+00	1.000000000000000e+00	8137	0	367
374	-1.579383599117000e+02  5.077752335592000e+02 -1.159425144917000e+02	-1.459500000000000e-06  2.076800000000000e-06  0.000000000000000e+00	1.000000000000000e+00	661	0	374
375	-3.155334069084000e+02  3.894926866958000e+02 -1.159425144917000e+02	-1.619310000000000e-05  1.960030000000000e-05  0.000000000000000e+00	1.000000000000000e+00	661	0	375
376	-6.281848969036000e+02  5.227840539490001e+01 -4.164132562731000e+02	 4.919000000000000e-07 -4.059000000000000e-07  0.000000000000000e+00	1.000000000000000e+00	8137	0	376
377	-5.471462341844000e+02  1.504932399705000e+02 -4.164132562731000e+02	 5.374000000000000e-07 -4.434000000000000e-07  0.000000000000000e+00	1.000000000000000e+00	8137	0	377
378	-6.600435963665000e+02 -6.662867937119000e+02  1.077775486825000e+02	-1.023626000000000e-04  6.181900000000000e-06  0.000000000000000e+00	1.000000000000000e+00	23	0	378
379	-6.581177895163000e+02 -5.335578619495000e+02  1.077775486825000e+02	-9.617850000000001e-05  5.290000000000000e-07  0.000000000000000e+00	1.000000000000000e+00	23	0	379
380	-6.391692044208000e+02  4.468396153532000e+02  1.077775486825000e+02	-1.917770000000000e-05  1.247700000000000e-06  0.000000000000000e+00	1.000000000000000e+00	23	0	380
381	-6.517132766493000e+02  2.129063452595000e+02  1.077775486825000e+02	-3.854570000000000e-05  1.655100000000000e-06  0.000000000000000e+00	1.000000000000000e+00	23	0	381
382	-5.194023311235001e+02 -4.686782890267000e+02 -1.894272067752000e+02	-1.404000000000000e-07  1.083000000000000e-07  0.000000000000000e+00	1.000000000000000e+00	27	0	382
383	-3.746147586063000e+02 -2.811054014785000e+02 -1.894272067752000e+02	-3.085000000000000e-07  2.383000000000000e-07  0.000000000000000e+00	1.000000000000000e+00	27	0	383
384	 2.050500395610000e+02  4.687885200226000e+02 -1.894272067752000e+02	-8.620000000000000e-08  6.660000000000000e-08  0.000000000000000e+00	1.000000000000000e+00	27	0	384
385	 6.013061118610000e+01  2.813175469278000e+02 -1.894272067752000e+02	-1.642000000000000e-07  1.270000000000000e-07  0.000000000000000e+00	1.000000000000000e+00	27	0	385
388	5.499243088592000e+02 1.424495592470000e+01 9.471360338760000e+01	 4.967200000000000e-06 -5.909700000000000e-06  0.000000000000000e+00	1.000000000000000e+00	8137	0	388
390	 1.310770857935000e+02 -4.688479537132000e+02  1.518683640526000e+02	-3.597000000000000e-07 -1.575000000000000e-07  0.000000000000000e+00	1.000000000000000e+00	8137	0	390
391	 4.940444915180000e+01 -2.813030464943000e+02  1.518683640526000e+02	-1.991000000000000e-07 -8.660000000000001e-08  0.000000000000000e+00	1.000000000000000e+00	8137	0	391
392	-2.772569895324000e+02  4.686595250018000e+02  1.518683640526000e+02	3.770000000000000e-08 1.800000000000000e-08 0.000000000000000e+00	1.000000000000000e+00	8137	0	392
393	-1.953683090631000e+02  2.812773481211000e+02  1.518683640526000e+02	1.181000000000000e-07 5.140000000000000e-08 0.000000000000000e+00	1.000000000000000e+00	8137	0	393
394	-5.642922090074001e+02  3.403479836873000e+02 -6.957291701369001e+02	-1.344000000000000e-07  0.000000000000000e+00 -1.926600000000000e-06	1.000000000000000e+00	8137	0	394
395	-4.271680123667000e+02  3.403479836873000e+02 -7.073471495966000e+02	-1.622000000000000e-07  0.000000000000000e+00 -1.633100000000000e-06	1.000000000000000e+00	8137	0	395
400	 5.047857326112000e+02 -6.768607437556000e+02 -4.735574805504000e+02	-1.209723000000000e-04  2.095301000000000e-04 -4.339520000000000e-05	1.000000000000000e+00	8137	0	400
401	 4.328566777684000e+02 -5.522759662275000e+02 -2.631670246547000e+02	-2.442212014389038e-06  4.230038462448120e-06  3.303313230514526e-06	7.508468627929688e-02	8137	0	401
402	-4.636938926827000e+02  6.451886456017000e+02 -6.793251553319001e+02	-4.359200000000001e-06 -9.364800000000001e-06  0.000000000000000e+00	1.000000000000000e+00	8137	0	402
403	-3.951087748161000e+02  6.119597398270000e+02 -6.793251553319001e+02	-6.169700000000000e-06 -1.238820000000000e-05  0.000000000000000e+00	1.000000000000000e+00	8137	0	403
406	 5.021348289863000e+02 -4.295674216944000e+02  1.469693845670000e+01	 1.188580000000000e-05 -1.674800000000000e-06  0.000000000000000e+00	1.000000000000000e+00	5009	0	406
407	 5.323872432876000e+02 -1.670372016978000e+02  1.469693845670000e+01	 3.779900000000000e-05 -3.636600000000000e-06  0.000000000000000e+00	1.000000000000000e+00	5009	0	407
408	5.702691679448001e+02 5.979937313663000e+02 1.469693845670000e+01	 6.400290000000000e-05 -1.026440000000000e-05  0.000000000000000e+00	1.000000000000000e+00	5009	0	408
409	5.545563959597000e+02 4.989055262858000e+02 1.469693845670000e+01	 7.011200000000001e-05 -6.917900000000000e-06  0.000000000000000e+00	1.000000000000000e+00	5009	0	409
412	 1.663523935638000e+02 -5.266040248708000e+02  9.471360338760000e+01	-5.390000000000000e-07  4.078000000000000e-07  0.000000000000000e+00	1.000000000000000e+00	8137	0	412
413	 2.474322937391000e+02 -3.772638710074000e+02  9.471360338760000e+01	 7.676000000000001e-07 -3.613000000000000e-07  0.000000000000000e+00	1.000000000000000e+00	8137	0	413
414	 3.592862647805000e+02 -4.063765980166000e+02  3.592584956082000e+02	 2.778530000000000e-05 -1.818400000000000e-06  0.000000000000000e+00	1.000000000000000e+00	8137	0	414
415	 3.728535472624000e+02 -1.420462568089000e+02  3.592584956082000e+02	 5.219620000000000e-05 -2.334600000000000e-06  0.000000000000000e+00	1.000000000000000e+00	8137	0	415
416	-8.132625707990000e+01  6.910882722200000e+02  3.592584956082000e+02	0.000000000000000e+00 0.000000000000000e+00 0.000000000000000e+00	1.000000000000000e+00	8137	0	416
418	-1.456978639227000e+02 -4.896470635054000e+02 -4.281413657265000e+02	 1.204000000000000e-07  2.086000000000000e-07 -7.260000000000000e-07	1.000000000000000e+00	8137	0	418
419	-1.768991231130000e+01 -2.679307875415000e+02 -3.301996740108000e+02	 2.544400000000000e-06  4.407000000000000e-06 -1.093080000000000e-05	1.000000000000000e+00	8137	0	419
424	4.525559319473000e+02 6.616145796169001e+02 3.804874067123000e+02	1.222000000000000e-06 4.166000000000000e-07 0.000000000000000e+00	1.000000000000000e+00	8006	0	424
426	-1.686708264667000e+02 -5.032382877287000e+02  5.829785587824000e+02	-7.765800000000001e-06  1.237220000000000e-05  0.000000000000000e+00	1.000000000000000e+00	105	0	426
427	-4.561072248700000e+00 -4.054888904999000e+02  5.829785587824000e+02	-9.000000000000000e-08  1.249000000000000e-07  0.000000000000000e+00	1.000000000000000e+00	105	0	427
428	 6.463448660482001e+02 -3.674024965730000e+01  5.829785587824000e+02	 2.379210000000000e-05 -3.524410000000000e-05  0.000000000000000e+00	1.000000000000000e+00	105	0	428
429	 4.943633056759000e+02 -1.316889730002000e+02  5.829785587824000e+02	 1.512700000000000e-05 -2.691090000000000e-05  0.000000000000000e+00	1.000000000000000e+00	105	0	429
430	-2.388046638055000e+02  5.500803016377000e+02 -4.164132562731000e+02	-9.882000000000001e-07  3.749000000000000e-07  0.000000000000000e+00	1.000000000000000e+00	8137	0	430
431	-3.046653836179000e+02  4.453830050225000e+02 -4.164132562731000e+02	 1.121062500000000e-07 -9.101250000000001e-08  0.000000000000000e+00	5.625000000000000e-01	8137	0	431
432	-2.162112979061000e+02  6.910882722200000e+02 -4.151252013976000e+02	1.344959185723378e-05 0.000000000000000e+00 3.355650001149735e-06	7.516946818213910e-03	8137	0	432
433	-4.430092848472000e+02  6.910882722200000e+02  3.994498438900000e+00	2.793400000000000e-06 0.000000000000000e+00 1.676170000000000e-05	1.000000000000000e+00	8137	0	433
434	6.631427716521000e+02 1.108947114789000e+02 9.471360338760000e+01	 1.899800000000000e-06 -2.029200000000000e-06  0.000000000000000e+00	1.000000000000000e+00	8137	0	434
436	 4.902740244865000e+02  4.515906364423000e+02 -6.471915129115000e+02	 1.266000000000000e-07 -2.192000000000000e-07 -1.111700000000000e-06	1.000000000000000e+00	0	0	436
438	5.162144551803000e+02 6.568187033369001e+02 5.387034053876000e+02	 6.172300000000000e-06  1.069070000000000e-05 -5.330180000000001e-05	1.000000000000000e+00	8137	0	438
439	 1.309890937188000e+02 -1.041119507850000e+01 -1.253237000578000e+02	-1.523420000000000e-05 -2.638640000000000e-05  1.783940000000000e-05	1.000000000000000e+00	8137	0	439
440	 1.823070042746000e+02  7.847403334230000e+01 -2.142657377980000e+01	-1.362830000000000e-05 -2.360490000000000e-05  2.871130000000000e-05	1.000000000000000e+00	8137	0	440
441	-1.140320184136000e+02 -4.348002102189000e+02 -4.064624838477000e+02	 5.390000000000000e-07  9.335000000000000e-07 -3.038000000000000e-06	1.000000000000000e+00	8137	0	441
442	-5.001479952380000e+01 -3.239191345425000e+02 -3.584922915768000e+02	 1.788000000000000e-06  3.096900000000000e-06 -8.558600000000000e-06	1.000000000000000e+00	8137	0	442
444	5.700127018922000e+02 7.500000000000000e+02 3.592584956082000e+02	 0.000000000000000e+00 -0.000000000000000e+00  0.000000000000000e+00	1.000000000000000e+00	8137	1	444
445	-2.391605904267000e+02 -6.515292544242001e+02 -4.731611615603000e+02	-1.530000000000000e-08 -2.650000000000000e-08  1.981000000000000e-07	1.000000000000000e+00	8137	0	445
446	-1.773157076849000e+02 -5.444107753273000e+02 -4.468624985023000e+02	 5.600000000000001e-09  9.700000000000001e-09 -3.280000000000000e-08	1.000000000000000e+00	8137	0	446
447	4.621957407641000e+02 5.632555454084001e+02 5.028042449296000e+02	 2.897300000000000e-06  5.018300000000000e-06 -1.488770000000000e-05	1.000000000000000e+00	8137	0	447
448	4.122010821617000e+02 4.766622566019000e+02 4.457148757142000e+02	-3.089251406250000e-05 -5.350741875000000e-05  8.306566875000000e-05	4.218750000000000e-01	8137	0	448
449	 7.702348604390001e+01 -1.038823694329000e+02 -2.204252002640000e+02	-5.473400000000000e-06 -9.480200000000001e-06  1.173010000000000e-05	1.000000000000000e+00	8137	0	449
450	 1.460858321730000e+01 -2.119881522780000e+02 -2.986560102597000e+02	 3.717200000000000e-06  6.438400000000000e-06 -1.389180000000000e-05	1.000000000000000e+00	8137	0	450
451	2.277373917409000e+02 1.571617726415000e+02 6.837963947290000e+01	-2.586850000000000e-05 -4.480560000000000e-05  5.424240000000000e-05	1.000000000000000e+00	8137	0	451
452	2.724292759131000e+02 2.345703867137000e+02 1.498856029609000e+02	-6.966930000000001e-05 -1.206708000000000e-04  1.738968000000000e-04	1.000000000000000e+00	8137	0	452
453	 3.298979645676000e+02 -7.022544868101000e+02  3.592584956082000e+02	 1.991600000000000e-06 -3.064000000000000e-07  0.000000000000000e+00	1.000000000000000e+00	8137	0	453
455	-3.752972410333000e+02 -3.694416585840000e+02  6.305209039820000e+02	 3.770800000000000e-06  6.531200000000000e-06 -1.305320000000000e-05	1.000000000000000e+00	491	0	455
459	 3.436352440374000e+02 -5.960088829140000e+02  3.592584956082000e+02	 1.133700000000000e-05 -1.160600000000000e-06  0.000000000000000e+00	1.000000000000000e+00	8137	0	459
460	3.861204444051000e+02 1.490309018487000e+02 3.592584956082000e+02	 7.777600000000001e-05 -2.218100000000000e-06  0.000000000000000e+00	1.000000000000000e+00	8137	0	460
465	 4.292328196760000e+01  6.379291704763000e+02 -1.159425144917000e+02	 1.756000000000000e-06 -2.944700000000000e-06  0.000000000000000e+00	1.000000000000000e+00	661	0	465
468	-7.066301157450000e+02  7.494690735830001e+01  6.580962442277000e+02	-3.304100000000000e-05 -8.356040000000001e-05  0.000000000000000e+00	1.000000000000000e+00	1105	0	468
471	 3.544663231764000e+02 -4.739713577297000e+02  3.592584956082000e+02	 2.171300000000000e-05 -1.656200000000000e-06  0.000000000000000e+00	1.000000000000000e+00	8137	0	471
479	7.497892521439001e+02 5.715767664980000e+01 6.580962442277000e+02	 3.387761718750000e-07 -3.841488281250000e-07  0.000000000000000e+00	3.164062500000000e-01	1105	0	479
483	 5.106668967568000e+02 -3.699688755640000e+02  1.469693845670000e+01	 1.829120000000000e-05 -2.250100000000000e-06  0.000000000000000e+00	1.000000000000000e+00	5009	0	483
484	-6.051487725024000e+02  9.624805540250000e+01  6.580962442277000e+02	-1.010802000000000e-04 -1.592603000000000e-04  0.000000000000000e+00	1.000000000000000e+00	1105	0	484
486	-3.761717595557000e+02 -6.356859544936000e+02  5.829785587824000e+02	-1.671880000000000e-05  2.780390000000000e-05  0.000000000000000e+00	1.000000000000000e+00	105	0	486
487	5.260780990209000e+02 6.739030356165000e+02 2.286190426598000e+02	 5.721063750000000e-05  9.909174375000000e-05 -1.287368437500000e-04	5.625000000000000e-01	8137	0	487
488	 4.621442632381000e+02  5.003128121293000e+02 -6.604993167375001e+02	 1.461000000000000e-07 -2.530000000000000e-07 -1.163900000000000e-06	1.000000000000000e+00	0	0	488
490	5.050444420559000e+02 5.341134399598001e+02 3.804874067123000e+02	2.524800000000000e-06 1.617500000000000e-06 0.000000000000000e+00	1.000000000000000e+00	8006	0	490
491	-5.202985110788001e+02 -6.205912254647001e+02  4.260943793786000e+02	-3.781200000000000e-06 -6.549200000000000e-06 -5.114600000000000e-06	1.000000000000000e+00	491	0	491
494	 8.383404310500000e+00 -6.866896332554001e+02  9.471360338760000e+01	 1.321000000000000e-06 -1.402100000000000e-06  0.000000000000000e+00	1.000000000000000e+00	8137	0	494
495	 5.250801883825001e+02 -2.445104834898000e+02  1.469693845670000e+01	 2.998080000000000e-05 -3.067100000000000e-06  0.000000000000000e+00	1.000000000000000e+00	5009	0	495
496	 3.426222741629000e+02 -6.986707157914000e+02  9.886561039100000e+00	3.476600000000000e-06 6.021700000000000e-06 2.342990000000000e-05	1.000000000000000e+00	8137	0	496
497	-4.708571333655000e+02 -5.349562472691000e+02  5.035351997368000e+02	 4.076700000000000e-06  7.061100000000000e-06 -1.135590000000000e-05	1.000000000000000e+00	491	0	497
499	 5.031931927670000e+02 -4.205537265511000e+02 -2.687704599583000e+02	8.070000000000000e-08 1.398000000000000e-07 3.883900000000000e-06	1.000000000000000e+00	8137	0	499
501	-5.007819973913000e+02  1.058599214826000e+02  6.580962442277000e+02	-5.746710000000000e-05 -1.483334000000000e-04  0.000000000000000e+00	1.000000000000000e+00	1105	0	501
503	-4.256573985136000e+02  1.078486155345000e+02  6.580962442277000e+02	-5.153500000000000e-06 -1.261461000000000e-04  0.000000000000000e+00	1.000000000000000e+00	1105	0	503
505	5.310476842392001e+02 1.199887342901000e+02 2.286190426598000e+02	-1.158000000000000e-06  1.820000000000000e-07  0.000000000000000e+00	1.000000000000000e+00	8137	0	505
507	-5.690922850683000e+02 -7.051045211076000e+02  3.247560870631000e+02	-1.087330000000000e-05 -1.883300000000000e-05  8.425100000000000e-06	1.000000000000000e+00	491	0	507
512	 9.291068426630001e+01  6.670163886746001e+02 -1.159425144917000e+02	 2.406800000000000e-06 -4.243000000000000e-06  0.000000000000000e+00	1.000000000000000e+00	661	0	512
519	-3.561312279324000e+02  1.068080838152000e+02  6.580962442277000e+02	-9.255200000000001e-06 -1.018657000000000e-04  0.000000000000000e+00	1.000000000000000e+00	1105	0	519
521	-5.942037341432000e+02 -7.485988267569001e+02  2.418163508154000e+02	-1.855068750000000e-06 -3.213112500000000e-06  2.877356250000000e-06	5.625000000000000e-01	491	0	521
523	 4.952912086650000e+01  6.910882722200000e+02 -6.310706171447000e+02	1.151400000000000e-06 0.000000000000000e+00 1.480900000000000e-06	1.000000000000000e+00	8137	0	523
527	5.462220646404000e+02 2.218354838277000e+02 1.469693845670000e+01	 6.836470000000001e-05 -4.108000000000000e-07  0.000000000000000e+00	1.000000000000000e+00	5009	0	527
529	-3.505580598872000e+02 -3.265921399012000e+02  6.572687597131001e+02	 3.037100000000000e-06  5.260400000000000e-06 -1.179720000000000e-05	1.000000000000000e+00	491	0	529
530	-5.366430215567000e+02  6.910882722200000e+02  5.148329199224000e+02	-3.529670000000000e-05  0.000000000000000e+00 -3.338810000000000e-05	1.000000000000000e+00	8137	0	530
531	5.401197265766000e+02 6.982238479639000e+02 5.484663605730000e+02	 5.534300000000001e-06  9.585700000000000e-06 -6.477830000000000e-05	1.000000000000000e+00	8137	0	531
535	 4.337466921723000e+02  5.494988480269000e+02 -6.749208657866001e+02	 2.377500000000000e-08 -4.117500000000000e-08 -1.189050000000000e-06	7.500000000000000e-01	0	0	535
537	-2.893970300761000e+02  1.034802955206000e+02  6.580962442277000e+02	-9.012500000000001e-06 -7.689630000000000e-05  0.000000000000000e+00	1.000000000000000e+00	1105	0	537
538	-6.541026853062000e+02  1.520309466459000e+02  1.077775486825000e+02	-4.328030000000000e-05  1.497500000000000e-06  0.000000000000000e+00	1.000000000000000e+00	23	0	538
540	-7.096720414274000e+02 -6.570058167078000e+02 -1.159425144917000e+02	6.006230000000000e-05 4.916050000000000e-05 0.000000000000000e+00	1.000000000000000e+00	661	0	540
545	-2.258058392073000e+02  9.848104584180000e+01  6.580962442277000e+02	-1.012010000000000e-05 -5.369310000000000e-05  0.000000000000000e+00	1.000000000000000e+00	1105	0	545
547	-6.578718939093001e+02 -2.269242393504000e+02  1.077775486825000e+02	-7.231270000000000e-05 -4.509000000000000e-07  0.000000000000000e+00	1.000000000000000e+00	23	0	547
553	5.462416682934000e+02 8.818810811200001e+01 1.469693845670000e+01	6.120250000000000e-05 2.875000000000000e-07 0.000000000000000e+00	1.000000000000000e+00	5009	0	553
560	-7.308045295894000e+02 -6.161637252551001e+02 -1.159425144917000e+02	6.138690000000001e-05 1.852230000000000e-05 0.000000000000000e+00	1.000000000000000e+00	661	0	560
566	-6.585335774518001e+02 -9.525990803730001e+01  1.077775486825000e+02	-5.773980000000000e-05  4.230000000000000e-08  0.000000000000000e+00	1.000000000000000e+00	23	0	566
567	-6.573884639969000e+02  2.815010425990000e+01  1.077775486825000e+02	-5.156550000000000e-05  9.144000000000000e-07  0.000000000000000e+00	1.000000000000000e+00	23	0	567
568	-1.610710134489000e+02  9.208541043240001e+01  6.580962442277000e+02	-5.116600000000000e-06 -3.199890000000000e-05  0.000000000000000e+00	1.000000000000000e+00	1105	0	568
571	-5.354155189652000e+02  1.934337920131000e+02 -1.159425144917000e+02	-6.579330000000000e-04  5.986795000000000e-04  0.000000000000000e+00	1.000000000000000e+00	661	0	571
572	-3.676082995057000e+02  6.910882722200000e+02  1.518683640526000e+02	-4.951518750000000e-06  0.000000000000000e+00  4.788337500000000e-06	5.625000000000000e-01	8137	0	572
582	-4.231884473937000e+02 -6.629112725950000e+02  5.829785587824000e+02	-1.761650000000000e-05  3.128170000000000e-05  0.000000000000000e+00	1.000000000000000e+00	105	0	582
583	-9.717119631300001e+01  8.501197385740001e+01  6.580962442277000e+02	-1.526000000000000e-06 -1.186630000000000e-05  0.000000000000000e+00	1.000000000000000e+00	1105	0	583
585	 4.043267687682000e+02  6.004556501175000e+02 -6.926462975014000e+02	-2.360100000000000e-06  4.087800000000000e-06 -3.508300000000000e-06	1.000000000000000e+00	0	0	585
589	 1.439428918950000e+02  6.951762700659000e+02 -1.159425144917000e+02	 3.028300000000000e-06 -5.658900000000000e-06  0.000000000000000e+00	1.000000000000000e+00	661	0	589
595	5.334413260849000e+02 4.920820254852000e+02 3.804874067123000e+02	2.682800000000000e-06 2.149200000000000e-06 0.000000000000000e+00	1.000000000000000e+00	8006	0	595
598	 9.597110903500000e+01  6.910882722200000e+02 -6.589749340123000e+02	-1.746000000000000e-07  0.000000000000000e+00 -2.949000000000000e-07	1.000000000000000e+00	8137	0	598
600	-3.466507735370000e+01  7.757647719590000e+01  6.580962442277000e+02	1.586800000000000e-06 6.427900000000000e-06 0.000000000000000e+00	1.000000000000000e+00	1105	0	600
602	-4.307147994039000e+02  6.910882722200000e+02  6.230327767390001e+01	2.631700000000000e-06 0.000000000000000e+00 3.386320000000000e-05	1.000000000000000e+00	8137	0	602
610	-5.696954172449000e+02  6.910882722200000e+02  5.519136829269000e+02	-2.881360000000000e-05  0.000000000000000e+00 -2.668710000000000e-05	1.000000000000000e+00	8137	0	610
611	-6.573854118926000e+02 -3.602595421129000e+02  1.077775486825000e+02	-8.501380000000001e-05  1.230000000000000e-08  0.000000000000000e+00	1.000000000000000e+00	23	0	611
615	 4.300000000000000e+02 -5.473280551918000e+02 -2.606506917860000e+02	0.000000000000000e+00 0.000000000000000e+00 0.000000000000000e+00	1.000000000000000e+00	8137	0	615
616	-3.247159380342000e+02 -2.818322718764000e+02  6.815785224667001e+02	 2.249800000000000e-06  3.896800000000001e-06 -1.016430000000000e-05	1.000000000000000e+00	491	0	616
618	2.626687668390000e+01 6.973422197750000e+01 6.580962442277000e+02	4.633100000000001e-06 2.274270000000000e-05 0.000000000000000e+00	1.000000000000000e+00	1105	0	618
620	 3.744573929332000e+02  6.521909266541001e+02 -7.073151827534000e+02	-5.055053978347779e-06  8.755617758560181e-06 -4.542631028366089e-06	7.508468627929688e-02	0	0	620
625	-6.225679982218001e+02  8.544221646330000e+01 -1.159425144917000e+02	-1.548380200000000e-03  1.031963100000000e-03  0.000000000000000e+00	1.000000000000000e+00	661	0	625
627	 5.210898084770000e+02 -6.872790880250001e+02  2.286190426598000e+02	-1.886250000000000e-05  7.495890000000000e-05  0.000000000000000e+00	1.000000000000000e+00	8137	0	627
630	-3.339239388046000e+02  6.910882722200000e+02  1.805372696847000e+02	-1.961500000000000e-05  0.000000000000000e+00 -2.955500000000000e-06	1.000000000000000e+00	8137	0	630
631	8.586423279640000e+01 6.123919912580000e+01 6.580962442277000e+02	8.012500000000000e-06 3.706380000000000e-05 0.000000000000000e+00	1.000000000000000e+00	1105	0	631
639	 1.463799558891000e+02  6.910882722200000e+02 -6.850343509023000e+02	-3.966000000000000e-07  0.000000000000000e+00 -8.132000000000000e-07	1.000000000000000e+00	8137	0	639
646	 3.631912789237000e+02 -3.417921872602000e+02  3.592584956082000e+02	 3.371590000000000e-05 -1.882200000000000e-06  0.000000000000000e+00	1.000000000000000e+00	8137	0	646
647	 3.695335421390000e+02 -2.125142121299000e+02  3.592584956082000e+02	 4.602910000000000e-05 -2.150700000000000e-06  0.000000000000000e+00	1.000000000000000e+00	8137	0	647
655	 1.966098684706000e+02  7.221596995325000e+02 -1.159425144917000e+02	 3.451700000000000e-06 -7.052300000000000e-06  0.000000000000000e+00	1.000000000000000e+00	661	0	655
660	-4.709902884530000e+02 -6.891624352131000e+02  5.829785587824000e+02	-1.879020000000000e-05  3.587440000000000e-05  0.000000000000000e+00	1.000000000000000e+00	105	0	660
664	1.451746044429000e+02 5.167947406100000e+01 6.580962442277000e+02	1.077110000000000e-05 4.976010000000000e-05 0.000000000000000e+00	1.000000000000000e+00	1105	0	664
681	 3.356129831620000e+02  7.194714179678000e+02 -7.316181037383001e+02	-9.800409905433655e-07  1.697480799293518e-06 -1.782750723266601e-06	5.631351470947266e-02	0	0	681
688	-6.049782194206000e+02  6.910882722200000e+02  5.904483444094000e+02	-2.084070000000000e-05  0.000000000000000e+00 -2.030140000000000e-05	1.000000000000000e+00	8137	0	688
689	2.047500193124000e+02 4.071320379560000e+01 6.580962442277000e+02	1.198080000000000e-05 6.121040000000001e-05 0.000000000000000e+00	1.000000000000000e+00	1105	0	689
696	 4.690821899768000e+02 -4.796357164809000e+02 -2.655665428004000e+02	5.227031250000000e-08 9.052382812500000e-08 1.961085937500000e-06	3.164062500000000e-01	8137	0	696
703	2.650451810726000e+02 2.813838017100000e+01 6.580962442277000e+02	1.282890000000000e-05 7.150580000000000e-05 0.000000000000000e+00	1.000000000000000e+00	1105	0	703
707	 3.755499972293000e+02 -7.856965531460000e+01  3.592584956082000e+02	 5.795260000000000e-05 -2.718100000000000e-06  0.000000000000000e+00	1.000000000000000e+00	8137	0	707
708	 4.238160640191000e+02 -5.473280551918000e+02 -2.583043046093000e+02	-3.284059570312500e-07  0.000000000000000e+00 -1.836975585937500e-07	2.373046875000000e-01	8137	0	708
710	3.307206765980000e+02 1.309470025340000e+01 6.580962442277000e+02	1.651410000000000e-05 8.065730000000000e-05 0.000000000000000e+00	1.000000000000000e+00	1105	0	710
712	-3.354561893652000e+02  6.910882722200000e+02  2.124725833587000e+02	-3.839560000000000e-05  0.000000000000000e+00 -1.347780000000000e-05	1.000000000000000e+00	8137	0	712
714	 4.780555473557000e+02 -2.007479360790000e+01  6.580962442277000e+02	1.187254000000000e-04 7.720100000000001e-05 0.000000000000000e+00	1.000000000000000e+00	1105	0	714
715	 5.459303168998000e+02 -3.011453529260000e+01  6.580962442277000e+02	1.284476000000000e-04 8.377040000000001e-05 0.000000000000000e+00	1.000000000000000e+00	1105	0	715
717	 5.959736970197000e+02 -2.992800315270000e+01  6.580962442277000e+02	1.294626000000000e-04 8.526750000000000e-05 0.000000000000000e+00	1.000000000000000e+00	1105	0	717
718	-5.454375571413000e+02  6.821988606344000e+02 -6.793251553319001e+02	-4.099100000000000e-06 -8.748800000000000e-06  0.000000000000000e+00	1.000000000000000e+00	8137	0	718
720	 6.429495411183000e+02 -1.898627147120000e+01  6.580962442277000e+02	1.043506000000000e-04 7.755320000000001e-05 0.000000000000000e+00	1.000000000000000e+00	1105	0	720
722	 1.997663521307000e+02  6.910882722200000e+02 -7.088564500010000e+02	-2.419000000000000e-07  0.000000000000000e+00 -5.855000000000000e-07	1.000000000000000e+00	8137	0	722
724	-6.259134201232000e+02  7.154190795946000e+02 -6.793251553319001e+02	-1.742410000000000e-05 -9.312500000000001e-06  0.000000000000000e+00	1.000000000000000e+00	8137	0	724
728	 4.779749167950000e+02 -6.304230485695000e+02 -3.791112925355000e+02	-3.102850000000000e-05  5.374300000000000e-05  4.327300000000000e-05	1.000000000000000e+00	8137	0	728
729	6.933159493827001e+02 7.355516955800001e+00 6.580962442277000e+02	4.449410000000000e-05 4.284080000000000e-05 0.000000000000000e+00	1.000000000000000e+00	1105	0	729
733	5.860927620997001e+02 4.343206185655000e+02 3.804874067123000e+02	1.955900000000000e-06 2.155200000000000e-06 0.000000000000000e+00	1.000000000000000e+00	8006	0	733
737	-6.445728423311000e+02  6.910882722200000e+02  6.328271711375000e+02	-1.385670000000000e-05  0.000000000000000e+00 -1.254540000000000e-05	1.000000000000000e+00	8137	0	737
740	-2.978127621585000e+02 -2.352346043749000e+02  7.032106427560000e+02	 1.481600000000000e-06  2.566200000000000e-06 -7.867600000000001e-06	1.000000000000000e+00	491	0	740
745	-7.347151899473000e+02  7.491264039109001e+02 -6.793251553319001e+02	-4.791200000000000e-06 -3.515500000000000e-06  0.000000000000000e+00	1.000000000000000e+00	8137	0	745
746	-8.707786685740000e+01  6.910882722200000e+02 -5.193799615407000e+02	3.476430000000000e-05 0.000000000000000e+00 6.466200000000000e-06	1.000000000000000e+00	8137	0	746
747	6.163527078126000e+02 4.088434582051000e+02 3.804874067123000e+02	1.395400000000000e-06 1.703600000000000e-06 0.000000000000000e+00	1.000000000000000e+00	8006	0	747
755	-2.727436161252000e+02  5.482681247639000e+02 -6.793251553319001e+02	-1.988640000000000e-05 -4.198582500000000e-05  0.000000000000000e+00	7.500000000000000e-01	8137	0	755
771	6.563392305300000e+02 3.779599391228000e+02 3.804874067123000e+02	-2.422100000000000e-06 -3.087000000000000e-06  0.000000000000000e+00	1.000000000000000e+00	8006	0	771
776	 2.559405724033000e+02  6.910882722200000e+02 -7.300823210108000e+02	-3.748000000000000e-07  0.000000000000000e+00 -1.019100000000000e-06	1.000000000000000e+00	8137	0	776
805	-1.064451189372000e+02  3.818221462798000e+02 -7.336088888667000e+02	 7.430907510846109e-06 -1.287070922143310e-05  3.719653445769846e-06	1.781794801354408e-02	8137	0	805
828	-1.387593394859000e+02  3.403479836873000e+02 -7.453073698896001e+02	3.205487988281250e-06 0.000000000000000e+00 4.482471972656250e-06	2.373046875000000e-01	8137	0	828
864	-2.698317229983000e+02 -1.867700229007000e+02  7.219167568946000e+02	 7.909000000000000e-07  1.369800000000000e-06 -5.034500000000000e-06	1.000000000000000e+00	491	0	864
865	 4.002343890621000e+02 -5.473280551918000e+02 -2.208144516545000e+02	-5.414900000000000e-06  0.000000000000000e+00  1.039600000000000e-06	1.000000000000000e+00	8137	0	865
909	-1.272672889664000e+02  6.910882722200000e+02  3.592584956082000e+02	0.000000000000000e+00 0.000000000000000e+00 0.000000000000000e+00	4.218750000000000e-01	8137	0	909
1000	-3.563169668764000e+02  6.910882722200000e+02  2.665821809173000e+02	-5.407890000000000e-05  0.000000000000000e+00 -2.914270000000000e-05	1.000000000000000e+00	8137	0	1000
1002	7.025853773976000e+02 3.414845212238000e+02 3.804874067123000e+02	-5.790100000000000e-06 -6.617300000000000e-06  0.000000000000000e+00	1.000000000000000e+00	8006	0	1002
1003	-4.421073825686000e+02  6.910882722200000e+02  3.995560131080000e+02	-5.927140000000000e-05  0.000000000000000e+00 -3.542900000000000e-05	1.000000000000000e+00	8137	0	1003
1011	6.937249479966000e+02 2.758724824480000e+02 1.590337648696000e+02	 6.837391735839843e-06 -1.184271712646484e-05  2.648671375122070e-05	1.334838867187500e-01	8137	0	1011
1012	 3.852029058288000e+02 -5.473280551918000e+02 -1.633570745384000e+02	-1.298950000000000e-05  0.000000000000000e+00  1.864400000000000e-05	1.000000000000000e+00	8137	0	1012
1014	-3.326374002291000e+02  6.207018974331000e+02  1.518683640526000e+02	-1.151100000000000e-06 -4.316000000000000e-07  0.000000000000000e+00	1.000000000000000e+00	8137	0	1014
1015	-3.579125947281000e+02  6.863444854454000e+02  1.518683640526000e+02	-7.224000000000001e-07  1.607000000000000e-07  0.000000000000000e+00	1.000000000000000e+00	8137	0	1015
1020	-3.625545641850000e+02  6.864701898440001e+02  1.518683640526000e+02	6.487500000000000e-08 2.396400000000000e-06 0.000000000000000e+00	7.500000000000000e-01	8137	0	1020
1081	-5.218629579563000e+02 -7.131932905632000e+02  5.829785587824000e+02	-8.206000000000001e-06  1.820090000000000e-05  0.000000000000000e+00	1.000000000000000e+00	105	0	1081
1396	-4.365181443591000e+02  6.910882722200000e+02 -5.685829600300000e+01	1.654660000000000e-05 0.000000000000000e+00 4.620800000000000e-05	1.000000000000000e+00	8137	0	1396
1705	 3.890824223405000e+02 -5.473280551918000e+02 -1.024606680449000e+02	3.890000000000000e-08 0.000000000000000e+00 6.951810000000000e-05	1.000000000000000e+00	8137	0	1705
1759	5.461682919480000e+02 7.087002705001000e+02 2.643313553593000e+02	6.404360000000000e-05 1.109268000000000e-04 8.283110000000000e-05	1.000000000000000e+00	8137	0	1759
1801	-2.409015735266000e+02 -1.366615341452000e+02  7.371829640051001e+02	 1.789000000000000e-07  3.099000000000000e-07 -1.653300000000000e-06	1.000000000000000e+00	491	0	1801
2264	6.405896232700001e+02 3.679055645511000e+02 2.286190426598000e+02	-1.474500000000000e-06 -3.542420000000000e-05 -1.542800000000000e-06	1.000000000000000e+00	8137	0	2264
2827	6.403544985711001e+02 3.683128124758000e+02 2.232187502963000e+02	 5.877843750000000e-06 -1.018068750000000e-05 -1.179658125000000e-05	5.625000000000000e-01	8137	0	2827
2939	6.199978155101001e+02 3.230758281855000e+02 2.286190426598000e+02	-3.540000000000000e-07  1.911000000000000e-07  0.000000000000000e+00	1.000000000000000e+00	8137	0	2939
3478	3.151699357136000e+02 3.085993810372000e+02 2.286190426598000e+02	-2.940196000000000e-04 -5.092570000000000e-04  0.000000000000000e+00	1.000000000000000e+00	8137	0	3478
4128	-6.639180737747000e+02 -7.127471904170001e+02 -1.159425144917000e+02	3.065640000000000e-05 2.982610000000000e-05 0.000000000000000e+00	1.000000000000000e+00	661	0	4128
4213	-3.294669338578000e+02  6.910882722200000e+02 -2.691311864120000e+02	 5.633170000000000e-05  0.000000000000000e+00 -7.026900000000000e-06	1.000000000000000e+00	8137	0	4213
4214	4.322740904345000e+02 7.347824801635001e+02 2.286190426598000e+02	 2.924960000000000e-05 -5.505300000000000e-06  0.000000000000000e+00	1.000000000000000e+00	8137	0	4214
4220	 4.300000000000000e+02 -5.473280551918000e+02  8.956488194300000e+00	0.000000000000000e+00 0.000000000000000e+00 0.000000000000000e+00	5.625000000000000e-01	8137	0	4220
4225	-2.392134520142000e+02  6.910882722200000e+02 -3.974313016521000e+02	 4.690290319862366e-05  0.000000000000000e+00 -1.180912423782349e-05	7.508468627929688e-02	8137	0	4225
4234	5.649329033766001e+02 7.412015308787001e+02 3.223247368572000e+02	2.330710000000000e-05 4.036900000000000e-05 8.451980000000000e-05	1.000000000000000e+00	8137	0	4234
4235	5.220883401247000e+02 6.707731216917000e+02 2.286190426598000e+02	6.311570000000000e-05 8.087250000000000e-05 0.000000000000000e+00	1.000000000000000e+00	8137	0	4235
4236	5.383094811766000e+02 4.190007791831000e+02 2.286190426598000e+02	 4.722570000000000e-05 -7.903610000000000e-05  0.000000000000000e+00	1.000000000000000e+00	8137	0	4236
4240	5.267624304624001e+02 5.399336673716000e+02 2.286190426598000e+02	1.460970000000000e-05 6.323000000000001e-07 0.000000000000000e+00	1.000000000000000e+00	8137	0	4240
4244	4.738303603543000e+02 3.801239924378000e+02 2.286190426598000e+02	 7.099750000000001e-05 -1.291244000000000e-04  0.000000000000000e+00	1.000000000000000e+00	8137	0	4244
4245	3.636304991458000e+02 3.209867809063000e+02 2.286190426598000e+02	 7.935710000000000e-05 -3.456394000000000e-04  0.000000000000000e+00	1.000000000000000e+00	8137	0	4245
4250	 3.917258370818000e+02 -1.354295486500000e+00  6.580962442277000e+02	3.372460000000000e-05 8.413040000000000e-05 0.000000000000000e+00	1.000000000000000e+00	1105	0	4250
4258	-2.740475892852000e+02  6.910882722200000e+02 -3.542711380454000e+02	 1.348883000000000e-04  0.000000000000000e+00 -1.219961000000000e-04	1.000000000000000e+00	8137	0	4258
4264	3.844721475750000e+02 3.041535432104000e+02 3.592584956082000e+02	-7.691452499999999e-05 -1.649272500000000e-05  0.000000000000000e+00	7.500000000000000e-01	8137	0	4264
4268	-7.178047507770000e+02  6.910882722200000e+02  7.100233725723000e+02	-3.676289000000000e-04  0.000000000000000e+00  4.009716000000000e-04	1.000000000000000e+00	8137	0	4268
4270	 4.280179190957000e+02 -5.438949903609000e+02  1.527833299860000e+01	 1.203651562500000e-06 -2.084779687500000e-06 -9.353137500000000e-06	4.218750000000000e-01	8137	0	4270
4273	-3.642511826406000e+02  6.910882722200000e+02 -2.117789789287000e+02	-4.973100000000000e-06  0.000000000000000e+00  8.513090000000000e-05	1.000000000000000e+00	8137	0	4273
4275	4.202993763885000e+02 3.523347622482000e+02 2.286190426598000e+02	 7.765080000000001e-05 -1.470640000000000e-04  0.000000000000000e+00	1.000000000000000e+00	8137	0	4275
4276	 3.738224741504000e+02 -6.446303842068000e+02  1.175705265630000e+01	2.515177500000000e-05 4.356420000000001e-05 2.988442500000000e-05	7.500000000000000e-01	8137	0	4276
4278	3.624108883964000e+02 3.904231112819000e+02 3.592584956082000e+02	-2.826434812500000e-04 -4.895528625000000e-04  0.000000000000000e+00	5.625000000000000e-01	8137	0	4278
4281	7.267103006289000e+02 2.187401757833000e+02 1.176953916162000e+02	 5.840229726562500e-05 -1.011557445556641e-04 -5.055885082397461e-05	1.334838867187500e-01	8137	0	4281
4284	6.633392693095000e+02 3.285020217566000e+02 1.926327607675000e+02	-2.449048892211914e-05  4.241877648925781e-05  6.842996724243165e-05	1.334838867187500e-01	8137	0	4284
4285	 4.357658946518000e+02 -5.573148776797000e+02  8.113116119800000e+01	-3.973640000000000e-05  6.882540000000001e-05 -1.459730000000000e-04	1.000000000000000e+00	8137	0	4285
4286	-2.133086106371000e+02  5.028778958636000e+02 -6.793251553319001e+02	-9.263647265625001e-06 -6.137474414062500e-05  0.000000000000000e+00	3.164062500000000e-01	8137	0	4286
4287	-5.787911909670000e+02 -7.318628266128001e+02  5.829785587824000e+02	-8.919000000000000e-07  2.763100000000000e-06  0.000000000000000e+00	1.000000000000000e+00	105	0	4287
4288	3.645625699579000e+02 3.941499330680000e+02 3.681433178827000e+02	-2.941697925000000e-03 -5.095170225000000e-03 -1.980751800000000e-03	7.500000000000000e-01	8137	0	4288
4289	2.998934725429000e+02 2.821397706656000e+02 1.964803531267000e+02	2.223960000000000e-04 3.852013000000000e-04 1.027654400000000e-03	1.000000000000000e+00	8137	0	4289
4290	 5.399041809671000e+02 -7.376876805910000e+02 -6.291531122285000e+02	-1.647863000000000e-04  2.854183000000000e-04 -6.954978000000001e-04	1.000000000000000e+00	8137	0	4290
4292	5.256796630661000e+02 5.999663692593000e+02 2.286190426598000e+02	-2.012480000000000e-05 -6.953000000000000e-07  0.000000000000000e+00	1.000000000000000e+00	8137	0	4292
4293	-1.382204920469000e+02  4.368587069352000e+02 -7.056388851809000e+02	-3.475307719116211e-05  6.019409152221680e-05  6.400476282348632e-05	1.334838867187500e-01	8137	0	4293
4294	 4.107324669127000e+02 -5.473280551918000e+02 -4.502280653500000e+01	6.979516875000001e-05 0.000000000000000e+00 1.652996812500000e-04	5.625000000000000e-01	8137	0	4294
4295	-1.460008828907000e+02  6.910882722200000e+02 -4.596589037198000e+02	-8.965359228515625e-05  0.000000000000000e+00  1.089403409179688e-04	2.373046875000000e-01	8137	0	4295
4296	5.891531733165000e+02 3.946905966167000e+02 2.286190426598000e+02	-6.520500000000000e-06 -1.257103125000000e-05  0.000000000000000e+00	5.625000000000000e-01	8137	0	4296
4297	5.322516231422001e+02 4.800023703529000e+02 2.286190426598000e+02	8.957000000000001e-07 6.730000000000000e-08 0.000000000000000e+00	1.000000000000000e+00	8137	0	4297
4298	3.882519174545000e+02 4.351810865302000e+02 4.093925055548000e+02	-1.208341100000000e-03 -2.092908300000000e-03  2.802785700000000e-03	1.000000000000000e+00	8137	0	4298
0	 5.000000000000000e-01 -8.660254037844386e-01  0.000000000000000e+00	8.660254037844385e-01 5.000000000000000e-01 0.000000000000000e+00	5.632499999999998e+02 3.251925391210567e+02 0.000000000000000e+00	1	0	0.000000000000000e+00	0.000000000000000e+00	0.000000000000000e+00	9.331651283904392e+04
1	5.000000000000000e-01 8.660254037844386e-01 0.000000000000000e+00	0.000000000000000e+00 0.000000000000000e+00 1.000000000000000e+00	0.000000000000000e+00 0.000000000000000e+00 2.286190426597633e+02	1	0	0.000000000000000e+00	0.000000000000000e+00	0.000000000000000e+00	3.514185510309978e+05
3	-5.000000000000000e-01 -8.660254037844386e-01  0.000000000000000e+00	0.000000000000000e+00 0.000000000000000e+00 1.000000000000000e+00	0.000000000000000e+00 0.000000000000000e+00 6.580962442277471e+02	1	0	0.000000000000000e+00	0.000000000000000e+00	0.000000000000000e+00	1.210736514974700e+06
4	-1.000000000000000e+00  0.000000000000000e+00  0.000000000000000e+00	0.000000000000000e+00 0.000000000000000e+00 1.000000000000000e+00	-0.000000000000000e+00 -0.000000000000000e+00 -1.159425144917371e+02	1	0	0.000000000000000e+00	0.000000000000000e+00	0.000000000000000e+00	1.892441030600591e+06
7	-5.000000000000000e-01 -8.660254037844386e-01  0.000000000000000e+00	0.000000000000000e+00 0.000000000000000e+00 1.000000000000000e+00	-0.000000000000000e+00 -0.000000000000000e+00 -1.894272067752324e+02	1	0	0.000000000000000e+00	0.000000000000000e+00	0.000000000000000e+00	1.360891053056599e+06
9	-5.000000000000000e-01 -8.660254037844386e-01  0.000000000000000e+00	 8.660254037844385e-01 -5.000000000000000e-01  0.000000000000000e+00	-1.215000000000000e+02  7.014805770653952e+01 -0.000000000000000e+00	1	0	0.000000000000000e+00	0.000000000000000e+00	0.000000000000000e+00	2.458799123039856e+06
10	-5.000000000000000e-01  8.660254037844386e-01  0.000000000000000e+00	8.660254037844385e-01 5.000000000000000e-01 0.000000000000000e+00	-1.409999999999999e+02 -8.140638795573722e+01 -0.000000000000000e+00	1	0	0.000000000000000e+00	0.000000000000000e+00	0.000000000000000e+00	2.355303503295239e+03
12	1.000000000000000e+00 0.000000000000000e+00 0.000000000000000e+00	 0.000000000000000e+00 -1.000000000000000e+00  0.000000000000000e+00	0.000000000000000e+00 2.381569860407206e+02 0.000000000000000e+00	1	0	0.000000000000000e+00	0.000000000000000e+00	0.000000000000000e+00	2.250000000000000e+06
13	 5.000000000000000e-01 -8.660254037844386e-01  0.000000000000000e+00	0.000000000000000e+00 0.000000000000000e+00 1.000000000000000e+00	0.000000000000000e+00 0.000000000000000e+00 1.518683640525570e+02	1	0	0.000000000000000e+00	0.000000000000000e+00	0.000000000000000e+00	1.230732437486982e+06
15	5.000000000000000e-01 8.660254037844386e-01 0.000000000000000e+00	 8.660254037844385e-01 -5.000000000000000e-01  0.000000000000000e+00	 5.594999999999998e+02 -3.230274756115955e+02  0.000000000000000e+00	1	0	0.000000000000000e+00	0.000000000000000e+00	0.000000000000000e+00	4.832534954295087e+05
18	-5.000000000000000e-01 -8.660254037844386e-01  0.000000000000000e+00	0.000000000000000e+00 0.000000000000000e+00 1.000000000000000e+00	0.000000000000000e+00 0.000000000000000e+00 1.469693845669907e+01	1	0	0.000000000000000e+00	0.000000000000000e+00	0.000000000000000e+00	3.266446569884402e+05
21	-5.000000000000000e-01 -8.660254037844386e-01  0.000000000000000e+00	0.000000000000000e+00 0.000000000000000e+00 1.000000000000000e+00	0.000000000000000e+00 0.000000000000000e+00 3.592584956081994e+02	1	0	0.000000000000000e+00	0.000000000000000e+00	0.000000000000000e+00	1.353232782214889e+03
22	-5.000000000000000e-01 -8.660254037844386e-01  0.000000000000000e+00	 8.660254037844385e-01 -5.000000000000000e-01  0.000000000000000e+00	 1.027500000000000e+02 -5.932274015923404e+01  0.000000000000000e+00	1	0	0.000000000000000e+00	0.000000000000000e+00	0.000000000000000e+00	1.185769910681448e+06
24	5.000000000000000e-01 8.660254037844386e-01 0.000000000000000e+00	 8.660254037844385e-01 -5.000000000000000e-01  0.000000000000000e+00	 7.694999999999998e+02 -4.442710321414170e+02  0.000000000000000e+00	1	0	0.000000000000000e+00	0.000000000000000e+00	0.000000000000000e+00	2.359384042105006e+05
25	-5.000000000000000e-01  8.660254037844386e-01  0.000000000000000e+00	8.660254037844385e-01 5.000000000000000e-01 0.000000000000000e+00	-8.017499999999998e+02 -4.628905783227824e+02 -0.000000000000000e+00	1	0	0.000000000000000e+00	0.000000000000000e+00	0.000000000000000e+00	1.974568915210525e+05
26	1.000000000000000e+00 0.000000000000000e+00 0.000000000000000e+00	0.000000000000000e+00 0.000000000000000e+00 1.000000000000000e+00	0.000000000000000e+00 0.000000000000000e+00 5.829785587823964e+02	1	0	0.000000000000000e+00	0.000000000000000e+00	0.000000000000000e+00	5.187990275501377e+05
27	 5.000000000000000e-01 -8.660254037844386e-01  0.000000000000000e+00	 0.000000000000000e+00  0.000000000000000e+00 -1.000000000000000e+00	0.000000000000000e+00 0.000000000000000e+00 6.580962442277471e+02	1	0	0.000000000000000e+00	0.000000000000000e+00	0.000000000000000e+00	3.262469527079513e+03
28	1.000000000000000e+00 0.000000000000000e+00 0.000000000000000e+00	0.000000000000000e+00 0.000000000000000e+00 1.000000000000000e+00	0.000000000000000e+00 0.000000000000000e+00 2.286190426597633e+02	1	0	0.000000000000000e+00	0.000000000000000e+00	0.000000000000000e+00	3.051529772619431e+04
29	1.000000000000000e+00 0.000000000000000e+00 0.000000000000000e+00	 0.000000000000000e+00 -1.000000000000000e+00  0.000000000000000e+00	0.000000000000000e+00 5.715767664977295e+01 0.000000000000000e+00	1	0	0.000000000000000e+00	0.000000000000000e+00	0.000000000000000e+00	2.112144366341550e+06
43	5.000000000000000e-01 8.660254037844386e-01 0.000000000000000e+00	 0.000000000000000e+00  0.000000000000000e+00 -1.000000000000000e+00	-0.000000000000000e+00 -0.000000000000000e+00 -1.159425144917371e+02	1	0	0.000000000000000e+00	0.000000000000000e+00	0.000000000000000e+00	2.180874565674881e+03
55	-1.000000000000000e+00  0.000000000000000e+00  0.000000000000000e+00	0.000000000000000e+00 0.000000000000000e+00 1.000000000000000e+00	-0.000000000000000e+00 -0.000000000000000e+00 -4.262112152442729e+02	1	0	0.000000000000000e+00	0.000000000000000e+00	0.000000000000000e+00	5.557656216514248e+04
66	-5.000000000000000e-01 -8.660254037844386e-01  0.000000000000000e+00	0.000000000000000e+00 0.000000000000000e+00 1.000000000000000e+00	0.000000000000000e+00 0.000000000000000e+00 1.077775486824598e+02	1	0	0.000000000000000e+00	0.000000000000000e+00	0.000000000000000e+00	2.100012391227964e+06
76	-1.000000000000000e+00  0.000000000000000e+00  0.000000000000000e+00	0.000000000000000e+00 0.000000000000000e+00 1.000000000000000e+00	0.000000000000000e+00 0.000000000000000e+00 2.286190426597633e+02	1	0	0.000000000000000e+00	0.000000000000000e+00	0.000000000000000e+00	7.729949138225597e+02
106	-1.000000000000000e+00  0.000000000000000e+00  0.000000000000000e+00	 0.000000000000000e+00 -1.000000000000000e+00  0.000000000000000e+00	-0.000000000000000e+00 -5.473280551917652e+02 -0.000000000000000e+00	1	0	0.000000000000000e+00	0.000000000000000e+00	0.000000000000000e+00	7.681549001816290e+03
107	 5.000000000000000e-01 -8.660254037844386e-01  0.000000000000000e+00	0.000000000000000e+00 0.000000000000000e+00 1.000000000000000e+00	0.000000000000000e+00 0.000000000000000e+00 3.804874067123203e+02	1	0	0.000000000000000e+00	0.000000000000000e+00	0.000000000000000e+00	2.156048233283442e+06
108	5.000000000000000e-01 8.660254037844386e-01 0.000000000000000e+00	0.000000000000000e+00 0.000000000000000e+00 1.000000000000000e+00	-0.000000000000000e+00 -0.000000000000000e+00 -4.164132562731402e+02	1	0	0.000000000000000e+00	0.000000000000000e+00	0.000000000000000e+00	1.972530002873747e+06
113	 5.000000000000000e-01 -8.660254037844386e-01  0.000000000000000e+00	0.000000000000000e+00 0.000000000000000e+00 1.000000000000000e+00	-0.000000000000000e+00 -0.000000000000000e+00 -6.793251553318680e+02	1	0	0.000000000000000e+00	0.000000000000000e+00	0.000000000000000e+00	1.248525508704985e+06
208	1.000000000000000e+00 0.000000000000000e+00 0.000000000000000e+00	 0.000000000000000e+00 -1.000000000000000e+00  0.000000000000000e+00	0.000000000000000e+00 3.403479836872843e+02 0.000000000000000e+00	1	0	0.000000000000000e+00	0.000000000000000e+00	0.000000000000000e+00	2.508709311620084e+04
243	 5.000000000000000e-01 -8.660254037844386e-01  0.000000000000000e+00	0.000000000000000e+00 0.000000000000000e+00 1.000000000000000e+00	0.000000000000000e+00 0.000000000000000e+00 3.592584956081994e+02	1	0	0.000000000000000e+00	0.000000000000000e+00	0.000000000000000e+00	0.000000000000000e+00
246	1.000000000000000e+00 0.000000000000000e+00 0.000000000000000e+00	0.000000000000000e+00 0.000000000000000e+00 1.000000000000000e+00	0.000000000000000e+00 0.000000000000000e+00 3.592584956081994e+02	1	0	0.000000000000000e+00	0.000000000000000e+00	0.000000000000000e+00	0.000000000000000e+00
248	1.000000000000000e+00 0.000000000000000e+00 0.000000000000000e+00	0.000000000000000e+00 0.000000000000000e+00 1.000000000000000e+00	0.000000000000000e+00 0.000000000000000e+00 3.592584956081994e+02	1	0	0.000000000000000e+00	0.000000000000000e+00	0.000000000000000e+00	0.000000000000000e+00
297	-1.000000000000000e+00  0.000000000000000e+00  0.000000000000000e+00	0.000000000000000e+00 1.000000000000000e+00 0.000000000000000e+00	0.000000000000000e+00 6.910882722199819e+02 0.000000000000000e+00	1	0	0.000000000000000e+00	0.000000000000000e+00	0.000000000000000e+00	0.000000000000000e+00
319	5.000000000000000e-01 8.660254037844386e-01 0.000000000000000e+00	0.000000000000000e+00 0.000000000000000e+00 1.000000000000000e+00	0.000000000000000e+00 0.000000000000000e+00 3.592584956081994e+02	1	0	0.000000000000000e+00	0.000000000000000e+00	0.000000000000000e+00	1.353232782214895e+03
320	-1.000000000000000e+00  0.000000000000000e+00  0.000000000000000e+00	 0.000000000000000e+00 -1.000000000000000e+00  0.000000000000000e+00	0.000000000000000e+00 6.910882722199819e+02 0.000000000000000e+00	1	0	0.000000000000000e+00	0.000000000000000e+00	0.000000000000000e+00	1.634031413461787e+06
321	-5.000000000000000e-01 -8.660254037844386e-01  0.000000000000000e+00	0.000000000000000e+00 0.000000000000000e+00 1.000000000000000e+00	0.000000000000000e+00 0.000000000000000e+00 3.592584956081994e+02	1	0	0.000000000000000e+00	0.000000000000000e+00	0.000000000000000e+00	5.397356700213229e+05
323	-5.000000000000000e-01 -8.660254037844386e-01  0.000000000000000e+00	 0.000000000000000e+00  0.000000000000000e+00 -1.000000000000000e+00	0.000000000000000e+00 0.000000000000000e+00 1.518683640525570e+02	1	0	0.000000000000000e+00	0.000000000000000e+00	0.000000000000000e+00	3.767169584189659e+01
324	1.000000000000000e+00 0.000000000000000e+00 0.000000000000000e+00	 0.000000000000000e+00  0.000000000000000e+00 -1.000000000000000e+00	0.000000000000000e+00 0.000000000000000e+00 1.518683640525570e+02	1	0	0.000000000000000e+00	0.000000000000000e+00	0.000000000000000e+00	3.767169584189659e+01
325	-1.000000000000000e+00  0.000000000000000e+00  0.000000000000000e+00	 0.000000000000000e+00  0.000000000000000e+00 -1.000000000000000e+00	0.000000000000000e+00 0.000000000000000e+00 1.518683640525570e+02	1	0	0.000000000000000e+00	0.000000000000000e+00	0.000000000000000e+00	3.767169584189659e+01
327	1.000000000000000e+00 0.000000000000000e+00 0.000000000000000e+00	0.000000000000000e+00 0.000000000000000e+00 1.000000000000000e+00	0.000000000000000e+00 0.000000000000000e+00 1.518683640525570e+02	1	0	0.000000000000000e+00	0.000000000000000e+00	0.000000000000000e+00	1.040086028983365e+01
337	 5.000000000000000e-01 -8.660254037844386e-01  0.000000000000000e+00	8.660254037844385e-01 5.000000000000000e-01 0.000000000000000e+00	8.549999999999997e+01 4.936344801571300e+01 0.000000000000000e+00	1	0	0.000000000000000e+00	0.000000000000000e+00	0.000000000000000e+00	2.439270150976155e+05
340	-5.000000000000000e-01 -8.660254037844386e-01  0.000000000000000e+00	0.000000000000000e+00 0.000000000000000e+00 1.000000000000000e+00	0.000000000000000e+00 0.000000000000000e+00 9.471360338761622e+01	1	0	0.000000000000000e+00	0.000000000000000e+00	0.000000000000000e+00	3.988428869620188e+05
2428	-5.000000000000000e-01  8.660254037844386e-01  0.000000000000000e+00	8.660254037844385e-01 5.000000000000000e-01 0.000000000000000e+00	6.397499999999998e+02 3.693598347140630e+02 0.000000000000000e+00	1	0	0.000000000000000e+00	0.000000000000000e+00	0.000000000000000e+00	3.599386781453975e+05
2429	 5.000000000000000e-01 -8.660254037844386e-01  0.000000000000000e+00	 0.000000000000000e+00  0.000000000000000e+00 -1.000000000000000e+00	0.000000000000000e+00 0.000000000000000e+00 2.286190426597633e+02	1	0	0.000000000000000e+00	0.000000000000000e+00	0.000000000000000e+00	2.816950940776642e+04
2432	5.000000000000000e-01 8.660254037844386e-01 0.000000000000000e+00	0.000000000000000e+00 0.000000000000000e+00 1.000000000000000e+00	0.000000000000000e+00 0.000000000000000e+00 2.286190426597633e+02	1	0	0.000000000000000e+00	0.000000000000000e+00	0.000000000000000e+00	1.476896232717347e+03
0	0	1	1
0	246	0	0
0	1	2	1
0	2	681	0
0	112	246	0
0	247	112	0
0	201	143	0
0	143	247	0
0	436	201	0
0	488	436	0
0	535	488	0
0	585	535	0
0	620	585	0
0	681	620	0
1	4	5	1
1	63	4	1
1	5	6	1
1	6	2264	0
1	292	63	0
1	164	113	0
1	113	328	0
1	144	364	0
1	365	144	0
1	505	164	0
1	202	292	0
1	364	202	0
1	328	248	0
1	248	365	0
1	367	249	0
1	249	505	0
1	2939	367	0
1	2264	2939	0
3	10	11	1
3	479	10	0
3	11	12	1
3	12	13	1
3	13	479	0
4	15	16	1
4	104	15	1
4	16	17	1
4	17	655	0
4	101	104	0
4	150	101	1
4	571	116	0
4	116	625	0
4	254	150	0
4	374	151	0
4	151	375	0
4	297	209	0
4	209	374	0
4	332	254	0
4	255	333	0
4	375	255	0
4	465	297	0
4	625	332	0
4	333	571	0
4	512	465	0
4	589	512	0
4	655	589	0
7	27	28	1
7	301	27	0
7	28	29	1
7	29	30	1
7	30	302	0
7	119	338	0
7	339	119	0
7	155	382	0
7	383	155	0
7	384	156	0
7	156	385	0
7	213	301	0
7	382	213	0
7	302	214	0
7	214	384	0
7	338	260	0
7	260	383	0
7	261	339	0
7	385	261	0
9	36	37	1
9	159	36	1
9	37	38	1
9	38	39	1
9	39	1801	0
9	491	122	0
9	122	507	0
9	521	159	0
9	216	160	0
9	160	497	0
9	455	216	0
9	507	262	0
9	262	521	0
9	263	491	0
9	497	263	0
9	529	455	0
9	616	529	0
9	740	616	0
9	864	740	0
9	1801	864	0
10	41	42	1
10	161	41	1
10	42	162	0
10	123	161	0
10	162	123	0
12	47	48	1
12	50	47	1
12	48	49	1
12	49	50	1
13	52	53	1
13	305	52	0
13	53	54	1
13	54	55	1
13	55	306	0
13	126	342	0
13	343	126	0
13	167	390	0
13	391	167	0
13	392	168	0
13	168	393	0
13	221	305	0
13	390	221	0
13	222	392	0
13	1014	222	0
13	342	268	0
13	268	391	0
13	269	343	0
13	393	269	0
13	306	572	0
13	572	1015	0
13	1015	1014	0
15	59	60	1
15	496	59	0
15	60	61	1
15	61	62	1
15	62	226	0
15	273	128	0
15	128	499	0
15	226	172	0
15	172	273	0
15	4276	496	0
15	499	696	0
15	696	615	0
15	615	4220	0
15	4220	4276	0
18	71	72	1
18	313	71	0
18	72	73	1
18	73	74	1
18	74	314	0
18	527	131	0
18	131	553	0
18	177	483	0
18	495	177	0
18	231	313	0
18	406	231	0
18	350	278	0
18	278	407	0
18	279	351	0
18	409	279	0
18	314	408	0
18	553	350	0
18	351	527	0
18	483	406	0
18	407	495	0
18	408	409	0
21	352	416	0
21	909	352	0
21	416	444	0
21	444	909	0
22	87	88	1
22	319	87	0
22	88	89	1
22	89	90	1
22	90	531	0
22	137	439	0
22	440	137	0
22	185	441	0
22	442	185	0
22	237	445	0
22	446	237	0
22	447	238	0
22	238	448	0
22	449	286	0
22	286	450	0
22	287	451	0
22	452	287	0
22	445	319	0
22	438	320	0
22	320	447	0
22	439	358	0
22	358	449	0
22	359	440	0
22	451	359	0
22	441	418	0
22	418	446	0
22	419	442	0
22	450	419	0
22	531	438	0
22	444	4234	0
22	4278	444	0
22	448	4298	0
22	4289	452	0
22	1759	487	0
22	487	3478	0
22	4234	1759	0
22	3478	4289	0
22	4288	4278	0
22	4298	4288	0
24	97	98	1
24	189	97	0
24	98	99	1
24	99	100	1
24	100	190	0
24	139	189	0
24	190	139	0
25	101	102	1
25	104	101	0
25	102	103	1
25	103	104	1
26	105	106	1
26	4287	105	0
26	106	107	1
26	107	242	0
26	141	362	0
26	363	141	0
26	191	426	0
26	427	191	0
26	428	192	0
26	192	429	0
26	241	323	0
26	426	241	0
26	242	428	0
26	362	290	0
26	290	427	0
26	291	363	0
26	429	291	0
26	323	486	0
26	486	582	0
26	582	660	0
26	660	1081	0
26	1081	4287	0
27	468	10	0
27	10	479	0
27	484	468	0
27	479	729	0
27	501	484	0
27	503	501	0
27	519	503	0
27	537	519	0
27	545	537	0
27	568	545	0
27	583	568	0
27	600	583	0
27	618	600	0
27	631	618	0
27	664	631	0
27	689	664	0
27	703	689	0
27	710	703	0
27	4250	710	0
27	715	714	0
27	714	4250	0
27	717	715	0
27	720	717	0
27	729	720	0
28	2264	6	0
28	6	4214	0
28	487	3478	0
28	4235	487	0
28	4296	2264	0
28	3478	4236	0
28	4214	4235	0
28	4236	4296	0
29	10	44	1
29	479	10	0
29	45	13	1
29	13	479	0
29	44	45	1
43	101	104	0
43	560	101	0
43	104	4128	0
43	540	560	0
43	4128	540	0
55	7	8	1
55	204	7	0
55	8	205	1
55	114	250	0
55	251	114	0
55	146	204	0
55	250	146	0
55	205	147	0
55	147	251	0
66	23	24	1
66	378	23	0
66	24	25	1
66	25	26	1
66	26	300	0
66	118	547	0
66	566	118	0
66	153	378	0
66	379	153	0
66	380	154	0
66	154	381	0
66	300	212	0
66	212	380	0
66	258	379	0
66	611	258	0
66	538	259	0
66	259	567	0
66	547	336	0
66	336	611	0
66	337	566	0
66	567	337	0
66	381	538	0
76	292	63	0
76	63	627	0
76	627	292	0
106	708	615	0
106	615	4220	0
106	865	708	0
106	1012	865	0
106	1705	1012	0
106	4294	1705	0
106	4220	4294	0
107	92	93	1
107	187	92	1
107	93	94	1
107	94	95	1
107	95	1002	0
107	424	187	0
107	322	424	0
107	490	322	0
107	595	490	0
107	733	595	0
107	747	733	0
107	771	747	0
107	1002	771	0
108	18	19	1
108	298	18	0
108	19	20	1
108	20	21	1
108	21	22	1
108	22	108	0
108	108	243	0
108	117	334	0
108	335	117	0
108	152	376	0
108	377	152	0
108	430	193	0
108	193	431	0
108	210	298	0
108	376	210	0
108	243	430	0
108	334	256	0
108	256	377	0
108	257	335	0
108	431	257	0
113	67	68	1
113	745	67	0
113	68	277	1
113	130	403	0
113	755	130	0
113	402	229	0
113	229	718	0
113	277	349	0
113	349	4286	0
113	403	402	0
113	718	724	0
113	724	745	0
113	4286	755	0
208	56	57	1
208	307	56	0
208	57	66	1
208	66	828	0
208	127	344	0
208	828	127	0
208	169	394	0
208	395	169	0
208	223	307	0
208	394	223	0
208	344	270	0
208	270	395	0
243	416	352	0
243	352	909	0
243	909	416	0
246	352	416	0
246	909	352	0
246	416	909	0
248	416	352	0
248	352	909	0
248	909	416	0
297	416	352	0
297	352	909	0
297	909	416	0
319	416	444	0
319	909	416	0
319	444	909	0
320	75	76	1
320	776	75	0
320	76	77	1
320	77	78	1
320	78	4268	0
320	108	194	0
320	432	108	0
320	132	179	0
320	746	132	0
320	133	306	0
320	630	133	0
320	179	523	0
320	194	4295	0
320	1396	195	0
320	195	4273	0
320	315	233	0
320	233	1003	0
320	572	281	0
320	281	602	0
320	306	572	0
320	530	315	0
320	352	1000	0
320	1003	352	0
320	4225	432	0
320	602	433	0
320	433	1396	0
320	523	598	0
320	610	530	0
320	598	639	0
320	688	610	0
320	712	630	0
320	639	722	0
320	737	688	0
320	1000	712	0
320	722	776	0
320	4268	737	0
320	4295	746	0
320	4213	4258	0
320	4273	4213	0
320	4258	4225	0
321	83	84	1
321	453	83	0
321	84	85	1
321	85	444	1
321	136	460	0
321	4264	136	0
321	183	646	0
321	647	183	0
321	235	459	0
321	471	235	0
321	356	284	0
321	284	707	0
321	317	453	0
321	459	317	0
321	460	356	0
321	414	471	0
321	646	414	0
321	415	647	0
321	707	415	0
321	444	4278	0
321	4278	4264	0
323	572	306	0
323	306	1015	0
323	1015	572	0
324	572	306	0
324	306	1015	0
324	1015	572	0
325	572	306	0
325	306	1015	0
325	1015	572	0
327	1015	572	0
327	572	1020	0
327	1020	1015	0
337	63	65	1
337	292	63	0
337	65	66	1
337	66	805	0
337	174	401	0
337	728	174	0
337	228	400	0
337	4290	228	0
337	274	292	0
337	4285	274	0
337	349	277	0
337	277	4290	0
337	4293	349	0
337	400	728	0
337	401	615	0
337	615	4220	0
337	805	4293	0
337	4220	4270	0
337	4270	4285	0
340	80	34	1
340	34	434	0
340	79	80	1
340	494	79	0
340	134	354	0
340	355	134	0
340	181	412	0
340	413	181	0
340	198	388	0
340	434	198	0
340	234	316	0
340	412	234	0
340	354	282	0
340	282	413	0
340	283	355	0
340	388	283	0
340	316	494	0
2428	6	32	1
2428	2264	6	0
2428	32	33	1
2428	33	34	1
2428	34	4281	0
2428	4281	1011	0
2428	1011	4284	0
2428	2827	2264	0
2428	4284	2827	0
2429	3478	487	0
2429	487	4235	0
2429	4236	3478	0
2429	4235	4292	0
2429	4297	4236	0
2429	4292	4240	0
2429	4240	4297	0
2432	4236	3478	0
2432	3478	4245	0
2432	4244	4236	0
2432	4275	4244	0
2432	4245	4275	0
