455
44
520
0	 7.500000000000000e+02  1.732050807600000e+00 -5.813788742549000e+02	 9.600000000000000e-08 -1.663000000000000e-07 -3.138900000000000e-06	1.000000000000000e+00	0	1	0
1	 7.500000000000000e+02  1.732050807600000e+00 -7.500000000000000e+02	0.000000000000000e+00 0.000000000000000e+00 0.000000000000000e+00	1.000000000000000e+00	0	1	1
2	 3.179872981078000e+02  7.500000000000000e+02 -7.500000000000000e+02	-2.601667940000000e-02  4.506221050000001e-02  0.000000000000000e+00	1.000000000000000e+00	0	1	2
4	 7.500000000000000e+02 -7.500000000000000e+02  2.286190426598000e+02	0.000000000000000e+00 0.000000000000000e+00 0.000000000000000e+00	1.000000000000000e+00	8048	1	4
5	7.500000000000000e+02 7.500000000000000e+02 2.286190426598000e+02	0.000000000000000e+00 0.000000000000000e+00 0.000000000000000e+00	1.000000000000000e+00	8048	1	5
6	4.199872981078000e+02 7.500000000000000e+02 2.286190426598000e+02	0.000000000000000e+00 0.000000000000000e+00 0.000000000000000e+00	7.500000000000000e-01	8048	1	6
7	 7.500000000000000e+02  6.208232482667000e+02 -4.262112152443000e+02	5.500000000000000e-08 3.854000000000000e-07 0.000000000000000e+00	1.000000000000000e+00	646	1	7
8	 7.500000000000000e+02  7.500000000000000e+02 -4.262112152443000e+02	0.000000000000000e+00 0.000000000000000e+00 0.000000000000000e+00	1.000000000000000e+00	646	1	8
10	-7.500000000000000e+02  5.715767664980000e+01  6.580962442277000e+02	0.000000000000000e+00 0.000000000000000e+00 0.000000000000000e+00	1.000000000000000e+00	1105	1	10
11	-7.500000000000000e+02 -7.500000000000000e+02  6.580962442277000e+02	0.000000000000000e+00 0.000000000000000e+00 0.000000000000000e+00	1.000000000000000e+00	1105	1	11
12	 7.500000000000000e+02 -7.500000000000000e+02  6.580962442277000e+02	0.000000000000000e+00 0.000000000000000e+00 0.000000000000000e+00	1.000000000000000e+00	1105	1	12
13	7.500000000000000e+02 5.715767664980000e+01 6.580962442277000e+02	0.000000000000000e+00 0.000000000000000e+00 0.000000000000000e+00	4.218750000000000e-01	1105	1	13
15	 7.500000000000000e+02 -7.500000000000000e+02 -1.159425144917000e+02	0.000000000000000e+00 0.000000000000000e+00 0.000000000000000e+00	1.000000000000000e+00	661	1	15
16	 7.500000000000000e+02  7.500000000000000e+02 -1.159425144917000e+02	0.000000000000000e+00 0.000000000000000e+00 0.000000000000000e+00	1.000000000000000e+00	661	1	16
17	 2.520473977657000e+02  7.500000000000000e+02 -1.159425144917000e+02	 1.236140000000000e-05 -2.697600000000000e-05  0.000000000000000e+00	1.000000000000000e+00	661	1	17
18	-7.500000000000000e+02 -9.504769005530001e+01 -4.164132562731000e+02	 7.505000000000001e-07 -6.207000000000000e-07  0.000000000000000e+00	1.000000000000000e+00	8048	1	18
19	-7.500000000000000e+02 -7.500000000000000e+02 -4.164132562731000e+02	0.000000000000000e+00 0.000000000000000e+00 0.000000000000000e+00	1.000000000000000e+00	8048	1	19
20	 7.500000000000000e+02 -7.500000000000000e+02 -4.164132562731000e+02	0.000000000000000e+00 0.000000000000000e+00 0.000000000000000e+00	1.000000000000000e+00	8048	1	20
21	 7.500000000000000e+02  7.500000000000000e+02 -4.164132562731000e+02	0.000000000000000e+00 0.000000000000000e+00 0.000000000000000e+00	1.000000000000000e+00	8048	1	21
22	-2.065909408141000e+02  7.500000000000000e+02 -4.164132562731000e+02	-1.019010651855469e-04  0.000000000000000e+00  0.000000000000000e+00	1.779785156250000e-01	8048	1	22
23	-6.472530238891001e+02 -7.500000000000000e+02  1.077775486825000e+02	-1.437902000000000e-04  2.646270000000000e-05  0.000000000000000e+00	1.000000000000000e+00	23	1	23
24	 7.500000000000000e+02 -7.500000000000000e+02  1.077775486825000e+02	0.000000000000000e+00 0.000000000000000e+00 0.000000000000000e+00	1.000000000000000e+00	23	1	24
25	7.500000000000000e+02 7.500000000000000e+02 1.077775486825000e+02	0.000000000000000e+00 0.000000000000000e+00 0.000000000000000e+00	1.000000000000000e+00	23	1	25
26	-6.120042860719000e+02  7.500000000000000e+02  1.077775486825000e+02	 8.534700000000000e-06 -1.047500000000000e-06  0.000000000000000e+00	1.000000000000000e+00	23	1	26
27	-7.365374830252000e+02 -7.500000000000000e+02 -1.894272067752000e+02	 3.021000000000000e-07 -2.328000000000000e-07  0.000000000000000e+00	1.000000000000000e+00	27	1	27
28	 7.500000000000000e+02 -7.500000000000000e+02 -1.894272067752000e+02	0.000000000000000e+00 0.000000000000000e+00 0.000000000000000e+00	1.000000000000000e+00	27	1	28
29	 7.500000000000000e+02  7.500000000000000e+02 -1.894272067752000e+02	0.000000000000000e+00 0.000000000000000e+00 0.000000000000000e+00	1.000000000000000e+00	27	1	29
30	 4.223733878459000e+02  7.500000000000000e+02 -1.894272067752000e+02	-1.707000000000000e-07  1.318000000000000e-07  0.000000000000000e+00	1.000000000000000e+00	27	1	30
32	4.199872981078000e+02 7.500000000000000e+02 7.500000000000000e+02	0.000000000000000e+00 0.000000000000000e+00 0.000000000000000e+00	1.000000000000000e+00	8048	1	32
33	7.500000000000000e+02 1.784012331796000e+02 7.500000000000000e+02	0.000000000000000e+00 0.000000000000000e+00 0.000000000000000e+00	1.000000000000000e+00	8048	1	33
34	7.500000000000000e+02 1.784012331796000e+02 9.471360338760000e+01	 0.000000000000000e+00 -0.000000000000000e+00  0.000000000000000e+00	7.500000000000000e-01	8048	1	34
36	-5.950127018922000e+02 -7.500000000000000e+02 -7.500000000000000e+02	0.000000000000000e+00 0.000000000000000e+00 0.000000000000000e+00	1.000000000000000e+00	491	1	36
37	 2.710127018922000e+02  7.500000000000000e+02 -7.500000000000000e+02	0.000000000000000e+00 0.000000000000000e+00 0.000000000000000e+00	1.000000000000000e+00	491	1	37
38	2.710127018922000e+02 7.500000000000000e+02 7.500000000000000e+02	0.000000000000000e+00 0.000000000000000e+00 0.000000000000000e+00	1.000000000000000e+00	491	1	38
39	-2.114310188957000e+02 -8.561703619730001e+01  7.500000000000000e+02	 1.551600000000000e-06  2.687500000000000e-06 -1.452460000000000e-05	1.000000000000000e+00	491	1	39
41	 2.450127018922000e+02 -7.500000000000000e+02  7.500000000000000e+02	0.000000000000000e+00 0.000000000000000e+00 0.000000000000000e+00	1.000000000000000e+00	729	1	41
42	 2.450127018922000e+02 -7.500000000000000e+02  7.354143074425000e+02	 2.600000000000000e-09 -4.500000000000000e-09  1.333000000000000e-07	1.000000000000000e+00	729	1	42
44	-7.500000000000000e+02  5.715767664980000e+01 -7.500000000000000e+02	0.000000000000000e+00 0.000000000000000e+00 0.000000000000000e+00	1.000000000000000e+00	1105	1	44
45	 7.500000000000000e+02  5.715767664980000e+01 -7.500000000000000e+02	0.000000000000000e+00 0.000000000000000e+00 0.000000000000000e+00	1.000000000000000e+00	1105	1	45
47	-7.500000000000000e+02  2.381569860407000e+02  7.500000000000000e+02	0.000000000000000e+00 0.000000000000000e+00 0.000000000000000e+00	1.000000000000000e+00	1074	1	47
48	-7.500000000000000e+02  2.381569860407000e+02 -7.500000000000000e+02	0.000000000000000e+00 0.000000000000000e+00 0.000000000000000e+00	1.000000000000000e+00	1074	1	48
49	 7.500000000000000e+02  2.381569860407000e+02 -7.500000000000000e+02	0.000000000000000e+00 0.000000000000000e+00 0.000000000000000e+00	1.000000000000000e+00	1074	1	49
50	7.500000000000000e+02 2.381569860407000e+02 7.500000000000000e+02	0.000000000000000e+00 0.000000000000000e+00 0.000000000000000e+00	1.000000000000000e+00	1074	1	50
52	 2.614194450981000e+02 -7.500000000000000e+02  1.518683640526000e+02	3.391000000000000e-07 1.719000000000000e-07 0.000000000000000e+00	1.000000000000000e+00	8048	1	52
53	 7.500000000000000e+02 -7.500000000000000e+02  1.518683640526000e+02	0.000000000000000e+00 0.000000000000000e+00 0.000000000000000e+00	1.000000000000000e+00	8048	1	53
54	7.500000000000000e+02 7.500000000000000e+02 1.518683640526000e+02	0.000000000000000e+00 0.000000000000000e+00 0.000000000000000e+00	1.000000000000000e+00	8048	1	54
55	-3.654536355092000e+02  7.500000000000000e+02  1.518683640526000e+02	-2.443502636718750e-06 -5.740341064453125e-07  0.000000000000000e+00	1.779785156250000e-01	8048	1	55
56	-7.500000000000000e+02  3.403479836873000e+02 -6.862496794675001e+02	-6.870000000000000e-08  0.000000000000000e+00 -2.170300000000000e-06	1.000000000000000e+00	8048	1	56
57	-7.500000000000000e+02  3.403479836873000e+02 -7.500000000000000e+02	0.000000000000000e+00 0.000000000000000e+00 0.000000000000000e+00	1.000000000000000e+00	8048	1	57
59	 3.129872981078000e+02 -7.500000000000000e+02 -1.291146198200000e+00	-3.000000000000000e-10 -6.000000000000000e-10  5.860000000000000e-08	1.000000000000000e+00	8048	1	59
60	 3.129872981078000e+02 -7.500000000000000e+02 -7.500000000000000e+02	0.000000000000000e+00 0.000000000000000e+00 0.000000000000000e+00	1.000000000000000e+00	8048	1	60
61	 7.500000000000000e+02  6.928203230300000e+00 -7.500000000000000e+02	0.000000000000000e+00 0.000000000000000e+00 0.000000000000000e+00	1.000000000000000e+00	8048	1	61
62	 7.500000000000000e+02  6.928203230300000e+00 -2.836332781947000e+02	1.802000000000000e-07 3.122000000000000e-07 2.142920000000000e-05	1.000000000000000e+00	8048	1	62
63	 5.470127018922000e+02 -7.500000000000000e+02  2.286190426598000e+02	-0.000000000000000e+00 -0.000000000000000e+00  0.000000000000000e+00	1.000000000000000e+00	8048	1	63
65	 5.470127018922000e+02 -7.500000000000000e+02 -7.500000000000000e+02	0.000000000000000e+00 0.000000000000000e+00 0.000000000000000e+00	1.000000000000000e+00	8048	1	65
66	-8.250000000000000e+01  3.403479836873000e+02 -7.500000000000000e+02	0.000000000000000e+00 0.000000000000000e+00 0.000000000000000e+00	7.500000000000000e-01	8048	1	66
67	-7.500000000000000e+02  7.500000000000000e+02 -6.793251553319001e+02	0.000000000000000e+00 1.472249601000000e-01 0.000000000000000e+00	1.000000000000000e+00	8048	1	67
68	-7.500000000000000e+02 -7.500000000000000e+02 -6.793251553319001e+02	0.000000000000000e+00 0.000000000000000e+00 0.000000000000000e+00	1.000000000000000e+00	8048	1	68
71	 4.489451738875000e+02 -7.500000000000000e+02  1.469693845670000e+01	-9.582000000000001e-06  2.355900000000000e-06  0.000000000000000e+00	1.000000000000000e+00	5009	1	71
72	 7.500000000000000e+02 -7.500000000000000e+02  1.469693845670000e+01	0.000000000000000e+00 0.000000000000000e+00 0.000000000000000e+00	1.000000000000000e+00	5009	1	72
73	7.500000000000000e+02 7.500000000000000e+02 1.469693845670000e+01	0.000000000000000e+00 0.000000000000000e+00 0.000000000000000e+00	1.000000000000000e+00	5009	1	73
74	5.939227873545000e+02 7.500000000000000e+02 1.469693845670000e+01	 1.119732000000000e-04 -3.622800000000000e-05  0.000000000000000e+00	1.000000000000000e+00	5009	1	74
75	 3.130744769069000e+02  6.910882722200000e+02 -7.500000000000000e+02	1.804000000000000e-07 0.000000000000000e+00 5.101000000000000e-07	1.000000000000000e+00	8048	1	75
76	 7.500000000000000e+02  6.910882722200000e+02 -7.500000000000000e+02	0.000000000000000e+00 0.000000000000000e+00 0.000000000000000e+00	1.000000000000000e+00	8048	1	76
77	7.500000000000000e+02 6.910882722200000e+02 7.500000000000000e+02	0.000000000000000e+00 0.000000000000000e+00 0.000000000000000e+00	1.000000000000000e+00	8048	1	77
78	-7.500000000000000e+02  6.910882722200000e+02  7.500000000000000e+02	-7.357925670000000e-02  0.000000000000000e+00  0.000000000000000e+00	1.000000000000000e+00	8048	1	78
79	-5.472480851300000e+01 -7.500000000000000e+02  9.471360338760000e+01	 6.609800000000001e-06 -6.520000000000000e-06  0.000000000000000e+00	1.000000000000000e+00	8048	1	79
80	 7.500000000000000e+02 -7.500000000000000e+02  9.471360338760000e+01	0.000000000000000e+00 0.000000000000000e+00 0.000000000000000e+00	1.000000000000000e+00	8048	1	80
83	 3.218509551066000e+02 -7.500000000000000e+02  3.592584956082000e+02	-3.983900000000000e-06  6.247000000000000e-07  0.000000000000000e+00	1.000000000000000e+00	8048	1	83
84	 7.500000000000000e+02 -7.500000000000000e+02  3.592584956082000e+02	0.000000000000000e+00 0.000000000000000e+00 0.000000000000000e+00	1.000000000000000e+00	8048	1	84
85	7.500000000000000e+02 7.500000000000000e+02 3.592584956082000e+02	0.000000000000000e+00 0.000000000000000e+00 0.000000000000000e+00	1.000000000000000e+00	8048	1	85
87	-2.960127018922000e+02 -7.500000000000000e+02 -4.867033765677000e+02	-2.970000000000000e-08 -5.140000000000000e-08  5.884000000000001e-07	1.000000000000000e+00	8048	1	87
88	-2.960127018922000e+02 -7.500000000000000e+02 -7.500000000000000e+02	0.000000000000000e+00 0.000000000000000e+00 0.000000000000000e+00	1.000000000000000e+00	8048	1	88
89	 5.700127018922000e+02  7.500000000000000e+02 -7.500000000000000e+02	0.000000000000000e+00 0.000000000000000e+00 0.000000000000000e+00	1.000000000000000e+00	8048	1	89
90	5.700127018922000e+02 7.500000000000000e+02 5.875675544331000e+02	 1.125240000000000e-05  1.948970000000000e-05 -1.697930000000000e-04	1.000000000000000e+00	8048	1	90
92	-7.500000000000000e+02  7.500000000000000e+02  3.804874067123000e+02	0.000000000000000e+00 0.000000000000000e+00 0.000000000000000e+00	1.000000000000000e+00	8006	1	92
93	-7.500000000000000e+02 -7.500000000000000e+02  3.804874067123000e+02	0.000000000000000e+00 0.000000000000000e+00 0.000000000000000e+00	1.000000000000000e+00	8006	1	93
94	 7.500000000000000e+02 -7.500000000000000e+02  3.804874067123000e+02	0.000000000000000e+00 0.000000000000000e+00 0.000000000000000e+00	1.000000000000000e+00	8006	1	94
95	7.500000000000000e+02 2.987805221184000e+02 3.804874067123000e+02	-1.389310000000000e-05 -1.428480000000000e-05  0.000000000000000e+00	1.000000000000000e+00	8006	1	95
97	 5.929872981078000e+02 -7.500000000000000e+02 -1.595710232770000e+01	 4.600000000000000e-09  8.000000000000000e-09 -9.230000000000000e-08	1.000000000000000e+00	97	1	97
98	 5.929872981078000e+02 -7.500000000000000e+02 -7.500000000000000e+02	0.000000000000000e+00 0.000000000000000e+00 0.000000000000000e+00	1.000000000000000e+00	97	1	98
99	 7.500000000000000e+02 -4.780460228890000e+02 -7.500000000000000e+02	0.000000000000000e+00 0.000000000000000e+00 0.000000000000000e+00	1.000000000000000e+00	97	1	99
100	 7.500000000000000e+02 -4.780460228890000e+02  1.936442359340000e+01	 3.160000000000000e-08  5.470000000000000e-08 -6.587000000000000e-07	1.000000000000000e+00	97	1	100
101	-7.500000000000000e+02 -5.525242076145000e+02 -1.159425144917000e+02	-0.000000000000000e+00 -0.000000000000000e+00  0.000000000000000e+00	1.779785156250000e-01	661	1	101
102	-7.500000000000000e+02 -5.525242076145000e+02  7.500000000000000e+02	0.000000000000000e+00 0.000000000000000e+00 0.000000000000000e+00	1.000000000000000e+00	661	1	102
103	-6.359872981078000e+02 -7.500000000000000e+02  7.500000000000000e+02	0.000000000000000e+00 0.000000000000000e+00 0.000000000000000e+00	1.000000000000000e+00	661	1	103
104	-6.359872981078000e+02 -7.500000000000000e+02 -1.159425144917000e+02	0.000000000000000e+00 0.000000000000000e+00 0.000000000000000e+00	7.500000000000000e-01	661	1	104
105	-5.923205892638000e+02 -7.500000000000000e+02  5.829785587824000e+02	-2.465786000000000e-04  0.000000000000000e+00  0.000000000000000e+00	1.000000000000000e+00	105	1	105
106	 7.500000000000000e+02 -7.500000000000000e+02  5.829785587824000e+02	0.000000000000000e+00 0.000000000000000e+00 0.000000000000000e+00	1.000000000000000e+00	105	1	106
107	7.500000000000000e+02 2.479468835850000e+01 5.829785587824000e+02	 1.440200000000000e-06 -4.001800000000000e-06  0.000000000000000e+00	1.000000000000000e+00	105	1	107
108	-2.084503109468000e+02  6.910882722200000e+02 -4.164132562731000e+02	-1.098899690185547e-04  0.000000000000000e+00  0.000000000000000e+00	1.334838867187500e-01	8048	0	108
112	 6.715626789402000e+02  1.375894760928000e+02 -5.930159491460000e+02	 1.208000000000000e-07 -2.093000000000000e-07 -2.663000000000000e-06	1.000000000000000e+00	0	0	112
113	 5.144575043174000e+02 -6.297436357500001e+00  2.286190426598000e+02	-1.947770000000000e-05  2.050600000000000e-06  0.000000000000000e+00	1.000000000000000e+00	8048	0	113
114	 2.990313537288000e+02  6.853887288039000e+02 -4.262112152443000e+02	-5.800000000000000e-09 -3.900000000000000e-08  0.000000000000000e+00	1.000000000000000e+00	646	0	114
116	-5.780417220484001e+02  1.419411988305000e+02 -1.159425144917000e+02	-7.364600000000001e-06 -8.327000000000000e-07  0.000000000000000e+00	1.000000000000000e+00	661	0	116
117	-4.257426989123000e+02  2.979432440510000e+02 -4.164132562731000e+02	 5.585000000000000e-07 -4.591000000000000e-07  0.000000000000000e+00	1.000000000000000e+00	8048	0	117
118	-6.393103140349000e+02 -1.586639653710000e+02  1.077775486825000e+02	-1.076822000000000e-04 -2.635900000000000e-06  0.000000000000000e+00	1.000000000000000e+00	23	0	118
119	-1.572000438128000e+02  7.362777730000000e-02 -1.894272067752000e+02	-2.784000000000000e-07  2.152000000000000e-07  0.000000000000000e+00	1.000000000000000e+00	27	0	119
122	-5.466519518358000e+02 -6.662367238101000e+02  3.803378286814000e+02	-1.131000000000000e-07 -1.959000000000000e-07 -2.696700000000000e-05	1.000000000000000e+00	491	0	122
123	 1.455996820349000e+02 -5.778115986733001e+02  7.443353388107000e+02	 4.200000000000000e-09 -7.200000000000000e-09  1.570000000000000e-07	1.000000000000000e+00	729	0	123
126	-7.301124795080000e+01 -1.039800720000000e-02  1.518683640526000e+02	-8.800000000000001e-08 -3.830000000000000e-08  0.000000000000000e+00	1.000000000000000e+00	8048	0	126
127	-2.080298119702000e+02  3.403479836873000e+02 -7.338189205740000e+02	 1.386800000000000e-06  0.000000000000000e+00 -2.721000000000000e-06	1.000000000000000e+00	8048	0	127
128	 5.325371988306000e+02 -3.697284171514000e+02 -2.719497494206000e+02	9.490000000000001e-08 1.644000000000000e-07 4.850700000000000e-06	1.000000000000000e+00	8048	0	128
130	-3.330159510882000e+02  5.833881611457000e+02 -6.793251553319001e+02	-9.726700000000000e-06 -1.948220000000000e-05  0.000000000000000e+00	1.000000000000000e+00	8048	0	130
131	5.268698457906000e+02 1.494588981522000e+02 1.469693845670000e+01	1.116040000000000e-04 1.906200000000000e-06 0.000000000000000e+00	1.000000000000000e+00	5009	0	131
132	-4.723436413170000e+01  6.910882722200000e+02 -5.571271390737001e+02	-1.240340000000000e-05  0.000000000000000e+00 -2.649100000000000e-05	1.000000000000000e+00	8048	0	132
133	-3.446982099937000e+02  6.910882722200000e+02  1.559795607287000e+02	 1.116028125000000e-06  0.000000000000000e+00 -4.447406250000000e-07	4.218750000000000e-01	8048	0	133
134	 3.682253009321000e+02 -1.681578278306000e+02  9.471360338760000e+01	 7.142500000000001e-06 -5.357300000000000e-06  0.000000000000000e+00	1.000000000000000e+00	8048	0	134
136	3.626773941221000e+02 2.319109188182000e+02 3.592584956082000e+02	1.389492750000000e-04 3.738600000000000e-05 0.000000000000000e+00	7.500000000000000e-01	8048	0	136
137	 1.590319279485000e+02  3.816041859550000e+01 -7.284571317730000e+01	-5.068100000000000e-06 -8.778300000000000e-06  6.407100000000000e-06	1.000000000000000e+00	8048	0	137
139	 6.777006523846001e+02 -6.032721663130001e+02  3.335688327800000e+00	 1.403000000000000e-07  2.430000000000000e-07 -2.243900000000000e-06	1.000000000000000e+00	97	0	139
141	 2.392458233670000e+02 -2.600344924653000e+02  5.829785587824000e+02	 1.549590000000000e-05 -2.661790000000000e-05  0.000000000000000e+00	1.000000000000000e+00	105	0	141
143	 5.701469749887000e+02  3.132466280222000e+02 -6.182105116113000e+02	 1.350000000000000e-07 -2.339000000000000e-07 -1.785600000000000e-06	1.000000000000000e+00	0	0	143
144	 4.852591178420000e+02 -3.768596674919000e+02  2.286190426598000e+02	-4.549670000000000e-05  4.059800000000001e-06  0.000000000000000e+00	1.000000000000000e+00	8048	0	144
146	 5.245208590289000e+02  6.530737207723000e+02 -4.262112152443000e+02	1.350000000000000e-08 9.450000000000001e-08 0.000000000000000e+00	1.000000000000000e+00	646	0	146
147	 7.250257882410000e+01  7.226434005190000e+02 -4.262112152443000e+02	2.182000000000000e-07 8.568000000000000e-07 0.000000000000000e+00	1.000000000000000e+00	646	0	147
150	-7.500000000000000e+02 -2.078419013558000e+02 -1.159425144917000e+02	 1.661320000000000e-05 -1.575500000000000e-06  0.000000000000000e+00	1.000000000000000e+00	661	1	150
151	-2.364325342572000e+02  4.504063188519000e+02 -1.159425144917000e+02	-4.387700000000000e-06  6.038300000000000e-06  0.000000000000000e+00	1.000000000000000e+00	661	0	151
152	-5.877836958693000e+02  1.014832882936000e+02 -4.164132562731000e+02	 5.315000000000000e-07 -4.385000000000000e-07  0.000000000000000e+00	1.000000000000000e+00	8048	0	152
153	-6.293339869802001e+02 -6.148549505427001e+02  1.077775486825000e+02	-1.638379000000000e-04 -1.428800000000000e-06  0.000000000000000e+00	1.000000000000000e+00	23	0	153
154	-6.382992547687001e+02  3.321593159447000e+02  1.077775486825000e+02	-4.507540000000000e-05  1.266300000000000e-06  0.000000000000000e+00	1.000000000000000e+00	23	0	154
155	-4.469677734101000e+02 -3.749233297159000e+02 -1.894272067752000e+02	-2.566000000000000e-07  1.981000000000000e-07  0.000000000000000e+00	1.000000000000000e+00	27	0	155
156	 1.326187938722000e+02  3.750310266708000e+02 -1.894272067752000e+02	-1.385000000000000e-07  1.071000000000000e-07  0.000000000000000e+00	1.000000000000000e+00	27	0	156
159	-5.950127018922000e+02 -7.500000000000000e+02  2.318226563681000e+02	-1.568940000000000e-05 -2.717480000000000e-05  4.676700000000000e-06	1.000000000000000e+00	491	1	159
160	-4.485730235537000e+02 -4.963590368736000e+02  5.405715759553000e+02	 6.061500000000000e-06  1.049880000000000e-05 -1.638110000000000e-05	1.000000000000000e+00	491	0	160
161	 9.393044463970000e+01 -4.883178543165000e+02  7.500000000000000e+02	 4.200000000000000e-09 -7.300000000000000e-09  1.539000000000000e-07	1.000000000000000e+00	729	1	161
162	 1.965553106343000e+02 -6.660693363390001e+02  7.391866260970000e+02	 3.000000000000000e-09 -5.200000000000000e-09  1.329000000000000e-07	1.000000000000000e+00	729	0	162
164	5.227548159178000e+02 5.444342998830000e+01 2.286190426598000e+02	-1.104710000000000e-05  1.474600000000000e-06  0.000000000000000e+00	1.000000000000000e+00	8048	0	164
167	 9.024056876200001e+01 -3.750539180368000e+02  1.518683640526000e+02	-3.389000000000000e-07 -1.477000000000000e-07  0.000000000000000e+00	1.000000000000000e+00	8048	0	167
168	-2.362328646720000e+02  3.750055906657000e+02  1.518683640526000e+02	5.970000000000000e-08 2.600000000000000e-08 0.000000000000000e+00	1.000000000000000e+00	8048	0	168
169	-4.953326301107000e+02  3.403479836873000e+02 -7.005741866188000e+02	-1.811000000000000e-07  0.000000000000000e+00 -2.133000000000000e-06	1.000000000000000e+00	8048	0	169
172	 6.452971396397000e+02 -1.744224706116000e+02 -2.794529992430000e+02	2.031000000000000e-07 3.518000000000000e-07 1.574770000000000e-05	1.000000000000000e+00	8048	0	172
174	 4.545169836667000e+02 -5.897927165509000e+02 -3.101354463699000e+02	-4.975680000000000e-05  8.618130000000000e-05  1.201985000000000e-04	1.000000000000000e+00	8048	0	174
177	 5.108126195108000e+02 -3.051492082066000e+02  1.469693845670000e+01	 3.977070000000000e-05 -3.507500000000000e-06  0.000000000000000e+00	1.000000000000000e+00	5009	0	177
179	 7.274177268400000e+00  6.910882722200000e+02 -6.018992942827000e+02	-7.027200000000000e-06  0.000000000000000e+00 -4.949800000000000e-06	1.000000000000000e+00	8048	0	179
181	 2.145764556557000e+02 -4.509983838264000e+02  9.471360338760000e+01	 1.479000000000000e-07 -7.320000000000001e-08  0.000000000000000e+00	1.000000000000000e+00	8048	0	181
183	 3.552259718806000e+02 -2.769592245168000e+02  3.592584956082000e+02	 6.456630000000000e-05 -1.454200000000000e-06  0.000000000000000e+00	1.000000000000000e+00	8048	0	183
185	-8.252314032520000e+01 -3.802252324803000e+02 -3.816571728532000e+02	 2.073900000000000e-06  3.592100000000000e-06 -1.038620000000000e-05	1.000000000000000e+00	8048	0	185
187	4.254153401482000e+02 7.500000000000000e+02 3.804874067123000e+02	-3.297000000000000e-07 -1.003000000000000e-07  0.000000000000000e+00	1.000000000000000e+00	8006	1	187
189	 6.312377183043001e+02 -6.837483288088000e+02 -8.333859365500000e+00	 1.550000000000000e-07  2.685000000000000e-07 -2.489600000000000e-06	1.000000000000000e+00	97	0	189
190	 7.226675731824000e+02 -5.253871748312000e+02  1.412423652540000e+01	 8.240000000000000e-08  1.428000000000000e-07 -1.389800000000000e-06	1.000000000000000e+00	97	0	190
191	-8.568842013220001e+01 -4.552560664075000e+02  5.829785587824000e+02	-6.785300000000000e-06  1.077820000000000e-05  0.000000000000000e+00	1.000000000000000e+00	105	0	191
192	 5.679549775637000e+02 -7.548539480140001e+01  5.829785587824000e+02	 3.252370000000000e-05 -5.214700000000000e-05  0.000000000000000e+00	1.000000000000000e+00	105	0	192
193	-2.657571242374000e+02  4.953455340038000e+02 -4.164132562731000e+02	-1.471556250000000e-06  7.929562500000000e-07  0.000000000000000e+00	5.625000000000000e-01	8048	0	193
194	-2.000824015185000e+02  6.910882722200000e+02 -4.174630601890000e+02	-1.917353204956055e-05  0.000000000000000e+00 -2.491966631469726e-05	1.334838867187500e-01	8048	0	194
195	-3.762302283402000e+02  6.910882722200000e+02 -1.890187300804000e+02	-3.553082000000000e-04  0.000000000000000e+00  1.240705000000000e-04	1.000000000000000e+00	8048	0	195
198	5.996222129828000e+02 5.695082408620000e+01 9.471360338760000e+01	 5.637900000000000e-06 -6.728800000000000e-06  0.000000000000000e+00	1.000000000000000e+00	8048	0	198
201	 5.169324336129000e+02  4.054169173864000e+02 -6.362894875843000e+02	 1.037000000000000e-07 -1.796000000000000e-07 -1.201900000000000e-06	1.000000000000000e+00	0	0	201
202	 4.616398605081000e+02 -5.767090270679000e+02  2.286190426598000e+02	-1.136983710937500e-05 -4.400578125000000e-07  0.000000000000000e+00	3.164062500000000e-01	8048	0	202
204	 6.372663892697000e+02  6.369217892969000e+02 -4.262112152443000e+02	2.350000000000000e-08 1.647000000000000e-07 0.000000000000000e+00	1.000000000000000e+00	646	0	204
205	-2.397669608020000e+01  7.500000000000000e+02 -4.262112152443000e+02	-8.720000000000000e-08 -3.076000000000000e-07  0.000000000000000e+00	1.000000000000000e+00	646	1	205
209	-7.765620991720000e+01  5.622664868306000e+02 -1.159425144917000e+02	-4.584900000000000e-06  6.776100000000000e-06  0.000000000000000e+00	1.000000000000000e+00	661	0	209
210	-6.688164484684000e+02  3.263611848000000e+00 -4.164132562731000e+02	 4.811000000000000e-07 -3.968000000000000e-07  0.000000000000000e+00	1.000000000000000e+00	8048	0	210
212	-6.288295676303001e+02  5.593006560088000e+02  1.077775486825000e+02	-1.454180000000000e-05  7.218000000000000e-07  0.000000000000000e+00	1.000000000000000e+00	23	0	212
213	-5.917746137991001e+02 -5.624812986920000e+02 -1.894272067752000e+02	-5.280000000000000e-08  4.080000000000000e-08  0.000000000000000e+00	1.000000000000000e+00	27	0	213
214	 2.775274558763000e+02  5.625103228303000e+02 -1.894272067752000e+02	-4.660000000000000e-08  3.600000000000000e-08  0.000000000000000e+00	1.000000000000000e+00	27	0	214
216	-3.998979327640000e+02 -4.120513065629000e+02  6.056804037168000e+02	 5.431800000000000e-06  9.408200000000001e-06 -1.711360000000000e-05	1.000000000000000e+00	491	0	216
221	 1.722563999115000e+02 -5.624917762143000e+02  1.518683640526000e+02	5.730000000000000e-08 2.570000000000000e-08 0.000000000000000e+00	1.000000000000000e+00	8048	0	221
222	-3.121446978917000e+02  5.640960190141000e+02  1.518683640526000e+02	-4.951000000000000e-07 -1.786000000000000e-07  0.000000000000000e+00	1.000000000000000e+00	8048	0	222
223	-6.345363948105000e+02  3.403479836873000e+02 -6.909117835909000e+02	-1.179000000000000e-07  0.000000000000000e+00 -2.182500000000000e-06	1.000000000000000e+00	8048	0	223
226	 7.014143997070000e+02 -7.722452499350000e+01 -2.819988113179000e+02	1.870000000000000e-07 3.240000000000000e-07 1.925270000000000e-05	1.000000000000000e+00	8048	0	226
228	 5.238611708391001e+02 -7.099003719430000e+02 -5.501216559233001e+02	-7.862000000000000e-07  1.361800000000000e-06  8.113499999999999e-06	1.000000000000000e+00	8048	0	228
229	-5.024281131399000e+02  6.655747459877000e+02 -6.793251553319001e+02	-6.027700000000000e-06 -1.349540000000000e-05  0.000000000000000e+00	1.000000000000000e+00	8048	0	229
231	 4.867119583840000e+02 -5.371510775999000e+02  1.469693845670000e+01	 2.349300000000000e-06 -2.621000000000000e-07  0.000000000000000e+00	1.000000000000000e+00	5009	0	231
233	-4.691721106154000e+02  6.910882722200000e+02  4.365618052688000e+02	-4.658600000000000e-06  0.000000000000000e+00 -3.585000000000000e-06	1.000000000000000e+00	8048	0	233
234	 1.231976780008000e+02 -5.778442327306000e+02  9.471360338760000e+01	-1.032100000000000e-06  9.724000000000000e-07  0.000000000000000e+00	1.000000000000000e+00	8048	0	234
235	 3.445901674602000e+02 -5.358686905104000e+02  3.592584956082000e+02	 2.679390000000000e-05 -1.699800000000000e-06  0.000000000000000e+00	1.000000000000000e+00	8048	0	235
237	-2.086921681396000e+02 -5.987563989964000e+02 -4.619678129310000e+02	-2.060000000000000e-08 -3.570000000000000e-08  2.014000000000000e-07	1.000000000000000e+00	8048	0	237
238	4.293010638786000e+02 5.062802937442000e+02 5.065635878533000e+02	 3.455260000000000e-05  5.984690000000000e-05 -1.440626000000000e-04	1.000000000000000e+00	8048	0	238
241	-2.459190810264000e+02 -5.596587587993000e+02  5.829785587824000e+02	-1.799750000000000e-05  2.683380000000000e-05  0.000000000000000e+00	1.000000000000000e+00	105	0	241
242	7.108260599046000e+02 1.069666439140000e+01 5.829785587824000e+02	 1.582360000000000e-05 -2.885050000000000e-05  0.000000000000000e+00	1.000000000000000e+00	105	0	242
243	-2.210130066186000e+02  6.048778729478000e+02 -4.164132562731000e+02	-1.040831707763672e-04  1.518023254394531e-05  0.000000000000000e+00	1.779785156250000e-01	8048	0	243
246	 7.169482483852000e+02  5.897936388360000e+01 -5.854233685837000e+02	 1.215000000000000e-07 -2.104000000000000e-07 -2.956800000000000e-06	1.000000000000000e+00	0	0	246
247	 6.219849294210001e+02  2.234606571849000e+02 -6.038437820850000e+02	 1.357000000000000e-07 -2.350000000000000e-07 -2.270800000000000e-06	1.000000000000000e+00	0	0	247
248	 4.981837413048000e+02 -1.955194765129000e+02  2.286190426598000e+02	-5.351540000000000e-05  3.673100000000000e-06  0.000000000000000e+00	1.000000000000000e+00	8048	0	248
249	5.482969567787001e+02 1.793352548426000e+02 2.286190426598000e+02	 1.910000000000000e-07 -6.170000000000000e-08  0.000000000000000e+00	1.000000000000000e+00	8048	0	249
250	 4.117755551142000e+02  6.692272872188000e+02 -4.262112152443000e+02	2.500000000000000e-09 1.780000000000000e-08 0.000000000000000e+00	1.000000000000000e+00	646	0	250
251	 1.864156338000000e+02  7.024307259864000e+02 -4.262112152443000e+02	1.220000000000000e-08 6.890000000000000e-08 0.000000000000000e+00	1.000000000000000e+00	646	0	251
254	-7.037332017489000e+02 -6.888357515520001e+01 -1.159425144917000e+02	-6.387700000000000e-06  6.572000000000000e-06  0.000000000000000e+00	1.000000000000000e+00	661	0	254
255	-4.008856371345000e+02  3.203780826412000e+02 -1.159425144917000e+02	-3.204200000000000e-06 -1.956700000000000e-06  0.000000000000000e+00	1.000000000000000e+00	661	0	255
256	-5.067576013820000e+02  1.997084648841000e+02 -4.164132562731000e+02	 5.610000000000000e-07 -4.627000000000000e-07  0.000000000000000e+00	1.000000000000000e+00	8048	0	256
257	-3.450414740769000e+02  3.962501345353000e+02 -4.164132562731000e+02	 2.923312500000000e-07 -2.401875000000000e-07  0.000000000000000e+00	5.625000000000000e-01	8048	0	257
258	-6.327895361141000e+02 -4.258668304475000e+02  1.077775486825000e+02	-1.388904000000000e-04 -2.534600000000000e-06  0.000000000000000e+00	1.000000000000000e+00	23	0	258
259	-6.422528923028000e+02  8.889619109800000e+01  1.077775486825000e+02	-7.760660000000000e-05  2.425000000000000e-07  0.000000000000000e+00	1.000000000000000e+00	23	0	259
260	-3.021103150114000e+02 -1.874044415936000e+02 -1.894272067752000e+02	-3.406000000000000e-07  2.632000000000000e-07  0.000000000000000e+00	1.000000000000000e+00	27	0	260
261	-1.228220462430000e+01  1.875458153814000e+02 -1.894272067752000e+02	-1.795000000000000e-07  1.388000000000000e-07  0.000000000000000e+00	1.000000000000000e+00	27	0	261
262	-5.856220152893001e+02 -7.337348536858000e+02  2.792017368835000e+02	 1.116000000000000e-06  1.933000000000000e-06 -1.185320000000000e-05	1.000000000000000e+00	491	0	262
263	-4.960363293911000e+02 -5.785678940792001e+02  4.703503175470000e+02	 6.307700000000001e-06  1.092530000000000e-05 -1.728910000000000e-05	1.000000000000000e+00	491	0	263
268	 8.628023151000001e+00 -1.875263078994000e+02  1.518683640526000e+02	-1.689000000000000e-07 -7.350000000000000e-08  0.000000000000000e+00	1.000000000000000e+00	8048	0	268
269	-1.545871792091000e+02  1.875127750695000e+02  1.518683640526000e+02	7.910000000000000e-08 3.440000000000000e-08 0.000000000000000e+00	1.000000000000000e+00	8048	0	269
270	-3.566659754554000e+02  3.403479836873000e+02 -7.144578515822001e+02	-3.122000000000000e-07  0.000000000000000e+00 -2.714700000000000e-06	1.000000000000000e+00	8048	0	270
273	 5.891755296709000e+02 -2.716279504800000e+02 -2.761675589149000e+02	1.815000000000000e-07 3.143000000000000e-07 1.104520000000000e-05	1.000000000000000e+00	8048	0	273
274	 4.502105333338000e+02 -5.823337257740001e+02  1.475971357761000e+02	 2.337300000000000e-06 -4.048200000000000e-06  2.019500000000000e-06	1.000000000000000e+00	8048	0	274
277	 5.470127018922000e+02 -7.500000000000000e+02 -6.793251553319001e+02	0.000000000000000e+00 0.000000000000000e+00 0.000000000000000e+00	1.000000000000000e+00	8048	1	277
278	 5.293579336637000e+02 -5.732339995980000e+01  1.469693845670000e+01	 7.928120000000000e-05 -2.568500000000000e-06  0.000000000000000e+00	1.000000000000000e+00	5009	0	278
279	5.247704372337000e+02 4.070039807316000e+02 1.469693845670000e+01	 1.193388000000000e-04 -4.132200000000000e-06  0.000000000000000e+00	1.000000000000000e+00	5009	0	279
281	-4.040665670383000e+02  6.910882722200000e+02  1.130779459825000e+02	-7.387250000000001e-05  0.000000000000000e+00  5.622000000000000e-05	1.000000000000000e+00	8048	0	281
282	 2.825968977866000e+02 -3.037742312506000e+02  9.471360338760000e+01	 4.863900000000000e-06 -2.629200000000000e-06  0.000000000000000e+00	1.000000000000000e+00	8048	0	282
283	 4.713550956798000e+02 -5.273347048850000e+01  9.471360338760000e+01	 4.620500000000000e-06 -5.088900000000001e-06  0.000000000000000e+00	1.000000000000000e+00	8048	0	283
284	 3.610295573394000e+02 -8.744822978600000e+00  3.592584956082000e+02	 1.047361000000000e-04 -2.004100000000000e-06  0.000000000000000e+00	1.000000000000000e+00	8048	0	284
286	 4.539642907530000e+01 -1.586620389963000e+02 -2.588881108325000e+02	 8.757700000000001e-06  1.516880000000000e-05 -2.781470000000000e-05	1.000000000000000e+00	8048	0	286
287	2.518064252676000e+02 1.988505615988000e+02 1.023525299954000e+02	-1.084430000000000e-05 -1.878290000000000e-05  2.265240000000000e-05	1.000000000000000e+00	8048	0	287
290	 7.679109323940000e+01 -3.568127868870000e+02  5.829785587824000e+02	 5.008400000000000e-06 -8.357200000000000e-06  0.000000000000000e+00	1.000000000000000e+00	105	0	290
291	 4.049731170369000e+02 -1.676660815659000e+02  5.829785587824000e+02	 1.960800000000000e-05 -3.686200000000000e-05  0.000000000000000e+00	1.000000000000000e+00	105	0	291
292	 4.648922574626000e+02 -6.077632179078000e+02  2.286190426598000e+02	-1.273504606361389e-05  2.205774842376709e-05  0.000000000000000e+00	7.508468627929688e-02	8048	0	292
297	-3.078622078900000e+00  6.102787657791000e+02 -1.159425144917000e+02	-1.915400000000000e-06  2.939000000000000e-06  0.000000000000000e+00	1.000000000000000e+00	661	0	297
298	-7.093190383980000e+02 -4.585772271230000e+01 -4.164132562731000e+02	 4.921000000000000e-07 -4.064000000000000e-07  0.000000000000000e+00	1.000000000000000e+00	8048	0	298
300	-6.220607834958000e+02  6.680660745206001e+02  1.077775486825000e+02	-1.612000000000000e-07 -5.740000000000000e-08  0.000000000000000e+00	1.000000000000000e+00	23	0	300
301	-6.642544836941000e+02 -6.562012373691000e+02 -1.894272067752000e+02	-1.563000000000000e-07  1.208000000000000e-07  0.000000000000000e+00	1.000000000000000e+00	27	0	301
302	 3.499726689937000e+02  6.562570222466001e+02 -1.894272067752000e+02	-4.050000000000000e-08  3.120000000000000e-08  0.000000000000000e+00	1.000000000000000e+00	27	0	302
305	 2.138310760639000e+02 -6.561379249394000e+02  1.518683640526000e+02	3.860000000000000e-07 1.834000000000000e-07 0.000000000000000e+00	1.000000000000000e+00	8048	0	305
306	-3.516137047579000e+02  6.910882722200000e+02  1.518683640526000e+02	-6.994125000000001e-07 -1.560375000000000e-07  5.906250000000000e-08	5.625000000000000e-01	8048	0	306
307	-7.048177062971000e+02  3.403479836873000e+02 -6.876793383928000e+02	-8.050000000000000e-08  0.000000000000000e+00 -2.177000000000000e-06	1.000000000000000e+00	8048	0	307
313	 4.750350345802000e+02 -6.438854726668001e+02  1.469693845670000e+01	-5.220200000000000e-06  8.661000000000001e-07  0.000000000000000e+00	1.000000000000000e+00	5009	0	313
314	5.596368249189001e+02 6.440291737950000e+02 1.469693845670000e+01	 9.791990000000000e-05 -3.157280000000000e-05  0.000000000000000e+00	1.000000000000000e+00	5009	0	314
315	-5.043277572433000e+02  6.910882722200000e+02  4.789648955405000e+02	 2.240100000000000e-06  0.000000000000000e+00 -8.844300000000001e-06	1.000000000000000e+00	8048	0	315
316	 5.861390327630000e+01 -6.431465867822001e+02  9.471360338760000e+01	-8.939000000000000e-07  9.528000000000000e-07  0.000000000000000e+00	1.000000000000000e+00	8048	0	316
317	 3.351289235785000e+02 -6.550048700700000e+02  3.592584956082000e+02	 9.868100000000000e-06 -9.658000000000001e-07  0.000000000000000e+00	1.000000000000000e+00	8048	0	317
319	-2.677097404496000e+02 -7.009778327767000e+02 -4.809975607172000e+02	-7.200000000000000e-09 -1.240000000000000e-08  1.228000000000000e-07	1.000000000000000e+00	8048	0	319
320	4.840849322687000e+02 6.011687372311001e+02 5.533602833271000e+02	 2.315540000000000e-05  4.010630000000000e-05 -1.575825000000000e-04	1.000000000000000e+00	8048	0	320
322	4.853361058703000e+02 5.735227861027000e+02 3.804874067123000e+02	3.049000000000000e-06 1.171200000000000e-06 0.000000000000000e+00	1.000000000000000e+00	8006	0	322
323	-3.244033351612000e+02 -6.127693933784000e+02  5.829785587824000e+02	-2.294510000000000e-05  3.438650000000000e-05  0.000000000000000e+00	1.000000000000000e+00	105	0	323
328	 5.052008188074000e+02 -1.022675495248000e+02  2.286190426598000e+02	-3.627340000000000e-05  3.031700000000000e-06  0.000000000000000e+00	1.000000000000000e+00	8048	0	328
332	-6.580989671840000e+02  2.138628507540000e+01 -1.159425144917000e+02	-1.991910000000000e-05 -1.344970000000000e-05  0.000000000000000e+00	1.000000000000000e+00	661	0	332
333	-4.840893458921000e+02  2.451828578825000e+02 -1.159425144917000e+02	6.400200000000000e-06 6.464600000000000e-06 0.000000000000000e+00	1.000000000000000e+00	661	0	333
334	-4.662476239581000e+02  2.488235928636000e+02 -4.164132562731000e+02	 5.676000000000000e-07 -4.681000000000000e-07  0.000000000000000e+00	1.000000000000000e+00	8048	0	334
335	-3.854315331218000e+02  3.471292403319000e+02 -4.164132562731000e+02	 3.201187500000000e-07 -2.628000000000000e-07  0.000000000000000e+00	5.625000000000000e-01	8048	0	335
336	-6.356709877274001e+02 -2.979929670106000e+02  1.077775486825000e+02	-1.233749000000000e-04 -3.047400000000000e-06  0.000000000000000e+00	1.000000000000000e+00	23	0	336
337	-6.417100636444001e+02 -3.316824398260000e+01  1.077775486825000e+02	-9.320240000000001e-05 -1.137700000000000e-06  0.000000000000000e+00	1.000000000000000e+00	23	0	337
338	-2.296624343665000e+02 -9.365979598050001e+01 -1.894272067752000e+02	-3.335000000000000e-07  2.578000000000000e-07  0.000000000000000e+00	1.000000000000000e+00	27	0	338
339	-8.473549053870001e+01  9.380536764280001e+01 -1.894272067752000e+02	-2.088000000000000e-07  1.614000000000000e-07  0.000000000000000e+00	1.000000000000000e+00	27	0	339
342	-3.220044956820000e+01 -9.377220219960000e+01  1.518683640526000e+02	-1.523000000000000e-07 -6.630000000000000e-08  0.000000000000000e+00	1.000000000000000e+00	8048	0	342
343	-1.137943335191000e+02  9.375331422890001e+01  1.518683640526000e+02	3.900000000000000e-09 1.700000000000000e-09 0.000000000000000e+00	1.000000000000000e+00	8048	0	343
344	-2.841030635835000e+02  3.403479836873000e+02 -7.235631468182000e+02	-5.809000000000000e-07  0.000000000000000e+00 -4.323000000000000e-06	1.000000000000000e+00	8048	0	344
346	 4.300000000000000e+02 -5.473280551918000e+02 -1.496480299100000e+00	0.000000000000000e+00 0.000000000000000e+00 0.000000000000000e+00	1.000000000000000e+00	8048	0	346
349	-1.637089238729000e+02  4.810059658631000e+02 -6.793251553319001e+02	-4.708102500000000e-05  8.154669375000001e-05  0.000000000000000e+00	5.625000000000000e-01	8048	0	349
350	5.301170742720000e+02 2.564041497670000e+01 1.469693845670000e+01	9.500140000000001e-05 5.947000000000000e-07 0.000000000000000e+00	1.000000000000000e+00	5009	0	350
351	5.246919058916001e+02 3.006365701506000e+02 1.469693845670000e+01	1.309278000000000e-04 1.427500000000000e-06 0.000000000000000e+00	1.000000000000000e+00	5009	0	351
352	-4.107712525953000e+02  6.910882722200000e+02  3.592584956082000e+02	-1.080420000000000e-05  0.000000000000000e+00  0.000000000000000e+00	1.000000000000000e+00	8048	0	352
354	 3.230841501212000e+02 -2.339459800881000e+02  9.471360338760000e+01	 6.835400000000001e-06 -4.338500000000000e-06  0.000000000000000e+00	1.000000000000000e+00	8048	0	354
355	 4.174680273555000e+02 -1.076504548608000e+02  9.471360338760000e+01	 6.141400000000000e-06 -5.451900000000000e-06  0.000000000000000e+00	1.000000000000000e+00	8048	0	355
356	3.626295247620000e+02 9.933911392260001e+01 3.592584956082000e+02	 1.220053000000000e-04 -1.930800000000000e-06  0.000000000000000e+00	1.000000000000000e+00	8048	0	356
358	 1.047221686687000e+02 -5.590684382390000e+01 -1.734351064879000e+02	 1.007500000000000e-06  1.745100000000000e-06 -6.515000000000000e-06	1.000000000000000e+00	8048	0	358
359	2.069802785974000e+02 1.212093980586000e+02 2.060656039030000e+01	-7.426000000000001e-06 -1.286230000000000e-05  1.754860000000000e-05	1.000000000000000e+00	8048	0	359
362	 1.579671630910000e+02 -3.081995528909000e+02  5.829785587824000e+02	 1.074710000000000e-05 -1.804940000000000e-05  0.000000000000000e+00	1.000000000000000e+00	105	0	362
363	 3.211766293294000e+02 -2.131763642294000e+02  5.829785587824000e+02	 1.934330000000000e-05 -3.469810000000000e-05  0.000000000000000e+00	1.000000000000000e+00	105	0	363
364	 4.762775002806000e+02 -4.634634194046000e+02  2.286190426598000e+02	-3.129150000000000e-05  3.578600000000000e-06  0.000000000000000e+00	1.000000000000000e+00	8048	0	364
365	 4.923677786454000e+02 -2.872569850268000e+02  2.286190426598000e+02	-5.718570000000000e-05  4.019700000000000e-06  0.000000000000000e+00	1.000000000000000e+00	8048	0	365
367	5.884773418589000e+02 2.680377658089000e+02 2.286190426598000e+02	-1.250000000000000e-07  6.340000000000000e-08  0.000000000000000e+00	1.000000000000000e+00	8048	0	367
373	-7.488700314227000e+02 -1.959267676432000e+02 -1.159425144917000e+02	-1.138500000000000e-07  4.664250000000000e-07  0.000000000000000e+00	7.500000000000000e-01	661	0	373
374	-1.578158199202000e+02  5.075923083107000e+02 -1.159425144917000e+02	-5.426100000000000e-06  7.695400000000001e-06  0.000000000000000e+00	1.000000000000000e+00	661	0	374
375	-3.155989403610000e+02  3.896942589678000e+02 -1.159425144917000e+02	-2.930300000000000e-06  3.188600000000000e-06  0.000000000000000e+00	1.000000000000000e+00	661	0	375
376	-6.282995993738000e+02  5.237304814250000e+01 -4.164132562731000e+02	 5.083000000000000e-07 -4.193000000000000e-07  0.000000000000000e+00	1.000000000000000e+00	8048	0	376
377	-5.472697418460000e+02  1.505951281705000e+02 -4.164132562731000e+02	 5.487000000000000e-07 -4.527000000000000e-07  0.000000000000000e+00	1.000000000000000e+00	8048	0	377
378	-6.323360208329000e+02 -6.689455455008000e+02  1.077775486825000e+02	-1.520175000000000e-04  2.208590000000000e-05  0.000000000000000e+00	1.000000000000000e+00	23	0	378
379	-6.310729883090000e+02 -5.333837524545000e+02  1.077775486825000e+02	-1.557711000000000e-04 -2.899200000000000e-06  0.000000000000000e+00	1.000000000000000e+00	23	0	379
380	-6.338218219598000e+02  4.465549840184000e+02  1.077775486825000e+02	-2.988520000000000e-05  1.234300000000000e-06  0.000000000000000e+00	1.000000000000000e+00	23	0	380
381	-6.408508061585001e+02  2.125682791337000e+02  1.077775486825000e+02	-6.110790000000000e-05  1.176900000000000e-06  0.000000000000000e+00	1.000000000000000e+00	23	0	381
382	-5.193698729262001e+02 -4.687033423315000e+02 -1.894272067752000e+02	-1.503000000000000e-07  1.161000000000000e-07  0.000000000000000e+00	1.000000000000000e+00	27	0	382
383	-3.745453837869000e+02 -2.811589879408000e+02 -1.894272067752000e+02	-3.128000000000000e-07  2.416000000000000e-07  0.000000000000000e+00	1.000000000000000e+00	27	0	383
384	 2.050711568276000e+02  4.687721960096000e+02 -1.894272067752000e+02	-9.810000000000000e-08  7.580000000000000e-08  0.000000000000000e+00	1.000000000000000e+00	27	0	384
385	 6.016771111310000e+01  2.812888713013000e+02 -1.894272067752000e+02	-1.657000000000000e-07  1.281000000000000e-07  0.000000000000000e+00	1.000000000000000e+00	27	0	385
388	5.487140366130001e+02 1.568269792810000e+01 9.471360338760000e+01	 5.829400000000000e-06 -6.911800000000000e-06  0.000000000000000e+00	1.000000000000000e+00	8048	0	388
390	 1.311611603615000e+02 -4.688111662611000e+02  1.518683640526000e+02	-3.856000000000000e-07 -1.686000000000000e-07  0.000000000000000e+00	1.000000000000000e+00	8048	0	390
391	 4.945053352920000e+01 -2.812829978041000e+02  1.518683640526000e+02	-2.080000000000000e-07 -9.050000000000001e-08  0.000000000000000e+00	1.000000000000000e+00	8048	0	391
392	-2.772652405591000e+02  4.686555630126000e+02  1.518683640526000e+02	3.650000000000000e-08 1.750000000000000e-08 0.000000000000000e+00	1.000000000000000e+00	8048	0	392
393	-1.953943291583000e+02  2.812660162485000e+02  1.518683640526000e+02	1.139000000000000e-07 4.960000000000000e-08 0.000000000000000e+00	1.000000000000000e+00	8048	0	393
394	-5.642589942586001e+02  3.403479836873000e+02 -6.952536768988000e+02	-1.512000000000000e-07  0.000000000000000e+00 -2.164600000000000e-06	1.000000000000000e+00	8048	0	394
395	-4.271202697985000e+02  3.403479836873000e+02 -7.068676307671001e+02	-2.181000000000000e-07  0.000000000000000e+00 -2.193300000000000e-06	1.000000000000000e+00	8048	0	395
400	 5.072810378949000e+02 -6.811827392874001e+02 -4.811081302778000e+02	-6.485400000000001e-06  1.123300000000000e-05  2.365440000000000e-05	1.000000000000000e+00	8048	0	400
401	 4.332525783457000e+02 -5.529616861421000e+02 -2.634991776861000e+02	-2.176200000000000e-06  3.769312500000000e-06 -3.706706250000000e-06	5.625000000000000e-01	8048	0	401
402	-4.626531972150000e+02  6.474381079674000e+02 -6.793251553319001e+02	-7.097000000000000e-06 -1.533520000000000e-05  0.000000000000000e+00	1.000000000000000e+00	8048	0	402
403	-3.938722639995000e+02  6.144656119357001e+02 -6.793251553319001e+02	-8.795100000000000e-06 -1.790990000000000e-05  0.000000000000000e+00	1.000000000000000e+00	8048	0	403
406	 4.986784137986000e+02 -4.291319809185000e+02  1.469693845670000e+01	 1.993050000000000e-05 -2.216800000000000e-06  0.000000000000000e+00	1.000000000000000e+00	5009	0	406
407	 5.215172072469001e+02 -1.661385235463000e+02  1.469693845670000e+01	 6.265200000000000e-05 -4.324800000000001e-06  0.000000000000000e+00	1.000000000000000e+00	5009	0	407
408	5.493155850622001e+02 6.014227451386000e+02 1.469693845670000e+01	 1.023353000000000e-04 -1.696610000000000e-05  0.000000000000000e+00	1.000000000000000e+00	5009	0	408
409	5.327945174267001e+02 5.011292823083000e+02 1.469693845670000e+01	 1.095031000000000e-04 -1.130150000000000e-05  0.000000000000000e+00	1.000000000000000e+00	5009	0	409
412	 1.664728153480000e+02 -5.266950397055000e+02  9.471360338760000e+01	-5.316000000000000e-07  4.008000000000000e-07  0.000000000000000e+00	1.000000000000000e+00	8048	0	412
413	 2.472560769768000e+02 -3.771813624807000e+02  9.471360338760000e+01	 8.080000000000000e-07 -3.761000000000000e-07  0.000000000000000e+00	1.000000000000000e+00	8048	0	413
414	 3.513514887945000e+02 -4.059585980557000e+02  3.592584956082000e+02	 4.535760000000000e-05 -1.815500000000000e-06  0.000000000000000e+00	1.000000000000000e+00	8048	0	414
415	 3.579599596783000e+02 -1.415778287395000e+02  3.592584956082000e+02	 8.577550000000001e-05 -1.587400000000000e-06  0.000000000000000e+00	1.000000000000000e+00	8048	0	415
416	-8.132625707990000e+01  6.910882722200000e+02  3.592584956082000e+02	0.000000000000000e+00 0.000000000000000e+00 0.000000000000000e+00	1.000000000000000e+00	8048	0	416
418	-1.457236294622000e+02 -4.896916907289000e+02 -4.279884062089000e+02	 1.027000000000000e-07  1.778000000000000e-07 -5.990000000000000e-07	1.000000000000000e+00	8048	0	418
419	-1.851685140850000e+01 -2.693630880727000e+02 -3.267136606803000e+02	 4.950800000000000e-06  8.575000000000000e-06 -2.046100000000000e-05	1.000000000000000e+00	8048	0	419
420	3.716505593549000e+02 4.064266908271000e+02 4.317809108839000e+02	-1.321586718750000e-05 -2.289055781250000e-05 -1.932709781250000e-04	4.218750000000000e-01	8048	0	420
424	4.523189302004000e+02 6.615339543429001e+02 3.804874067123000e+02	9.897000000000000e-07 3.366000000000000e-07 0.000000000000000e+00	1.000000000000000e+00	8006	0	424
426	-1.664859140144000e+02 -5.066428634878000e+02  5.829785587824000e+02	-1.257140000000000e-05  1.918840000000000e-05  0.000000000000000e+00	1.000000000000000e+00	105	0	426
427	-4.485054473400000e+00 -4.056084269709000e+02  5.829785587824000e+02	-9.162000000000000e-07  1.470600000000000e-06  0.000000000000000e+00	1.000000000000000e+00	105	0	427
428	 6.409537181947001e+02 -2.844261079700000e+01  5.829785587824000e+02	 2.934800000000000e-05 -4.688620000000000e-05  0.000000000000000e+00	1.000000000000000e+00	105	0	428
429	 4.897452639377000e+02 -1.237338773481000e+02  5.829785587824000e+02	 2.713410000000000e-05 -4.572740000000000e-05  0.000000000000000e+00	1.000000000000000e+00	105	0	429
430	-2.380244420975000e+02  5.498196105205000e+02 -4.164132562731000e+02	-1.415100000000000e-06  5.339000000000000e-07  0.000000000000000e+00	1.000000000000000e+00	8048	0	430
431	-3.046914880903000e+02  4.454042415980000e+02 -4.164132562731000e+02	 1.295437500000000e-07 -1.054125000000000e-07  0.000000000000000e+00	5.625000000000000e-01	8048	0	431
432	-2.248955894686000e+02  6.910882722200000e+02 -4.099317505963000e+02	 1.008630000000000e-05  0.000000000000000e+00 -1.028076187500000e-04	5.625000000000000e-01	8048	0	432
433	-4.423008764802000e+02  6.910882722200000e+02 -1.467028172110000e+01	-5.683569000000000e-04  0.000000000000000e+00 -1.563133000000000e-04	1.000000000000000e+00	8048	0	433
434	6.624526440071000e+02 1.116892534401000e+02 9.471360338760000e+01	 3.478100000000000e-06 -4.070600000000000e-06  0.000000000000000e+00	1.000000000000000e+00	8048	0	434
436	 4.902489321796000e+02  4.516340975928000e+02 -6.469705646584000e+02	 9.580000000000000e-08 -1.660000000000000e-07 -8.464000000000001e-07	1.000000000000000e+00	0	0	436
438	5.126740242537001e+02 6.506864970913000e+02 5.691584300172000e+02	 1.819800000000000e-05  3.151990000000000e-05 -1.621371000000000e-04	1.000000000000000e+00	8048	0	438
439	 1.319259255466000e+02 -8.788554754600000e+00 -1.248528316999000e+02	-3.498400000000000e-06 -6.059400000000000e-06 -2.094000000000000e-06	1.000000000000000e+00	8048	0	439
440	 1.836841152460000e+02  8.085925951250000e+01 -2.449556219480000e+01	-5.978400000000000e-06 -1.035490000000000e-05  1.353780000000000e-05	1.000000000000000e+00	8048	0	440
441	-1.141642630392000e+02 -4.350292646295000e+02 -4.057340601061000e+02	 5.861000000000000e-07  1.015200000000000e-06 -3.141100000000000e-06	1.000000000000000e+00	8048	0	441
442	-5.059951015460000e+01 -3.249318830628000e+02 -3.557407070944000e+02	 3.461800000000000e-06  5.995900000000000e-06 -1.600050000000000e-05	1.000000000000000e+00	8048	0	442
444	5.700127018922000e+02 7.500000000000000e+02 3.592584956082000e+02	0.000000000000000e+00 0.000000000000000e+00 0.000000000000000e+00	1.000000000000000e+00	8048	1	444
445	-2.391568565219000e+02 -6.515227871113000e+02 -4.732097103081000e+02	-1.830000000000000e-08 -3.170000000000000e-08  2.390000000000000e-07	1.000000000000000e+00	8048	0	445
446	-1.773163091757000e+02 -5.444118171399000e+02 -4.468597862379000e+02	-1.400000000000000e-09 -2.400000000000000e-09  1.660000000000000e-08	1.000000000000000e+00	8048	0	446
447	4.560686879464000e+02 5.526431786275000e+02 5.325711250502001e+02	 3.033410000000000e-05  5.254020000000000e-05 -1.503639000000000e-04	1.000000000000000e+00	8048	0	447
448	4.024288568372000e+02 4.597362658369000e+02 4.730042891174000e+02	 4.439130000000000e-05  7.688800000000000e-05 -1.305643000000000e-04	1.000000000000000e+00	8048	0	448
449	 7.628823830610000e+01 -1.051558558708000e+02 -2.181567336584000e+02	 4.925900000000001e-06  8.531900000000000e-06 -1.443920000000000e-05	1.000000000000000e+00	8048	0	449
450	 1.344822216360000e+01 -2.139979565780000e+02 -2.942747358209000e+02	 6.817300000000000e-06  1.180790000000000e-05 -2.561020000000000e-05	1.000000000000000e+00	8048	0	450
451	2.299782427269000e+02 1.610430404015000e+02 6.357451607430000e+01	-9.056600000000001e-06 -1.568650000000000e-05  2.036940000000000e-05	1.000000000000000e+00	8048	0	451
452	2.743297274815000e+02 2.378620653875000e+02 1.405489376836000e+02	-2.370200000000000e-06 -4.105300000000000e-06  4.140640000000000e-05	1.000000000000000e+00	8048	0	452
453	 3.293501521410000e+02 -7.021774427435000e+02  3.592584956082000e+02	 2.984600000000000e-06 -3.792000000000000e-07  0.000000000000000e+00	1.000000000000000e+00	8048	0	453
455	-3.762397737551000e+02 -3.710741731459000e+02  6.337964676380000e+02	 4.980400000000000e-06  8.626300000000001e-06 -1.735230000000000e-05	1.000000000000000e+00	491	0	455
459	 3.404035096014000e+02 -5.957180057312000e+02  3.592584956082000e+02	 1.836160000000000e-05 -1.423800000000000e-06  0.000000000000000e+00	1.000000000000000e+00	8048	0	459
460	3.635437587017000e+02 1.493879099000000e+02 3.592584956082000e+02	1.255186000000000e-04 2.230000000000000e-07 0.000000000000000e+00	1.000000000000000e+00	8048	0	460
465	 4.262270002900000e+01  6.384308712921001e+02 -1.159425144917000e+02	 1.843000000000000e-07 -3.072000000000000e-07  0.000000000000000e+00	1.000000000000000e+00	661	0	465
468	-6.617702686516001e+02  8.637644095410000e+01  6.580962442277000e+02	-6.272624000000000e-04 -1.452716000000000e-04  0.000000000000000e+00	1.000000000000000e+00	1105	0	468
471	 3.482408556232000e+02 -4.735747082389000e+02  3.592584956082000e+02	 3.563310000000000e-05 -1.824700000000000e-06  0.000000000000000e+00	1.000000000000000e+00	8048	0	471
479	7.497335232693000e+02 5.715767664980000e+01 6.580962442277000e+02	 9.924113671875000e-06 -1.105422187500000e-05  0.000000000000000e+00	3.164062500000000e-01	1105	0	479
483	 5.053587587209000e+02 -3.693930055337000e+02  1.469693845670000e+01	 3.058770000000000e-05 -2.894400000000000e-06  0.000000000000000e+00	1.000000000000000e+00	5009	0	483
484	-5.664700866758001e+02  1.001630595547000e+02  6.580962442277000e+02	-6.205110000000000e-05 -1.329050000000000e-05  0.000000000000000e+00	1.000000000000000e+00	1105	0	484
486	-3.714729796622000e+02 -6.433083158819001e+02  5.829785587824000e+02	-2.502620000000000e-05  3.965490000000000e-05  0.000000000000000e+00	1.000000000000000e+00	105	0	486
487	5.231583468916000e+02 6.688458765830001e+02 2.286190426598000e+02	-4.759006000000000e-04 -8.242840000000000e-04  0.000000000000000e+00	1.000000000000000e+00	8048	0	487
488	 4.621133884681000e+02  5.003662887997000e+02 -6.602535700364000e+02	 7.740000000000000e-08 -1.341000000000000e-07 -6.187000000000000e-07	1.000000000000000e+00	0	0	488
490	5.044462852653000e+02 5.337330030555000e+02 3.804874067123000e+02	4.643000000000000e-06 2.980000000000000e-06 0.000000000000000e+00	1.000000000000000e+00	8006	0	490
491	-5.207083562497000e+02 -6.213010981240001e+02  4.298167786460000e+02	 3.689200000000000e-06  6.389900000000000e-06 -2.083290000000000e-05	1.000000000000000e+00	491	0	491
494	 8.063181883200000e+00 -6.863468408658000e+02  9.471360338760000e+01	 1.532700000000000e-06 -1.654300000000000e-06  0.000000000000000e+00	1.000000000000000e+00	8048	0	494
495	 5.164576944737000e+02 -2.437509985499000e+02  1.469693845670000e+01	 4.984940000000000e-05 -3.676500000000000e-06  0.000000000000000e+00	1.000000000000000e+00	5009	0	495
496	 3.415846585632000e+02 -7.004679187288000e+02 -6.548042113000000e-01	-6.160000000000000e-08 -1.066000000000000e-07  9.983400000000000e-06	1.000000000000000e+00	8048	0	496
497	-4.720105736862000e+02 -5.369540645081000e+02  5.067178800102000e+02	 6.044300000000000e-06  1.046900000000000e-05 -1.658260000000000e-05	1.000000000000000e+00	491	0	497
499	 5.031845246831000e+02 -4.205687401129000e+02 -2.691688469730000e+02	1.250000000000000e-08 2.160000000000000e-08 5.170000000000000e-07	1.000000000000000e+00	8048	0	499
501	-4.930603239767000e+02  1.048147049006000e+02  6.580962442277000e+02	-2.074410000000000e-05 -1.705380000000000e-05  0.000000000000000e+00	1.000000000000000e+00	1105	0	501
503	-4.245177052913000e+02  1.056467910962000e+02  6.580962442277000e+02	-1.403100000000000e-06 -2.021150000000000e-05  0.000000000000000e+00	1.000000000000000e+00	1105	0	503
505	5.312725462307001e+02 1.199586742099000e+02 2.286190426598000e+02	-7.994000000000000e-07  7.920000000000001e-08  0.000000000000000e+00	1.000000000000000e+00	8048	0	505
507	-5.691720651641000e+02 -7.052427042870000e+02  3.280934579952000e+02	 6.901000000000001e-07  1.195300000000000e-06 -2.139690000000000e-05	1.000000000000000e+00	491	0	507
512	 9.235360712920000e+01  6.679910550369000e+02 -1.159425144917000e+02	 2.526300000000000e-06 -4.372100000000000e-06  0.000000000000000e+00	1.000000000000000e+00	661	0	512
519	-3.548054135695000e+02  1.036350058213000e+02  6.580962442277000e+02	-8.901400000000001e-06 -2.367160000000000e-05  0.000000000000000e+00	1.000000000000000e+00	1105	0	519
521	-5.942531346357000e+02 -7.486843909200001e+02  2.420153612147000e+02	 3.713062500000000e-07  6.431062500000000e-07 -1.462162500000000e-06	5.625000000000000e-01	491	0	521
523	 4.966403264180000e+01  6.910882722200000e+02 -6.308033406456000e+02	-5.217000000000000e-07  0.000000000000000e+00 -1.105700000000000e-06	1.000000000000000e+00	8048	0	523
527	5.263889410442000e+02 2.217495173010000e+02 1.469693845670000e+01	1.149008000000000e-04 1.827300000000000e-06 0.000000000000000e+00	1.000000000000000e+00	5009	0	527
529	-3.512821519184000e+02 -3.278463040886000e+02  6.601227925144000e+02	 3.741100000000000e-06  6.479800000000000e-06 -1.498710000000000e-05	1.000000000000000e+00	491	0	529
530	-5.362261981153000e+02  6.910882722200000e+02  5.156393232915000e+02	-1.109800000000000e-06  0.000000000000000e+00 -2.499900000000000e-06	1.000000000000000e+00	8048	0	530
531	5.373500405842000e+02 6.934266111042000e+02 5.789091809769001e+02	 1.163120000000000e-05  2.014580000000000e-05 -1.659334000000000e-04	1.000000000000000e+00	8048	0	531
535	 4.337624188152000e+02  5.494716086822000e+02 -6.748147973510000e+02	-6.650250000000000e-07  1.151850000000000e-06  4.110375000000000e-06	7.500000000000000e-01	0	0	535
537	-2.887664337330000e+02  9.936876851540001e+01  6.580962442277000e+02	-5.725900000000001e-06 -2.715530000000000e-05  0.000000000000000e+00	1.000000000000000e+00	1105	0	537
538	-6.417988190205000e+02  1.517499146047000e+02  1.077775486825000e+02	-6.925380000000000e-05  7.648000000000001e-07  0.000000000000000e+00	1.000000000000000e+00	23	0	538
540	-7.101956584524000e+02 -6.580119107944000e+02 -1.159425144917000e+02	3.240100000000000e-06 4.630600000000000e-06 0.000000000000000e+00	1.000000000000000e+00	661	0	540
545	-2.252810875090000e+02  9.338229330810000e+01  6.580962442277000e+02	-7.963500000000001e-06 -3.023780000000000e-05  0.000000000000000e+00	1.000000000000000e+00	1105	0	545
547	-6.375238698833000e+02 -2.265949921579000e+02  1.077775486825000e+02	-1.153437000000000e-04 -3.012500000000000e-06  0.000000000000000e+00	1.000000000000000e+00	23	0	547
553	5.285003734949000e+02 8.791819944690000e+01 1.469693845670000e+01	1.029588000000000e-04 2.700800000000000e-06 0.000000000000000e+00	1.000000000000000e+00	5009	0	553
560	-7.314571907178000e+02 -6.165528724187001e+02 -1.159425144917000e+02	3.591400000000000e-06 1.611800000000000e-06 0.000000000000000e+00	1.000000000000000e+00	661	0	560
566	-6.407350182963000e+02 -9.509607839590001e+01  1.077775486825000e+02	-1.005963000000000e-04 -1.938700000000000e-06  0.000000000000000e+00	1.000000000000000e+00	23	0	566
567	-6.422139569927000e+02  2.805040072740000e+01  1.077775486825000e+02	-8.553610000000001e-05 -3.983000000000000e-07  0.000000000000000e+00	1.000000000000000e+00	23	0	567
568	-1.612508167743000e+02  8.592066929010001e+01  6.580962442277000e+02	-6.588400000000000e-06 -3.355180000000000e-05  0.000000000000000e+00	1.000000000000000e+00	1105	0	568
571	-5.348965198243001e+02  1.929379767719000e+02 -1.159425144917000e+02	7.135000000000000e-07 3.804200000000000e-06 0.000000000000000e+00	1.000000000000000e+00	661	0	571
572	-3.676937332598000e+02  6.910882722200000e+02  1.518683640526000e+02	-2.676820000000000e-05 -1.015200000000000e-06  2.427370000000000e-05	1.000000000000000e+00	8048	0	572
582	-4.181112110158000e+02 -6.717076006218000e+02  5.829785587824000e+02	-2.662150000000000e-05  4.503370000000000e-05  0.000000000000000e+00	1.000000000000000e+00	105	0	582
583	-9.807014290060000e+01  7.767375536130000e+01  6.580962442277000e+02	-4.939500000000000e-06 -3.624550000000000e-05  0.000000000000000e+00	1.000000000000000e+00	1105	0	583
585	 4.049220132774000e+02  5.994246563848001e+02 -6.921843345198000e+02	-2.938400000000000e-06  5.089400000000000e-06  1.274900000000000e-06	1.000000000000000e+00	0	0	585
589	 1.431317261870000e+02  6.966797065015000e+02 -1.159425144917000e+02	 4.600400000000000e-06 -8.435700000000000e-06  0.000000000000000e+00	1.000000000000000e+00	661	0	589
595	5.327430871556001e+02 4.915216498290000e+02 3.804874067123000e+02	5.046000000000000e-06 4.013300000000000e-06 0.000000000000000e+00	1.000000000000000e+00	8006	0	595
598	 9.614124946010000e+01  6.910882722200000e+02 -6.586825852064001e+02	-1.131900000000000e-06  0.000000000000000e+00 -1.948600000000000e-06	1.000000000000000e+00	8048	0	598
600	-3.605766101480000e+01  6.891439796800000e+01  6.580962442277000e+02	-4.341200000000000e-06 -3.759460000000000e-05  0.000000000000000e+00	1.000000000000000e+00	1105	0	600
602	-4.340316556725000e+02  6.910882722200000e+02  5.090247594980000e+01	-2.867472000000000e-04  0.000000000000000e+00  1.276487000000000e-04	1.000000000000000e+00	8048	0	602
610	-5.693053037124000e+02  6.910882722200000e+02  5.524038243577000e+02	-5.077000000000000e-07  0.000000000000000e+00 -1.012000000000000e-06	1.000000000000000e+00	8048	0	610
611	-6.342269673753000e+02 -3.599970930695000e+02  1.077775486825000e+02	-1.317181000000000e-04 -2.965700000000000e-06  0.000000000000000e+00	1.000000000000000e+00	23	0	611
615	 4.300000000000000e+02 -5.473280551918000e+02 -2.606506917860000e+02	0.000000000000000e+00 0.000000000000000e+00 0.000000000000000e+00	1.000000000000000e+00	8048	0	615
616	-3.252244627290000e+02 -2.827130624847000e+02  6.839124578838000e+02	 2.598100000000000e-06  4.500000000000000e-06 -1.213140000000000e-05	1.000000000000000e+00	491	0	616
618	2.435878411740000e+01 5.959571397510000e+01 6.580962442277000e+02	-4.016400000000000e-06 -3.727190000000000e-05  0.000000000000000e+00	1.000000000000000e+00	1105	0	618
620	 3.756514785937000e+02  6.501227096216001e+02 -7.065818824570000e+02	-5.155757559585571e-06  8.930024467849731e-06 -6.147033096313477e-07	7.508468627929688e-02	0	0	620
625	-6.177310302446000e+02  8.726136373050001e+01 -1.159425144917000e+02	-1.748210000000000e-05 -1.029440000000000e-05  0.000000000000000e+00	1.000000000000000e+00	661	0	625
627	 5.230932759634001e+02 -6.916234797194001e+02  2.286190426598000e+02	-2.292300000000000e-06  7.094800000000000e-06  0.000000000000000e+00	1.000000000000000e+00	8048	0	627
630	-3.332967236990000e+02  6.910882722200000e+02  1.807203123557000e+02	-1.166190000000000e-05  0.000000000000000e+00 -3.140000000000000e-07	1.000000000000000e+00	8048	0	630
631	8.331443310850000e+01 4.946178203490000e+01 6.580962442277000e+02	-3.509300000000000e-06 -3.488940000000000e-05  0.000000000000000e+00	1.000000000000000e+00	1105	0	631
639	 1.465087505480000e+02  6.910882722200000e+02 -6.847725784500000e+02	-6.730000000000001e-07  0.000000000000000e+00 -1.358500000000000e-06	1.000000000000000e+00	8048	0	639
646	 3.536067942771000e+02 -3.413831781142000e+02  3.592584956082000e+02	 5.475990000000000e-05 -1.621300000000000e-06  0.000000000000000e+00	1.000000000000000e+00	8048	0	646
647	 3.565386134297000e+02 -2.120771303888000e+02  3.592584956082000e+02	 7.419130000000000e-05 -1.498200000000000e-06  0.000000000000000e+00	1.000000000000000e+00	8048	0	647
655	 1.956331496626000e+02  7.241488341738001e+02 -1.159425144917000e+02	 5.596100000000001e-06 -1.133070000000000e-05  0.000000000000000e+00	1.000000000000000e+00	661	0	655
660	-4.656814154642000e+02 -6.990389487330000e+02  5.829785587824000e+02	-2.736980000000000e-05  4.995950000000000e-05  0.000000000000000e+00	1.000000000000000e+00	105	0	660
664	1.421007264771000e+02 3.801870619010000e+01 6.580962442277000e+02	-3.963100000000000e-06 -2.941730000000000e-05  0.000000000000000e+00	1.000000000000000e+00	1105	0	664
681	 3.358936005551000e+02  7.189853743855000e+02 -7.313034630390000e+02	-1.380520181751251e-06  2.391128148078918e-06 -6.175846844673156e-07	5.631351470947266e-02	0	0	681
683	-7.341235640660000e+02 -1.443285312622000e+02 -1.159425144917000e+02	-1.617800000000000e-06  6.537300000000000e-06  0.000000000000000e+00	1.000000000000000e+00	661	0	683
688	-6.048768340614000e+02  6.910882722200000e+02  5.908621313755000e+02	 1.193000000000000e-06  0.000000000000000e+00 -6.337000000000001e-07	1.000000000000000e+00	8048	0	688
689	2.014516116292000e+02 2.486674253960000e+01 6.580962442277000e+02	-5.398700000000001e-06 -1.911670000000000e-05  0.000000000000000e+00	1.000000000000000e+00	1105	0	689
696	 4.690748069101000e+02 -4.796485043276000e+02 -2.658345069380000e+02	3.277968750000000e-08 5.679492187500000e-08 1.165862109375000e-06	3.164062500000000e-01	8048	0	696
703	2.613437276840000e+02 9.942860981800001e+00 6.580962442277000e+02	-2.963700000000000e-06 -1.111800000000000e-06  0.000000000000000e+00	1.000000000000000e+00	1105	0	703
707	 3.590370609962000e+02 -7.799857366060000e+01  3.592584956082000e+02	 9.302240000000001e-05 -2.105500000000000e-06  0.000000000000000e+00	1.000000000000000e+00	8048	0	707
708	 4.239915823787000e+02 -5.473280551918000e+02 -2.581914924679000e+02	-5.392037109375001e-07  0.000000000000000e+00 -3.971531250000000e-07	2.373046875000000e-01	8048	0	708
710	 3.259266186544000e+02 -7.540270733500000e+00  6.580962442277000e+02	9.301300000000000e-06 3.852180000000000e-05 0.000000000000000e+00	1.000000000000000e+00	1105	0	710
712	-3.345384929091000e+02  6.910882722200000e+02  2.130098625353000e+02	-1.799250000000000e-05  0.000000000000000e+00 -5.547800000000000e-06	1.000000000000000e+00	8048	0	712
714	 4.460439948981000e+02 -3.955030509330000e+01  6.580962442277000e+02	1.902198000000000e-04 2.195312000000000e-04 0.000000000000000e+00	1.000000000000000e+00	1105	0	714
715	 5.118477220749000e+02 -5.097908770540000e+01  6.580962442277000e+02	2.055119000000000e-04 3.411952000000000e-04 0.000000000000000e+00	1.000000000000000e+00	1105	0	715
717	 5.625371084873000e+02 -5.066999245220000e+01  6.580962442277000e+02	-1.905740000000000e-05  3.258281000000000e-04  0.000000000000000e+00	1.000000000000000e+00	1105	0	717
718	-5.445699584991000e+02  6.840330235509000e+02 -6.793251553319001e+02	-5.213200000000000e-06 -1.125480000000000e-05  0.000000000000000e+00	1.000000000000000e+00	8048	0	718
720	 6.160544484203000e+02 -3.740281654250000e+01  6.580962442277000e+02	2.996379000000000e-04 3.745483000000000e-04 0.000000000000000e+00	1.000000000000000e+00	1105	0	720
722	 1.998170140290000e+02  6.910882722200000e+02 -7.087334643786000e+02	-1.702000000000000e-07  0.000000000000000e+00 -4.186000000000000e-07	1.000000000000000e+00	8048	0	722
724	-6.224979169043000e+02  7.156813432577001e+02 -6.793251553319001e+02	-1.535820000000000e-05 -3.356600000000000e-06  0.000000000000000e+00	1.000000000000000e+00	8048	0	724
728	 4.839459059934000e+02 -6.407651052327001e+02 -3.969891969218000e+02	-3.289300000000000e-05  5.697240000000000e-05  1.059163000000000e-04	1.000000000000000e+00	8048	0	728
729	6.870795424106000e+02 9.089963903000000e-01 6.580962442277000e+02	-1.580317000000000e-04  2.159200000000000e-06  0.000000000000000e+00	1.000000000000000e+00	1105	0	729
733	5.856346462983000e+02 4.338157631087000e+02 3.804874067123000e+02	2.040300000000000e-06 2.224600000000000e-06 0.000000000000000e+00	1.000000000000000e+00	8006	0	733
737	-6.440153358176000e+02  6.910882722200000e+02  6.323598918589000e+02	-1.997700000000000e-06  0.000000000000000e+00  5.129700000000000e-06	1.000000000000000e+00	8048	0	737
740	-2.981326049032000e+02 -2.357885882590000e+02  7.049393635479000e+02	 1.598800000000000e-06  2.769300000000000e-06 -8.810100000000001e-06	1.000000000000000e+00	491	0	740
745	-7.342706474865000e+02  7.492724265694001e+02 -6.793251553319001e+02	-2.136200000000000e-06 -9.721000000000000e-07  0.000000000000000e+00	1.000000000000000e+00	8048	0	745
746	-8.970689162630001e+01  6.910882722200000e+02 -5.162827344332001e+02	-2.813930000000000e-05  0.000000000000000e+00 -5.741050000000000e-05	1.000000000000000e+00	8048	0	746
747	6.158260713144000e+02 4.081748733094000e+02 3.804874067123000e+02	3.722100000000000e-06 4.906200000000001e-06 0.000000000000000e+00	1.000000000000000e+00	8006	0	747
753	5.738778873949000e+02 4.078422231563000e+02 2.286190426598000e+02	-9.598855957031250e-06 -1.646685703125000e-05  0.000000000000000e+00	2.373046875000000e-01	8048	0	753
755	-2.744907484568000e+02  5.539962225481000e+02 -6.793251553319001e+02	 2.488150000000000e-05 -3.162070000000000e-05  0.000000000000000e+00	1.000000000000000e+00	8048	0	755
771	6.569887995791000e+02 3.788141338022000e+02 3.804874067123000e+02	-3.802900000000000e-06 -5.132200000000001e-06  0.000000000000000e+00	1.000000000000000e+00	8006	0	771
776	 2.560348522766000e+02  6.910882722200000e+02 -7.298257310385001e+02	-4.568000000000000e-07  0.000000000000000e+00 -1.244300000000000e-06	1.000000000000000e+00	8048	0	776
805	-1.096266049893000e+02  3.873326417656000e+02 -7.301176411952000e+02	 5.731741406250001e-05 -9.927672187500001e-05  9.690240937500001e-05	4.218750000000000e-01	8048	0	805
828	-1.423551047967000e+02  3.403479836873000e+02 -7.445954261044001e+02	 2.798833183593750e-05  0.000000000000000e+00 -7.215059179687500e-06	2.373046875000000e-01	8048	0	828
864	-2.699908874383000e+02 -1.870457037976000e+02  7.229489151421001e+02	 7.533000000000001e-07  1.304700000000000e-06 -4.990000000000001e-06	1.000000000000000e+00	491	0	864
865	 4.020261972708000e+02 -5.473280551918000e+02 -2.225547634878000e+02	5.700000000000000e-07 0.000000000000000e+00 9.415400000000000e-06	1.000000000000000e+00	8048	0	865
909	-1.272672889664000e+02  6.910882722200000e+02  3.592584956082000e+02	0.000000000000000e+00 0.000000000000000e+00 0.000000000000000e+00	4.218750000000000e-01	8048	0	909
1000	-3.551957941316000e+02  6.910882722200000e+02  2.674654171698000e+02	-1.216300000000000e-05  0.000000000000000e+00 -9.290500000000000e-06	1.000000000000000e+00	8048	0	1000
1002	7.041754878819000e+02 3.433482483243000e+02 3.804874067123000e+02	-6.668400000000000e-06 -8.275500000000001e-06  0.000000000000000e+00	1.000000000000000e+00	8006	0	1002
1003	-4.397494859352000e+02  6.910882722200000e+02  3.987977260062000e+02	-1.333560000000000e-05  0.000000000000000e+00  5.309100000000001e-06	1.000000000000000e+00	8048	0	1003
1011	6.940472630492001e+02 2.753142164010000e+02 1.581309725319000e+02	 5.288951953125000e-06 -9.160720312500000e-06  1.612549423828125e-05	2.373046875000000e-01	8048	0	1011
1012	 3.878777159756000e+02 -5.473280551918000e+02 -1.675422070982000e+02	1.110140000000000e-05 0.000000000000000e+00 1.664030000000000e-05	1.000000000000000e+00	8048	0	1012
1014	-3.323748615348000e+02  6.208002951171001e+02  1.518683640526000e+02	-1.171900000000000e-06 -4.390000000000000e-07  0.000000000000000e+00	1.000000000000000e+00	8048	0	1014
1015	-3.577477432970000e+02  6.863320795081000e+02  1.518683640526000e+02	-7.312000000000000e-07 -1.160000000000000e-07  0.000000000000000e+00	1.000000000000000e+00	8048	0	1015
1020	-3.622476350293000e+02  6.863617982679000e+02  1.518683640526000e+02	-4.535100000000000e-06 -4.053900000000000e-06  0.000000000000000e+00	1.000000000000000e+00	8048	0	1020
1081	-5.175603191220000e+02 -7.246760294293000e+02  5.829785587824000e+02	-2.510180000000000e-05  6.352730000000000e-05  0.000000000000000e+00	1.000000000000000e+00	105	0	1081
1396	-4.258572162603000e+02  6.910882722200000e+02 -8.777700023590000e+01	-5.774118000000001e-04  0.000000000000000e+00  4.875950000000000e-05	1.000000000000000e+00	8048	0	1396
1705	 3.912527342190000e+02 -5.473280551918000e+02 -1.089312567699000e+02	3.185920000000000e-05 0.000000000000000e+00 3.977800000000000e-05	1.000000000000000e+00	8048	0	1705
1759	5.353250538988000e+02 6.899192312804000e+02 2.455269869769000e+02	4.897078000000000e-04 8.481989000000001e-04 7.869154000000000e-04	1.000000000000000e+00	8048	0	1759
1801	-2.409245983136000e+02 -1.367014142462000e+02  7.373970756840000e+02	 5.560000000000000e-08  9.630000000000001e-08 -5.214000000000000e-07	1.000000000000000e+00	491	0	1801
1886	3.322044699614000e+02 3.381040598376000e+02 3.592584956082000e+02	9.752332500000001e-05 1.689153750000000e-04 0.000000000000000e+00	4.218750000000000e-01	8048	0	1886
2264	6.398307519854001e+02 3.692199681726000e+02 2.286190426598000e+02	-2.671582500000000e-05 -4.565025000000000e-06  2.427932812500000e-06	4.218750000000000e-01	8048	0	2264
2827	6.395635444767000e+02 3.696827851538000e+02 2.233490390902000e+02	-1.235303789062500e-05  2.139611835937500e-05  3.499035468750000e-05	3.164062500000000e-01	8048	0	2827
2939	6.207197101009000e+02 3.226847713580000e+02 2.286190426598000e+02	-5.526000000000000e-07  2.942000000000000e-07  0.000000000000000e+00	1.000000000000000e+00	8048	0	2939
3478	3.288153523960000e+02 3.322339360216000e+02 2.286190426598000e+02	-3.988490000000000e-05 -6.908270000000001e-05  0.000000000000000e+00	1.000000000000000e+00	8048	0	3478
4128	-6.647273365136000e+02 -7.126964222641001e+02 -1.159425144917000e+02	 1.511500000000000e-05 -1.325510000000000e-05  0.000000000000000e+00	1.000000000000000e+00	661	0	4128
4210	 4.276971002466000e+02 -5.433393158141000e+02  6.737890322900000e+00	 5.803537500000001e-06 -1.005204375000000e-05  2.099632500000000e-05	5.625000000000000e-01	8048	0	4210
4212	 4.105493826961000e+02 -5.810175126008000e+02  3.534127940600000e+00	 1.567481500000000e-03  2.714957700000000e-03 -1.442255000000000e-04	1.000000000000000e+00	8048	0	4212
4213	-3.290192614958000e+02  6.910882722200000e+02 -2.674637620383000e+02	-1.106518000000000e-04  0.000000000000000e+00 -6.967040000000000e-05	1.000000000000000e+00	8048	0	4213
4214	4.311026037306000e+02 7.350017273554000e+02 2.286190426598000e+02	-5.324700000000000e-05 -2.840475000000000e-06  0.000000000000000e+00	7.500000000000000e-01	8048	0	4214
4220	 4.371914638844000e+02 -5.597840360203001e+02  7.607962986550000e+01	-8.389800000000001e-06  1.453160000000000e-05 -1.189319000000000e-04	1.000000000000000e+00	8048	0	4220
4223	-2.129241532799000e+02  5.055889623024000e+02 -6.793251553319001e+02	 1.261789213886373e-05 -2.168246494025365e-06  0.000000000000000e+00	1.781794801354408e-02	8048	0	4223
4224	-7.007620050377001e+02  6.910882722200000e+02  6.910467968353000e+02	-2.226971000000000e-04  0.000000000000000e+00  2.404606000000000e-04	1.000000000000000e+00	8048	0	4224
4225	-2.798723521911000e+02  6.910882722200000e+02 -3.444814363764000e+02	 4.653818000000000e-04  0.000000000000000e+00 -7.925251000000000e-04	1.000000000000000e+00	8048	0	4225
4234	5.617354832132000e+02 7.356634367025000e+02 3.130313648765000e+02	-5.741500000000000e-06 -9.944500000000001e-06  1.945218000000000e-04	1.000000000000000e+00	8048	0	4234
4235	5.105131643246000e+02 6.734039711059000e+02 2.286190426598000e+02	-5.438094750000000e-04 -2.096334000000000e-03  0.000000000000000e+00	7.500000000000000e-01	8048	0	4235
4236	5.192601901231001e+02 4.329029840669000e+02 2.286190426598000e+02	 4.915420000000000e-05 -4.801350000000000e-05  0.000000000000000e+00	1.000000000000000e+00	8048	0	4236
4237	5.080402706186000e+02 6.003662836340001e+02 2.286190426598000e+02	1.079060000000000e-05 1.276530000000000e-05 0.000000000000000e+00	1.000000000000000e+00	8048	0	4237
4240	5.081560211456000e+02 5.394605585166000e+02 2.286190426598000e+02	4.340540000000000e-05 7.345000000000000e-07 0.000000000000000e+00	1.000000000000000e+00	8048	0	4240
4244	4.633865123269000e+02 3.984830391145000e+02 2.286190426598000e+02	 3.548730000000000e-05 -5.700260000000000e-05  0.000000000000000e+00	1.000000000000000e+00	8048	0	4244
4245	4.025621573817000e+02 3.557523624598000e+02 2.286190426598000e+02	-1.003180000000000e-05 -7.093910000000000e-05  0.000000000000000e+00	1.000000000000000e+00	8048	0	4245
4246	3.323967566854000e+02 3.384371102132000e+02 3.632663246851000e+02	 9.486133593750000e-05  1.643046187500000e-04 -1.395347343750000e-05	4.218750000000000e-01	8048	0	4246
4247	7.250271248124001e+02 2.216555218156000e+02 1.195641410603000e+02	 5.807137587890625e-05 -1.005825647460938e-04 -5.970673740234375e-05	2.373046875000000e-01	8048	0	4247
4248	6.587963268978000e+02 3.363706288294000e+02 1.968787999196000e+02	-3.326764000000000e-04  5.762124000000000e-04  5.577089000000001e-04	1.000000000000000e+00	8048	0	4248
4249	3.065962896962000e+02 2.937493905290000e+02 1.891958568088000e+02	5.745396445312501e-05 9.951318281250000e-05 1.406726683593750e-04	3.164062500000000e-01	8048	0	4249
4250	 3.839305095034000e+02 -2.355589831280000e+01  6.580962442277000e+02	3.590760000000000e-05 1.153985000000000e-04 0.000000000000000e+00	1.000000000000000e+00	1105	0	4250
4251	-1.558974473999000e+02  6.910882722200000e+02 -4.504748883673000e+02	-3.026054812500000e-04  0.000000000000000e+00  4.443336000000000e-04	5.625000000000000e-01	8048	0	4251
4252	 5.384013409024000e+02 -7.350846852433000e+02 -6.190390917570001e+02	 8.507870000000001e-05 -1.473607000000000e-04 -4.637495000000000e-04	1.000000000000000e+00	8048	0	4252
4253	 3.716287729049000e+02 -6.484299862207000e+02  8.647872180000001e-02	 4.818900000000001e-06  8.346600000000001e-06 -1.507723000000000e-04	1.000000000000000e+00	8048	0	4253
0	 5.000000000000000e-01 -8.660254037844386e-01  0.000000000000000e+00	8.660254037844385e-01 5.000000000000000e-01 0.000000000000000e+00	5.632499999999998e+02 3.251925391210567e+02 0.000000000000000e+00	1	0	0.000000000000000e+00	0.000000000000000e+00	0.000000000000000e+00	9.359480814411031e+04
1	5.000000000000000e-01 8.660254037844386e-01 0.000000000000000e+00	0.000000000000000e+00 0.000000000000000e+00 1.000000000000000e+00	0.000000000000000e+00 0.000000000000000e+00 2.286190426597633e+02	1	0	0.000000000000000e+00	0.000000000000000e+00	0.000000000000000e+00	3.463140360614306e+05
3	-5.000000000000000e-01 -8.660254037844386e-01  0.000000000000000e+00	0.000000000000000e+00 0.000000000000000e+00 1.000000000000000e+00	0.000000000000000e+00 0.000000000000000e+00 6.580962442277471e+02	1	0	0.000000000000000e+00	0.000000000000000e+00	0.000000000000000e+00	1.210736514974700e+06
4	-1.000000000000000e+00  0.000000000000000e+00  0.000000000000000e+00	0.000000000000000e+00 0.000000000000000e+00 1.000000000000000e+00	-0.000000000000000e+00 -0.000000000000000e+00 -1.159425144917371e+02	1	0	0.000000000000000e+00	0.000000000000000e+00	0.000000000000000e+00	1.891109647990548e+06
7	-5.000000000000000e-01 -8.660254037844386e-01  0.000000000000000e+00	0.000000000000000e+00 0.000000000000000e+00 1.000000000000000e+00	-0.000000000000000e+00 -0.000000000000000e+00 -1.894272067752324e+02	1	0	0.000000000000000e+00	0.000000000000000e+00	0.000000000000000e+00	1.360800729496954e+06
9	-5.000000000000000e-01 -8.660254037844386e-01  0.000000000000000e+00	 8.660254037844385e-01 -5.000000000000000e-01  0.000000000000000e+00	-1.215000000000000e+02  7.014805770653952e+01 -0.000000000000000e+00	1	0	0.000000000000000e+00	0.000000000000000e+00	0.000000000000000e+00	2.461312753079230e+06
10	-5.000000000000000e-01  8.660254037844386e-01  0.000000000000000e+00	8.660254037844385e-01 5.000000000000000e-01 0.000000000000000e+00	-1.409999999999999e+02 -8.140638795573722e+01 -0.000000000000000e+00	1	0	0.000000000000000e+00	0.000000000000000e+00	0.000000000000000e+00	2.363109861026526e+03
12	1.000000000000000e+00 0.000000000000000e+00 0.000000000000000e+00	 0.000000000000000e+00 -1.000000000000000e+00  0.000000000000000e+00	0.000000000000000e+00 2.381569860407206e+02 0.000000000000000e+00	1	0	0.000000000000000e+00	0.000000000000000e+00	0.000000000000000e+00	2.250000000000000e+06
13	 5.000000000000000e-01 -8.660254037844386e-01  0.000000000000000e+00	0.000000000000000e+00 0.000000000000000e+00 1.000000000000000e+00	0.000000000000000e+00 0.000000000000000e+00 1.518683640525570e+02	1	0	0.000000000000000e+00	0.000000000000000e+00	0.000000000000000e+00	1.230672321710209e+06
15	5.000000000000000e-01 8.660254037844386e-01 0.000000000000000e+00	 8.660254037844385e-01 -5.000000000000000e-01  0.000000000000000e+00	 5.594999999999998e+02 -3.230274756115955e+02  0.000000000000000e+00	1	0	0.000000000000000e+00	0.000000000000000e+00	0.000000000000000e+00	4.797069983680204e+05
18	-5.000000000000000e-01 -8.660254037844386e-01  0.000000000000000e+00	0.000000000000000e+00 0.000000000000000e+00 1.000000000000000e+00	0.000000000000000e+00 0.000000000000000e+00 1.469693845669907e+01	1	0	0.000000000000000e+00	0.000000000000000e+00	0.000000000000000e+00	3.462942404444001e+05
21	-5.000000000000000e-01 -8.660254037844386e-01  0.000000000000000e+00	0.000000000000000e+00 0.000000000000000e+00 1.000000000000000e+00	0.000000000000000e+00 0.000000000000000e+00 3.592584956081994e+02	1	0	0.000000000000000e+00	0.000000000000000e+00	0.000000000000000e+00	1.353232782214889e+03
22	-5.000000000000000e-01 -8.660254037844386e-01  0.000000000000000e+00	 8.660254037844385e-01 -5.000000000000000e-01  0.000000000000000e+00	 1.027500000000000e+02 -5.932274015923404e+01  0.000000000000000e+00	1	0	0.000000000000000e+00	0.000000000000000e+00	0.000000000000000e+00	1.201049644799538e+06
24	5.000000000000000e-01 8.660254037844386e-01 0.000000000000000e+00	 8.660254037844385e-01 -5.000000000000000e-01  0.000000000000000e+00	 7.694999999999998e+02 -4.442710321414170e+02  0.000000000000000e+00	1	0	0.000000000000000e+00	0.000000000000000e+00	0.000000000000000e+00	2.360581290650656e+05
25	-5.000000000000000e-01  8.660254037844386e-01  0.000000000000000e+00	8.660254037844385e-01 5.000000000000000e-01 0.000000000000000e+00	-8.017499999999998e+02 -4.628905783227824e+02 -0.000000000000000e+00	1	0	0.000000000000000e+00	0.000000000000000e+00	0.000000000000000e+00	1.974568915210525e+05
26	1.000000000000000e+00 0.000000000000000e+00 0.000000000000000e+00	0.000000000000000e+00 0.000000000000000e+00 1.000000000000000e+00	0.000000000000000e+00 0.000000000000000e+00 5.829785587823964e+02	1	0	0.000000000000000e+00	0.000000000000000e+00	0.000000000000000e+00	5.194167724453408e+05
27	 5.000000000000000e-01 -8.660254037844386e-01  0.000000000000000e+00	 0.000000000000000e+00  0.000000000000000e+00 -1.000000000000000e+00	0.000000000000000e+00 0.000000000000000e+00 6.580962442277471e+02	1	0	0.000000000000000e+00	0.000000000000000e+00	0.000000000000000e+00	1.779026962274296e+04
28	1.000000000000000e+00 0.000000000000000e+00 0.000000000000000e+00	0.000000000000000e+00 0.000000000000000e+00 1.000000000000000e+00	0.000000000000000e+00 0.000000000000000e+00 2.286190426597633e+02	1	0	0.000000000000000e+00	0.000000000000000e+00	0.000000000000000e+00	2.619954110010485e+04
29	1.000000000000000e+00 0.000000000000000e+00 0.000000000000000e+00	 0.000000000000000e+00 -1.000000000000000e+00  0.000000000000000e+00	0.000000000000000e+00 5.715767664977295e+01 0.000000000000000e+00	1	0	0.000000000000000e+00	0.000000000000000e+00	0.000000000000000e+00	2.112144366341550e+06
43	5.000000000000000e-01 8.660254037844386e-01 0.000000000000000e+00	 0.000000000000000e+00  0.000000000000000e+00 -1.000000000000000e+00	-0.000000000000000e+00 -0.000000000000000e+00 -1.159425144917371e+02	1	0	0.000000000000000e+00	0.000000000000000e+00	0.000000000000000e+00	2.317314263672518e+03
55	-1.000000000000000e+00  0.000000000000000e+00  0.000000000000000e+00	0.000000000000000e+00 0.000000000000000e+00 1.000000000000000e+00	-0.000000000000000e+00 -0.000000000000000e+00 -4.262112152442729e+02	1	0	0.000000000000000e+00	0.000000000000000e+00	0.000000000000000e+00	5.561047255959534e+04
66	-5.000000000000000e-01 -8.660254037844386e-01  0.000000000000000e+00	0.000000000000000e+00 0.000000000000000e+00 1.000000000000000e+00	0.000000000000000e+00 0.000000000000000e+00 1.077775486824598e+02	1	0	0.000000000000000e+00	0.000000000000000e+00	0.000000000000000e+00	2.077327401678888e+06
76	-1.000000000000000e+00  0.000000000000000e+00  0.000000000000000e+00	0.000000000000000e+00 0.000000000000000e+00 1.000000000000000e+00	0.000000000000000e+00 0.000000000000000e+00 2.286190426597633e+02	1	0	0.000000000000000e+00	0.000000000000000e+00	0.000000000000000e+00	6.958418080455963e+02
106	-1.000000000000000e+00  0.000000000000000e+00  0.000000000000000e+00	 0.000000000000000e+00 -1.000000000000000e+00  0.000000000000000e+00	-0.000000000000000e+00 -5.473280551917652e+02 -0.000000000000000e+00	1	0	0.000000000000000e+00	0.000000000000000e+00	0.000000000000000e+00	6.992300501632684e+03
107	 5.000000000000000e-01 -8.660254037844386e-01  0.000000000000000e+00	0.000000000000000e+00 0.000000000000000e+00 1.000000000000000e+00	0.000000000000000e+00 0.000000000000000e+00 3.804874067123203e+02	1	0	0.000000000000000e+00	0.000000000000000e+00	0.000000000000000e+00	2.156153725084521e+06
108	5.000000000000000e-01 8.660254037844386e-01 0.000000000000000e+00	0.000000000000000e+00 0.000000000000000e+00 1.000000000000000e+00	-0.000000000000000e+00 -0.000000000000000e+00 -4.164132562731402e+02	1	0	0.000000000000000e+00	0.000000000000000e+00	0.000000000000000e+00	1.972421786843193e+06
113	 5.000000000000000e-01 -8.660254037844386e-01  0.000000000000000e+00	0.000000000000000e+00 0.000000000000000e+00 1.000000000000000e+00	-0.000000000000000e+00 -0.000000000000000e+00 -6.793251553318680e+02	1	0	0.000000000000000e+00	0.000000000000000e+00	0.000000000000000e+00	1.249944271382170e+06
208	1.000000000000000e+00 0.000000000000000e+00 0.000000000000000e+00	 0.000000000000000e+00 -1.000000000000000e+00  0.000000000000000e+00	0.000000000000000e+00 3.403479836872843e+02 0.000000000000000e+00	1	0	0.000000000000000e+00	0.000000000000000e+00	0.000000000000000e+00	2.537315376211341e+04
243	 5.000000000000000e-01 -8.660254037844386e-01  0.000000000000000e+00	0.000000000000000e+00 0.000000000000000e+00 1.000000000000000e+00	0.000000000000000e+00 0.000000000000000e+00 3.592584956081994e+02	1	0	0.000000000000000e+00	0.000000000000000e+00	0.000000000000000e+00	0.000000000000000e+00
246	1.000000000000000e+00 0.000000000000000e+00 0.000000000000000e+00	0.000000000000000e+00 0.000000000000000e+00 1.000000000000000e+00	0.000000000000000e+00 0.000000000000000e+00 3.592584956081994e+02	1	0	0.000000000000000e+00	0.000000000000000e+00	0.000000000000000e+00	0.000000000000000e+00
248	1.000000000000000e+00 0.000000000000000e+00 0.000000000000000e+00	0.000000000000000e+00 0.000000000000000e+00 1.000000000000000e+00	0.000000000000000e+00 0.000000000000000e+00 3.592584956081994e+02	1	0	0.000000000000000e+00	0.000000000000000e+00	0.000000000000000e+00	0.000000000000000e+00
297	-1.000000000000000e+00  0.000000000000000e+00  0.000000000000000e+00	0.000000000000000e+00 1.000000000000000e+00 0.000000000000000e+00	0.000000000000000e+00 6.910882722199819e+02 0.000000000000000e+00	1	0	0.000000000000000e+00	0.000000000000000e+00	0.000000000000000e+00	0.000000000000000e+00
319	5.000000000000000e-01 8.660254037844386e-01 0.000000000000000e+00	0.000000000000000e+00 0.000000000000000e+00 1.000000000000000e+00	0.000000000000000e+00 0.000000000000000e+00 3.592584956081994e+02	1	0	0.000000000000000e+00	0.000000000000000e+00	0.000000000000000e+00	1.353232782214895e+03
320	-1.000000000000000e+00  0.000000000000000e+00  0.000000000000000e+00	 0.000000000000000e+00 -1.000000000000000e+00  0.000000000000000e+00	0.000000000000000e+00 6.910882722199819e+02 0.000000000000000e+00	1	0	0.000000000000000e+00	0.000000000000000e+00	0.000000000000000e+00	1.632539019602754e+06
321	-5.000000000000000e-01 -8.660254037844386e-01  0.000000000000000e+00	0.000000000000000e+00 0.000000000000000e+00 1.000000000000000e+00	0.000000000000000e+00 0.000000000000000e+00 3.592584956081994e+02	1	0	0.000000000000000e+00	0.000000000000000e+00	0.000000000000000e+00	5.564536367918712e+05
323	-5.000000000000000e-01 -8.660254037844386e-01  0.000000000000000e+00	 0.000000000000000e+00  0.000000000000000e+00 -1.000000000000000e+00	0.000000000000000e+00 0.000000000000000e+00 1.518683640525570e+02	1	0	0.000000000000000e+00	0.000000000000000e+00	0.000000000000000e+00	3.823985718394044e+01
324	1.000000000000000e+00 0.000000000000000e+00 0.000000000000000e+00	 0.000000000000000e+00  0.000000000000000e+00 -1.000000000000000e+00	0.000000000000000e+00 0.000000000000000e+00 1.518683640525570e+02	1	0	0.000000000000000e+00	0.000000000000000e+00	0.000000000000000e+00	3.823985718394044e+01
325	-1.000000000000000e+00  0.000000000000000e+00  0.000000000000000e+00	 0.000000000000000e+00  0.000000000000000e+00 -1.000000000000000e+00	0.000000000000000e+00 0.000000000000000e+00 1.518683640525570e+02	1	0	0.000000000000000e+00	0.000000000000000e+00	0.000000000000000e+00	3.823985718394044e+01
327	1.000000000000000e+00 0.000000000000000e+00 0.000000000000000e+00	0.000000000000000e+00 0.000000000000000e+00 1.000000000000000e+00	0.000000000000000e+00 0.000000000000000e+00 1.518683640525570e+02	1	0	0.000000000000000e+00	0.000000000000000e+00	0.000000000000000e+00	1.055338488741356e+01
337	 5.000000000000000e-01 -8.660254037844386e-01  0.000000000000000e+00	8.660254037844385e-01 5.000000000000000e-01 0.000000000000000e+00	8.549999999999997e+01 4.936344801571300e+01 0.000000000000000e+00	1	0	0.000000000000000e+00	0.000000000000000e+00	0.000000000000000e+00	2.422634631396109e+05
340	-5.000000000000000e-01 -8.660254037844386e-01  0.000000000000000e+00	0.000000000000000e+00 0.000000000000000e+00 1.000000000000000e+00	0.000000000000000e+00 0.000000000000000e+00 9.471360338761622e+01	1	0	0.000000000000000e+00	0.000000000000000e+00	0.000000000000000e+00	3.997782016206156e+05
2428	-5.000000000000000e-01  8.660254037844386e-01  0.000000000000000e+00	8.660254037844385e-01 5.000000000000000e-01 0.000000000000000e+00	6.397499999999998e+02 3.693598347140630e+02 0.000000000000000e+00	1	0	0.000000000000000e+00	0.000000000000000e+00	0.000000000000000e+00	3.600683571666515e+05
2429	 5.000000000000000e-01 -8.660254037844386e-01  0.000000000000000e+00	 0.000000000000000e+00  0.000000000000000e+00 -1.000000000000000e+00	0.000000000000000e+00 0.000000000000000e+00 2.286190426597633e+02	1	0	0.000000000000000e+00	0.000000000000000e+00	0.000000000000000e+00	2.028882516135015e+04
2432	5.000000000000000e-01 8.660254037844386e-01 0.000000000000000e+00	0.000000000000000e+00 0.000000000000000e+00 1.000000000000000e+00	0.000000000000000e+00 0.000000000000000e+00 2.286190426597633e+02	1	0	0.000000000000000e+00	0.000000000000000e+00	0.000000000000000e+00	1.325554318616884e+03
0	0	1	1
0	246	0	0
0	1	2	1
0	2	681	0
0	112	246	0
0	247	112	0
0	201	143	0
0	143	247	0
0	436	201	0
0	488	436	0
0	535	488	0
0	585	535	0
0	620	585	0
0	681	620	0
1	4	5	1
1	63	4	1
1	5	6	1
1	6	2264	0
1	292	63	0
1	164	113	0
1	113	328	0
1	144	364	0
1	365	144	0
1	505	164	0
1	202	292	0
1	364	202	0
1	328	248	0
1	248	365	0
1	367	249	0
1	249	505	0
1	2939	367	0
1	2264	2939	0
3	10	11	1
3	479	10	0
3	11	12	1
3	12	13	1
3	13	479	0
4	15	16	1
4	104	15	1
4	16	17	1
4	17	655	0
4	101	104	0
4	150	101	1
4	571	116	0
4	116	625	0
4	373	150	0
4	374	151	0
4	151	375	0
4	297	209	0
4	209	374	0
4	332	254	0
4	254	683	0
4	255	333	0
4	375	255	0
4	465	297	0
4	625	332	0
4	333	571	0
4	683	373	0
4	512	465	0
4	589	512	0
4	655	589	0
7	27	28	1
7	301	27	0
7	28	29	1
7	29	30	1
7	30	302	0
7	119	338	0
7	339	119	0
7	155	382	0
7	383	155	0
7	384	156	0
7	156	385	0
7	213	301	0
7	382	213	0
7	302	214	0
7	214	384	0
7	338	260	0
7	260	383	0
7	261	339	0
7	385	261	0
9	36	37	1
9	159	36	1
9	37	38	1
9	38	39	1
9	39	1801	0
9	491	122	0
9	122	507	0
9	521	159	0
9	216	160	0
9	160	497	0
9	455	216	0
9	507	262	0
9	262	521	0
9	263	491	0
9	497	263	0
9	529	455	0
9	616	529	0
9	740	616	0
9	864	740	0
9	1801	864	0
10	41	42	1
10	161	41	1
10	42	162	0
10	123	161	0
10	162	123	0
12	47	48	1
12	50	47	1
12	48	49	1
12	49	50	1
13	52	53	1
13	305	52	0
13	53	54	1
13	54	55	1
13	55	306	0
13	126	342	0
13	343	126	0
13	167	390	0
13	391	167	0
13	392	168	0
13	168	393	0
13	221	305	0
13	390	221	0
13	222	392	0
13	1014	222	0
13	342	268	0
13	268	391	0
13	269	343	0
13	393	269	0
13	306	572	0
13	572	1015	0
13	1015	1014	0
15	59	60	1
15	496	59	0
15	60	61	1
15	61	62	1
15	62	226	0
15	273	128	0
15	128	499	0
15	226	172	0
15	172	273	0
15	615	346	0
15	346	4212	0
15	4253	496	0
15	499	696	0
15	696	615	0
15	4212	4253	0
18	71	72	1
18	313	71	0
18	72	73	1
18	73	74	1
18	74	314	0
18	527	131	0
18	131	553	0
18	177	483	0
18	495	177	0
18	231	313	0
18	406	231	0
18	350	278	0
18	278	407	0
18	279	351	0
18	409	279	0
18	314	408	0
18	553	350	0
18	351	527	0
18	483	406	0
18	407	495	0
18	408	409	0
21	352	416	0
21	909	352	0
21	416	444	0
21	444	909	0
22	87	88	1
22	319	87	0
22	88	89	1
22	89	90	1
22	90	531	0
22	137	439	0
22	440	137	0
22	185	441	0
22	442	185	0
22	237	445	0
22	446	237	0
22	447	238	0
22	238	448	0
22	449	286	0
22	286	450	0
22	287	451	0
22	452	287	0
22	445	319	0
22	438	320	0
22	320	447	0
22	439	358	0
22	358	449	0
22	359	440	0
22	451	359	0
22	441	418	0
22	418	446	0
22	419	442	0
22	450	419	0
22	448	420	0
22	420	4246	0
22	531	438	0
22	1886	444	0
22	444	4234	0
22	4249	452	0
22	1759	487	0
22	487	3478	0
22	4234	1759	0
22	4246	1886	0
22	3478	4249	0
24	97	98	1
24	189	97	0
24	98	99	1
24	99	100	1
24	100	190	0
24	139	189	0
24	190	139	0
25	101	102	1
25	104	101	0
25	102	103	1
25	103	104	1
26	105	106	1
26	1081	105	0
26	106	107	1
26	107	242	0
26	141	362	0
26	363	141	0
26	191	426	0
26	427	191	0
26	428	192	0
26	192	429	0
26	241	323	0
26	426	241	0
26	242	428	0
26	362	290	0
26	290	427	0
26	291	363	0
26	429	291	0
26	323	486	0
26	486	582	0
26	582	660	0
26	660	1081	0
27	468	10	0
27	10	479	0
27	484	468	0
27	479	729	0
27	501	484	0
27	503	501	0
27	519	503	0
27	537	519	0
27	545	537	0
27	568	545	0
27	583	568	0
27	600	583	0
27	618	600	0
27	631	618	0
27	664	631	0
27	689	664	0
27	703	689	0
27	710	703	0
27	4250	710	0
27	715	714	0
27	714	4250	0
27	717	715	0
27	720	717	0
27	729	720	0
28	2264	6	0
28	6	4214	0
28	487	3478	0
28	4235	487	0
28	753	2264	0
28	4236	753	0
28	3478	4236	0
28	4214	4235	0
29	10	44	1
29	479	10	0
29	45	13	1
29	13	479	0
29	44	45	1
43	101	104	0
43	560	101	0
43	104	4128	0
43	540	560	0
43	4128	540	0
55	7	8	1
55	204	7	0
55	8	205	1
55	114	250	0
55	251	114	0
55	146	204	0
55	250	146	0
55	205	147	0
55	147	251	0
66	23	24	1
66	378	23	0
66	24	25	1
66	25	26	1
66	26	300	0
66	118	547	0
66	566	118	0
66	153	378	0
66	379	153	0
66	380	154	0
66	154	381	0
66	300	212	0
66	212	380	0
66	258	379	0
66	611	258	0
66	538	259	0
66	259	567	0
66	547	336	0
66	336	611	0
66	337	566	0
66	567	337	0
66	381	538	0
76	292	63	0
76	63	627	0
76	627	292	0
106	615	346	0
106	346	1705	0
106	708	615	0
106	865	708	0
106	1012	865	0
106	1705	1012	0
107	92	93	1
107	187	92	1
107	93	94	1
107	94	95	1
107	95	1002	0
107	424	187	0
107	322	424	0
107	490	322	0
107	595	490	0
107	733	595	0
107	747	733	0
107	771	747	0
107	1002	771	0
108	18	19	1
108	298	18	0
108	19	20	1
108	20	21	1
108	21	22	1
108	22	108	0
108	108	243	0
108	117	334	0
108	335	117	0
108	152	376	0
108	377	152	0
108	430	193	0
108	193	431	0
108	210	298	0
108	376	210	0
108	243	430	0
108	334	256	0
108	256	377	0
108	257	335	0
108	431	257	0
113	67	68	1
113	745	67	0
113	68	277	1
113	130	403	0
113	755	130	0
113	402	229	0
113	229	718	0
113	277	349	0
113	349	4223	0
113	403	402	0
113	718	724	0
113	724	745	0
113	4223	755	0
208	56	57	1
208	307	56	0
208	57	66	1
208	66	828	0
208	127	344	0
208	828	127	0
208	169	394	0
208	395	169	0
208	223	307	0
208	394	223	0
208	344	270	0
208	270	395	0
243	416	352	0
243	352	909	0
243	909	416	0
246	352	416	0
246	909	352	0
246	416	909	0
248	416	352	0
248	352	909	0
248	909	416	0
297	416	352	0
297	352	909	0
297	909	416	0
319	416	444	0
319	909	416	0
319	444	909	0
320	75	76	1
320	776	75	0
320	76	77	1
320	77	78	1
320	78	4224	0
320	108	194	0
320	432	108	0
320	132	179	0
320	746	132	0
320	133	306	0
320	630	133	0
320	179	523	0
320	194	4251	0
320	1396	195	0
320	195	4213	0
320	315	233	0
320	233	1003	0
320	572	281	0
320	281	602	0
320	306	572	0
320	530	315	0
320	352	1000	0
320	1003	352	0
320	4225	432	0
320	602	433	0
320	433	1396	0
320	523	598	0
320	610	530	0
320	598	639	0
320	688	610	0
320	712	630	0
320	639	722	0
320	737	688	0
320	1000	712	0
320	722	776	0
320	4224	737	0
320	4251	746	0
320	4213	4225	0
321	83	84	1
321	453	83	0
321	84	85	1
321	85	444	1
321	136	460	0
321	1886	136	0
321	183	646	0
321	647	183	0
321	235	459	0
321	471	235	0
321	356	284	0
321	284	707	0
321	317	453	0
321	459	317	0
321	460	356	0
321	414	471	0
321	646	414	0
321	415	647	0
321	707	415	0
321	444	1886	0
323	572	306	0
323	306	1015	0
323	1015	572	0
324	572	306	0
324	306	1015	0
324	1015	572	0
325	572	306	0
325	306	1015	0
325	1015	572	0
327	1015	572	0
327	572	1020	0
327	1020	1015	0
337	63	65	1
337	292	63	0
337	65	66	1
337	66	805	0
337	174	401	0
337	728	174	0
337	228	400	0
337	4252	228	0
337	274	292	0
337	4220	274	0
337	349	277	0
337	277	4252	0
337	615	346	0
337	346	4210	0
337	805	349	0
337	400	728	0
337	401	615	0
337	4210	4220	0
340	80	34	1
340	34	434	0
340	79	80	1
340	494	79	0
340	134	354	0
340	355	134	0
340	181	412	0
340	413	181	0
340	198	388	0
340	434	198	0
340	234	316	0
340	412	234	0
340	354	282	0
340	282	413	0
340	283	355	0
340	388	283	0
340	316	494	0
2428	6	32	1
2428	2264	6	0
2428	32	33	1
2428	33	34	1
2428	34	4247	0
2428	4247	1011	0
2428	1011	4248	0
2428	2827	2264	0
2428	4248	2827	0
2429	3478	487	0
2429	487	4237	0
2429	4236	3478	0
2429	4240	4236	0
2429	4237	4240	0
2432	4236	3478	0
2432	3478	4245	0
2432	4244	4236	0
2432	4245	4244	0
