455
44
520
0	 7.500000000000000e+02  1.732050807600000e+00 -5.814628629404000e+02	 9.320000000000000e-08 -1.615000000000000e-07 -3.050600000000000e-06	1.000000000000000e+00	0	1	0
1	 7.500000000000000e+02  1.732050807600000e+00 -7.500000000000000e+02	0.000000000000000e+00 0.000000000000000e+00 0.000000000000000e+00	1.000000000000000e+00	0	1	1
2	 3.179872981078000e+02  7.500000000000000e+02 -7.500000000000000e+02	-2.607308090000000e-02  4.515990090000000e-02  0.000000000000000e+00	1.000000000000000e+00	0	1	2
4	 7.500000000000000e+02 -7.500000000000000e+02  2.286190426598000e+02	0.000000000000000e+00 0.000000000000000e+00 0.000000000000000e+00	1.000000000000000e+00	8058	1	4
5	7.500000000000000e+02 7.500000000000000e+02 2.286190426598000e+02	0.000000000000000e+00 0.000000000000000e+00 0.000000000000000e+00	1.000000000000000e+00	8058	1	5
6	4.199872981078000e+02 7.500000000000000e+02 2.286190426598000e+02	0.000000000000000e+00 0.000000000000000e+00 0.000000000000000e+00	7.500000000000000e-01	8058	1	6
7	 7.500000000000000e+02  6.208337011565001e+02 -4.262112152443000e+02	5.490000000000000e-08 3.849000000000000e-07 0.000000000000000e+00	1.000000000000000e+00	646	1	7
8	 7.500000000000000e+02  7.500000000000000e+02 -4.262112152443000e+02	0.000000000000000e+00 0.000000000000000e+00 0.000000000000000e+00	1.000000000000000e+00	646	1	8
10	-7.500000000000000e+02  5.715767664980000e+01  6.580962442277000e+02	0.000000000000000e+00 0.000000000000000e+00 0.000000000000000e+00	1.000000000000000e+00	1105	1	10
11	-7.500000000000000e+02 -7.500000000000000e+02  6.580962442277000e+02	0.000000000000000e+00 0.000000000000000e+00 0.000000000000000e+00	1.000000000000000e+00	1105	1	11
12	 7.500000000000000e+02 -7.500000000000000e+02  6.580962442277000e+02	0.000000000000000e+00 0.000000000000000e+00 0.000000000000000e+00	1.000000000000000e+00	1105	1	12
13	7.500000000000000e+02 5.715767664980000e+01 6.580962442277000e+02	0.000000000000000e+00 0.000000000000000e+00 0.000000000000000e+00	4.218750000000000e-01	1105	1	13
15	 7.500000000000000e+02 -7.500000000000000e+02 -1.159425144917000e+02	0.000000000000000e+00 0.000000000000000e+00 0.000000000000000e+00	1.000000000000000e+00	661	1	15
16	 7.500000000000000e+02  7.500000000000000e+02 -1.159425144917000e+02	0.000000000000000e+00 0.000000000000000e+00 0.000000000000000e+00	1.000000000000000e+00	661	1	16
17	 2.523894043853000e+02  7.500000000000000e+02 -1.159425144917000e+02	 1.281720000000000e-05 -2.774960000000000e-05  0.000000000000000e+00	1.000000000000000e+00	661	1	17
18	-7.500000000000000e+02 -9.506454281850000e+01 -4.164132562731000e+02	 7.509000000000000e-07 -6.211000000000000e-07  0.000000000000000e+00	1.000000000000000e+00	8058	1	18
19	-7.500000000000000e+02 -7.500000000000000e+02 -4.164132562731000e+02	0.000000000000000e+00 0.000000000000000e+00 0.000000000000000e+00	1.000000000000000e+00	8058	1	19
20	 7.500000000000000e+02 -7.500000000000000e+02 -4.164132562731000e+02	0.000000000000000e+00 0.000000000000000e+00 0.000000000000000e+00	1.000000000000000e+00	8058	1	20
21	 7.500000000000000e+02  7.500000000000000e+02 -4.164132562731000e+02	0.000000000000000e+00 0.000000000000000e+00 0.000000000000000e+00	1.000000000000000e+00	8058	1	21
22	-2.082546327800000e+02  7.500000000000000e+02 -4.164132562731000e+02	-6.591662929687500e-05  1.717421484375000e-06  0.000000000000000e+00	3.164062500000000e-01	8058	1	22
23	-6.510749350459000e+02 -7.500000000000000e+02  1.077775486825000e+02	-1.373266000000000e-04  2.474590000000000e-05  0.000000000000000e+00	1.000000000000000e+00	23	1	23
24	 7.500000000000000e+02 -7.500000000000000e+02  1.077775486825000e+02	0.000000000000000e+00 0.000000000000000e+00 0.000000000000000e+00	1.000000000000000e+00	23	1	24
25	7.500000000000000e+02 7.500000000000000e+02 1.077775486825000e+02	0.000000000000000e+00 0.000000000000000e+00 0.000000000000000e+00	1.000000000000000e+00	23	1	25
26	-6.117794438305000e+02  7.500000000000000e+02  1.077775486825000e+02	 8.060400000000000e-06 -1.011900000000000e-06  0.000000000000000e+00	1.000000000000000e+00	23	1	26
27	-7.365292667469000e+02 -7.500000000000000e+02 -1.894272067752000e+02	 3.033000000000000e-07 -2.337000000000000e-07  0.000000000000000e+00	1.000000000000000e+00	27	1	27
28	 7.500000000000000e+02 -7.500000000000000e+02 -1.894272067752000e+02	0.000000000000000e+00 0.000000000000000e+00 0.000000000000000e+00	1.000000000000000e+00	27	1	28
29	 7.500000000000000e+02  7.500000000000000e+02 -1.894272067752000e+02	0.000000000000000e+00 0.000000000000000e+00 0.000000000000000e+00	1.000000000000000e+00	27	1	29
30	 4.223687483549000e+02  7.500000000000000e+02 -1.894272067752000e+02	-1.712000000000000e-07  1.322000000000000e-07  0.000000000000000e+00	1.000000000000000e+00	27	1	30
32	4.199872981078000e+02 7.500000000000000e+02 7.500000000000000e+02	0.000000000000000e+00 0.000000000000000e+00 0.000000000000000e+00	1.000000000000000e+00	8058	1	32
33	7.500000000000000e+02 1.784012331796000e+02 7.500000000000000e+02	0.000000000000000e+00 0.000000000000000e+00 0.000000000000000e+00	1.000000000000000e+00	8058	1	33
34	7.500000000000000e+02 1.784012331796000e+02 9.471360338760000e+01	 0.000000000000000e+00 -0.000000000000000e+00  0.000000000000000e+00	7.500000000000000e-01	8058	1	34
36	-5.950127018922000e+02 -7.500000000000000e+02 -7.500000000000000e+02	0.000000000000000e+00 0.000000000000000e+00 0.000000000000000e+00	1.000000000000000e+00	491	1	36
37	 2.710127018922000e+02  7.500000000000000e+02 -7.500000000000000e+02	0.000000000000000e+00 0.000000000000000e+00 0.000000000000000e+00	1.000000000000000e+00	491	1	37
38	2.710127018922000e+02 7.500000000000000e+02 7.500000000000000e+02	0.000000000000000e+00 0.000000000000000e+00 0.000000000000000e+00	1.000000000000000e+00	491	1	38
39	-2.113859676328000e+02 -8.553900512090000e+01  7.500000000000000e+02	 1.789200000000000e-06  3.098900000000000e-06 -1.675190000000000e-05	1.000000000000000e+00	491	1	39
41	 2.450127018922000e+02 -7.500000000000000e+02  7.500000000000000e+02	0.000000000000000e+00 0.000000000000000e+00 0.000000000000000e+00	1.000000000000000e+00	729	1	41
42	 2.450127018922000e+02 -7.500000000000000e+02  7.354178981857000e+02	 2.600000000000000e-09 -4.400000000000001e-09  1.314000000000000e-07	1.000000000000000e+00	729	1	42
44	-7.500000000000000e+02  5.715767664980000e+01 -7.500000000000000e+02	0.000000000000000e+00 0.000000000000000e+00 0.000000000000000e+00	1.000000000000000e+00	1105	1	44
45	 7.500000000000000e+02  5.715767664980000e+01 -7.500000000000000e+02	0.000000000000000e+00 0.000000000000000e+00 0.000000000000000e+00	1.000000000000000e+00	1105	1	45
47	-7.500000000000000e+02  2.381569860407000e+02  7.500000000000000e+02	0.000000000000000e+00 0.000000000000000e+00 0.000000000000000e+00	1.000000000000000e+00	1074	1	47
48	-7.500000000000000e+02  2.381569860407000e+02 -7.500000000000000e+02	0.000000000000000e+00 0.000000000000000e+00 0.000000000000000e+00	1.000000000000000e+00	1074	1	48
49	 7.500000000000000e+02  2.381569860407000e+02 -7.500000000000000e+02	0.000000000000000e+00 0.000000000000000e+00 0.000000000000000e+00	1.000000000000000e+00	1074	1	49
50	7.500000000000000e+02 2.381569860407000e+02 7.500000000000000e+02	0.000000000000000e+00 0.000000000000000e+00 0.000000000000000e+00	1.000000000000000e+00	1074	1	50
52	 2.614286554348000e+02 -7.500000000000000e+02  1.518683640526000e+02	3.400000000000000e-07 1.724000000000000e-07 0.000000000000000e+00	1.000000000000000e+00	8058	1	52
53	 7.500000000000000e+02 -7.500000000000000e+02  1.518683640526000e+02	0.000000000000000e+00 0.000000000000000e+00 0.000000000000000e+00	1.000000000000000e+00	8058	1	53
54	7.500000000000000e+02 7.500000000000000e+02 1.518683640526000e+02	0.000000000000000e+00 0.000000000000000e+00 0.000000000000000e+00	1.000000000000000e+00	8058	1	54
55	-3.655210406259000e+02  7.500000000000000e+02  1.518683640526000e+02	-2.321907714843750e-06 -5.474263183593750e-07  0.000000000000000e+00	1.779785156250000e-01	8058	1	55
56	-7.500000000000000e+02  3.403479836873000e+02 -6.863076784285000e+02	-6.680000000000000e-08  0.000000000000000e+00 -2.111900000000000e-06	1.000000000000000e+00	8058	1	56
57	-7.500000000000000e+02  3.403479836873000e+02 -7.500000000000000e+02	0.000000000000000e+00 0.000000000000000e+00 0.000000000000000e+00	1.000000000000000e+00	8058	1	57
59	 3.129872981078000e+02 -7.500000000000000e+02  2.443181624700000e+00	1.232800000000000e-06 2.135300000000000e-06 2.086775000000000e-04	1.000000000000000e+00	8058	1	59
60	 3.129872981078000e+02 -7.500000000000000e+02 -7.500000000000000e+02	0.000000000000000e+00 0.000000000000000e+00 0.000000000000000e+00	1.000000000000000e+00	8058	1	60
61	 7.500000000000000e+02  6.928203230300000e+00 -7.500000000000000e+02	0.000000000000000e+00 0.000000000000000e+00 0.000000000000000e+00	1.000000000000000e+00	8058	1	61
62	 7.500000000000000e+02  6.928203230300000e+00 -2.830809365350000e+02	1.589000000000000e-07 2.752000000000000e-07 1.955220000000000e-05	1.000000000000000e+00	8058	1	62
63	 5.470127018922000e+02 -7.500000000000000e+02  2.286190426598000e+02	-0.000000000000000e+00 -0.000000000000000e+00  0.000000000000000e+00	1.000000000000000e+00	8058	1	63
65	 5.470127018922000e+02 -7.500000000000000e+02 -7.500000000000000e+02	0.000000000000000e+00 0.000000000000000e+00 0.000000000000000e+00	1.000000000000000e+00	8058	1	65
66	-8.250000000000000e+01  3.403479836873000e+02 -7.500000000000000e+02	0.000000000000000e+00 0.000000000000000e+00 0.000000000000000e+00	7.500000000000000e-01	8058	1	66
67	-7.500000000000000e+02  7.500000000000000e+02 -6.793251553319001e+02	0.000000000000000e+00 1.475001496000000e-01 0.000000000000000e+00	1.000000000000000e+00	8058	1	67
68	-7.500000000000000e+02 -7.500000000000000e+02 -6.793251553319001e+02	0.000000000000000e+00 0.000000000000000e+00 0.000000000000000e+00	1.000000000000000e+00	8058	1	68
71	 4.486951799425000e+02 -7.500000000000000e+02  1.469693845670000e+01	-9.159000000000000e-06  2.261000000000000e-06  0.000000000000000e+00	1.000000000000000e+00	5009	1	71
72	 7.500000000000000e+02 -7.500000000000000e+02  1.469693845670000e+01	0.000000000000000e+00 0.000000000000000e+00 0.000000000000000e+00	1.000000000000000e+00	5009	1	72
73	7.500000000000000e+02 7.500000000000000e+02 1.469693845670000e+01	0.000000000000000e+00 0.000000000000000e+00 0.000000000000000e+00	1.000000000000000e+00	5009	1	73
74	5.969990890372001e+02 7.500000000000000e+02 1.469693845670000e+01	 1.176335000000000e-04 -3.794670000000000e-05  0.000000000000000e+00	1.000000000000000e+00	5009	1	74
75	 3.130790296698000e+02  6.910882722200000e+02 -7.500000000000000e+02	1.575000000000000e-07 0.000000000000000e+00 4.461000000000000e-07	1.000000000000000e+00	8058	1	75
76	 7.500000000000000e+02  6.910882722200000e+02 -7.500000000000000e+02	0.000000000000000e+00 0.000000000000000e+00 0.000000000000000e+00	1.000000000000000e+00	8058	1	76
77	7.500000000000000e+02 6.910882722200000e+02 7.500000000000000e+02	0.000000000000000e+00 0.000000000000000e+00 0.000000000000000e+00	1.000000000000000e+00	8058	1	77
78	-7.500000000000000e+02  6.910882722200000e+02  7.500000000000000e+02	-8.158932460000000e-02  0.000000000000000e+00  0.000000000000000e+00	1.000000000000000e+00	8058	1	78
79	-5.455451150810000e+01 -7.500000000000000e+02  9.471360338760000e+01	 5.967700000000000e-06 -5.878600000000000e-06  0.000000000000000e+00	1.000000000000000e+00	8058	1	79
80	 7.500000000000000e+02 -7.500000000000000e+02  9.471360338760000e+01	0.000000000000000e+00 0.000000000000000e+00 0.000000000000000e+00	1.000000000000000e+00	8058	1	80
83	 3.217467538637000e+02 -7.500000000000000e+02  3.592584956082000e+02	-3.701600000000000e-06  5.947000000000000e-07  0.000000000000000e+00	1.000000000000000e+00	8058	1	83
84	 7.500000000000000e+02 -7.500000000000000e+02  3.592584956082000e+02	0.000000000000000e+00 0.000000000000000e+00 0.000000000000000e+00	1.000000000000000e+00	8058	1	84
85	7.500000000000000e+02 7.500000000000000e+02 3.592584956082000e+02	0.000000000000000e+00 0.000000000000000e+00 0.000000000000000e+00	1.000000000000000e+00	8058	1	85
87	-2.960127018922000e+02 -7.500000000000000e+02 -4.866877863706000e+02	-2.820000000000000e-08 -4.890000000000000e-08  5.615000000000000e-07	1.000000000000000e+00	8058	1	87
88	-2.960127018922000e+02 -7.500000000000000e+02 -7.500000000000000e+02	0.000000000000000e+00 0.000000000000000e+00 0.000000000000000e+00	1.000000000000000e+00	8058	1	88
89	 5.700127018922000e+02  7.500000000000000e+02 -7.500000000000000e+02	0.000000000000000e+00 0.000000000000000e+00 0.000000000000000e+00	1.000000000000000e+00	8058	1	89
90	5.700127018922000e+02 7.500000000000000e+02 5.829806924762000e+02	 1.010900000000000e-05  1.750940000000000e-05 -1.533801000000000e-04	1.000000000000000e+00	8058	1	90
92	-7.500000000000000e+02  7.500000000000000e+02  3.804874067123000e+02	0.000000000000000e+00 0.000000000000000e+00 0.000000000000000e+00	1.000000000000000e+00	8006	1	92
93	-7.500000000000000e+02 -7.500000000000000e+02  3.804874067123000e+02	0.000000000000000e+00 0.000000000000000e+00 0.000000000000000e+00	1.000000000000000e+00	8006	1	93
94	 7.500000000000000e+02 -7.500000000000000e+02  3.804874067123000e+02	0.000000000000000e+00 0.000000000000000e+00 0.000000000000000e+00	1.000000000000000e+00	8006	1	94
95	7.500000000000000e+02 2.983992086250000e+02 3.804874067123000e+02	-1.339620000000000e-05 -1.377630000000000e-05  0.000000000000000e+00	1.000000000000000e+00	8006	1	95
97	 5.929872981078000e+02 -7.500000000000000e+02 -1.595964917880000e+01	 4.700000000000000e-09  8.100000000000000e-09 -9.490000000000001e-08	1.000000000000000e+00	97	1	97
98	 5.929872981078000e+02 -7.500000000000000e+02 -7.500000000000000e+02	0.000000000000000e+00 0.000000000000000e+00 0.000000000000000e+00	1.000000000000000e+00	97	1	98
99	 7.500000000000000e+02 -4.780460228890000e+02 -7.500000000000000e+02	0.000000000000000e+00 0.000000000000000e+00 0.000000000000000e+00	1.000000000000000e+00	97	1	99
100	 7.500000000000000e+02 -4.780460228890000e+02  1.934621876720000e+01	 3.380000000000000e-08  5.850000000000000e-08 -7.017000000000000e-07	1.000000000000000e+00	97	1	100
101	-7.500000000000000e+02 -5.525242076145000e+02 -1.159425144917000e+02	-0.000000000000000e+00 -0.000000000000000e+00  0.000000000000000e+00	1.779785156250000e-01	661	1	101
102	-7.500000000000000e+02 -5.525242076145000e+02  7.500000000000000e+02	0.000000000000000e+00 0.000000000000000e+00 0.000000000000000e+00	1.000000000000000e+00	661	1	102
103	-6.359872981078000e+02 -7.500000000000000e+02  7.500000000000000e+02	0.000000000000000e+00 0.000000000000000e+00 0.000000000000000e+00	1.000000000000000e+00	661	1	103
104	-6.359872981078000e+02 -7.500000000000000e+02 -1.159425144917000e+02	0.000000000000000e+00 0.000000000000000e+00 0.000000000000000e+00	7.500000000000000e-01	661	1	104
105	-5.953674709249000e+02 -7.500000000000000e+02  5.829785587824000e+02	-7.392970000000000e-05  2.157490000000000e-04  0.000000000000000e+00	1.000000000000000e+00	105	1	105
106	 7.500000000000000e+02 -7.500000000000000e+02  5.829785587824000e+02	0.000000000000000e+00 0.000000000000000e+00 0.000000000000000e+00	1.000000000000000e+00	105	1	106
107	7.500000000000000e+02 2.467065473980000e+01 5.829785587824000e+02	 1.973500000000000e-06 -5.186900000000000e-06  0.000000000000000e+00	1.000000000000000e+00	105	1	107
108	-2.097895555230000e+02  6.910882722200000e+02 -4.164132562731000e+02	-7.207802402343749e-05  0.000000000000000e+00  0.000000000000000e+00	2.373046875000000e-01	8058	0	108
112	 6.715659132105001e+02  1.375838741722000e+02 -5.930872561413000e+02	 1.176000000000000e-07 -2.036000000000000e-07 -2.593500000000000e-06	1.000000000000000e+00	0	0	112
113	 5.139482588810000e+02 -6.242676051800000e+00  2.286190426598000e+02	-1.808260000000000e-05  1.984900000000000e-06  0.000000000000000e+00	1.000000000000000e+00	8058	0	113
114	 2.990311971091000e+02  6.853876756008000e+02 -4.262112152443000e+02	-5.700000000000001e-09 -3.860000000000000e-08  0.000000000000000e+00	1.000000000000000e+00	646	0	114
116	-5.782909557319000e+02  1.419248945080000e+02 -1.159425144917000e+02	-8.165300000000000e-06 -2.482600000000000e-06  0.000000000000000e+00	1.000000000000000e+00	661	0	116
117	-4.257275740413000e+02  2.979308106861000e+02 -4.164132562731000e+02	 5.561000000000001e-07 -4.571000000000000e-07  0.000000000000000e+00	1.000000000000000e+00	8058	0	117
118	-6.421308873058000e+02 -1.587288715184000e+02  1.077775486825000e+02	-1.003341000000000e-04 -2.161300000000000e-06  0.000000000000000e+00	1.000000000000000e+00	23	0	118
119	-1.572075978251000e+02  7.946806450000000e-02 -1.894272067752000e+02	-2.785000000000000e-07  2.153000000000000e-07  0.000000000000000e+00	1.000000000000000e+00	27	0	119
122	-5.466998703650000e+02 -6.663197211374001e+02  3.797297720240000e+02	-2.133700000000000e-06 -3.695700000000000e-06 -2.030510000000000e-05	1.000000000000000e+00	491	0	122
123	 1.455997942428000e+02 -5.778117930231000e+02  7.443395807930000e+02	 4.100000000000000e-09 -7.100000000000000e-09  1.556000000000000e-07	1.000000000000000e+00	729	0	123
126	-7.301364472860000e+01 -1.144119920000000e-02  1.518683640526000e+02	-8.850000000000000e-08 -3.850000000000000e-08  0.000000000000000e+00	1.000000000000000e+00	8058	0	126
127	-2.080125937704000e+02  3.403479836873000e+02 -7.340066216549001e+02	 1.192900000000000e-06  0.000000000000000e+00 -2.032000000000000e-06	1.000000000000000e+00	8058	0	127
128	 5.325396089538000e+02 -3.697242426956000e+02 -2.718243505386000e+02	8.450000000000001e-08 1.464000000000000e-07 4.478800000000000e-06	1.000000000000000e+00	8058	0	128
130	-3.332360273185000e+02  5.829459083824000e+02 -6.793251553319001e+02	-6.009500000000000e-06 -1.156560000000000e-05  0.000000000000000e+00	1.000000000000000e+00	8058	0	130
131	5.297758755616001e+02 1.495045693488000e+02 1.469693845670000e+01	1.027784000000000e-04 1.476800000000000e-06 0.000000000000000e+00	1.000000000000000e+00	5009	0	131
132	-4.739551496720000e+01  6.910882722200000e+02 -5.576169666310000e+02	-2.529240000000000e-05  0.000000000000000e+00 -3.705840000000000e-05	1.000000000000000e+00	8058	0	132
133	-3.447263660012000e+02  6.910882722200000e+02  1.559915849321000e+02	-2.635410937500000e-06  0.000000000000000e+00  1.126448437500000e-06	4.218750000000000e-01	8058	0	133
134	 3.684059801402000e+02 -1.682933614019000e+02  9.471360338760000e+01	 6.272500000000001e-06 -4.705600000000000e-06  0.000000000000000e+00	1.000000000000000e+00	8058	0	134
136	3.668694492803000e+02 2.330472042387000e+02 3.592584956082000e+02	1.299379500000000e-04 3.457102500000000e-05 0.000000000000000e+00	7.500000000000000e-01	8058	0	136
137	 1.590931281835000e+02  3.826642051200000e+01 -7.307985907500000e+01	 9.348900000000000e-06  1.619270000000000e-05 -2.314510000000000e-05	1.000000000000000e+00	8058	0	137
139	 6.777045908820000e+02 -6.032653446354000e+02  3.272734334000000e+00	 1.514000000000000e-07  2.621000000000000e-07 -2.417800000000000e-06	1.000000000000000e+00	97	0	139
141	 2.396536258592000e+02 -2.607370524544000e+02  5.829785587824000e+02	 1.457940000000000e-05 -2.519150000000000e-05  0.000000000000000e+00	1.000000000000000e+00	105	0	141
143	 5.701505784078000e+02  3.132403867172000e+02 -6.182581823728000e+02	 1.307000000000000e-07 -2.264000000000000e-07 -1.730300000000000e-06	1.000000000000000e+00	0	0	143
144	 4.840093216968000e+02 -3.767505791654000e+02  2.286190426598000e+02	-4.669080000000000e-05  3.988000000000000e-06  0.000000000000000e+00	1.000000000000000e+00	8058	0	144
146	 5.245212277999000e+02  6.530762926528000e+02 -4.262112152443000e+02	1.360000000000000e-08 9.500000000000000e-08 0.000000000000000e+00	1.000000000000000e+00	646	0	146
147	 7.250847232690001e+01  7.226665581589000e+02 -4.262112152443000e+02	2.160000000000000e-07 8.493000000000001e-07 0.000000000000000e+00	1.000000000000000e+00	646	0	147
150	-7.500000000000000e+02 -2.078902749475000e+02 -1.159425144917000e+02	 1.830630000000000e-05 -1.719400000000000e-06  0.000000000000000e+00	1.000000000000000e+00	661	1	150
151	-2.365266702054000e+02  4.505366634470000e+02 -1.159425144917000e+02	-2.553500000000000e-06  3.579900000000000e-06  0.000000000000000e+00	1.000000000000000e+00	661	0	151
152	-5.877692759965000e+02  1.014713922334000e+02 -4.164132562731000e+02	 5.310000000000000e-07 -4.381000000000000e-07  0.000000000000000e+00	1.000000000000000e+00	8058	0	152
153	-6.336601789687001e+02 -6.148852001982000e+02  1.077775486825000e+02	-1.546419000000000e-04 -7.905000000000000e-07  0.000000000000000e+00	1.000000000000000e+00	23	0	153
154	-6.394803501973000e+02  3.321945647720000e+02  1.077775486825000e+02	-4.206610000000000e-05  1.329500000000000e-06  0.000000000000000e+00	1.000000000000000e+00	23	0	154
155	-4.469747072421000e+02 -3.749179752989000e+02 -1.894272067752000e+02	-2.544000000000000e-07  1.965000000000000e-07  0.000000000000000e+00	1.000000000000000e+00	27	0	155
156	 1.326150432930000e+02  3.750339253567000e+02 -1.894272067752000e+02	-1.381000000000000e-07  1.067000000000000e-07  0.000000000000000e+00	1.000000000000000e+00	27	0	156
159	-5.950127018922000e+02 -7.500000000000000e+02  2.319245755897000e+02	-1.087540000000000e-05 -1.883680000000000e-05  3.313100000000000e-06	1.000000000000000e+00	491	1	159
160	-4.484098860236000e+02 -4.960764743829000e+02  5.401306889913001e+02	 5.813400000000000e-06  1.006900000000000e-05 -1.569890000000000e-05	1.000000000000000e+00	491	0	160
161	 9.393055893650001e+01 -4.883180522843000e+02  7.500000000000000e+02	 4.200000000000000e-09 -7.300000000000000e-09  1.529000000000000e-07	1.000000000000000e+00	729	1	161
162	 1.965553920513000e+02 -6.660694773574000e+02  7.391902142603001e+02	 3.000000000000000e-09 -5.100000000000000e-09  1.315000000000000e-07	1.000000000000000e+00	729	0	162
164	5.224639195183000e+02 5.448282604900000e+01 2.286190426598000e+02	-1.039570000000000e-05  1.428100000000000e-06  0.000000000000000e+00	1.000000000000000e+00	8058	0	164
167	 9.023140185730000e+01 -3.750579134163000e+02  1.518683640526000e+02	-3.362000000000000e-07 -1.465000000000000e-07  0.000000000000000e+00	1.000000000000000e+00	8058	0	167
168	-2.362312534374000e+02  3.750062937087000e+02  1.518683640526000e+02	5.970000000000000e-08 2.600000000000000e-08 0.000000000000000e+00	1.000000000000000e+00	8058	0	168
169	-4.953373820184000e+02  3.403479836873000e+02 -7.006301404205000e+02	-1.702000000000000e-07  0.000000000000000e+00 -2.003900000000000e-06	1.000000000000000e+00	8058	0	169
172	 6.453022963660001e+02 -1.744135388996000e+02 -2.790458087824000e+02	1.800000000000000e-07 3.118000000000000e-07 1.448360000000000e-05	1.000000000000000e+00	8058	0	172
174	 4.533990287717000e+02 -5.878563618722001e+02 -3.076891580531000e+02	-3.184730000000000e-05  5.516120000000000e-05  6.828330000000000e-05	1.000000000000000e+00	8058	0	174
177	 5.118550473554000e+02 -3.052432155566000e+02  1.469693845670000e+01	 3.708980000000000e-05 -3.418600000000000e-06  0.000000000000000e+00	1.000000000000000e+00	5009	0	177
179	 7.084909230400000e+00  6.910882722200000e+02 -6.020405524038000e+02	-1.243930000000000e-05  0.000000000000000e+00 -1.225450000000000e-05	1.000000000000000e+00	8058	0	179
181	 2.145805131168000e+02 -4.510003959410000e+02  9.471360338760000e+01	 1.512000000000000e-07 -7.510000000000000e-08  0.000000000000000e+00	1.000000000000000e+00	8058	0	181
183	 3.569145162719000e+02 -2.770005494531000e+02  3.592584956082000e+02	 5.995580000000000e-05 -1.584600000000000e-06  0.000000000000000e+00	1.000000000000000e+00	8058	0	183
185	-8.246929291150001e+01 -3.801319660239000e+02 -3.819279471272000e+02	 1.910800000000000e-06  3.309700000000000e-06 -9.647600000000001e-06	1.000000000000000e+00	8058	0	185
187	4.254067340993000e+02 7.500000000000000e+02 3.804874067123000e+02	-3.034000000000000e-07 -9.240000000000001e-08  0.000000000000000e+00	1.000000000000000e+00	8006	1	187
189	 6.312421262269000e+02 -6.837406940628000e+02 -8.404620729700000e+00	 1.697000000000000e-07  2.940000000000000e-07 -2.722900000000000e-06	1.000000000000000e+00	97	0	189
190	 7.226697492467000e+02 -5.253834057773000e+02  1.408757956300000e+01	 8.220000000000001e-08  1.423000000000000e-07 -1.382100000000000e-06	1.000000000000000e+00	97	0	190
191	-8.586314279280001e+01 -4.549776914141000e+02  5.829785587824000e+02	-6.087700000000000e-06  9.728600000000000e-06  0.000000000000000e+00	1.000000000000000e+00	105	0	191
192	 5.688215818707000e+02 -7.687670553770000e+01  5.829785587824000e+02	 3.119370000000000e-05 -5.014590000000000e-05  0.000000000000000e+00	1.000000000000000e+00	105	0	192
193	-2.658141437437000e+02  4.953758296312000e+02 -4.164132562731000e+02	-2.531868750000000e-06  1.336556250000000e-06  0.000000000000000e+00	5.625000000000000e-01	8058	0	193
194	-2.026376365389000e+02  6.910882722200000e+02 -4.172132379540000e+02	-8.367706796477884e-05  0.000000000000000e+00 -7.365147166471482e-05	2.375726401805878e-02	8058	0	194
195	-3.809734051631000e+02  6.910882722200000e+02 -1.828159050985000e+02	-2.464458000000000e-04  0.000000000000000e+00  1.894867000000000e-04	1.000000000000000e+00	8058	0	195
198	5.997734645146001e+02 5.677040888760000e+01 9.471360338760000e+01	 5.514900000000000e-06 -6.574900000000000e-06  0.000000000000000e+00	1.000000000000000e+00	8058	0	198
201	 5.169351961517000e+02  4.054121325288000e+02 -6.363215148746000e+02	 1.004000000000000e-07 -1.738000000000000e-07 -1.163800000000000e-06	1.000000000000000e+00	0	0	201
202	 4.613378121699000e+02 -5.767196453006001e+02  2.286190426598000e+02	-1.161293203125000e-05 -4.131316406250000e-07  0.000000000000000e+00	3.164062500000000e-01	8058	0	202
204	 6.372670291461001e+02  6.369262615222000e+02 -4.262112152443000e+02	2.360000000000000e-08 1.649000000000000e-07 0.000000000000000e+00	1.000000000000000e+00	646	0	204
205	-2.397908758470000e+01  7.500000000000000e+02 -4.262112152443000e+02	-8.950000000000000e-08 -3.158000000000000e-07  0.000000000000000e+00	1.000000000000000e+00	646	1	205
209	-7.774886346400000e+01  5.624029156804000e+02 -1.159425144917000e+02	-2.560500000000000e-06  3.750400000000000e-06  0.000000000000000e+00	1.000000000000000e+00	661	0	209
210	-6.688033919076000e+02  3.252842581100000e+00 -4.164132562731000e+02	 4.810000000000000e-07 -3.967000000000000e-07  0.000000000000000e+00	1.000000000000000e+00	8058	0	210
212	-6.292105445586001e+02  5.593202431773000e+02  1.077775486825000e+02	-1.362190000000000e-05  7.247000000000000e-07  0.000000000000000e+00	1.000000000000000e+00	23	0	212
213	-5.917760388554000e+02 -5.624801973723000e+02 -1.894272067752000e+02	-5.220000000000000e-08  4.040000000000000e-08  0.000000000000000e+00	1.000000000000000e+00	27	0	213
214	 2.775262030057000e+02  5.625112912066000e+02 -1.894272067752000e+02	-4.590000000000000e-08  3.550000000000000e-08  0.000000000000000e+00	1.000000000000000e+00	27	0	214
216	-3.997532208776000e+02 -4.118006582232000e+02  6.052242673691001e+02	 5.209600000000000e-06  9.023200000000000e-06 -1.643190000000000e-05	1.000000000000000e+00	491	0	216
221	 1.722580161809000e+02 -5.624910516295000e+02  1.518683640526000e+02	6.220000000000000e-08 2.790000000000000e-08 0.000000000000000e+00	1.000000000000000e+00	8058	0	221
222	-3.121581831101000e+02  5.640911532554001e+02  1.518683640526000e+02	-4.958000000000000e-07 -1.790000000000000e-07  0.000000000000000e+00	1.000000000000000e+00	8058	0	222
223	-6.345395081316000e+02  3.403479836873000e+02 -6.909694133924000e+02	-1.121000000000000e-07  0.000000000000000e+00 -2.075800000000000e-06	1.000000000000000e+00	8058	0	223
226	 7.014191500765000e+02 -7.721629711210001e+01 -2.815016917657000e+02	1.657000000000000e-07 2.870000000000000e-07 1.763460000000000e-05	1.000000000000000e+00	8058	0	226
228	 5.235812493103000e+02 -7.094155336330000e+02 -5.504407185353000e+02	-1.844000000000000e-06  3.193900000000000e-06 -4.384300000000001e-06	1.000000000000000e+00	8058	0	228
229	-5.025839554541000e+02  6.652263048293000e+02 -6.793251553319001e+02	-5.341600000000000e-06 -1.192380000000000e-05  0.000000000000000e+00	1.000000000000000e+00	8058	0	229
231	 4.867778559708000e+02 -5.371586038963001e+02  1.469693845670000e+01	 2.378700000000000e-06 -2.780000000000000e-07  0.000000000000000e+00	1.000000000000000e+00	5009	0	231
233	-4.690781826974000e+02  6.910882722200000e+02  4.367399770308000e+02	-8.777800000000001e-06  0.000000000000000e+00 -1.515000000000000e-06	1.000000000000000e+00	8058	0	233
234	 1.231697879242000e+02 -5.778179578417000e+02  9.471360338760000e+01	-1.022500000000000e-06  9.630999999999999e-07  0.000000000000000e+00	1.000000000000000e+00	8058	0	234
235	 3.452914397064000e+02 -5.359144764230000e+02  3.592584956082000e+02	 2.491740000000000e-05 -1.673100000000000e-06  0.000000000000000e+00	1.000000000000000e+00	8058	0	235
237	-2.086927191192000e+02 -5.987573533212001e+02 -4.619624300753000e+02	-2.000000000000000e-08 -3.460000000000000e-08  1.953000000000000e-07	1.000000000000000e+00	8058	0	237
238	4.302314854906000e+02 5.078918312486000e+02 5.026898320591000e+02	 2.813770000000000e-05  4.873590000000000e-05 -1.175184000000000e-04	1.000000000000000e+00	8058	0	238
241	-2.463872733454000e+02 -5.589587418795001e+02  5.829785587824000e+02	-1.648710000000000e-05  2.472090000000000e-05  0.000000000000000e+00	1.000000000000000e+00	105	0	241
242	7.112507691760001e+02 9.927764923400000e+00 5.829785587824000e+02	 1.551580000000000e-05 -2.790030000000000e-05  0.000000000000000e+00	1.000000000000000e+00	105	0	242
243	-2.216961961438000e+02  6.049740315488000e+02 -4.164132562731000e+02	 7.506101513671875e-06 -1.016826855468750e-06  0.000000000000000e+00	1.779785156250000e-01	8058	0	243
246	 7.169514989689001e+02  5.897373370740000e+01 -5.855025261031000e+02	 1.181000000000000e-07 -2.045000000000000e-07 -2.877400000000000e-06	1.000000000000000e+00	0	0	246
247	 6.219885579596000e+02  2.234543723718000e+02 -6.039045368853000e+02	 1.318000000000000e-07 -2.284000000000000e-07 -2.208600000000000e-06	1.000000000000000e+00	0	0	247
248	 4.967800961105000e+02 -1.954212088190000e+02  2.286190426598000e+02	-4.991230000000000e-05  3.568400000000000e-06  0.000000000000000e+00	1.000000000000000e+00	8058	0	248
249	5.483018105580001e+02 1.793337120524000e+02 2.286190426598000e+02	 1.694000000000000e-07 -5.310000000000000e-08  0.000000000000000e+00	1.000000000000000e+00	8058	0	249
250	 4.117756253461000e+02  6.692277741805000e+02 -4.262112152443000e+02	2.600000000000000e-09 1.810000000000000e-08 0.000000000000000e+00	1.000000000000000e+00	646	0	250
251	 1.864159662200000e+02  7.024326113428000e+02 -4.262112152443000e+02	1.230000000000000e-08 6.990000000000000e-08 0.000000000000000e+00	1.000000000000000e+00	646	0	251
254	-7.039264890588000e+02 -6.869919591200001e+01 -1.159425144917000e+02	-6.003100000000000e-06  6.164400000000001e-06  0.000000000000000e+00	1.000000000000000e+00	661	0	254
255	-4.009870115929000e+02  3.203442595857000e+02 -1.159425144917000e+02	-3.280400000000000e-06 -1.656700000000000e-06  0.000000000000000e+00	1.000000000000000e+00	661	0	255
256	-5.067423891821000e+02  1.996959173079000e+02 -4.164132562731000e+02	 5.599000000000000e-07 -4.618000000000000e-07  0.000000000000000e+00	1.000000000000000e+00	8058	0	256
257	-3.450335751998000e+02  3.962436450368000e+02 -4.164132562731000e+02	 2.900812500000000e-07 -2.382750000000000e-07  0.000000000000000e+00	5.625000000000000e-01	8058	0	257
258	-6.364320620419001e+02 -4.259268749510000e+02  1.077775486825000e+02	-1.297435000000000e-04 -1.912100000000000e-06  0.000000000000000e+00	1.000000000000000e+00	23	0	258
259	-6.442867497124000e+02  8.890604045140000e+01  1.077775486825000e+02	-7.239430000000001e-05  4.755000000000000e-07  0.000000000000000e+00	1.000000000000000e+00	23	0	259
260	-3.021195470547000e+02 -1.873973078993000e+02 -1.894272067752000e+02	-3.398000000000000e-07  2.626000000000000e-07  0.000000000000000e+00	1.000000000000000e+00	27	0	260
261	-1.228707376830000e+01  1.875495786890000e+02 -1.894272067752000e+02	-1.793000000000000e-07  1.386000000000000e-07  0.000000000000000e+00	1.000000000000000e+00	27	0	261
262	-5.856143234205000e+02 -7.337215309783001e+02  2.789312652865000e+02	 1.419000000000000e-07  2.458000000000000e-07 -8.891400000000001e-06	1.000000000000000e+00	491	0	262
263	-4.958963812978000e+02 -5.783254968711000e+02  4.699586780315000e+02	 4.543300000000000e-06  7.869300000000001e-06 -1.290830000000000e-05	1.000000000000000e+00	491	0	263
268	 8.623442256500001e+00 -1.875283026811000e+02  1.518683640526000e+02	-1.684000000000000e-07 -7.330000000000000e-08  0.000000000000000e+00	1.000000000000000e+00	8058	0	268
269	-1.545850383688000e+02  1.875137065715000e+02  1.518683640526000e+02	7.880000000000000e-08 3.430000000000000e-08 0.000000000000000e+00	1.000000000000000e+00	8058	0	269
270	-3.566744978089000e+02  3.403479836873000e+02 -7.145318490675000e+02	-3.171000000000000e-07  0.000000000000000e+00 -2.748700000000000e-06	1.000000000000000e+00	8058	0	270
273	 5.891801339903001e+02 -2.716199755650000e+02 -2.758819649426000e+02	1.610000000000000e-07 2.788000000000000e-07 1.017920000000000e-05	1.000000000000000e+00	8058	0	273
274	 4.499559624973000e+02 -5.818927961510000e+02  1.477520910545000e+02	-1.691120000000000e-05  2.929110000000000e-05  6.815200000000000e-06	1.000000000000000e+00	8058	0	274
277	 5.470127018922000e+02 -7.500000000000000e+02 -6.793251553319001e+02	0.000000000000000e+00 0.000000000000000e+00 0.000000000000000e+00	1.000000000000000e+00	8058	1	277
278	 5.314258887180000e+02 -5.739535855990000e+01  1.469693845670000e+01	 7.326110000000001e-05 -2.725700000000000e-06  0.000000000000000e+00	1.000000000000000e+00	5009	0	278
279	5.280674851631001e+02 4.068907962247000e+02 1.469693845670000e+01	 1.204990000000000e-04 -4.057100000000001e-06  0.000000000000000e+00	1.000000000000000e+00	5009	0	279
281	-4.041234190139000e+02  6.910882722200000e+02  1.132044746495000e+02	-3.293000000000000e-07  0.000000000000000e+00  1.616970000000000e-05	1.000000000000000e+00	8058	0	281
282	 2.827193551196000e+02 -3.038404722574000e+02  9.471360338760000e+01	 4.242800000000000e-06 -2.296800000000000e-06  0.000000000000000e+00	1.000000000000000e+00	8058	0	282
283	 4.714755987577000e+02 -5.286615623990000e+01  9.471360338760000e+01	 4.290100000000000e-06 -4.723100000000001e-06  0.000000000000000e+00	1.000000000000000e+00	8058	0	283
284	 3.637535639972000e+02 -8.802789388700001e+00  3.592584956082000e+02	 9.616950000000000e-05 -2.258500000000000e-06  0.000000000000000e+00	1.000000000000000e+00	8058	0	284
286	 4.561879952350000e+01 -1.582768820819000e+02 -2.595917398989000e+02	 7.780800000000000e-06  1.347680000000000e-05 -2.455680000000000e-05	1.000000000000000e+00	8058	0	286
287	2.518870690104000e+02 1.989902406587000e+02 1.021126971352000e+02	 1.371050000000000e-05  2.374720000000000e-05 -3.307560000000000e-05	1.000000000000000e+00	8058	0	287
290	 7.692433607160001e+01 -3.570359164538000e+02  5.829785587824000e+02	 4.822100000000000e-06 -8.103800000000000e-06  0.000000000000000e+00	1.000000000000000e+00	105	0	290
291	 4.054932075092000e+02 -1.686455280229000e+02  5.829785587824000e+02	 1.874920000000000e-05 -3.537050000000000e-05  0.000000000000000e+00	1.000000000000000e+00	105	0	291
292	 4.645437144006000e+02 -6.071595236158000e+02  2.286190426598000e+02	-1.424461617279053e-05  2.467239992866516e-05  0.000000000000000e+00	7.508468627929688e-02	8058	0	292
297	-3.115137262400000e+00  6.103342982698000e+02 -1.159425144917000e+02	-8.939000000000000e-07  1.337100000000000e-06  0.000000000000000e+00	1.000000000000000e+00	661	0	297
298	-7.093056848089001e+02 -4.586875123760000e+01 -4.164132562731000e+02	 4.918000000000000e-07 -4.062000000000000e-07  0.000000000000000e+00	1.000000000000000e+00	8058	0	298
300	-6.220658771653000e+02  6.680646512179001e+02  1.077775486825000e+02	-2.206000000000000e-07 -4.740000000000000e-08  0.000000000000000e+00	1.000000000000000e+00	23	0	300
301	-6.642587071317000e+02 -6.561979734786000e+02 -1.894272067752000e+02	-1.549000000000000e-07  1.197000000000000e-07  0.000000000000000e+00	1.000000000000000e+00	27	0	301
302	 3.499715735918000e+02  6.562578687782001e+02 -1.894272067752000e+02	-4.030000000000000e-08  3.120000000000000e-08  0.000000000000000e+00	1.000000000000000e+00	27	0	302
305	 2.138415833998000e+02 -6.561329325752000e+02  1.518683640526000e+02	3.889000000000000e-07 1.848000000000000e-07 0.000000000000000e+00	1.000000000000000e+00	8058	0	305
306	-3.516317932432000e+02  6.910882722200000e+02  1.518683640526000e+02	-6.084562500000000e-07 -1.535625000000000e-07 -7.194375000000001e-08	5.625000000000000e-01	8058	0	306
307	-7.048198490533000e+02  3.403479836873000e+02 -6.877372932346000e+02	-7.770000000000000e-08  0.000000000000000e+00 -2.102900000000000e-06	1.000000000000000e+00	8058	0	307
313	 4.748965148528000e+02 -6.438624636044000e+02  1.469693845670000e+01	-5.053300000000000e-06  8.403000000000000e-07  0.000000000000000e+00	1.000000000000000e+00	5009	0	313
314	5.625155386545000e+02 6.431020477289001e+02 1.469693845670000e+01	 1.100089000000000e-04 -3.537650000000000e-05  0.000000000000000e+00	1.000000000000000e+00	5009	0	314
315	-5.039725983034000e+02  6.910882722200000e+02  4.789246111547000e+02	 1.803200000000000e-06  0.000000000000000e+00 -1.176540000000000e-05	1.000000000000000e+00	8058	0	315
316	 5.858994908460000e+01 -6.431210903275000e+02  9.471360338760000e+01	-8.710000000000000e-07  9.259000000000000e-07  0.000000000000000e+00	1.000000000000000e+00	8058	0	316
317	 3.353877026209000e+02 -6.550306918227001e+02  3.592584956082000e+02	 9.213800000000000e-06 -9.370000000000000e-07  0.000000000000000e+00	1.000000000000000e+00	8058	0	317
319	-2.677099346329000e+02 -7.009781691121000e+02 -4.809942353230000e+02	-7.100000000000000e-09 -1.240000000000000e-08  1.223000000000000e-07	1.000000000000000e+00	8058	0	319
320	4.847026489733000e+02 6.022386539481000e+02 5.491587698727000e+02	 2.000010000000000e-05  3.464120000000000e-05 -1.360169000000000e-04	1.000000000000000e+00	8058	0	320
322	4.854200508832000e+02 5.735550400404001e+02 3.804874067123000e+02	2.921300000000000e-06 1.124500000000000e-06 0.000000000000000e+00	1.000000000000000e+00	8006	0	322
323	-3.250027832038000e+02 -6.118685284620000e+02  5.829785587824000e+02	-2.119140000000000e-05  3.193710000000000e-05  0.000000000000000e+00	1.000000000000000e+00	105	0	323
328	 5.042592570779000e+02 -1.021865851437000e+02  2.286190426598000e+02	-3.318580000000000e-05  2.935000000000000e-06  0.000000000000000e+00	1.000000000000000e+00	8058	0	328
332	-6.586554647005000e+02  2.105009049500000e+01 -1.159425144917000e+02	-1.853650000000000e-05 -1.280000000000000e-05  0.000000000000000e+00	1.000000000000000e+00	661	0	332
333	-4.839524095007000e+02  2.453828167399000e+02 -1.159425144917000e+02	5.791500000000000e-06 6.154800000000000e-06 0.000000000000000e+00	1.000000000000000e+00	661	0	333
334	-4.662322385557000e+02  2.488109044596000e+02 -4.164132562731000e+02	 5.661000000000001e-07 -4.669000000000000e-07  0.000000000000000e+00	1.000000000000000e+00	8058	0	334
335	-3.854228622864000e+02  3.471221228599000e+02 -4.164132562731000e+02	 3.189375000000000e-07 -2.617875000000000e-07  0.000000000000000e+00	5.625000000000000e-01	8058	0	335
336	-6.389028452385000e+02 -2.980676254724000e+02  1.077775486825000e+02	-1.149616000000000e-04 -2.471300000000000e-06  0.000000000000000e+00	1.000000000000000e+00	23	0	336
337	-6.441521211102000e+02 -3.319415669400000e+01  1.077775486825000e+02	-8.690060000000000e-05 -7.830000000000001e-07  0.000000000000000e+00	1.000000000000000e+00	23	0	337
338	-2.296714827072000e+02 -9.365280212680000e+01 -1.894272067752000e+02	-3.334000000000000e-07  2.577000000000000e-07  0.000000000000000e+00	1.000000000000000e+00	27	0	338
339	-8.474115330780000e+01  9.380974498000000e+01 -1.894272067752000e+02	-2.087000000000000e-07  1.613000000000000e-07  0.000000000000000e+00	1.000000000000000e+00	27	0	339
342	-3.220458922610000e+01 -9.377400419970000e+01  1.518683640526000e+02	-1.525000000000000e-07 -6.640000000000000e-08  0.000000000000000e+00	1.000000000000000e+00	8058	0	342
343	-1.137942374316000e+02  9.375335609000000e+01  1.518683640526000e+02	3.200000000000000e-09 1.400000000000000e-09 0.000000000000000e+00	1.000000000000000e+00	8058	0	343
344	-2.841186970197000e+02  3.403479836873000e+02 -7.236790966522000e+02	-5.204000000000000e-07  0.000000000000000e+00 -3.849300000000000e-06	1.000000000000000e+00	8058	0	344
346	 4.300000000000000e+02 -5.473280551918000e+02 -1.496480299100000e+00	0.000000000000000e+00 0.000000000000000e+00 0.000000000000000e+00	1.000000000000000e+00	8058	0	346
349	-1.656813323261000e+02  4.844222775174000e+02 -6.793251553319001e+02	 2.080331542968750e-06 -3.603258105468750e-06  0.000000000000000e+00	2.373046875000000e-01	8058	0	349
350	5.325952188426000e+02 2.565092016760000e+01 1.469693845670000e+01	8.782460000000001e-05 1.950000000000000e-07 0.000000000000000e+00	1.000000000000000e+00	5009	0	350
351	5.280966368685000e+02 3.006691198756000e+02 1.469693845670000e+01	1.199815000000000e-04 9.739000000000001e-07 0.000000000000000e+00	1.000000000000000e+00	5009	0	351
352	-4.107182032629000e+02  6.910882722200000e+02  3.592584956082000e+02	-1.145920000000000e-05  0.000000000000000e+00  0.000000000000000e+00	1.000000000000000e+00	8058	0	352
354	 3.232560448889000e+02 -2.340551455901000e+02  9.471360338760000e+01	 5.942600000000000e-06 -3.776100000000000e-06  0.000000000000000e+00	1.000000000000000e+00	8058	0	354
355	 4.176250588321000e+02 -1.077898650687000e+02  9.471360338760000e+01	 5.501500000000001e-06 -4.884100000000000e-06  0.000000000000000e+00	1.000000000000000e+00	8058	0	355
356	3.658317505208000e+02 9.928324193620000e+01 3.592584956082000e+02	 1.141833000000000e-04 -2.162700000000000e-06  0.000000000000000e+00	1.000000000000000e+00	8058	0	356
358	 1.048306731518000e+02 -5.571890854640000e+01 -1.738012650738000e+02	 7.542100000000000e-06  1.306330000000000e-05 -2.167800000000000e-05	1.000000000000000e+00	8058	0	358
359	2.070725889401000e+02 1.213692842621000e+02 2.046527600160000e+01	 1.284920000000000e-05  2.225550000000000e-05 -2.508570000000000e-05	1.000000000000000e+00	8058	0	359
362	 1.582505183618000e+02 -3.086770171103000e+02  5.829785587824000e+02	 1.015190000000000e-05 -1.716300000000000e-05  0.000000000000000e+00	1.000000000000000e+00	105	0	362
363	 3.216848386935000e+02 -2.140898725741000e+02  5.829785587824000e+02	 1.813890000000000e-05 -3.267280000000000e-05  0.000000000000000e+00	1.000000000000000e+00	105	0	363
364	 4.754191337498000e+02 -4.633671274154000e+02  2.286190426598000e+02	-3.216280000000000e-05  3.536500000000000e-06  0.000000000000000e+00	1.000000000000000e+00	8058	0	364
365	 4.908211168910000e+02 -2.871485805635000e+02  2.286190426598000e+02	-5.668230000000000e-05  3.966700000000000e-06  0.000000000000000e+00	1.000000000000000e+00	8058	0	365
367	5.884742895806000e+02 2.680392886508000e+02 2.286190426598000e+02	-1.034000000000000e-07  5.090000000000000e-08  0.000000000000000e+00	1.000000000000000e+00	8058	0	367
373	-7.488749392200000e+02 -1.959120053093000e+02 -1.159425144917000e+02	-2.138250000000000e-07  5.373000000000000e-07  0.000000000000000e+00	7.500000000000000e-01	661	0	373
374	-1.579239827751000e+02  5.077459043681000e+02 -1.159425144917000e+02	-2.916600000000000e-06  4.151800000000000e-06  0.000000000000000e+00	1.000000000000000e+00	661	0	374
375	-3.156716019415000e+02  3.897719083810000e+02 -1.159425144917000e+02	-2.228900000000000e-06  2.288400000000000e-06  0.000000000000000e+00	1.000000000000000e+00	661	0	375
376	-6.282858061932001e+02  5.236166850270000e+01 -4.164132562731000e+02	 5.081000000000001e-07 -4.192000000000000e-07  0.000000000000000e+00	1.000000000000000e+00	8058	0	376
377	-5.472548582223001e+02  1.505828506223000e+02 -4.164132562731000e+02	 5.480000000000000e-07 -4.520000000000000e-07  0.000000000000000e+00	1.000000000000000e+00	8058	0	377
378	-6.363691016935001e+02 -6.683905102745000e+02  1.077775486825000e+02	-1.447417000000000e-04  1.875520000000000e-05  0.000000000000000e+00	1.000000000000000e+00	23	0	378
379	-6.351378372924000e+02 -5.334523241430001e+02  1.077775486825000e+02	-1.439887000000000e-04 -2.167100000000000e-06  0.000000000000000e+00	1.000000000000000e+00	23	0	379
380	-6.346046171384000e+02  4.465886884819000e+02  1.077775486825000e+02	-2.790850000000000e-05  1.250900000000000e-06  0.000000000000000e+00	1.000000000000000e+00	23	0	380
381	-6.424521129546000e+02  2.126019242337000e+02  1.077775486825000e+02	-5.700760000000000e-05  1.298100000000000e-06  0.000000000000000e+00	1.000000000000000e+00	23	0	381
382	-5.193739291555000e+02 -4.687002107736000e+02 -1.894272067752000e+02	-1.486000000000000e-07  1.147000000000000e-07  0.000000000000000e+00	1.000000000000000e+00	27	0	382
383	-3.745538501195000e+02 -2.811524477194000e+02 -1.894272067752000e+02	-3.112000000000000e-07  2.404000000000000e-07  0.000000000000000e+00	1.000000000000000e+00	27	0	383
384	 2.050685074642000e+02  4.687742439093000e+02 -1.894272067752000e+02	-9.740000000000000e-08  7.530000000000001e-08  0.000000000000000e+00	1.000000000000000e+00	27	0	384
385	 6.016321840610000e+01  2.812923437438000e+02 -1.894272067752000e+02	-1.654000000000000e-07  1.278000000000000e-07  0.000000000000000e+00	1.000000000000000e+00	27	0	385
388	5.488701375872000e+02 1.549754919030000e+01 9.471360338760000e+01	 5.681400000000000e-06 -6.740700000000001e-06  0.000000000000000e+00	1.000000000000000e+00	8058	0	388
390	 1.311507554000000e+02 -4.688157171498000e+02  1.518683640526000e+02	-3.808000000000000e-07 -1.666000000000000e-07  0.000000000000000e+00	1.000000000000000e+00	8058	0	390
391	 4.944490223940000e+01 -2.812854482340000e+02  1.518683640526000e+02	-2.067000000000000e-07 -8.990000000000000e-08  0.000000000000000e+00	1.000000000000000e+00	8058	0	391
392	-2.772642804148000e+02  4.686560270329000e+02  1.518683640526000e+02	3.560000000000000e-08 1.720000000000000e-08 0.000000000000000e+00	1.000000000000000e+00	8058	0	392
393	-1.953912450575000e+02  2.812673597452000e+02  1.518683640526000e+02	1.137000000000000e-07 4.950000000000000e-08 0.000000000000000e+00	1.000000000000000e+00	8058	0	393
394	-5.642629591762001e+02  3.403479836873000e+02 -6.953104394540001e+02	-1.419000000000000e-07  0.000000000000000e+00 -2.031500000000000e-06	1.000000000000000e+00	8058	0	394
395	-4.271260886588000e+02  3.403479836873000e+02 -7.069261044988000e+02	-2.119000000000000e-07  0.000000000000000e+00 -2.128100000000000e-06	1.000000000000000e+00	8058	0	395
400	 5.068769413679000e+02 -6.804828235715000e+02 -4.806064518944000e+02	-1.087020000000000e-05  1.882770000000000e-05  2.448250000000000e-05	1.000000000000000e+00	8058	0	400
401	 4.331299593506000e+02 -5.527493038126000e+02 -2.634329911332000e+02	-4.924518750000000e-06  8.529525000000000e-06  4.869112500000000e-06	5.625000000000000e-01	8058	0	401
402	-4.628337103146000e+02  6.470482218178000e+02 -6.793251553319001e+02	-6.211900000000001e-06 -1.341260000000000e-05  0.000000000000000e+00	1.000000000000000e+00	8058	0	402
403	-3.940937605656000e+02  6.140149156178001e+02 -6.793251553319001e+02	-7.834599999999999e-06 -1.588760000000000e-05  0.000000000000000e+00	1.000000000000000e+00	8058	0	403
406	 4.992009482156000e+02 -4.291912617065000e+02  1.469693845670000e+01	 1.854050000000000e-05 -2.144700000000000e-06  0.000000000000000e+00	1.000000000000000e+00	5009	0	406
407	 5.231532065514000e+02 -1.662548259533000e+02  1.469693845670000e+01	 5.801150000000001e-05 -4.244100000000000e-06  0.000000000000000e+00	1.000000000000000e+00	5009	0	407
408	5.523574379522000e+02 6.009207661241001e+02 1.469693845670000e+01	 1.157950000000000e-04 -1.904520000000000e-05  0.000000000000000e+00	1.000000000000000e+00	5009	0	408
409	5.359859968512001e+02 5.008020538310000e+02 1.469693845670000e+01	 1.193622000000000e-04 -1.220200000000000e-05  0.000000000000000e+00	1.000000000000000e+00	5009	0	409
412	 1.664584194785000e+02 -5.266841785729000e+02  9.471360338760000e+01	-5.271000000000000e-07  3.982000000000000e-07  0.000000000000000e+00	1.000000000000000e+00	8058	0	412
413	 2.472778112694000e+02 -3.771914865033000e+02  9.471360338760000e+01	 7.957000000000001e-07 -3.710000000000000e-07  0.000000000000000e+00	1.000000000000000e+00	8058	0	413
414	 3.525382314873000e+02 -4.060083382327000e+02  3.592584956082000e+02	 4.215210000000000e-05 -1.846600000000000e-06  0.000000000000000e+00	1.000000000000000e+00	8058	0	414
415	 3.602015980733000e+02 -1.416233965557000e+02  3.592584956082000e+02	 7.951560000000000e-05 -1.763900000000000e-06  0.000000000000000e+00	1.000000000000000e+00	8058	0	415
416	-8.132625707990000e+01  6.910882722200000e+02  3.592584956082000e+02	0.000000000000000e+00 0.000000000000000e+00 0.000000000000000e+00	1.000000000000000e+00	8058	0	416
418	-1.457207989418000e+02 -4.896867881236000e+02 -4.280049551053000e+02	 1.059000000000000e-07  1.835000000000000e-07 -6.206000000000000e-07	1.000000000000000e+00	8058	0	418
419	-1.838903094760000e+01 -2.691416965402000e+02 -3.272434611510000e+02	 4.512100000000000e-06  7.815100000000001e-06 -1.875800000000000e-05	1.000000000000000e+00	8058	0	419
420	3.705005231658000e+02 4.044347697171000e+02 4.242106074243000e+02	-2.765230312500000e-05 -4.789517343750000e-05 -1.886711484375000e-04	4.218750000000000e-01	8058	0	420
424	4.523460104095000e+02 6.615431691038000e+02 3.804874067123000e+02	9.997999999999999e-07 3.402000000000000e-07 0.000000000000000e+00	1.000000000000000e+00	8006	0	424
426	-1.668117863490000e+02 -5.061440393844000e+02  5.829785587824000e+02	-1.143570000000000e-05  1.755590000000000e-05  0.000000000000000e+00	1.000000000000000e+00	105	0	426
427	-4.506587029100000e+00 -4.055738710294000e+02  5.829785587824000e+02	-6.653000000000000e-07  1.066000000000000e-06  0.000000000000000e+00	1.000000000000000e+00	105	0	427
428	 6.417181312888000e+02 -2.965868706750000e+01  5.829785587824000e+02	 2.739880000000000e-05 -4.339440000000000e-05  0.000000000000000e+00	1.000000000000000e+00	105	0	428
429	 4.904538737186000e+02 -1.249311324422000e+02  5.829785587824000e+02	 2.513660000000000e-05 -4.259390000000000e-05  0.000000000000000e+00	1.000000000000000e+00	105	0	429
430	-2.382031384148000e+02  5.498784780132000e+02 -4.164132562731000e+02	-5.130800000000000e-06  1.747300000000000e-06  0.000000000000000e+00	1.000000000000000e+00	8058	0	430
431	-3.046880969369000e+02  4.454014808139000e+02 -4.164132562731000e+02	 1.214437500000000e-07 -9.888750000000000e-08  0.000000000000000e+00	5.625000000000000e-01	8058	0	431
432	-2.252365140946000e+02  6.910882722200000e+02 -4.107111011709000e+02	-4.131050625000000e-05  0.000000000000000e+00  3.135892851562500e-05	3.164062500000000e-01	8058	0	432
433	-4.427988086075000e+02  6.910882722200000e+02 -1.387217924080000e+01	-6.711630000000001e-05  0.000000000000000e+00  6.654760000000000e-05	1.000000000000000e+00	8058	0	433
434	6.625494069757000e+02 1.115757374082000e+02 9.471360338760000e+01	 4.293400000000000e-06 -5.134000000000000e-06  0.000000000000000e+00	1.000000000000000e+00	8058	0	434
436	 4.902515275688000e+02  4.516296022468000e+02 -6.469934923960001e+02	 9.660000000000000e-08 -1.674000000000000e-07 -8.537000000000001e-07	1.000000000000000e+00	0	0	436
438	5.131580963734000e+02 6.515249345971000e+02 5.648209272042001e+02	 1.584570000000000e-05  2.744550000000000e-05 -1.427767000000000e-04	1.000000000000000e+00	8058	0	438
439	 1.319696526237000e+02 -8.712817235500001e+00 -1.252083354867000e+02	 6.999600000000000e-06  1.212370000000000e-05 -2.453220000000000e-05	1.000000000000000e+00	8058	0	439
440	 1.837720248239000e+02  8.101152336780001e+01 -2.464027171940000e+01	 1.167880000000000e-05  2.022840000000000e-05 -2.262960000000000e-05	1.000000000000000e+00	8058	0	440
441	-1.141483583612000e+02 -4.350017169191000e+02 -4.058196387779000e+02	 5.870000000000001e-07  1.016800000000000e-06 -3.170900000000000e-06	1.000000000000000e+00	8058	0	441
442	-5.051015140140000e+01 -3.247771091621000e+02 -3.561548824631000e+02	 3.156800000000000e-06  5.467700000000000e-06 -1.467210000000000e-05	1.000000000000000e+00	8058	0	442
444	5.700127018922000e+02 7.500000000000000e+02 3.592584956082000e+02	 0.000000000000000e+00 -0.000000000000000e+00  0.000000000000000e+00	1.000000000000000e+00	8058	1	444
445	-2.391573466765000e+02 -6.515236360840000e+02 -4.732033129958000e+02	-1.780000000000000e-08 -3.090000000000000e-08  2.325000000000000e-07	1.000000000000000e+00	8058	0	445
446	-1.773163326519000e+02 -5.444118578018000e+02 -4.468594323960000e+02	-3.000000000000000e-10 -6.000000000000000e-10  9.400000000000000e-09	1.000000000000000e+00	8058	0	446
447	4.568765712112000e+02 5.540424734888001e+02 5.285554081912001e+02	 2.542210000000000e-05  4.403240000000000e-05 -1.267294000000000e-04	1.000000000000000e+00	8058	0	447
448	4.036425365615000e+02 4.618384207835000e+02 4.694841987706000e+02	 3.516250000000000e-05  6.090330000000000e-05 -1.007771000000000e-04	1.000000000000000e+00	8058	0	448
449	 7.645184411840000e+01 -1.048724822915000e+02 -2.186245190855000e+02	 7.514600000000000e-06  1.301570000000000e-05 -2.104200000000000e-05	1.000000000000000e+00	8058	0	449
450	 1.362494841800000e+01 -2.136918577265000e+02 -2.949396429923000e+02	 6.253400000000000e-06  1.083120000000000e-05 -2.356150000000000e-05	1.000000000000000e+00	8058	0	450
451	2.300667411734000e+02 1.611963242071000e+02 6.339396457670000e+01	 1.343350000000000e-05  2.326740000000000e-05 -2.899890000000000e-05	1.000000000000000e+00	8058	0	451
452	2.746586883114000e+02 2.384318422586000e+02 1.405123834602000e+02	 1.484770000000000e-05  2.571700000000000e-05 -1.655870000000000e-05	1.000000000000000e+00	8058	0	452
453	 3.294288462235000e+02 -7.021875984233001e+02  3.592584956082000e+02	 2.816000000000000e-06 -3.690000000000000e-07  0.000000000000000e+00	1.000000000000000e+00	8058	0	453
455	-3.761075814662000e+02 -3.708452093851000e+02  6.333361276462000e+02	 4.767200000000000e-06  8.257000000000001e-06 -1.659290000000000e-05	1.000000000000000e+00	491	0	455
459	 3.408843521141000e+02 -5.957561869667001e+02  3.592584956082000e+02	 1.709690000000000e-05 -1.389600000000000e-06  0.000000000000000e+00	1.000000000000000e+00	8058	0	459
460	3.667494728419000e+02 1.493783414988000e+02 3.592584956082000e+02	 1.121702000000000e-04 -8.311000000000001e-07  0.000000000000000e+00	1.000000000000000e+00	8058	0	460
465	 4.263360704580000e+01  6.384127930971000e+02 -1.159425144917000e+02	 5.941000000000001e-07 -9.842000000000000e-07  0.000000000000000e+00	1.000000000000000e+00	661	0	465
468	-6.772494088727000e+02  8.357373214450000e+01  6.580962442277000e+02	-4.991691000000000e-04 -1.309742000000000e-04  0.000000000000000e+00	1.000000000000000e+00	1105	0	468
471	 3.491731893669000e+02 -4.736241940040000e+02  3.592584956082000e+02	 3.311470000000000e-05 -1.819800000000000e-06  0.000000000000000e+00	1.000000000000000e+00	8058	0	471
479	7.497530348125000e+02 5.715767664980000e+01 6.580962442277000e+02	 9.320695312500000e-07 -1.037591015625000e-06  0.000000000000000e+00	3.164062500000000e-01	1105	0	479
483	 5.061588654272000e+02 -3.694703290077000e+02  1.469693845670000e+01	 2.839300000000000e-05 -2.801600000000000e-06  0.000000000000000e+00	1.000000000000000e+00	5009	0	483
484	-5.692360066742000e+02  1.004074391993000e+02  6.580962442277000e+02	-1.437536000000000e-04 -9.688700000000001e-06  0.000000000000000e+00	1.000000000000000e+00	1105	0	484
486	-3.721289584699000e+02 -6.422658078843000e+02  5.829785587824000e+02	-2.325010000000000e-05  3.706170000000000e-05  0.000000000000000e+00	1.000000000000000e+00	105	0	486
487	5.233487001675001e+02 6.691755781284000e+02 2.286190426598000e+02	1.345954218750000e-05 2.331255937500000e-05 0.000000000000000e+00	4.218750000000000e-01	8058	0	487
488	 4.621161047220000e+02  5.003615841099000e+02 -6.602752079917000e+02	 1.215000000000000e-07 -2.104000000000000e-07 -9.663000000000000e-07	1.000000000000000e+00	0	0	488
490	5.045559145586000e+02 5.338031734598001e+02 3.804874067123000e+02	3.532100000000000e-06 2.254400000000000e-06 0.000000000000000e+00	1.000000000000000e+00	8006	0	490
491	-5.206564657965000e+02 -6.212112212227000e+02  4.293569733817000e+02	 1.192200000000000e-06  2.064900000000000e-06 -1.534110000000000e-05	1.000000000000000e+00	491	0	491
494	 8.104308551100001e+00 -6.863911867754000e+02  9.471360338760000e+01	 1.498300000000000e-06 -1.614000000000000e-06  0.000000000000000e+00	1.000000000000000e+00	8058	0	494
495	 5.177580549825000e+02 -2.438497197156000e+02  1.469693845670000e+01	 4.606470000000000e-05 -3.597400000000000e-06  0.000000000000000e+00	1.000000000000000e+00	5009	0	495
496	 3.418137322399000e+02 -7.000711514821000e+02  1.761980588800000e+00	1.425270000000000e-05 2.468647500000000e-05 1.519020000000000e-04	7.500000000000000e-01	8058	0	496
497	-4.718552188347000e+02 -5.366849820121000e+02  5.062909686376000e+02	 5.322100000000000e-06  9.218200000000001e-06 -1.465560000000000e-05	1.000000000000000e+00	491	0	497
499	 5.031848597804000e+02 -4.205681597073000e+02 -2.691548501634000e+02	1.240000000000000e-08 2.150000000000000e-08 5.221000000000000e-07	1.000000000000000e+00	8058	0	499
501	-4.935844401913000e+02  1.051825831730000e+02  6.580962442277000e+02	-1.487610000000000e-05  3.208700000000000e-06  0.000000000000000e+00	1.000000000000000e+00	1105	0	501
503	-4.245653260920000e+02  1.060794619377000e+02  6.580962442277000e+02	-2.685900000000000e-06  5.769800000000000e-06  0.000000000000000e+00	1.000000000000000e+00	1105	0	503
505	5.312499410809000e+02 1.199610394375000e+02 2.286190426598000e+02	-8.588000000000000e-07  9.400000000000001e-08  0.000000000000000e+00	1.000000000000000e+00	8058	0	505
507	-5.691930744512000e+02 -7.052790934396000e+02  3.276064580765000e+02	-1.054000000000000e-06 -1.825500000000000e-06 -1.625790000000000e-05	1.000000000000000e+00	491	0	507
512	 9.242105015210001e+01  6.678741227463000e+02 -1.159425144917000e+02	 2.451900000000000e-06 -4.258600000000000e-06  0.000000000000000e+00	1.000000000000000e+00	661	0	512
519	-3.549843025939000e+02  1.041352823734000e+02  6.580962442277000e+02	-6.766400000000000e-06  8.881300000000001e-06  0.000000000000000e+00	1.000000000000000e+00	1105	0	519
521	-5.942464838426000e+02 -7.486728714083000e+02  2.419851549278000e+02	 2.180250000000000e-07  3.776062500000000e-07 -9.733500000000000e-07	5.625000000000000e-01	491	0	521
523	 4.960644549920000e+01  6.910882722200000e+02 -6.308988915781000e+02	-2.890800000000000e-06  0.000000000000000e+00 -4.674700000000000e-06	1.000000000000000e+00	8058	0	523
527	5.293813978569000e+02 2.217911406591000e+02 1.469693845670000e+01	1.058882000000000e-04 1.266800000000000e-06 0.000000000000000e+00	1.000000000000000e+00	5009	0	527
529	-3.511827258751000e+02 -3.276740931300000e+02  6.597253962101000e+02	 3.592800000000000e-06  6.222900000000000e-06 -1.432740000000000e-05	1.000000000000000e+00	491	0	529
530	-5.360014025060000e+02  6.910882722200000e+02  5.158003510294000e+02	-2.814400000000000e-06  0.000000000000000e+00 -3.865100000000000e-06	1.000000000000000e+00	8058	0	530
531	5.376617500212000e+02 6.939665076862000e+02 5.744518931940000e+02	 1.031420000000000e-05  1.786470000000000e-05 -1.479655000000000e-04	1.000000000000000e+00	8058	0	531
535	 4.337505385970000e+02  5.494921858238000e+02 -6.747507529317000e+02	-2.087250000000000e-07  3.615750000000000e-07  6.135750000000001e-07	7.500000000000000e-01	0	0	535
537	-2.888197326396000e+02  9.994450743380000e+01  6.580962442277000e+02	-2.801900000000000e-06  1.179260000000000e-05  0.000000000000000e+00	1.000000000000000e+00	1105	0	537
538	-6.436137820902001e+02  1.517731210166000e+02  1.077775486825000e+02	-6.460820000000000e-05  9.392000000000000e-07  0.000000000000000e+00	1.000000000000000e+00	23	0	538
540	-7.101155472819000e+02 -6.578820268865001e+02 -1.159425144917000e+02	2.727300000000000e-06 4.921100000000000e-06 0.000000000000000e+00	1.000000000000000e+00	661	0	540
545	-2.253377585139000e+02  9.405572568020000e+01  6.580962442277000e+02	-3.071500000000000e-06  1.498150000000000e-05  0.000000000000000e+00	1.000000000000000e+00	1105	0	545
547	-6.405445423703001e+02 -2.266694348176000e+02  1.077775486825000e+02	-1.074253000000000e-04 -2.488400000000000e-06  0.000000000000000e+00	1.000000000000000e+00	23	0	547
553	5.311840442088001e+02 8.798393594240001e+01 1.469693845670000e+01	9.506050000000001e-05 2.164000000000000e-06 0.000000000000000e+00	1.000000000000000e+00	5009	0	553
560	-7.313648871542000e+02 -6.165057497509000e+02 -1.159425144917000e+02	3.262700000000000e-06 1.842200000000000e-06 0.000000000000000e+00	1.000000000000000e+00	661	0	560
566	-6.433702743766000e+02 -9.514289994680000e+01  1.077775486825000e+02	-9.375490000000001e-05 -1.524300000000000e-06  0.000000000000000e+00	1.000000000000000e+00	23	0	566
567	-6.444554441980000e+02  2.804369899920000e+01  1.077775486825000e+02	-7.977530000000001e-05 -1.051000000000000e-07  0.000000000000000e+00	1.000000000000000e+00	23	0	567
568	-1.612201971424000e+02  8.670399672800001e+01  6.580962442277000e+02	-1.994000000000000e-07  1.803260000000000e-05  0.000000000000000e+00	1.000000000000000e+00	1105	0	568
571	-5.349195281393000e+02  1.930639213268000e+02 -1.159425144917000e+02	1.577000000000000e-07 3.163500000000000e-06 0.000000000000000e+00	1.000000000000000e+00	661	0	571
572	-3.677367088559000e+02  6.910882722200000e+02  1.518683640526000e+02	 1.446400000000000e-06 -6.305000000000000e-07 -1.876800000000000e-06	1.000000000000000e+00	8058	0	572
582	-4.188091425145000e+02 -6.705236463405000e+02  5.829785587824000e+02	-2.471590000000000e-05  4.204640000000000e-05  0.000000000000000e+00	1.000000000000000e+00	105	0	582
583	-9.794793933080000e+01  7.858624080430000e+01  6.580962442277000e+02	2.788800000000000e-06 2.110630000000000e-05 0.000000000000000e+00	1.000000000000000e+00	1105	0	583
585	 4.048438854729000e+02  5.995599777116000e+02 -6.921836668174001e+02	-2.746700000000000e-06  4.757500000000000e-06 -1.319300000000000e-06	1.000000000000000e+00	0	0	585
589	 1.432508235386000e+02  6.964609098500000e+02 -1.159425144917000e+02	 4.196200000000000e-06 -7.723200000000001e-06  0.000000000000000e+00	1.000000000000000e+00	661	0	589
595	5.328597697982000e+02 4.916145807368000e+02 3.804874067123000e+02	3.762200000000000e-06 3.002100000000000e-06 0.000000000000000e+00	1.000000000000000e+00	8006	0	595
598	 9.610636435280000e+01  6.910882722200000e+02 -6.587425695161000e+02	-1.408700000000000e-06  0.000000000000000e+00 -2.424500000000000e-06	1.000000000000000e+00	8058	0	598
600	-3.586974138820000e+01  6.998335555080000e+01  6.580962442277000e+02	4.660700000000000e-06 2.439500000000000e-05 0.000000000000000e+00	1.000000000000000e+00	1105	0	600
602	-4.342425347991000e+02  6.910882722200000e+02  5.130213158190000e+01	-1.895940000000000e-05  0.000000000000000e+00  4.555520000000000e-05	1.000000000000000e+00	8058	0	602
610	-5.690612673393000e+02  6.910882722200000e+02  5.526094718334000e+02	-1.932400000000000e-06  0.000000000000000e+00 -2.412200000000000e-06	1.000000000000000e+00	8058	0	610
611	-6.376756977926000e+02 -3.600692507592000e+02  1.077775486825000e+02	-1.226006000000000e-04 -2.367400000000000e-06  0.000000000000000e+00	1.000000000000000e+00	23	0	611
615	 4.300000000000000e+02 -5.473280551918000e+02 -2.606506917860000e+02	0.000000000000000e+00 0.000000000000000e+00 0.000000000000000e+00	1.000000000000000e+00	8058	0	615
616	-3.251553165658000e+02 -2.825932978170000e+02  6.835903693329001e+02	 2.502100000000000e-06  4.333700000000001e-06 -1.162670000000000e-05	1.000000000000000e+00	491	0	616
618	2.461514343580000e+01 6.084879967710000e+01 6.580962442277000e+02	6.401400000000000e-06 2.778140000000000e-05 0.000000000000000e+00	1.000000000000000e+00	1105	0	618
620	 3.755079437248000e+02  6.503713193072000e+02 -7.066249892644000e+02	-5.256588784790039e-06  9.104678956604004e-06 -2.803421914672851e-06	7.508468627929688e-02	0	0	620
625	-6.182376876596001e+02  8.699784829320001e+01 -1.159425144917000e+02	-1.702930000000000e-05 -1.097570000000000e-05  0.000000000000000e+00	1.000000000000000e+00	661	0	625
627	 5.230516635039000e+02 -6.914127861498000e+02  2.286190426598000e+02	-5.911000000000000e-07  6.293600000000000e-06  0.000000000000000e+00	1.000000000000000e+00	8058	0	627
630	-3.333667044617000e+02  6.910882722200000e+02  1.807085037802000e+02	-5.273500000000000e-06  0.000000000000000e+00 -4.270000000000000e-07	1.000000000000000e+00	8058	0	630
631	8.365635507380000e+01 5.092839251440000e+01 6.580962442277000e+02	8.366400000000000e-06 3.121610000000000e-05 0.000000000000000e+00	1.000000000000000e+00	1105	0	631
639	 1.464901615902000e+02  6.910882722200000e+02 -6.848101185141001e+02	-6.983000000000001e-07  0.000000000000000e+00 -1.411000000000000e-06	1.000000000000000e+00	8058	0	639
646	 3.550390433331000e+02 -3.414283731212000e+02  3.592584956082000e+02	 5.085850000000000e-05 -1.704300000000000e-06  0.000000000000000e+00	1.000000000000000e+00	8058	0	646
647	 3.584770639303000e+02 -2.121202362593000e+02  3.592584956082000e+02	 6.877470000000000e-05 -1.670300000000000e-06  0.000000000000000e+00	1.000000000000000e+00	8058	0	647
655	 1.957793409233000e+02  7.238524761817000e+02 -1.159425144917000e+02	 5.185700000000000e-06 -1.052470000000000e-05  0.000000000000000e+00	1.000000000000000e+00	661	0	655
660	-4.664040431622000e+02 -6.977168124027000e+02  5.829785587824000e+02	-2.581430000000000e-05  4.733460000000000e-05  0.000000000000000e+00	1.000000000000000e+00	105	0	660
664	1.425118745017000e+02 3.974120649570000e+01 6.580962442277000e+02	9.220200000000000e-06 3.497210000000000e-05 0.000000000000000e+00	1.000000000000000e+00	1105	0	664
681	 3.358573712677000e+02  7.190481253520001e+02 -7.313270731062000e+02	-1.266350162029266e-06  2.193377609825135e-06 -1.435983362388611e-06	5.631351470947266e-02	0	0	681
683	-7.341754153891001e+02 -1.441387898759000e+02 -1.159425144917000e+02	-1.335400000000000e-06  7.109100000000000e-06  0.000000000000000e+00	1.000000000000000e+00	661	0	683
688	-6.045814448879000e+02  6.910882722200000e+02  5.910955830617000e+02	-1.870000000000000e-07  0.000000000000000e+00 -1.556300000000000e-06	1.000000000000000e+00	8058	0	688
689	2.018974445154000e+02 2.689705889020000e+01 6.580962442277000e+02	8.112600000000001e-06 3.913820000000000e-05 0.000000000000000e+00	1.000000000000000e+00	1105	0	689
696	 4.690756407774000e+02 -4.796470600270000e+02 -2.658048376963000e+02	2.888789062500000e-08 5.005546875000000e-08 1.029174609375000e-06	3.164062500000000e-01	8058	0	696
703	2.618740295373000e+02 1.230958854630000e+01 6.580962442277000e+02	7.937600000000000e-06 4.247850000000000e-05 0.000000000000000e+00	1.000000000000000e+00	1105	0	703
707	 3.614772852036000e+02 -7.805814283620001e+01  3.592584956082000e+02	 8.692570000000001e-05 -2.275200000000000e-06  0.000000000000000e+00	1.000000000000000e+00	8058	0	707
708	 4.239764161169000e+02 -5.473280551918000e+02 -2.582026268242000e+02	-4.599439453125000e-07  0.000000000000000e+00 -3.490514648437500e-07	2.373046875000000e-01	8058	0	708
710	 3.266286917993000e+02 -4.807200982400000e+00  6.580962442277000e+02	1.019880000000000e-05 4.337100000000000e-05 0.000000000000000e+00	1.000000000000000e+00	1105	0	710
712	-3.346133646097000e+02  6.910882722200000e+02  2.129619286067000e+02	-6.792100000000001e-06  0.000000000000000e+00 -3.198100000000000e-06	1.000000000000000e+00	8058	0	712
714	 4.505473472374000e+02 -3.703391985310000e+01  6.580962442277000e+02	1.433711000000000e-04 1.021340000000000e-05 0.000000000000000e+00	1.000000000000000e+00	1105	0	714
715	 5.163015611145000e+02 -4.828608632060000e+01  6.580962442277000e+02	1.639710000000000e-04 1.791050000000000e-05 0.000000000000000e+00	1.000000000000000e+00	1105	0	715
717	 5.669165716495000e+02 -4.815719886040000e+01  6.580962442277000e+02	1.691363000000000e-04 3.088350000000000e-05 0.000000000000000e+00	1.000000000000000e+00	1105	0	717
718	-5.447069441821001e+02  6.837387476007000e+02 -6.793251553319001e+02	-4.703500000000000e-06 -1.000330000000000e-05  0.000000000000000e+00	1.000000000000000e+00	8058	0	718
720	 6.213957595296000e+02 -3.463504590430000e+01  6.580962442277000e+02	2.250368000000000e-04 8.505470000000000e-05 0.000000000000000e+00	1.000000000000000e+00	1105	0	720
722	 1.998120532788000e+02  6.910882722200000e+02 -7.087456142701001e+02	-1.946000000000000e-07  0.000000000000000e+00 -4.751000000000000e-07	1.000000000000000e+00	8058	0	722
724	-6.229044989045000e+02  7.155993005050000e+02 -6.793251553319001e+02	-1.465500000000000e-05 -2.825300000000000e-06  0.000000000000000e+00	1.000000000000000e+00	8058	0	724
728	 4.829154443577000e+02 -6.389802933244000e+02 -3.942802240160000e+02	-3.559920000000000e-05  6.165960000000000e-05  1.003988000000000e-04	1.000000000000000e+00	8058	0	728
729	6.870042685301000e+02 7.895005707000000e-01 6.580962442277000e+02	-1.466610000000000e-05 -1.685510000000000e-05  0.000000000000000e+00	1.000000000000000e+00	1105	0	729
733	5.856897375604000e+02 4.338760512467000e+02 3.804874067123000e+02	2.027100000000000e-06 2.224800000000000e-06 0.000000000000000e+00	1.000000000000000e+00	8006	0	733
737	-6.437597490972000e+02  6.910882722200000e+02  6.327166029906000e+02	-5.402000000000000e-07  0.000000000000000e+00  1.533700000000000e-06	1.000000000000000e+00	8058	0	737
740	-2.980898845096000e+02 -2.357145943668000e+02  7.047045973007000e+02	 1.551100000000000e-06  2.686700000000000e-06 -8.501300000000001e-06	1.000000000000000e+00	491	0	740
745	-7.343299560667000e+02  7.492493496813000e+02 -6.793251553319001e+02	-2.089000000000000e-06 -9.092000000000000e-07  0.000000000000000e+00	1.000000000000000e+00	8058	0	745
746	-8.982297663800000e+01  6.910882722200000e+02 -5.168916726595000e+02	-3.469210000000000e-05  0.000000000000000e+00 -3.978820000000000e-05	1.000000000000000e+00	8058	0	746
747	6.159197992263000e+02 4.082975426929000e+02 3.804874067123000e+02	3.214700000000000e-06 4.178000000000000e-06 0.000000000000000e+00	1.000000000000000e+00	8006	0	747
753	5.735547487394000e+02 4.073010569026000e+02 2.286190426598000e+02	-1.379630126953125e-05 -2.266205185546875e-05  0.000000000000000e+00	2.373046875000000e-01	8058	0	753
755	-2.744959879597000e+02  5.524468137829000e+02 -6.793251553319001e+02	8.678100000000001e-05 1.143651750000000e-04 0.000000000000000e+00	7.500000000000000e-01	8058	0	755
771	6.568902233514000e+02 3.786815861711000e+02 3.804874067123000e+02	-3.465100000000000e-06 -4.642100000000000e-06  0.000000000000000e+00	1.000000000000000e+00	8006	0	771
776	 2.560225659135000e+02  6.910882722200000e+02 -7.298591963332000e+02	-4.483000000000000e-07  0.000000000000000e+00 -1.220800000000000e-06	1.000000000000000e+00	8058	0	776
805	-1.095370278268000e+02  3.871774895689000e+02 -7.320616198946000e+02	 4.529014420509338e-07 -7.844416285514831e-07 -1.174023591527939e-05	5.631351470947266e-02	8058	0	805
828	-1.409247519782000e+02  3.403479836873000e+02 -7.449844081778000e+02	6.143298750000000e-05 0.000000000000000e+00 7.907287500000000e-06	5.625000000000000e-01	8058	0	828
864	-2.699705773668000e+02 -1.870105257219000e+02  7.228147712550000e+02	 7.439000000000000e-07  1.288500000000000e-06 -4.899300000000000e-06	1.000000000000000e+00	491	0	864
865	 4.019483526520000e+02 -5.473280551918000e+02 -2.224451897054000e+02	-6.621000000000001e-06  0.000000000000000e+00 -4.217300000000000e-06	1.000000000000000e+00	8058	0	865
909	-1.272672889664000e+02  6.910882722200000e+02  3.592584956082000e+02	0.000000000000000e+00 0.000000000000000e+00 0.000000000000000e+00	4.218750000000000e-01	8058	0	909
1000	-3.552193956077000e+02  6.910882722200000e+02  2.673734772123000e+02	-7.036100000000000e-06  0.000000000000000e+00 -6.991900000000000e-06	1.000000000000000e+00	8058	0	1000
1002	7.039997240584000e+02 3.431304788416000e+02 3.804874067123000e+02	-6.295900000000000e-06 -7.786900000000000e-06  0.000000000000000e+00	1.000000000000000e+00	8006	0	1002
1003	-4.398461834939000e+02  6.910882722200000e+02  3.991041667729000e+02	-1.318470000000000e-05  0.000000000000000e+00  2.979700000000000e-06	1.000000000000000e+00	8058	0	1003
1011	6.941606412613000e+02 2.751178395771000e+02 1.587063612347000e+02	 1.100728125000000e-05 -1.906515000000000e-05  6.937363125000000e-05	5.625000000000000e-01	8058	0	1011
1012	 3.878485230159000e+02 -5.473280551918000e+02 -1.674695657707000e+02	-2.220620000000000e-05  0.000000000000000e+00 -4.907000000000000e-07	1.000000000000000e+00	8058	0	1012
1014	-3.324067542075000e+02  6.207883469053000e+02  1.518683640526000e+02	-1.172100000000000e-06 -4.391000000000000e-07  0.000000000000000e+00	1.000000000000000e+00	8058	0	1014
1015	-3.577679206518000e+02  6.863283725312000e+02  1.518683640526000e+02	-7.409000000000001e-07 -1.222000000000000e-07  0.000000000000000e+00	1.000000000000000e+00	8058	0	1015
1020	-3.622827938205000e+02  6.863500788208000e+02  1.518683640526000e+02	-2.809000000000000e-06 -2.081000000000000e-06  0.000000000000000e+00	1.000000000000000e+00	8058	0	1020
1081	-5.180542206644000e+02 -7.235074346333000e+02  5.829785587824000e+02	-1.638150000000000e-05  3.717880000000000e-05  0.000000000000000e+00	1.000000000000000e+00	105	0	1081
1396	-4.280878867796000e+02  6.910882722200000e+02 -8.363285820630000e+01	-1.347084000000000e-04  0.000000000000000e+00  1.007280000000000e-04	1.000000000000000e+00	8058	0	1396
1705	 3.912310577984000e+02 -5.473280551918000e+02 -1.092892821848000e+02	-3.028880000000000e-05  0.000000000000000e+00  3.231440000000000e-05	1.000000000000000e+00	8058	0	1705
1759	5.389901170293000e+02 6.962673068353000e+02 2.517006873226000e+02	3.430565255126953e-05 5.941912412109375e-05 4.295910591430664e-05	1.334838867187500e-01	8058	0	1759
1801	-2.409229229812000e+02 -1.366985124853000e+02  7.373813859348001e+02	 6.890000000000000e-08  1.193000000000000e-07 -6.441000000000000e-07	1.000000000000000e+00	491	0	1801
1886	3.356913706032000e+02 3.441435489102000e+02 3.592584956082000e+02	9.489116250000000e-05 1.643563406250000e-04 0.000000000000000e+00	4.218750000000000e-01	8058	0	1886
2264	6.418413742619000e+02 3.657374682349000e+02 2.286190426598000e+02	-1.321492500000000e-05 -5.929252500000000e-05 -5.471025000000001e-06	7.500000000000000e-01	8058	0	2264
2827	6.411528113966000e+02 3.669300941017000e+02 2.229948005872000e+02	 1.654530468750000e-05 -2.865733593750000e-05  4.686229687500000e-06	4.218750000000000e-01	8058	0	2827
2939	6.207088256346000e+02 3.226906499075000e+02 2.286190426598000e+02	-3.167000000000000e-07  1.763000000000000e-07  0.000000000000000e+00	1.000000000000000e+00	8058	0	2939
3478	3.287598847298000e+02 3.321378632055000e+02 2.286190426598000e+02	-3.913540000000000e-05 -6.778450000000001e-05  0.000000000000000e+00	1.000000000000000e+00	8058	0	3478
4128	-6.643966121350001e+02 -7.129643119210000e+02 -1.159425144917000e+02	 9.580500000000001e-06 -6.876400000000000e-06  0.000000000000000e+00	1.000000000000000e+00	661	0	4128
4210	 4.277620630239000e+02 -5.434518346450001e+02  5.869198160000000e+00	-1.371262500000000e-06  2.375043750000000e-06  1.062095625000000e-05	5.625000000000000e-01	8058	0	4210
4213	-3.299639479802000e+02  6.910882722200000e+02 -2.685781811123000e+02	-8.124700000000000e-05  0.000000000000000e+00 -9.053380000000000e-05	1.000000000000000e+00	8058	0	4213
4214	4.316534744038000e+02 7.345268612786000e+02 2.286190426598000e+02	 1.261350000000000e-05 -7.485150000000000e-06  0.000000000000000e+00	7.500000000000000e-01	8058	0	4214
4220	 4.366393179702000e+02 -5.588276912437000e+02  7.345745781930000e+01	-3.408040000000000e-05  5.902910000000000e-05 -9.951640000000000e-05	1.000000000000000e+00	8058	0	4220
4223	-2.020295104989000e+02  5.021812316556000e+02 -6.793251553319001e+02	5.712684864257813e-04 3.766737541992188e-04 0.000000000000000e+00	2.373046875000000e-01	8058	0	4223
4224	-7.074807448574001e+02  6.910882722200000e+02  6.992025956365001e+02	-2.888227000000000e-04  0.000000000000000e+00  3.138655000000000e-04	1.000000000000000e+00	8058	0	4224
4225	-2.680725891438000e+02  6.910882722200000e+02 -3.637134148167000e+02	 4.247697000000000e-04  0.000000000000000e+00 -6.278725000000000e-04	1.000000000000000e+00	8058	0	4225
4234	5.624170421098000e+02 7.368439313398001e+02 3.145121085960000e+02	1.399780000000000e-05 2.424490000000000e-05 4.146320000000000e-05	1.000000000000000e+00	8058	0	4234
4235	5.165656427039000e+02 6.703742738307001e+02 2.286190426598000e+02	2.584434924316406e-05 1.397775184936524e-05 0.000000000000000e+00	1.334838867187500e-01	8058	0	4235
4236	5.205000167277000e+02 4.318735058902000e+02 2.286190426598000e+02	 2.937780000000000e-05 -5.034600000000000e-06  0.000000000000000e+00	1.000000000000000e+00	8058	0	4236
4237	5.083782939969000e+02 6.010203677170000e+02 2.286190426598000e+02	2.051290000000000e-05 3.734240000000000e-05 0.000000000000000e+00	1.000000000000000e+00	8058	0	4237
4240	5.092498334942000e+02 5.394865789650000e+02 2.286190426598000e+02	4.100000000000000e-05 1.054700000000000e-06 0.000000000000000e+00	1.000000000000000e+00	8058	0	4240
4244	4.639759160867000e+02 3.974946104113000e+02 2.286190426598000e+02	-1.827270000000000e-05  2.261800000000000e-05  0.000000000000000e+00	1.000000000000000e+00	8058	0	4244
4245	3.995137956091000e+02 3.542959322601000e+02 2.286190426598000e+02	-3.844691000000000e-04 -2.149162000000000e-04  0.000000000000000e+00	1.000000000000000e+00	8058	0	4245
4246	3.357684765720000e+02 3.442771003657000e+02 3.627554798785000e+02	 9.582337968749999e-05  1.659709828125000e-04 -2.625876562500000e-06	4.218750000000000e-01	8058	0	4246
4247	7.286391052337000e+02 2.153993882100000e+02 1.157317962664000e+02	 2.422837500000000e-04 -4.196477250000000e-04 -4.655409750000001e-04	7.500000000000000e-01	8058	0	4247
4249	3.082855538994000e+02 2.966752819564000e+02 1.916296223243000e+02	-2.470806914062500e-05 -4.279562226562500e-05  2.341512878906250e-04	3.164062500000000e-01	8058	0	4249
4250	 3.848877254821000e+02 -2.053568580540000e+01  6.580962442277000e+02	1.717160000000000e-05 4.011580000000000e-05 0.000000000000000e+00	1.000000000000000e+00	1105	0	4250
4251	-1.714349895119000e+02  6.910882722200000e+02 -4.382927885932000e+02	-1.337725678710938e-04  0.000000000000000e+00  1.124549657226563e-04	2.373046875000000e-01	8058	0	4251
4252	 5.402721675532000e+02 -7.383250520547000e+02 -6.310756446956000e+02	 8.048960000000001e-05 -1.394120000000000e-04 -4.688397000000000e-04	1.000000000000000e+00	8058	0	4252
4253	 3.784954268096000e+02 -6.365365927797001e+02  4.132116942400000e+00	3.642575000000000e-04 6.309124000000000e-04 1.134696000000000e-04	1.000000000000000e+00	8058	0	4253
4254	-1.390987588914000e+02  4.383799097326000e+02 -7.071447762164000e+02	-2.415279137420654e-05  4.183385343475342e-05  5.970681193084717e-05	1.001129150390625e-01	8058	0	4254
4255	6.658716477733000e+02 3.241158135932000e+02 1.898153209491000e+02	-2.302223291015625e-05  3.987565927734375e-05  2.404388179687500e-04	2.373046875000000e-01	8058	0	4255
0	 5.000000000000000e-01 -8.660254037844386e-01  0.000000000000000e+00	8.660254037844385e-01 5.000000000000000e-01 0.000000000000000e+00	5.632499999999998e+02 3.251925391210567e+02 0.000000000000000e+00	1	0	0.000000000000000e+00	0.000000000000000e+00	0.000000000000000e+00	9.357174562420460e+04
1	5.000000000000000e-01 8.660254037844386e-01 0.000000000000000e+00	0.000000000000000e+00 0.000000000000000e+00 1.000000000000000e+00	0.000000000000000e+00 0.000000000000000e+00 2.286190426597633e+02	1	0	0.000000000000000e+00	0.000000000000000e+00	0.000000000000000e+00	3.468801668742827e+05
3	-5.000000000000000e-01 -8.660254037844386e-01  0.000000000000000e+00	0.000000000000000e+00 0.000000000000000e+00 1.000000000000000e+00	0.000000000000000e+00 0.000000000000000e+00 6.580962442277471e+02	1	0	0.000000000000000e+00	0.000000000000000e+00	0.000000000000000e+00	1.210736514974700e+06
4	-1.000000000000000e+00  0.000000000000000e+00  0.000000000000000e+00	0.000000000000000e+00 0.000000000000000e+00 1.000000000000000e+00	-0.000000000000000e+00 -0.000000000000000e+00 -1.159425144917371e+02	1	0	0.000000000000000e+00	0.000000000000000e+00	0.000000000000000e+00	1.891235251753821e+06
7	-5.000000000000000e-01 -8.660254037844386e-01  0.000000000000000e+00	0.000000000000000e+00 0.000000000000000e+00 1.000000000000000e+00	-0.000000000000000e+00 -0.000000000000000e+00 -1.894272067752324e+02	1	0	0.000000000000000e+00	0.000000000000000e+00	0.000000000000000e+00	1.360811747981383e+06
9	-5.000000000000000e-01 -8.660254037844386e-01  0.000000000000000e+00	 8.660254037844385e-01 -5.000000000000000e-01  0.000000000000000e+00	-1.215000000000000e+02  7.014805770653952e+01 -0.000000000000000e+00	1	0	0.000000000000000e+00	0.000000000000000e+00	0.000000000000000e+00	2.460980368401171e+06
10	-5.000000000000000e-01  8.660254037844386e-01  0.000000000000000e+00	8.660254037844385e-01 5.000000000000000e-01 0.000000000000000e+00	-1.409999999999999e+02 -8.140638795573722e+01 -0.000000000000000e+00	1	0	0.000000000000000e+00	0.000000000000000e+00	0.000000000000000e+00	2.362141233676111e+03
12	1.000000000000000e+00 0.000000000000000e+00 0.000000000000000e+00	 0.000000000000000e+00 -1.000000000000000e+00  0.000000000000000e+00	0.000000000000000e+00 2.381569860407206e+02 0.000000000000000e+00	1	0	0.000000000000000e+00	0.000000000000000e+00	0.000000000000000e+00	2.250000000000000e+06
13	 5.000000000000000e-01 -8.660254037844386e-01  0.000000000000000e+00	0.000000000000000e+00 0.000000000000000e+00 1.000000000000000e+00	0.000000000000000e+00 0.000000000000000e+00 1.518683640525570e+02	1	0	0.000000000000000e+00	0.000000000000000e+00	0.000000000000000e+00	1.230680448089198e+06
15	5.000000000000000e-01 8.660254037844386e-01 0.000000000000000e+00	 8.660254037844385e-01 -5.000000000000000e-01  0.000000000000000e+00	 5.594999999999998e+02 -3.230274756115955e+02  0.000000000000000e+00	1	0	0.000000000000000e+00	0.000000000000000e+00	0.000000000000000e+00	4.802430865253665e+05
18	-5.000000000000000e-01 -8.660254037844386e-01  0.000000000000000e+00	0.000000000000000e+00 0.000000000000000e+00 1.000000000000000e+00	0.000000000000000e+00 0.000000000000000e+00 1.469693845669907e+01	1	0	0.000000000000000e+00	0.000000000000000e+00	0.000000000000000e+00	3.433630717757524e+05
21	-5.000000000000000e-01 -8.660254037844386e-01  0.000000000000000e+00	0.000000000000000e+00 0.000000000000000e+00 1.000000000000000e+00	0.000000000000000e+00 0.000000000000000e+00 3.592584956081994e+02	1	0	0.000000000000000e+00	0.000000000000000e+00	0.000000000000000e+00	1.353232782214893e+03
22	-5.000000000000000e-01 -8.660254037844386e-01  0.000000000000000e+00	 8.660254037844385e-01 -5.000000000000000e-01  0.000000000000000e+00	 1.027500000000000e+02 -5.932274015923404e+01  0.000000000000000e+00	1	0	0.000000000000000e+00	0.000000000000000e+00	0.000000000000000e+00	1.198118359735492e+06
24	5.000000000000000e-01 8.660254037844386e-01 0.000000000000000e+00	 8.660254037844385e-01 -5.000000000000000e-01  0.000000000000000e+00	 7.694999999999998e+02 -4.442710321414170e+02  0.000000000000000e+00	1	0	0.000000000000000e+00	0.000000000000000e+00	0.000000000000000e+00	2.360429251460956e+05
25	-5.000000000000000e-01  8.660254037844386e-01  0.000000000000000e+00	8.660254037844385e-01 5.000000000000000e-01 0.000000000000000e+00	-8.017499999999998e+02 -4.628905783227824e+02 -0.000000000000000e+00	1	0	0.000000000000000e+00	0.000000000000000e+00	0.000000000000000e+00	1.974568915210525e+05
26	1.000000000000000e+00 0.000000000000000e+00 0.000000000000000e+00	0.000000000000000e+00 0.000000000000000e+00 1.000000000000000e+00	0.000000000000000e+00 0.000000000000000e+00 5.829785587823964e+02	1	0	0.000000000000000e+00	0.000000000000000e+00	0.000000000000000e+00	5.192148280812487e+05
27	 5.000000000000000e-01 -8.660254037844386e-01  0.000000000000000e+00	 0.000000000000000e+00  0.000000000000000e+00 -1.000000000000000e+00	0.000000000000000e+00 0.000000000000000e+00 6.580962442277471e+02	1	0	0.000000000000000e+00	0.000000000000000e+00	0.000000000000000e+00	1.584121031959663e+04
28	1.000000000000000e+00 0.000000000000000e+00 0.000000000000000e+00	0.000000000000000e+00 0.000000000000000e+00 1.000000000000000e+00	0.000000000000000e+00 0.000000000000000e+00 2.286190426597633e+02	1	0	0.000000000000000e+00	0.000000000000000e+00	0.000000000000000e+00	2.643754488375683e+04
29	1.000000000000000e+00 0.000000000000000e+00 0.000000000000000e+00	 0.000000000000000e+00 -1.000000000000000e+00  0.000000000000000e+00	0.000000000000000e+00 5.715767664977295e+01 0.000000000000000e+00	1	0	0.000000000000000e+00	0.000000000000000e+00	0.000000000000000e+00	2.112144366341550e+06
43	5.000000000000000e-01 8.660254037844386e-01 0.000000000000000e+00	 0.000000000000000e+00  0.000000000000000e+00 -1.000000000000000e+00	-0.000000000000000e+00 -0.000000000000000e+00 -1.159425144917371e+02	1	0	0.000000000000000e+00	0.000000000000000e+00	0.000000000000000e+00	2.298023694313748e+03
55	-1.000000000000000e+00  0.000000000000000e+00  0.000000000000000e+00	0.000000000000000e+00 0.000000000000000e+00 1.000000000000000e+00	-0.000000000000000e+00 -0.000000000000000e+00 -4.262112152442729e+02	1	0	0.000000000000000e+00	0.000000000000000e+00	0.000000000000000e+00	5.560637484564060e+04
66	-5.000000000000000e-01 -8.660254037844386e-01  0.000000000000000e+00	0.000000000000000e+00 0.000000000000000e+00 1.000000000000000e+00	0.000000000000000e+00 0.000000000000000e+00 1.077775486824598e+02	1	0	0.000000000000000e+00	0.000000000000000e+00	0.000000000000000e+00	2.080681411951957e+06
76	-1.000000000000000e+00  0.000000000000000e+00  0.000000000000000e+00	0.000000000000000e+00 0.000000000000000e+00 1.000000000000000e+00	0.000000000000000e+00 0.000000000000000e+00 2.286190426597633e+02	1	0	0.000000000000000e+00	0.000000000000000e+00	0.000000000000000e+00	7.045110340674842e+02
106	-1.000000000000000e+00  0.000000000000000e+00  0.000000000000000e+00	 0.000000000000000e+00 -1.000000000000000e+00  0.000000000000000e+00	-0.000000000000000e+00 -5.473280551917652e+02 -0.000000000000000e+00	1	0	0.000000000000000e+00	0.000000000000000e+00	0.000000000000000e+00	6.989817733597485e+03
107	 5.000000000000000e-01 -8.660254037844386e-01  0.000000000000000e+00	0.000000000000000e+00 0.000000000000000e+00 1.000000000000000e+00	0.000000000000000e+00 0.000000000000000e+00 3.804874067123203e+02	1	0	0.000000000000000e+00	0.000000000000000e+00	0.000000000000000e+00	2.156154744752097e+06
108	5.000000000000000e-01 8.660254037844386e-01 0.000000000000000e+00	0.000000000000000e+00 0.000000000000000e+00 1.000000000000000e+00	-0.000000000000000e+00 -0.000000000000000e+00 -4.164132562731402e+02	1	0	0.000000000000000e+00	0.000000000000000e+00	0.000000000000000e+00	1.972621167778051e+06
113	 5.000000000000000e-01 -8.660254037844386e-01  0.000000000000000e+00	0.000000000000000e+00 0.000000000000000e+00 1.000000000000000e+00	-0.000000000000000e+00 -0.000000000000000e+00 -6.793251553318680e+02	1	0	0.000000000000000e+00	0.000000000000000e+00	0.000000000000000e+00	1.249938893778084e+06
208	1.000000000000000e+00 0.000000000000000e+00 0.000000000000000e+00	 0.000000000000000e+00 -1.000000000000000e+00  0.000000000000000e+00	0.000000000000000e+00 3.403479836872843e+02 0.000000000000000e+00	1	0	0.000000000000000e+00	0.000000000000000e+00	0.000000000000000e+00	2.531227353938160e+04
243	 5.000000000000000e-01 -8.660254037844386e-01  0.000000000000000e+00	0.000000000000000e+00 0.000000000000000e+00 1.000000000000000e+00	0.000000000000000e+00 0.000000000000000e+00 3.592584956081994e+02	1	0	0.000000000000000e+00	0.000000000000000e+00	0.000000000000000e+00	0.000000000000000e+00
246	1.000000000000000e+00 0.000000000000000e+00 0.000000000000000e+00	0.000000000000000e+00 0.000000000000000e+00 1.000000000000000e+00	0.000000000000000e+00 0.000000000000000e+00 3.592584956081994e+02	1	0	0.000000000000000e+00	0.000000000000000e+00	0.000000000000000e+00	0.000000000000000e+00
248	1.000000000000000e+00 0.000000000000000e+00 0.000000000000000e+00	0.000000000000000e+00 0.000000000000000e+00 1.000000000000000e+00	0.000000000000000e+00 0.000000000000000e+00 3.592584956081994e+02	1	0	0.000000000000000e+00	0.000000000000000e+00	0.000000000000000e+00	0.000000000000000e+00
297	-1.000000000000000e+00  0.000000000000000e+00  0.000000000000000e+00	0.000000000000000e+00 1.000000000000000e+00 0.000000000000000e+00	0.000000000000000e+00 6.910882722199819e+02 0.000000000000000e+00	1	0	0.000000000000000e+00	0.000000000000000e+00	0.000000000000000e+00	0.000000000000000e+00
319	5.000000000000000e-01 8.660254037844386e-01 0.000000000000000e+00	0.000000000000000e+00 0.000000000000000e+00 1.000000000000000e+00	0.000000000000000e+00 0.000000000000000e+00 3.592584956081994e+02	1	0	0.000000000000000e+00	0.000000000000000e+00	0.000000000000000e+00	1.353232782214895e+03
320	-1.000000000000000e+00  0.000000000000000e+00  0.000000000000000e+00	 0.000000000000000e+00 -1.000000000000000e+00  0.000000000000000e+00	0.000000000000000e+00 6.910882722199819e+02 0.000000000000000e+00	1	0	0.000000000000000e+00	0.000000000000000e+00	0.000000000000000e+00	1.633215129689893e+06
321	-5.000000000000000e-01 -8.660254037844386e-01  0.000000000000000e+00	0.000000000000000e+00 0.000000000000000e+00 1.000000000000000e+00	0.000000000000000e+00 0.000000000000000e+00 3.592584956081994e+02	1	0	0.000000000000000e+00	0.000000000000000e+00	0.000000000000000e+00	5.541712444892303e+05
323	-5.000000000000000e-01 -8.660254037844386e-01  0.000000000000000e+00	 0.000000000000000e+00  0.000000000000000e+00 -1.000000000000000e+00	0.000000000000000e+00 0.000000000000000e+00 1.518683640525570e+02	1	0	0.000000000000000e+00	0.000000000000000e+00	0.000000000000000e+00	3.832889140652072e+01
324	1.000000000000000e+00 0.000000000000000e+00 0.000000000000000e+00	 0.000000000000000e+00  0.000000000000000e+00 -1.000000000000000e+00	0.000000000000000e+00 0.000000000000000e+00 1.518683640525570e+02	1	0	0.000000000000000e+00	0.000000000000000e+00	0.000000000000000e+00	3.832889140652072e+01
325	-1.000000000000000e+00  0.000000000000000e+00  0.000000000000000e+00	 0.000000000000000e+00  0.000000000000000e+00 -1.000000000000000e+00	0.000000000000000e+00 0.000000000000000e+00 1.518683640525570e+02	1	0	0.000000000000000e+00	0.000000000000000e+00	0.000000000000000e+00	3.832889140652072e+01
327	1.000000000000000e+00 0.000000000000000e+00 0.000000000000000e+00	0.000000000000000e+00 0.000000000000000e+00 1.000000000000000e+00	0.000000000000000e+00 0.000000000000000e+00 1.518683640525570e+02	1	0	0.000000000000000e+00	0.000000000000000e+00	0.000000000000000e+00	1.063697899347346e+01
337	 5.000000000000000e-01 -8.660254037844386e-01  0.000000000000000e+00	8.660254037844385e-01 5.000000000000000e-01 0.000000000000000e+00	8.549999999999997e+01 4.936344801571300e+01 0.000000000000000e+00	1	0	0.000000000000000e+00	0.000000000000000e+00	0.000000000000000e+00	2.429535646100984e+05
340	-5.000000000000000e-01 -8.660254037844386e-01  0.000000000000000e+00	0.000000000000000e+00 0.000000000000000e+00 1.000000000000000e+00	0.000000000000000e+00 0.000000000000000e+00 9.471360338761622e+01	1	0	0.000000000000000e+00	0.000000000000000e+00	0.000000000000000e+00	3.996427979622009e+05
2428	-5.000000000000000e-01  8.660254037844386e-01  0.000000000000000e+00	8.660254037844385e-01 5.000000000000000e-01 0.000000000000000e+00	6.397499999999998e+02 3.693598347140630e+02 0.000000000000000e+00	1	0	0.000000000000000e+00	0.000000000000000e+00	0.000000000000000e+00	3.598688627504365e+05
2429	 5.000000000000000e-01 -8.660254037844386e-01  0.000000000000000e+00	 0.000000000000000e+00  0.000000000000000e+00 -1.000000000000000e+00	0.000000000000000e+00 0.000000000000000e+00 2.286190426597633e+02	1	0	0.000000000000000e+00	0.000000000000000e+00	0.000000000000000e+00	2.062969111922855e+04
2432	5.000000000000000e-01 8.660254037844386e-01 0.000000000000000e+00	0.000000000000000e+00 0.000000000000000e+00 1.000000000000000e+00	0.000000000000000e+00 0.000000000000000e+00 2.286190426597633e+02	1	0	0.000000000000000e+00	0.000000000000000e+00	0.000000000000000e+00	1.291232879763230e+03
0	0	1	1
0	246	0	0
0	1	2	1
0	2	681	0
0	112	246	0
0	247	112	0
0	201	143	0
0	143	247	0
0	436	201	0
0	488	436	0
0	535	488	0
0	585	535	0
0	620	585	0
0	681	620	0
1	4	5	1
1	63	4	1
1	5	6	1
1	6	2264	0
1	292	63	0
1	164	113	0
1	113	328	0
1	144	364	0
1	365	144	0
1	505	164	0
1	202	292	0
1	364	202	0
1	328	248	0
1	248	365	0
1	367	249	0
1	249	505	0
1	2939	367	0
1	2264	2939	0
3	10	11	1
3	479	10	0
3	11	12	1
3	12	13	1
3	13	479	0
4	15	16	1
4	104	15	1
4	16	17	1
4	17	655	0
4	101	104	0
4	150	101	1
4	571	116	0
4	116	625	0
4	373	150	0
4	374	151	0
4	151	375	0
4	297	209	0
4	209	374	0
4	332	254	0
4	254	683	0
4	255	333	0
4	375	255	0
4	465	297	0
4	625	332	0
4	333	571	0
4	683	373	0
4	512	465	0
4	589	512	0
4	655	589	0
7	27	28	1
7	301	27	0
7	28	29	1
7	29	30	1
7	30	302	0
7	119	338	0
7	339	119	0
7	155	382	0
7	383	155	0
7	384	156	0
7	156	385	0
7	213	301	0
7	382	213	0
7	302	214	0
7	214	384	0
7	338	260	0
7	260	383	0
7	261	339	0
7	385	261	0
9	36	37	1
9	159	36	1
9	37	38	1
9	38	39	1
9	39	1801	0
9	491	122	0
9	122	507	0
9	521	159	0
9	216	160	0
9	160	497	0
9	455	216	0
9	507	262	0
9	262	521	0
9	263	491	0
9	497	263	0
9	529	455	0
9	616	529	0
9	740	616	0
9	864	740	0
9	1801	864	0
10	41	42	1
10	161	41	1
10	42	162	0
10	123	161	0
10	162	123	0
12	47	48	1
12	50	47	1
12	48	49	1
12	49	50	1
13	52	53	1
13	305	52	0
13	53	54	1
13	54	55	1
13	55	306	0
13	126	342	0
13	343	126	0
13	167	390	0
13	391	167	0
13	392	168	0
13	168	393	0
13	221	305	0
13	390	221	0
13	222	392	0
13	1014	222	0
13	342	268	0
13	268	391	0
13	269	343	0
13	393	269	0
13	306	572	0
13	572	1015	0
13	1015	1014	0
15	59	60	1
15	496	59	0
15	60	61	1
15	61	62	1
15	62	226	0
15	273	128	0
15	128	499	0
15	226	172	0
15	172	273	0
15	615	346	0
15	346	4253	0
15	4253	496	0
15	499	696	0
15	696	615	0
18	71	72	1
18	313	71	0
18	72	73	1
18	73	74	1
18	74	314	0
18	527	131	0
18	131	553	0
18	177	483	0
18	495	177	0
18	231	313	0
18	406	231	0
18	350	278	0
18	278	407	0
18	279	351	0
18	409	279	0
18	314	408	0
18	553	350	0
18	351	527	0
18	483	406	0
18	407	495	0
18	408	409	0
21	352	416	0
21	909	352	0
21	416	444	0
21	444	909	0
22	87	88	1
22	319	87	0
22	88	89	1
22	89	90	1
22	90	531	0
22	137	439	0
22	440	137	0
22	185	441	0
22	442	185	0
22	237	445	0
22	446	237	0
22	447	238	0
22	238	448	0
22	449	286	0
22	286	450	0
22	287	451	0
22	452	287	0
22	445	319	0
22	438	320	0
22	320	447	0
22	439	358	0
22	358	449	0
22	359	440	0
22	451	359	0
22	441	418	0
22	418	446	0
22	419	442	0
22	450	419	0
22	448	420	0
22	420	4246	0
22	531	438	0
22	1886	444	0
22	444	4234	0
22	4249	452	0
22	1759	487	0
22	487	3478	0
22	4234	1759	0
22	4246	1886	0
22	3478	4249	0
24	97	98	1
24	189	97	0
24	98	99	1
24	99	100	1
24	100	190	0
24	139	189	0
24	190	139	0
25	101	102	1
25	104	101	0
25	102	103	1
25	103	104	1
26	105	106	1
26	1081	105	0
26	106	107	1
26	107	242	0
26	141	362	0
26	363	141	0
26	191	426	0
26	427	191	0
26	428	192	0
26	192	429	0
26	241	323	0
26	426	241	0
26	242	428	0
26	362	290	0
26	290	427	0
26	291	363	0
26	429	291	0
26	323	486	0
26	486	582	0
26	582	660	0
26	660	1081	0
27	468	10	0
27	10	479	0
27	484	468	0
27	479	729	0
27	501	484	0
27	503	501	0
27	519	503	0
27	537	519	0
27	545	537	0
27	568	545	0
27	583	568	0
27	600	583	0
27	618	600	0
27	631	618	0
27	664	631	0
27	689	664	0
27	703	689	0
27	710	703	0
27	4250	710	0
27	715	714	0
27	714	4250	0
27	717	715	0
27	720	717	0
27	729	720	0
28	2264	6	0
28	6	4214	0
28	487	3478	0
28	4235	487	0
28	753	2264	0
28	4236	753	0
28	3478	4236	0
28	4214	4235	0
29	10	44	1
29	479	10	0
29	45	13	1
29	13	479	0
29	44	45	1
43	101	104	0
43	560	101	0
43	104	4128	0
43	540	560	0
43	4128	540	0
55	7	8	1
55	204	7	0
55	8	205	1
55	114	250	0
55	251	114	0
55	146	204	0
55	250	146	0
55	205	147	0
55	147	251	0
66	23	24	1
66	378	23	0
66	24	25	1
66	25	26	1
66	26	300	0
66	118	547	0
66	566	118	0
66	153	378	0
66	379	153	0
66	380	154	0
66	154	381	0
66	300	212	0
66	212	380	0
66	258	379	0
66	611	258	0
66	538	259	0
66	259	567	0
66	547	336	0
66	336	611	0
66	337	566	0
66	567	337	0
66	381	538	0
76	292	63	0
76	63	627	0
76	627	292	0
106	615	346	0
106	346	1705	0
106	708	615	0
106	865	708	0
106	1012	865	0
106	1705	1012	0
107	92	93	1
107	187	92	1
107	93	94	1
107	94	95	1
107	95	1002	0
107	424	187	0
107	322	424	0
107	490	322	0
107	595	490	0
107	733	595	0
107	747	733	0
107	771	747	0
107	1002	771	0
108	18	19	1
108	298	18	0
108	19	20	1
108	20	21	1
108	21	22	1
108	22	108	0
108	108	243	0
108	117	334	0
108	335	117	0
108	152	376	0
108	377	152	0
108	430	193	0
108	193	431	0
108	210	298	0
108	376	210	0
108	243	430	0
108	334	256	0
108	256	377	0
108	257	335	0
108	431	257	0
113	67	68	1
113	745	67	0
113	68	277	1
113	130	403	0
113	755	130	0
113	402	229	0
113	229	718	0
113	277	349	0
113	349	4223	0
113	403	402	0
113	718	724	0
113	724	745	0
113	4223	755	0
208	56	57	1
208	307	56	0
208	57	66	1
208	66	828	0
208	127	344	0
208	828	127	0
208	169	394	0
208	395	169	0
208	223	307	0
208	394	223	0
208	344	270	0
208	270	395	0
243	416	352	0
243	352	909	0
243	909	416	0
246	352	416	0
246	909	352	0
246	416	909	0
248	416	352	0
248	352	909	0
248	909	416	0
297	416	352	0
297	352	909	0
297	909	416	0
319	416	444	0
319	909	416	0
319	444	909	0
320	75	76	1
320	776	75	0
320	76	77	1
320	77	78	1
320	78	4224	0
320	108	194	0
320	432	108	0
320	132	179	0
320	746	132	0
320	133	306	0
320	630	133	0
320	179	523	0
320	194	4251	0
320	1396	195	0
320	195	4213	0
320	315	233	0
320	233	1003	0
320	572	281	0
320	281	602	0
320	306	572	0
320	530	315	0
320	352	1000	0
320	1003	352	0
320	4225	432	0
320	602	433	0
320	433	1396	0
320	523	598	0
320	610	530	0
320	598	639	0
320	688	610	0
320	712	630	0
320	639	722	0
320	737	688	0
320	1000	712	0
320	722	776	0
320	4224	737	0
320	4251	746	0
320	4213	4225	0
321	83	84	1
321	453	83	0
321	84	85	1
321	85	444	1
321	136	460	0
321	1886	136	0
321	183	646	0
321	647	183	0
321	235	459	0
321	471	235	0
321	356	284	0
321	284	707	0
321	317	453	0
321	459	317	0
321	460	356	0
321	414	471	0
321	646	414	0
321	415	647	0
321	707	415	0
321	444	1886	0
323	572	306	0
323	306	1015	0
323	1015	572	0
324	572	306	0
324	306	1015	0
324	1015	572	0
325	572	306	0
325	306	1015	0
325	1015	572	0
327	1015	572	0
327	572	1020	0
327	1020	1015	0
337	63	65	1
337	292	63	0
337	65	66	1
337	66	805	0
337	174	401	0
337	728	174	0
337	228	400	0
337	4252	228	0
337	274	292	0
337	4220	274	0
337	349	277	0
337	277	4252	0
337	615	346	0
337	346	4210	0
337	4254	349	0
337	400	728	0
337	401	615	0
337	805	4254	0
337	4210	4220	0
340	80	34	1
340	34	434	0
340	79	80	1
340	494	79	0
340	134	354	0
340	355	134	0
340	181	412	0
340	413	181	0
340	198	388	0
340	434	198	0
340	234	316	0
340	412	234	0
340	354	282	0
340	282	413	0
340	283	355	0
340	388	283	0
340	316	494	0
2428	6	32	1
2428	2264	6	0
2428	32	33	1
2428	33	34	1
2428	34	4247	0
2428	4247	1011	0
2428	1011	4255	0
2428	2827	2264	0
2428	4255	2827	0
2429	3478	487	0
2429	487	4237	0
2429	4236	3478	0
2429	4240	4236	0
2429	4237	4240	0
2432	4236	3478	0
2432	3478	4245	0
2432	4244	4236	0
2432	4245	4244	0
