456
44
522
0	 7.500000000000000e+02  1.732050807600000e+00 -5.820670214574001e+02	 1.118000000000000e-07 -1.936000000000000e-07 -3.687200000000000e-06	1.000000000000000e+00	0	1	0
1	 7.500000000000000e+02  1.732050807600000e+00 -7.500000000000000e+02	0.000000000000000e+00 0.000000000000000e+00 0.000000000000000e+00	1.000000000000000e+00	0	1	1
2	 3.179872981078000e+02  7.500000000000000e+02 -7.500000000000000e+02	-2.618002130000000e-02  4.534512700000000e-02  0.000000000000000e+00	1.000000000000000e+00	0	1	2
4	 7.500000000000000e+02 -7.500000000000000e+02  2.286190426598000e+02	0.000000000000000e+00 0.000000000000000e+00 0.000000000000000e+00	1.000000000000000e+00	8148	1	4
5	7.500000000000000e+02 7.500000000000000e+02 2.286190426598000e+02	0.000000000000000e+00 0.000000000000000e+00 0.000000000000000e+00	1.000000000000000e+00	8148	1	5
6	4.199872981078000e+02 7.500000000000000e+02 2.286190426598000e+02	0.000000000000000e+00 0.000000000000000e+00 0.000000000000000e+00	7.500000000000000e-01	8148	1	6
7	 7.500000000000000e+02  6.209159455882000e+02 -4.262112152443000e+02	5.270000000000000e-08 3.703000000000000e-07 0.000000000000000e+00	1.000000000000000e+00	646	1	7
8	 7.500000000000000e+02  7.500000000000000e+02 -4.262112152443000e+02	0.000000000000000e+00 0.000000000000000e+00 0.000000000000000e+00	1.000000000000000e+00	646	1	8
10	-7.500000000000000e+02  5.715767664980000e+01  6.580962442277000e+02	0.000000000000000e+00 0.000000000000000e+00 0.000000000000000e+00	1.000000000000000e+00	1105	1	10
11	-7.500000000000000e+02 -7.500000000000000e+02  6.580962442277000e+02	0.000000000000000e+00 0.000000000000000e+00 0.000000000000000e+00	1.000000000000000e+00	1105	1	11
12	 7.500000000000000e+02 -7.500000000000000e+02  6.580962442277000e+02	0.000000000000000e+00 0.000000000000000e+00 0.000000000000000e+00	1.000000000000000e+00	1105	1	12
13	7.500000000000000e+02 5.715767664980000e+01 6.580962442277000e+02	0.000000000000000e+00 0.000000000000000e+00 0.000000000000000e+00	4.218750000000000e-01	1105	1	13
15	 7.500000000000000e+02 -7.500000000000000e+02 -1.159425144917000e+02	0.000000000000000e+00 0.000000000000000e+00 0.000000000000000e+00	1.000000000000000e+00	661	1	15
16	 7.500000000000000e+02  7.500000000000000e+02 -1.159425144917000e+02	0.000000000000000e+00 0.000000000000000e+00 0.000000000000000e+00	1.000000000000000e+00	661	1	16
17	 2.552265556207000e+02  7.500000000000000e+02 -1.159425144917000e+02	 1.211560000000000e-05 -2.539520000000000e-05  0.000000000000000e+00	1.000000000000000e+00	661	1	17
18	-7.500000000000000e+02 -9.519863018460001e+01 -4.164132562731000e+02	 7.905000000000000e-07 -6.549000000000001e-07  0.000000000000000e+00	1.000000000000000e+00	8148	1	18
19	-7.500000000000000e+02 -7.500000000000000e+02 -4.164132562731000e+02	0.000000000000000e+00 0.000000000000000e+00 0.000000000000000e+00	1.000000000000000e+00	8148	1	19
20	 7.500000000000000e+02 -7.500000000000000e+02 -4.164132562731000e+02	0.000000000000000e+00 0.000000000000000e+00 0.000000000000000e+00	1.000000000000000e+00	8148	1	20
21	 7.500000000000000e+02  7.500000000000000e+02 -4.164132562731000e+02	0.000000000000000e+00 0.000000000000000e+00 0.000000000000000e+00	1.000000000000000e+00	8148	1	21
22	-2.063837912830000e+02  7.500000000000000e+02 -4.164132562731000e+02	 3.396565722656250e-05 -5.714296875000000e-07  0.000000000000000e+00	2.373046875000000e-01	8148	1	22
23	-6.752938010442000e+02 -7.500000000000000e+02  1.077775486825000e+02	-9.628860000000000e-05  1.563510000000000e-05  0.000000000000000e+00	1.000000000000000e+00	23	1	23
24	 7.500000000000000e+02 -7.500000000000000e+02  1.077775486825000e+02	0.000000000000000e+00 0.000000000000000e+00 0.000000000000000e+00	1.000000000000000e+00	23	1	24
25	7.500000000000000e+02 7.500000000000000e+02 1.077775486825000e+02	0.000000000000000e+00 0.000000000000000e+00 0.000000000000000e+00	1.000000000000000e+00	23	1	25
26	-6.103330499419001e+02  7.500000000000000e+02  1.077775486825000e+02	 5.558800000000000e-06 -8.008000000000000e-07  0.000000000000000e+00	1.000000000000000e+00	23	1	26
27	-7.364632758611000e+02 -7.500000000000000e+02 -1.894272067752000e+02	 3.171000000000000e-07 -2.439000000000000e-07  0.000000000000000e+00	1.000000000000000e+00	27	1	27
28	 7.500000000000000e+02 -7.500000000000000e+02 -1.894272067752000e+02	0.000000000000000e+00 0.000000000000000e+00 0.000000000000000e+00	1.000000000000000e+00	27	1	28
29	 7.500000000000000e+02  7.500000000000000e+02 -1.894272067752000e+02	0.000000000000000e+00 0.000000000000000e+00 0.000000000000000e+00	1.000000000000000e+00	27	1	29
30	 4.223314003269000e+02  7.500000000000000e+02 -1.894272067752000e+02	-1.848000000000000e-07  1.427000000000000e-07  0.000000000000000e+00	1.000000000000000e+00	27	1	30
32	4.199872981078000e+02 7.500000000000000e+02 7.500000000000000e+02	0.000000000000000e+00 0.000000000000000e+00 0.000000000000000e+00	1.000000000000000e+00	8148	1	32
33	7.500000000000000e+02 1.784012331796000e+02 7.500000000000000e+02	0.000000000000000e+00 0.000000000000000e+00 0.000000000000000e+00	1.000000000000000e+00	8148	1	33
34	7.500000000000000e+02 1.784012331796000e+02 9.471360338760000e+01	 0.000000000000000e+00 -0.000000000000000e+00  0.000000000000000e+00	7.500000000000000e-01	8148	1	34
36	-5.950127018922000e+02 -7.500000000000000e+02 -7.500000000000000e+02	0.000000000000000e+00 0.000000000000000e+00 0.000000000000000e+00	1.000000000000000e+00	491	1	36
37	 2.710127018922000e+02  7.500000000000000e+02 -7.500000000000000e+02	0.000000000000000e+00 0.000000000000000e+00 0.000000000000000e+00	1.000000000000000e+00	491	1	37
38	2.710127018922000e+02 7.500000000000000e+02 7.500000000000000e+02	0.000000000000000e+00 0.000000000000000e+00 0.000000000000000e+00	1.000000000000000e+00	491	1	38
39	-2.107316334371000e+02 -8.440566504890000e+01  7.500000000000000e+02	 1.300700000000000e-05  2.252870000000000e-05 -1.217344000000000e-04	1.000000000000000e+00	491	1	39
41	 2.450127018922000e+02 -7.500000000000000e+02  7.500000000000000e+02	0.000000000000000e+00 0.000000000000000e+00 0.000000000000000e+00	1.000000000000000e+00	729	1	41
42	 2.450127018922000e+02 -7.500000000000000e+02  7.354450873448001e+02	 2.600000000000000e-09 -4.500000000000000e-09  1.340000000000000e-07	1.000000000000000e+00	729	1	42
44	-7.500000000000000e+02  5.715767664980000e+01 -7.500000000000000e+02	0.000000000000000e+00 0.000000000000000e+00 0.000000000000000e+00	1.000000000000000e+00	1105	1	44
45	 7.500000000000000e+02  5.715767664980000e+01 -7.500000000000000e+02	0.000000000000000e+00 0.000000000000000e+00 0.000000000000000e+00	1.000000000000000e+00	1105	1	45
47	-7.500000000000000e+02  2.381569860407000e+02  7.500000000000000e+02	0.000000000000000e+00 0.000000000000000e+00 0.000000000000000e+00	1.000000000000000e+00	1074	1	47
48	-7.500000000000000e+02  2.381569860407000e+02 -7.500000000000000e+02	0.000000000000000e+00 0.000000000000000e+00 0.000000000000000e+00	1.000000000000000e+00	1074	1	48
49	 7.500000000000000e+02  2.381569860407000e+02 -7.500000000000000e+02	0.000000000000000e+00 0.000000000000000e+00 0.000000000000000e+00	1.000000000000000e+00	1074	1	49
50	7.500000000000000e+02 2.381569860407000e+02 7.500000000000000e+02	0.000000000000000e+00 0.000000000000000e+00 0.000000000000000e+00	1.000000000000000e+00	1074	1	50
52	 2.615026117457000e+02 -7.500000000000000e+02  1.518683640526000e+02	3.540000000000000e-07 1.793000000000000e-07 0.000000000000000e+00	1.000000000000000e+00	8148	1	52
53	 7.500000000000000e+02 -7.500000000000000e+02  1.518683640526000e+02	0.000000000000000e+00 0.000000000000000e+00 0.000000000000000e+00	1.000000000000000e+00	8148	1	53
54	7.500000000000000e+02 7.500000000000000e+02 1.518683640526000e+02	0.000000000000000e+00 0.000000000000000e+00 0.000000000000000e+00	1.000000000000000e+00	8148	1	54
55	-3.659444681848000e+02  7.500000000000000e+02  1.518683640526000e+02	-2.319860961914063e-06 -5.597780273437500e-07  0.000000000000000e+00	1.779785156250000e-01	8148	1	55
56	-7.500000000000000e+02  3.403479836873000e+02 -6.867732506525000e+02	-7.230000000000001e-08  0.000000000000000e+00 -2.295400000000000e-06	1.000000000000000e+00	8148	1	56
57	-7.500000000000000e+02  3.403479836873000e+02 -7.500000000000000e+02	0.000000000000000e+00 0.000000000000000e+00 0.000000000000000e+00	1.000000000000000e+00	8148	1	57
59	 3.129872981078000e+02 -7.500000000000000e+02  1.150654013290000e+01	2.917000000000000e-07 5.053000000000001e-07 2.732050000000000e-05	1.000000000000000e+00	8148	1	59
60	 3.129872981078000e+02 -7.500000000000000e+02 -7.500000000000000e+02	0.000000000000000e+00 0.000000000000000e+00 0.000000000000000e+00	1.000000000000000e+00	8148	1	60
61	 7.500000000000000e+02  6.928203230300000e+00 -7.500000000000000e+02	0.000000000000000e+00 0.000000000000000e+00 0.000000000000000e+00	1.000000000000000e+00	8148	1	61
62	 7.500000000000000e+02  6.928203230300000e+00 -2.797793523919000e+02	7.360000000000000e-08 1.275000000000000e-07 1.119440000000000e-05	1.000000000000000e+00	8148	1	62
63	 5.470127018922000e+02 -7.500000000000000e+02  2.286190426598000e+02	-0.000000000000000e+00 -0.000000000000000e+00  0.000000000000000e+00	1.000000000000000e+00	8148	1	63
65	 5.470127018922000e+02 -7.500000000000000e+02 -7.500000000000000e+02	0.000000000000000e+00 0.000000000000000e+00 0.000000000000000e+00	1.000000000000000e+00	8148	1	65
66	-8.250000000000000e+01  3.403479836873000e+02 -7.500000000000000e+02	0.000000000000000e+00 0.000000000000000e+00 0.000000000000000e+00	7.500000000000000e-01	8148	1	66
67	-7.500000000000000e+02  7.500000000000000e+02 -6.793251553319001e+02	0.000000000000000e+00 0.000000000000000e+00 0.000000000000000e+00	1.000000000000000e+00	8148	1	67
68	-7.500000000000000e+02 -7.500000000000000e+02 -6.793251553319001e+02	0.000000000000000e+00 0.000000000000000e+00 0.000000000000000e+00	1.000000000000000e+00	8148	1	68
71	 4.470823316334000e+02 -7.500000000000000e+02  1.469693845670000e+01	-6.561100000000001e-06  1.658800000000000e-06  0.000000000000000e+00	1.000000000000000e+00	5009	1	71
72	 7.500000000000000e+02 -7.500000000000000e+02  1.469693845670000e+01	0.000000000000000e+00 0.000000000000000e+00 0.000000000000000e+00	1.000000000000000e+00	5009	1	72
73	7.500000000000000e+02 7.500000000000000e+02 1.469693845670000e+01	0.000000000000000e+00 0.000000000000000e+00 0.000000000000000e+00	1.000000000000000e+00	5009	1	73
74	6.160917145070000e+02 7.500000000000000e+02 1.469693845670000e+01	 5.128250000000000e-05 -1.626820000000000e-05  0.000000000000000e+00	1.000000000000000e+00	5009	1	74
75	 3.131059559153000e+02  6.910882722200000e+02 -7.500000000000000e+02	1.999000000000000e-07 0.000000000000000e+00 5.742000000000000e-07	1.000000000000000e+00	8148	1	75
76	 7.500000000000000e+02  6.910882722200000e+02 -7.500000000000000e+02	0.000000000000000e+00 0.000000000000000e+00 0.000000000000000e+00	1.000000000000000e+00	8148	1	76
77	7.500000000000000e+02 6.910882722200000e+02 7.500000000000000e+02	0.000000000000000e+00 0.000000000000000e+00 0.000000000000000e+00	1.000000000000000e+00	8148	1	77
78	-7.500000000000000e+02  6.910882722200000e+02  7.500000000000000e+02	-1.042758023000000e-01  0.000000000000000e+00  0.000000000000000e+00	1.000000000000000e+00	8148	1	78
79	-5.354178864110001e+01 -7.500000000000000e+02  9.471360338760000e+01	 3.568700000000000e-06 -3.493000000000000e-06  0.000000000000000e+00	1.000000000000000e+00	8148	1	79
80	 7.500000000000000e+02 -7.500000000000000e+02  9.471360338760000e+01	0.000000000000000e+00 0.000000000000000e+00 0.000000000000000e+00	1.000000000000000e+00	8148	1	80
83	 3.211142042289000e+02 -7.500000000000000e+02  3.592584956082000e+02	-2.411500000000000e-06  4.453000000000000e-07  0.000000000000000e+00	1.000000000000000e+00	8148	1	83
84	 7.500000000000000e+02 -7.500000000000000e+02  3.592584956082000e+02	0.000000000000000e+00 0.000000000000000e+00 0.000000000000000e+00	1.000000000000000e+00	8148	1	84
85	7.500000000000000e+02 7.500000000000000e+02 3.592584956082000e+02	0.000000000000000e+00 0.000000000000000e+00 0.000000000000000e+00	1.000000000000000e+00	8148	1	85
87	-2.960127018922000e+02 -7.500000000000000e+02 -4.865864352090000e+02	-1.460000000000000e-08 -2.530000000000000e-08  2.941000000000000e-07	1.000000000000000e+00	8148	1	87
88	-2.960127018922000e+02 -7.500000000000000e+02 -7.500000000000000e+02	0.000000000000000e+00 0.000000000000000e+00 0.000000000000000e+00	1.000000000000000e+00	8148	1	88
89	 5.700127018922000e+02  7.500000000000000e+02 -7.500000000000000e+02	0.000000000000000e+00 0.000000000000000e+00 0.000000000000000e+00	1.000000000000000e+00	8148	1	89
90	5.700127018922000e+02 7.500000000000000e+02 5.529550977083001e+02	 2.308950000000000e-05  3.999210000000000e-05 -3.362744000000000e-04	1.000000000000000e+00	8148	1	90
92	-7.500000000000000e+02  7.500000000000000e+02  3.804874067123000e+02	0.000000000000000e+00 0.000000000000000e+00 0.000000000000000e+00	1.000000000000000e+00	8006	1	92
93	-7.500000000000000e+02 -7.500000000000000e+02  3.804874067123000e+02	0.000000000000000e+00 0.000000000000000e+00 0.000000000000000e+00	1.000000000000000e+00	8006	1	93
94	 7.500000000000000e+02 -7.500000000000000e+02  3.804874067123000e+02	0.000000000000000e+00 0.000000000000000e+00 0.000000000000000e+00	1.000000000000000e+00	8006	1	94
95	7.500000000000000e+02 2.933420026782000e+02 3.804874067123000e+02	-1.593920000000000e-05 -1.576370000000000e-05  0.000000000000000e+00	1.000000000000000e+00	8006	1	95
97	 5.929872981078000e+02 -7.500000000000000e+02 -1.597883818020000e+01	 3.800000000000000e-09  6.600000000000000e-09 -8.250000000000000e-08	1.000000000000000e+00	97	1	97
98	 5.929872981078000e+02 -7.500000000000000e+02 -7.500000000000000e+02	0.000000000000000e+00 0.000000000000000e+00 0.000000000000000e+00	1.000000000000000e+00	97	1	98
99	 7.500000000000000e+02 -4.780460228890000e+02 -7.500000000000000e+02	0.000000000000000e+00 0.000000000000000e+00 0.000000000000000e+00	1.000000000000000e+00	97	1	99
100	 7.500000000000000e+02 -4.780460228890000e+02  1.912986730050000e+01	 5.960000000000000e-08  1.032000000000000e-07 -1.214200000000000e-06	1.000000000000000e+00	97	1	100
101	-7.500000000000000e+02 -5.525242076145000e+02 -1.159425144917000e+02	-0.000000000000000e+00 -0.000000000000000e+00  0.000000000000000e+00	1.779785156250000e-01	661	1	101
102	-7.500000000000000e+02 -5.525242076145000e+02  7.500000000000000e+02	0.000000000000000e+00 0.000000000000000e+00 0.000000000000000e+00	1.000000000000000e+00	661	1	102
103	-6.359872981078000e+02 -7.500000000000000e+02  7.500000000000000e+02	0.000000000000000e+00 0.000000000000000e+00 0.000000000000000e+00	1.000000000000000e+00	661	1	103
104	-6.359872981078000e+02 -7.500000000000000e+02 -1.159425144917000e+02	0.000000000000000e+00 0.000000000000000e+00 0.000000000000000e+00	7.500000000000000e-01	661	1	104
105	-6.360853859125000e+02 -7.500000000000000e+02  5.829785587824000e+02	-1.543100000000000e-06  4.861000000000001e-06  0.000000000000000e+00	1.000000000000000e+00	105	1	105
106	 7.500000000000000e+02 -7.500000000000000e+02  5.829785587824000e+02	0.000000000000000e+00 0.000000000000000e+00 0.000000000000000e+00	1.000000000000000e+00	105	1	106
107	7.500000000000000e+02 2.210812065250000e+01 5.829785587824000e+02	 9.273900000000001e-06 -1.962010000000000e-05  0.000000000000000e+00	1.000000000000000e+00	105	1	107
108	-2.073748875708000e+02  6.910882722200000e+02 -4.164132562731000e+02	5.199867773437500e-06 0.000000000000000e+00 0.000000000000000e+00	2.373046875000000e-01	8148	0	108
112	 6.715891489376000e+02  1.375436287124000e+02 -5.936015585728001e+02	 1.447000000000000e-07 -2.506000000000000e-07 -3.213500000000000e-06	1.000000000000000e+00	0	0	112
113	 5.108141119206000e+02 -5.858692969600000e+00  2.286190426598000e+02	-1.196920000000000e-05  1.610300000000000e-06  0.000000000000000e+00	1.000000000000000e+00	8148	0	113
114	 2.990299965459000e+02  6.853795991751000e+02 -4.262112152443000e+02	-7.100000000000000e-09 -4.760000000000000e-08  0.000000000000000e+00	1.000000000000000e+00	646	0	114
116	-6.112702031335000e+02  1.804229978380000e+02 -1.159425144917000e+02	-3.165235000000000e-04  4.818356000000000e-04  0.000000000000000e+00	1.000000000000000e+00	661	0	116
117	-4.256098992888000e+02  2.978341351092000e+02 -4.164132562731000e+02	 4.713000000000000e-07 -3.870000000000000e-07  0.000000000000000e+00	1.000000000000000e+00	8148	0	117
118	-6.596447149681001e+02 -1.589480083275000e+02  1.077775486825000e+02	-8.324570000000000e-05 -1.148000000000000e-07  0.000000000000000e+00	1.000000000000000e+00	23	0	118
119	-1.572679214314000e+02  1.261119666000000e-01 -1.894272067752000e+02	-3.196000000000000e-07  2.472000000000000e-07  0.000000000000000e+00	1.000000000000000e+00	27	0	119
122	-5.468674294935000e+02 -6.666099420612001e+02  3.764104712892000e+02	 5.763300000000000e-06  9.982400000000001e-06 -2.328000000000000e-05	1.000000000000000e+00	491	0	122
123	 1.456006570525000e+02 -5.778132874533001e+02  7.443722422486001e+02	 4.200000000000000e-09 -7.300000000000000e-09  1.598000000000000e-07	1.000000000000000e+00	729	0	123
126	-7.303283163670000e+01 -1.978768790000000e-02  1.518683640526000e+02	-8.280000000000000e-08 -3.600000000000000e-08  0.000000000000000e+00	1.000000000000000e+00	8148	0	126
127	-2.079293789683000e+02  3.403479836873000e+02 -7.341442704721001e+02	8.140000000000001e-07 0.000000000000000e+00 4.513800000000000e-06	1.000000000000000e+00	8148	0	127
128	 5.325559485778000e+02 -3.696959416365000e+02 -2.708450456465000e+02	7.660000000000000e-08 1.327000000000000e-07 5.039600000000000e-06	1.000000000000000e+00	8148	0	128
130	-3.344422627316000e+02  5.805581444488000e+02 -6.793251553319001e+02	-4.115500000000000e-06 -8.554400000000001e-06  0.000000000000000e+00	1.000000000000000e+00	8148	0	130
131	5.469348032989000e+02 1.496195485469000e+02 1.469693845670000e+01	 6.190670000000001e-05 -4.450000000000000e-08  0.000000000000000e+00	1.000000000000000e+00	5009	0	131
132	-4.510987608430001e+01  6.910882722200000e+02 -5.578715083814001e+02	 8.639000000000000e-07  0.000000000000000e+00 -1.138340000000000e-05	1.000000000000000e+00	8148	0	132
133	-3.450528425923000e+02  6.910882722200000e+02  1.560565449127000e+02	-5.193855000000001e-05  0.000000000000000e+00  2.043676406250000e-05	4.218750000000000e-01	8148	0	133
134	 3.694182010140000e+02 -1.690533499680000e+02  9.471360338760000e+01	 3.143900000000000e-06 -2.364500000000000e-06  0.000000000000000e+00	1.000000000000000e+00	8148	0	134
136	3.893011767326000e+02 2.349012546939000e+02 3.592584956082000e+02	8.183830000000001e-05 1.318100000000000e-06 0.000000000000000e+00	1.000000000000000e+00	8148	0	136
137	 1.582128880575000e+02  3.674179989080000e+01 -7.221959338460000e+01	 2.546610000000000e-05  4.410850000000000e-05 -5.529170000000000e-05	1.000000000000000e+00	8148	0	137
139	 6.777324260571000e+02 -6.032171326979001e+02  2.828946954500000e+00	 1.078000000000000e-07  1.867000000000000e-07 -1.717100000000000e-06	1.000000000000000e+00	97	0	139
141	 2.422318393028000e+02 -2.652753501671000e+02  5.829785587824000e+02	 9.808000000000000e-06 -1.758660000000000e-05  0.000000000000000e+00	1.000000000000000e+00	105	0	141
143	 5.701769289543000e+02  3.131947462318000e+02 -6.186079210670000e+02	 1.694000000000000e-07 -2.935000000000000e-07 -2.255600000000000e-06	1.000000000000000e+00	0	0	143
144	 4.732619055293000e+02 -3.759187078606000e+02  2.286190426598000e+02	-4.838430000000000e-05  3.673100000000000e-06  0.000000000000000e+00	1.000000000000000e+00	8148	0	144
146	 5.245241827511001e+02  6.530969294561000e+02 -4.262112152443000e+02	1.230000000000000e-08 8.630000000000000e-08 0.000000000000000e+00	1.000000000000000e+00	646	0	146
147	 7.255376805260001e+01  7.228452874808000e+02 -4.262112152443000e+02	2.006000000000000e-07 7.936000000000000e-07 0.000000000000000e+00	1.000000000000000e+00	646	0	147
150	-7.500000000000000e+02  1.270392222506000e+02 -1.159425144917000e+02	-9.034500000000000e-06  2.874280000000000e-05  0.000000000000000e+00	1.000000000000000e+00	661	1	150
151	-2.377169597964000e+02  4.521911437172000e+02 -1.159425144917000e+02	-9.379110000000000e-05  1.296713000000000e-04  0.000000000000000e+00	1.000000000000000e+00	661	0	151
152	-5.876574753775001e+02  1.013791508433000e+02 -4.164132562731000e+02	 3.729000000000000e-07 -3.077000000000000e-07  0.000000000000000e+00	1.000000000000000e+00	8148	0	152
153	-6.601979772577000e+02 -6.147325777545000e+02  1.077775486825000e+02	-1.028477000000000e-04  1.443800000000000e-06  0.000000000000000e+00	1.000000000000000e+00	23	0	153
154	-6.467524448871001e+02  3.325024826416000e+02  1.077775486825000e+02	-2.505370000000000e-05  1.328400000000000e-06  0.000000000000000e+00	1.000000000000000e+00	23	0	154
155	-4.470282232649000e+02 -3.748766580633000e+02 -1.894272067752000e+02	-2.649000000000000e-07  2.045000000000000e-07  0.000000000000000e+00	1.000000000000000e+00	27	0	155
156	 1.325859035250000e+02  3.750564492764000e+02 -1.894272067752000e+02	-1.502000000000000e-07  1.161000000000000e-07  0.000000000000000e+00	1.000000000000000e+00	27	0	156
159	-5.950127018922000e+02 -7.500000000000000e+02  2.324237724153000e+02	 5.914470000000000e-05  1.024416000000000e-04 -1.995660000000000e-05	1.000000000000000e+00	491	1	159
160	-4.472977906421000e+02 -4.941502686793000e+02  5.371339441194000e+02	 3.147700000000000e-06  5.452000000000000e-06 -8.382700000000000e-06	1.000000000000000e+00	491	0	160
161	 9.393144330770001e+01 -4.883195840601000e+02  7.500000000000000e+02	 4.400000000000001e-09 -7.600000000000000e-09  1.610000000000000e-07	1.000000000000000e+00	729	1	161
162	 1.965560123227000e+02 -6.660705516990000e+02  7.392176461957000e+02	 3.000000000000000e-09 -5.300000000000000e-09  1.347000000000000e-07	1.000000000000000e+00	729	0	162
164	5.206063064313000e+02 5.476007433900000e+01 2.286190426598000e+02	-7.275000000000001e-06  1.169300000000000e-06  0.000000000000000e+00	1.000000000000000e+00	8148	0	164
167	 9.016079721770001e+01 -3.750886778355000e+02  1.518683640526000e+02	-3.106000000000000e-07 -1.353000000000000e-07  0.000000000000000e+00	1.000000000000000e+00	8148	0	167
168	-2.362176657799000e+02  3.750122235341000e+02  1.518683640526000e+02	8.560000000000000e-08 3.740000000000000e-08 0.000000000000000e+00	1.000000000000000e+00	8148	0	168
169	-4.953742663826000e+02  3.403479836873000e+02 -7.010641007158000e+02	-6.540000000000000e-08  0.000000000000000e+00 -7.719000000000001e-07	1.000000000000000e+00	8148	0	169
172	 6.453300012898001e+02 -1.743655525640000e+02 -2.765416466017000e+02	8.950000000000000e-08 1.549000000000000e-07 9.078600000000000e-06	1.000000000000000e+00	8148	0	172
174	 4.495438658835000e+02 -5.811790238783000e+02 -2.982583429645000e+02	-8.952900000000000e-06  1.550680000000000e-05  3.284680000000000e-05	1.000000000000000e+00	8148	0	174
177	 5.182412112330001e+02 -3.059087328006000e+02  1.469693845670000e+01	 2.397950000000000e-05 -2.789000000000000e-06  0.000000000000000e+00	1.000000000000000e+00	5009	0	177
179	 7.181583668800000e+00  6.910882722200000e+02 -6.012095102601000e+02	6.536000000000001e-06 0.000000000000000e+00 1.187660000000000e-05	1.000000000000000e+00	8148	0	179
181	 2.146134669113000e+02 -4.510168051177000e+02  9.471360338760000e+01	 1.435000000000000e-07 -7.060000000000000e-08  0.000000000000000e+00	1.000000000000000e+00	8148	0	181
183	 3.671620813072000e+02 -2.773930717175000e+02  3.592584956082000e+02	 3.851730000000000e-05 -1.940400000000000e-06  0.000000000000000e+00	1.000000000000000e+00	8148	0	183
185	-8.214514992570000e+01 -3.795705339036000e+02 -3.836033903311000e+02	 9.414000000000000e-07  1.630600000000000e-06 -4.984200000000000e-06	1.000000000000000e+00	8148	0	185
187	4.253652907220000e+02 7.500000000000000e+02 3.804874067123000e+02	-4.750000000000000e-08 -1.460000000000000e-08  0.000000000000000e+00	1.000000000000000e+00	8006	1	187
189	 6.312715789632000e+02 -6.836896804272001e+02 -8.877235866800000e+00	 1.052000000000000e-07  1.823000000000000e-07 -1.691900000000000e-06	1.000000000000000e+00	97	0	189
190	 7.226887616459001e+02 -5.253504753359000e+02  1.376985762580000e+01	 8.600000000000000e-08  1.489000000000000e-07 -1.432800000000000e-06	1.000000000000000e+00	97	0	190
191	-8.687855520240001e+01 -4.533224635182000e+02  5.829785587824000e+02	-4.478100000000000e-06  7.463800000000000e-06  0.000000000000000e+00	1.000000000000000e+00	105	0	191
192	 5.743726032841000e+02 -8.581114766920000e+01  5.829785587824000e+02	 2.504080000000000e-05 -3.970590000000000e-05  0.000000000000000e+00	1.000000000000000e+00	105	0	192
193	-2.661957582043000e+02  4.955774818019000e+02 -4.164132562731000e+02	-8.265375000000000e-07  4.518000000000000e-07  0.000000000000000e+00	5.625000000000000e-01	8148	0	193
194	-1.987347374752000e+02  6.910882722200000e+02 -4.177432365601000e+02	-6.691399324378967e-05  0.000000000000000e+00 -8.956777892417908e-05	7.508468627929688e-02	8148	0	194
195	-4.091420366287000e+02  6.910882722200000e+02 -1.263702056331000e+02	-2.667387000000000e-04  0.000000000000000e+00  1.648670000000000e-04	1.000000000000000e+00	8148	0	195
198	6.008548413092000e+02 5.548682393270001e+01 9.471360338760000e+01	 4.552300000000000e-06 -5.377400000000000e-06  0.000000000000000e+00	1.000000000000000e+00	8148	0	198
201	 5.169572231535000e+02  4.053739806427000e+02 -6.365776923567000e+02	 1.455000000000000e-07 -2.520000000000000e-07 -1.702400000000000e-06	1.000000000000000e+00	0	0	201
202	 4.574864310296000e+02 -5.768680813748000e+02  2.286190426598000e+02	-2.492926875000000e-05 -9.820300781250000e-07  0.000000000000000e+00	3.164062500000000e-01	8148	0	202
204	 6.372720958869000e+02  6.369617383429000e+02 -4.262112152443000e+02	2.210000000000000e-08 1.547000000000000e-07 0.000000000000000e+00	1.000000000000000e+00	646	0	204
205	-2.399768010140000e+01  7.500000000000000e+02 -4.262112152443000e+02	-9.180000000000000e-08 -3.263000000000000e-07  0.000000000000000e+00	1.000000000000000e+00	646	1	205
209	-7.793917151810000e+01  5.626687596534000e+02 -1.159425144917000e+02	-1.633180000000000e-05  2.461490000000000e-05  0.000000000000000e+00	1.000000000000000e+00	661	0	209
210	-6.687013654021000e+02  3.168687736400000e+00 -4.164132562731000e+02	 3.978000000000000e-07 -3.281000000000000e-07  0.000000000000000e+00	1.000000000000000e+00	8148	0	210
212	-6.316183880030001e+02  5.594750272325000e+02  1.077775486825000e+02	-9.671500000000000e-06  7.279000000000001e-07  0.000000000000000e+00	1.000000000000000e+00	23	0	212
213	-5.917867540591001e+02 -5.624719162961001e+02 -1.894272067752000e+02	-4.440000000000000e-08  3.430000000000000e-08  0.000000000000000e+00	1.000000000000000e+00	27	0	213
214	 2.775171178967000e+02  5.625183137087000e+02 -1.894272067752000e+02	-4.870000000000000e-08  3.760000000000000e-08  0.000000000000000e+00	1.000000000000000e+00	27	0	214
216	-3.987747730763000e+02 -4.101059369187000e+02  6.021412627848000e+02	 4.465300000000000e-06  7.734100000000001e-06 -1.408070000000000e-05	1.000000000000000e+00	491	0	216
221	 1.722731978027000e+02 -5.624842563350001e+02  1.518683640526000e+02	8.640000000000001e-08 3.860000000000000e-08 0.000000000000000e+00	1.000000000000000e+00	8148	0	221
222	-3.122631101159000e+02  5.640531623888000e+02  1.518683640526000e+02	-4.484000000000000e-07 -1.628000000000000e-07  0.000000000000000e+00	1.000000000000000e+00	8148	0	222
223	-6.345635882599000e+02  3.403479836873000e+02 -6.914155473189001e+02	-7.270000000000001e-08  0.000000000000000e+00 -1.357800000000000e-06	1.000000000000000e+00	8148	0	223
226	 7.014445732853001e+02 -7.717226282280001e+01 -2.785023089179000e+02	7.930000000000000e-08 1.374000000000000e-07 1.040360000000000e-05	1.000000000000000e+00	8148	0	226
228	 5.236610648972000e+02 -7.095537782848000e+02 -5.507562693045001e+02	 1.445720000000000e-05 -2.504070000000000e-05 -1.287010000000000e-05	1.000000000000000e+00	8148	0	228
229	-5.035731912633000e+02  6.630309992796000e+02 -6.793251553319001e+02	-3.458700000000000e-06 -7.533300000000000e-06  0.000000000000000e+00	1.000000000000000e+00	8148	0	229
231	 4.871698308946000e+02 -5.372106789382000e+02  1.469693845670000e+01	 1.406100000000000e-06 -2.103000000000000e-07  0.000000000000000e+00	1.000000000000000e+00	5009	0	231
233	-4.730852549834000e+02  6.910882722200000e+02  4.344343539888000e+02	-4.312550000000000e-05  0.000000000000000e+00 -3.199460000000000e-05	1.000000000000000e+00	8148	0	233
234	 1.229561488568000e+02 -5.776168949935001e+02  9.471360338760000e+01	-9.817000000000001e-07  9.234000000000000e-07  0.000000000000000e+00	1.000000000000000e+00	8148	0	234
235	 3.495402095619000e+02 -5.362471542438000e+02  3.592584956082000e+02	 1.577240000000000e-05 -1.410300000000000e-06  0.000000000000000e+00	1.000000000000000e+00	8148	0	235
237	-2.086965178434000e+02 -5.987639329045001e+02 -4.619253479783000e+02	-1.410000000000000e-08 -2.450000000000000e-08  1.375000000000000e-07	1.000000000000000e+00	8148	0	237
238	4.377048250612000e+02 5.208360350872000e+02 4.726050200380000e+02	 2.908570000000000e-05  5.037790000000000e-05 -1.219001000000000e-04	1.000000000000000e+00	8148	0	238
241	-2.493615152398000e+02 -5.544119502661000e+02  5.829785587824000e+02	-1.270810000000000e-05  1.981800000000000e-05  0.000000000000000e+00	1.000000000000000e+00	105	0	241
242	7.140255453588001e+02 5.103946731800000e+00 5.829785587824000e+02	 1.372030000000000e-05 -2.290410000000000e-05  0.000000000000000e+00	1.000000000000000e+00	105	0	242
243	-2.211237563624000e+02  6.048726795061000e+02 -4.164132562731000e+02	-1.033401549682617e-05  1.655894311523438e-06  0.000000000000000e+00	1.334838867187500e-01	8148	0	243
246	 7.169747908402001e+02  5.893339100300000e+01 -5.860724880814000e+02	 1.429000000000000e-07 -2.475000000000000e-07 -3.504200000000000e-06	1.000000000000000e+00	0	0	246
247	 6.220146936451000e+02  2.234091040366000e+02 -6.043437939540000e+02	 1.653000000000000e-07 -2.863000000000000e-07 -2.787400000000000e-06	1.000000000000000e+00	0	0	247
248	 4.885380712695000e+02 -1.947285265267000e+02  2.286190426598000e+02	-2.953630000000000e-05  2.916700000000000e-06  0.000000000000000e+00	1.000000000000000e+00	8148	0	248
249	5.483206924170000e+02 1.793289761058000e+02 2.286190426598000e+02	1.710000000000000e-08 4.000000000000000e-09 0.000000000000000e+00	1.000000000000000e+00	8148	0	249
250	 4.117762021268000e+02  6.692318075255000e+02 -4.262112152443000e+02	1.300000000000000e-09 8.800000000000001e-09 0.000000000000000e+00	1.000000000000000e+00	646	0	250
251	 1.864187274004000e+02  7.024482449762000e+02 -4.262112152443000e+02	1.120000000000000e-08 6.270000000000000e-08 0.000000000000000e+00	1.000000000000000e+00	646	0	251
255	-4.072992205540000e+02  3.273891438668000e+02 -1.159425144917000e+02	-2.689740000000000e-04  3.645627000000000e-04  0.000000000000000e+00	1.000000000000000e+00	661	0	255
256	-5.066241687828000e+02  1.995984002467000e+02 -4.164132562731000e+02	 4.229000000000000e-07 -3.488000000000000e-07  0.000000000000000e+00	1.000000000000000e+00	8148	0	256
257	-3.449720687045000e+02  3.961931368418000e+02 -4.164132562731000e+02	 2.665125000000000e-07 -2.187562500000000e-07  0.000000000000000e+00	5.625000000000000e-01	8148	0	257
258	-6.590333181913001e+02 -4.260294755225000e+02  1.077775486825000e+02	-9.726940000000001e-05  4.140000000000000e-07  0.000000000000000e+00	1.000000000000000e+00	23	0	258
259	-6.565110604200000e+02  8.911195814350000e+01  1.077775486825000e+02	-2.518640000000000e-05  6.845000000000001e-07  0.000000000000000e+00	1.000000000000000e+00	23	0	259
260	-3.021926109134000e+02 -1.873408526760000e+02 -1.894272067752000e+02	-3.803000000000000e-07  2.938000000000000e-07  0.000000000000000e+00	1.000000000000000e+00	27	0	260
261	-1.232586316970000e+01  1.875795602412000e+02 -1.894272067752000e+02	-2.094000000000000e-07  1.619000000000000e-07  0.000000000000000e+00	1.000000000000000e+00	27	0	261
262	-5.855909370914001e+02 -7.336810246679000e+02  2.774858359765000e+02	 3.509000000000000e-06  6.077700000000000e-06 -3.046800000000000e-06	1.000000000000000e+00	491	0	262
263	-4.950276317343000e+02 -5.768207784881000e+02  4.674475783047000e+02	-3.980000000000000e-08 -6.890000000000000e-08 -1.232500000000000e-06	1.000000000000000e+00	491	0	263
268	 8.587593003900000e+00 -1.875439119817000e+02  1.518683640526000e+02	-1.554000000000000e-07 -6.770000000000000e-08  0.000000000000000e+00	1.000000000000000e+00	8148	0	268
269	-1.545678299908000e+02  1.875211940456000e+02  1.518683640526000e+02	8.490000000000000e-08 3.690000000000000e-08 0.000000000000000e+00	1.000000000000000e+00	8148	0	269
270	-3.567231783220000e+02  3.403479836873000e+02 -7.149540373584000e+02	-6.120000000000001e-08  0.000000000000000e+00 -5.308000000000001e-07	1.000000000000000e+00	8148	0	270
273	 5.892057985497000e+02 -2.715755232441000e+02 -2.740458191388000e+02	9.070000000000000e-08 1.571000000000000e-07 7.277900000000000e-06	1.000000000000000e+00	8148	0	273
274	 4.470560872983000e+02 -5.768700649708001e+02  1.505944153817000e+02	-1.310250000000000e-05  2.269420000000000e-05  1.964850000000000e-05	1.000000000000000e+00	8148	0	274
277	 5.470127018922000e+02 -7.500000000000000e+02 -6.793251553319001e+02	0.000000000000000e+00 0.000000000000000e+00 0.000000000000000e+00	1.000000000000000e+00	8148	1	277
278	 5.437765486485000e+02 -5.803045462320000e+01  1.469693845670000e+01	 4.564920000000000e-05 -2.989600000000000e-06  0.000000000000000e+00	1.000000000000000e+00	5009	0	278
279	5.483587525372001e+02 4.063575042967000e+02 1.469693845670000e+01	 7.587140000000001e-05 -1.510300000000000e-06  0.000000000000000e+00	1.000000000000000e+00	5009	0	279
281	-4.021458471161000e+02  6.910882722200000e+02  1.165937042396000e+02	-2.758740000000000e-05  0.000000000000000e+00  2.344270000000000e-05	1.000000000000000e+00	8148	0	281
282	 2.834014535426000e+02 -3.042113567919000e+02  9.471360338760000e+01	 2.165900000000000e-06 -1.181300000000000e-06  0.000000000000000e+00	1.000000000000000e+00	8148	0	282
283	 4.722735025994000e+02 -5.374596695780000e+01  9.471360338760000e+01	 3.255700000000000e-06 -3.597800000000000e-06  0.000000000000000e+00	1.000000000000000e+00	8148	0	283
284	 3.801191087955000e+02 -9.391196242400000e+00  3.592584956082000e+02	 6.187650000000000e-05 -2.904700000000000e-06  0.000000000000000e+00	1.000000000000000e+00	8148	0	284
286	 4.662001752070000e+01 -1.565427216413000e+02 -2.627357466156000e+02	 1.327700000000000e-06  2.299600000000000e-06 -4.077900000000000e-06	1.000000000000000e+00	8148	0	286
287	2.497980915948000e+02 1.953720256389000e+02 1.065416219718000e+02	 1.496010000000000e-05  2.591160000000000e-05 -2.347390000000000e-05	1.000000000000000e+00	8148	0	287
290	 7.780864913240001e+01 -3.585560142261000e+02  5.829785587824000e+02	 3.164800000000000e-06 -5.563300000000001e-06  0.000000000000000e+00	1.000000000000000e+00	105	0	290
291	 4.089388782805000e+02 -1.752168483383000e+02  5.829785587824000e+02	 1.360130000000000e-05 -2.620850000000000e-05  0.000000000000000e+00	1.000000000000000e+00	105	0	291
292	 4.597567020015000e+02 -5.988681749240001e+02  2.286190426598000e+02	-2.685200000000000e-05  4.650900000000000e-05  0.000000000000000e+00	1.000000000000000e+00	8148	0	292
297	-3.035583144700000e+00  6.101912891644000e+02 -1.159425144917000e+02	-5.691100000000000e-06  8.999900000000000e-06  0.000000000000000e+00	1.000000000000000e+00	661	0	297
298	-7.092007006456000e+02 -4.595550006240000e+01 -4.164132562731000e+02	 4.758000000000000e-07 -3.934000000000000e-07  0.000000000000000e+00	1.000000000000000e+00	8148	0	298
300	-6.221376572607001e+02  6.680599044326000e+02  1.077775486825000e+02	-6.070000000000000e-07  1.760000000000000e-08  0.000000000000000e+00	1.000000000000000e+00	23	0	300
301	-6.642908680225000e+02 -6.561731150855001e+02 -1.894272067752000e+02	-1.363000000000000e-07  1.054000000000000e-07  0.000000000000000e+00	1.000000000000000e+00	27	0	301
302	 3.499629887201000e+02  6.562644998455000e+02 -1.894272067752000e+02	-4.850000000000000e-08  3.740000000000000e-08  0.000000000000000e+00	1.000000000000000e+00	27	0	302
305	 2.139262873882000e+02 -6.560926805104000e+02  1.518683640526000e+02	4.051000000000000e-07 1.925000000000000e-07 0.000000000000000e+00	1.000000000000000e+00	8148	0	305
306	-3.517293294214000e+02  6.910882722200000e+02  1.518683640526000e+02	 2.671875000000000e-08 -2.187000000000000e-07 -1.487306250000000e-06	5.625000000000000e-01	8148	0	306
307	-7.048367696760000e+02  3.403479836873000e+02 -6.881955844503000e+02	-7.090000000000001e-08  0.000000000000000e+00 -1.939600000000000e-06	1.000000000000000e+00	8148	0	307
313	 4.739554554380000e+02 -6.437056608550000e+02  1.469693845670000e+01	-3.924700000000000e-06  6.600000000000000e-07  0.000000000000000e+00	1.000000000000000e+00	5009	0	313
314	5.803730988559000e+02 6.374037995161000e+02 1.469693845670000e+01	 5.144470000000000e-05 -1.619780000000000e-05  0.000000000000000e+00	1.000000000000000e+00	5009	0	314
315	-5.060914779704000e+02  6.910882722200000e+02  4.749562965614000e+02	-3.571090000000000e-05  0.000000000000000e+00 -3.654140000000000e-05	1.000000000000000e+00	8148	0	315
316	 5.842004497340000e+01 -6.429421609720000e+02  9.471360338760000e+01	-7.350000000000001e-07  7.676000000000001e-07  0.000000000000000e+00	1.000000000000000e+00	8148	0	316
317	 3.369806525884000e+02 -6.552111702938000e+02  3.592584956082000e+02	 5.974200000000000e-06 -7.454000000000000e-07  0.000000000000000e+00	1.000000000000000e+00	8148	0	317
319	-2.677114361642000e+02 -7.009807698406000e+02 -4.809684702436000e+02	-6.100000000000000e-09 -1.050000000000000e-08  1.041000000000000e-07	1.000000000000000e+00	8148	0	319
320	4.893322313658000e+02 6.102573258697000e+02 5.192551131927000e+02	 3.799730000000000e-05  6.581330000000001e-05 -2.474900000000000e-04	1.000000000000000e+00	8148	0	320
322	4.858493027831000e+02 5.737223069568000e+02 3.804874067123000e+02	1.664000000000000e-06 6.536000000000000e-07 0.000000000000000e+00	1.000000000000000e+00	8006	0	322
323	-3.289087777751000e+02 -6.058603271194000e+02  5.829785587824000e+02	-1.590840000000000e-05  2.497420000000000e-05  0.000000000000000e+00	1.000000000000000e+00	105	0	323
328	 4.987567995177000e+02 -1.016210698207000e+02  2.286190426598000e+02	-2.030480000000000e-05  2.365800000000000e-06  0.000000000000000e+00	1.000000000000000e+00	8148	0	328
333	-4.959179235939000e+02  2.621370057698000e+02 -1.159425144917000e+02	-3.990320000000000e-04  5.398425000000000e-04  0.000000000000000e+00	1.000000000000000e+00	661	0	333
334	-4.661124075525000e+02  2.487120803513000e+02 -4.164132562731000e+02	 4.561000000000000e-07 -3.761000000000000e-07  0.000000000000000e+00	1.000000000000000e+00	8148	0	334
335	-3.853547644092000e+02  3.470662614938000e+02 -4.164132562731000e+02	 2.886750000000000e-07 -2.367000000000000e-07  0.000000000000000e+00	5.625000000000000e-01	8148	0	335
336	-6.590661300239000e+02 -2.983051512290000e+02  1.077775486825000e+02	-1.017845000000000e-04 -3.364000000000000e-07  0.000000000000000e+00	1.000000000000000e+00	23	0	336
337	-6.589866065440000e+02 -3.318536659720000e+01  1.077775486825000e+02	-4.745790000000000e-05  5.829000000000001e-07  0.000000000000000e+00	1.000000000000000e+00	23	0	337
338	-2.297435604287000e+02 -9.359708476410000e+01 -1.894272067752000e+02	-3.776000000000000e-07  2.919000000000000e-07  0.000000000000000e+00	1.000000000000000e+00	27	0	338
339	-8.478632539710000e+01  9.384466916430000e+01 -1.894272067752000e+02	-2.442000000000000e-07  1.888000000000000e-07  0.000000000000000e+00	1.000000000000000e+00	27	0	339
342	-3.223740216270000e+01 -9.378828817060000e+01  1.518683640526000e+02	-1.442000000000000e-07 -6.280000000000001e-08  0.000000000000000e+00	1.000000000000000e+00	8148	0	342
343	-1.137935297285000e+02  9.375366512880001e+01  1.518683640526000e+02	8.300000000000000e-09 3.600000000000000e-09 0.000000000000000e+00	1.000000000000000e+00	8148	0	343
344	-2.841610136626000e+02  3.403479836873000e+02 -7.239956319624000e+02	-5.970000000000000e-08  0.000000000000000e+00 -4.562000000000000e-07	1.000000000000000e+00	8148	0	344
349	-1.616393912681000e+02  4.774214302437000e+02 -6.793251553319001e+02	-4.459244589843750e-05  7.723636347656250e-05  0.000000000000000e+00	2.373046875000000e-01	8148	0	349
350	5.473915237395000e+02 2.550825092380000e+01 1.469693845670000e+01	 5.414830000000000e-05 -1.163900000000000e-06  0.000000000000000e+00	1.000000000000000e+00	5009	0	350
351	5.480080349186001e+02 3.006835032287000e+02 1.469693845670000e+01	 7.215360000000000e-05 -3.947000000000000e-07  0.000000000000000e+00	1.000000000000000e+00	5009	0	351
352	-4.165548854985000e+02  6.910882722200000e+02  3.592584956082000e+02	-6.963380000000000e-05  0.000000000000000e+00  0.000000000000000e+00	1.000000000000000e+00	8148	0	352
354	 3.242027630310000e+02 -2.346586352138000e+02  9.471360338760000e+01	 2.879900000000000e-06 -1.841400000000000e-06  0.000000000000000e+00	1.000000000000000e+00	8148	0	354
355	 4.185524336739000e+02 -1.086139206339000e+02  9.471360338760000e+01	 3.157000000000000e-06 -2.818900000000000e-06  0.000000000000000e+00	1.000000000000000e+00	8148	0	355
356	3.848794191177000e+02 9.867430856040001e+01 3.592584956082000e+02	 7.016340000000000e-05 -3.191600000000000e-06  0.000000000000000e+00	1.000000000000000e+00	8148	0	356
358	 1.047157425323000e+02 -5.591797421860000e+01 -1.747046175207000e+02	 1.343900000000000e-05  2.327700000000000e-05 -3.583560000000000e-05	1.000000000000000e+00	8148	0	358
359	2.058553699500000e+02 1.192609991273000e+02 2.335020006170000e+01	 2.529880000000000e-05  4.381890000000000e-05 -4.981820000000000e-05	1.000000000000000e+00	8148	0	359
362	 1.600542936433000e+02 -3.117911999942000e+02  5.829785587824000e+02	 6.745300000000000e-06 -1.189300000000000e-05  0.000000000000000e+00	1.000000000000000e+00	105	0	362
363	 3.248593305004000e+02 -2.198876044563000e+02  5.829785587824000e+02	 1.204510000000000e-05 -2.231990000000000e-05  0.000000000000000e+00	1.000000000000000e+00	105	0	363
364	 4.668268595613000e+02 -4.625837272037000e+02  2.286190426598000e+02	-4.794050000000000e-05  3.750700000000000e-06  0.000000000000000e+00	1.000000000000000e+00	8148	0	364
365	 4.802174371063000e+02 -2.863598043585000e+02  2.286190426598000e+02	-4.017130000000000e-05  3.355000000000000e-06  0.000000000000000e+00	1.000000000000000e+00	8148	0	365
367	5.884456449221000e+02 2.680533176220000e+02 2.286190426598000e+02	-1.752000000000000e-07  8.590000000000001e-08  0.000000000000000e+00	1.000000000000000e+00	8148	0	367
374	-1.584484535568000e+02  5.084980424601000e+02 -1.159425144917000e+02	-4.338340000000000e-05  6.218080000000001e-05  0.000000000000000e+00	1.000000000000000e+00	661	0	374
375	-3.183454739915000e+02  3.931826773898000e+02 -1.159425144917000e+02	-1.684843000000000e-04  2.287297000000000e-04  0.000000000000000e+00	1.000000000000000e+00	661	0	375
376	-6.281786021504000e+02  5.227321092660000e+01 -4.164132562731000e+02	 3.741000000000000e-07 -3.087000000000000e-07  0.000000000000000e+00	1.000000000000000e+00	8148	0	376
377	-5.471394272565000e+02  1.504876241314000e+02 -4.164132562731000e+02	 3.914000000000000e-07 -3.229000000000000e-07  0.000000000000000e+00	1.000000000000000e+00	8148	0	377
378	-6.616849083600000e+02 -6.661895771681001e+02  1.077775486825000e+02	-9.947970000000001e-05  5.775100000000000e-06  0.000000000000000e+00	1.000000000000000e+00	23	0	378
379	-6.597064616380001e+02 -5.335485140181000e+02  1.077775486825000e+02	-9.859630000000001e-05  6.083000000000001e-07  0.000000000000000e+00	1.000000000000000e+00	23	0	379
380	-6.394740058214001e+02  4.468596375921000e+02  1.077775486825000e+02	-1.870710000000000e-05  1.239400000000000e-06  0.000000000000000e+00	1.000000000000000e+00	23	0	380
381	-6.522079234567000e+02  2.129277827508000e+02  1.077775486825000e+02	-2.746300000000000e-05  1.192500000000000e-06  0.000000000000000e+00	1.000000000000000e+00	23	0	381
382	-5.194046452995000e+02 -4.686765032727000e+02 -1.894272067752000e+02	-1.437000000000000e-07  1.109000000000000e-07  0.000000000000000e+00	1.000000000000000e+00	27	0	382
383	-3.746201510409000e+02 -2.811012367773000e+02 -1.894272067752000e+02	-3.397000000000000e-07  2.624000000000000e-07  0.000000000000000e+00	1.000000000000000e+00	27	0	383
384	 2.050484631186000e+02  4.687897387821000e+02 -1.894272067752000e+02	-1.018000000000000e-07  7.870000000000000e-08  0.000000000000000e+00	1.000000000000000e+00	27	0	384
385	 6.012768175200000e+01  2.813198112379000e+02 -1.894272067752000e+02	-1.876000000000000e-07  1.450000000000000e-07  0.000000000000000e+00	1.000000000000000e+00	27	0	385
388	5.500033892769001e+02 1.415086008030000e+01 9.471360338760000e+01	 4.873300000000000e-06 -5.799200000000000e-06  0.000000000000000e+00	1.000000000000000e+00	8148	0	388
390	 1.310714263249000e+02 -4.688504312490000e+02  1.518683640526000e+02	-3.484000000000000e-07 -1.525000000000000e-07  0.000000000000000e+00	1.000000000000000e+00	8148	0	390
391	 4.940138262140000e+01 -2.813043802134000e+02  1.518683640526000e+02	-1.878000000000000e-07 -8.170000000000000e-08  0.000000000000000e+00	1.000000000000000e+00	8148	0	391
392	-2.772560203571000e+02  4.686599583290000e+02  1.518683640526000e+02	7.260000000000000e-08 3.180000000000000e-08 0.000000000000000e+00	1.000000000000000e+00	8148	0	392
393	-1.953662788915000e+02  2.812782322583000e+02  1.518683640526000e+02	1.262000000000000e-07 5.500000000000000e-08 0.000000000000000e+00	1.000000000000000e+00	8148	0	393
394	-5.642935114848000e+02  3.403479836873000e+02 -6.957478947281001e+02	-6.830000000000000e-08  0.000000000000000e+00 -9.841000000000000e-07	1.000000000000000e+00	8148	0	394
395	-4.271693376898000e+02  3.403479836873000e+02 -7.073604824192000e+02	-6.430000000000000e-08  0.000000000000000e+00 -6.464000000000001e-07	1.000000000000000e+00	8148	0	395
400	 5.047128933655000e+02 -6.767345824813000e+02 -4.722691157404000e+02	-6.981600000000000e-06  1.209250000000000e-05  7.722600000000001e-05	1.000000000000000e+00	8148	0	400
401	 4.328299014172000e+02 -5.522295882268000e+02 -2.631233719672000e+02	-9.809870575904846e-07  1.699119522571564e-06  3.897509035205841e-06	5.631351470947266e-02	8148	0	401
402	-4.638724998128000e+02  6.448077907348001e+02 -6.793251553319001e+02	-9.198400000000000e-06 -1.967580000000000e-05  0.000000000000000e+00	1.000000000000000e+00	8148	0	402
403	-3.952559748275000e+02  6.116621440838001e+02 -6.793251553319001e+02	-7.625800000000000e-06 -1.548360000000000e-05  0.000000000000000e+00	1.000000000000000e+00	8148	0	403
406	 5.023227732033000e+02 -4.295940566397000e+02  1.469693845670000e+01	 1.151450000000000e-05 -1.641200000000000e-06  0.000000000000000e+00	1.000000000000000e+00	5009	0	406
407	 5.329854247779000e+02 -1.670951888538000e+02  1.469693845670000e+01	 3.657520000000000e-05 -3.572500000000000e-06  0.000000000000000e+00	1.000000000000000e+00	5009	0	407
408	5.711608565212000e+02 5.978510438746000e+02 1.469693845670000e+01	 5.602140000000001e-05 -8.920800000000001e-06  0.000000000000000e+00	1.000000000000000e+00	5009	0	408
409	5.555944756449001e+02 4.988040641742000e+02 1.469693845670000e+01	 6.537700000000001e-05 -6.319700000000000e-06  0.000000000000000e+00	1.000000000000000e+00	5009	0	409
412	 1.663426982500000e+02 -5.265967976184000e+02  9.471360338760000e+01	-6.127000000000000e-07  4.558000000000000e-07  0.000000000000000e+00	1.000000000000000e+00	8148	0	412
413	 2.474444171378000e+02 -3.772695768332000e+02  9.471360338760000e+01	 7.482000000000000e-07 -3.522000000000000e-07  0.000000000000000e+00	1.000000000000000e+00	8148	0	413
414	 3.597250386039000e+02 -4.064056282219000e+02  3.592584956082000e+02	 2.681880000000000e-05 -1.793800000000000e-06  0.000000000000000e+00	1.000000000000000e+00	8148	0	414
415	 3.736799156642000e+02 -1.420838021897000e+02  3.592584956082000e+02	 5.056550000000000e-05 -2.333400000000000e-06  0.000000000000000e+00	1.000000000000000e+00	8148	0	415
416	-8.132625707990000e+01  6.910882722200000e+02  3.592584956082000e+02	0.000000000000000e+00 0.000000000000000e+00 0.000000000000000e+00	1.000000000000000e+00	8148	0	416
418	-1.456959428915000e+02 -4.896437361817000e+02 -4.281529629642000e+02	 1.202000000000000e-07  2.083000000000000e-07 -7.267000000000001e-07	1.000000000000000e+00	8148	0	418
419	-1.765451490170000e+01 -2.678694774297000e+02 -3.303514234778000e+02	 2.133800000000000e-06  3.695900000000000e-06 -9.156499999999999e-06	1.000000000000000e+00	8148	0	419
424	4.525756757331000e+02 6.616213079044001e+02 3.804874067123000e+02	1.248600000000000e-06 4.254000000000000e-07 0.000000000000000e+00	1.000000000000000e+00	8006	0	424
426	-1.688107164811000e+02 -5.030151019065000e+02  5.829785587824000e+02	-8.715700000000000e-06  1.392480000000000e-05  0.000000000000000e+00	1.000000000000000e+00	105	0	426
427	-4.568926461300000e+00 -4.054757696922000e+02  5.829785587824000e+02	-5.632000000000001e-07  9.473000000000000e-07  0.000000000000000e+00	1.000000000000000e+00	105	0	427
428	 6.467416448753000e+02 -3.732792487030000e+01  5.829785587824000e+02	 2.593930000000000e-05 -3.842430000000000e-05  0.000000000000000e+00	1.000000000000000e+00	105	0	428
429	 4.946036884620000e+02 -1.321178437290000e+02  5.829785587824000e+02	 1.456570000000000e-05 -2.606880000000000e-05  0.000000000000000e+00	1.000000000000000e+00	105	0	429
430	-2.388185237884000e+02  5.500856768535000e+02 -4.164132562731000e+02	-8.038000000000000e-07  3.156000000000000e-07  0.000000000000000e+00	1.000000000000000e+00	8148	0	430
431	-3.046636715209000e+02  4.453816144509000e+02 -4.164132562731000e+02	 1.031062500000000e-07 -8.375625000000001e-08  0.000000000000000e+00	5.625000000000000e-01	8148	0	431
432	-2.147462896944000e+02  6.910882722200000e+02 -4.151338485922000e+02	-5.463556821603002e-05  0.000000000000000e+00 -7.061670138654867e-05	1.336346101015806e-02	8148	0	432
433	-4.429715517414000e+02  6.910882722200000e+02  4.711136306700000e+00	-1.134640000000000e-04  0.000000000000000e+00  6.205310000000000e-05	1.000000000000000e+00	8148	0	433
434	6.631759858039001e+02 1.108585973549000e+02 9.471360338760000e+01	 6.054000000000000e-06 -7.375100000000000e-06  0.000000000000000e+00	1.000000000000000e+00	8148	0	434
436	 4.902765368702000e+02  4.515862848661000e+02 -6.472135273510000e+02	 1.684000000000000e-07 -2.916000000000000e-07 -1.474100000000000e-06	1.000000000000000e+00	0	0	436
438	5.166427229577000e+02 6.575604848865000e+02 5.350001376227000e+02	 3.315260000000000e-05  5.742200000000000e-05 -2.878073000000000e-04	1.000000000000000e+00	8148	0	438
439	 1.311372120603000e+02 -1.015464658560000e+01 -1.258209730248000e+02	 1.932420000000000e-05  3.347040000000000e-05 -5.104340000000000e-05	1.000000000000000e+00	8148	0	439
440	 1.828504198497000e+02  7.941525672810000e+01 -2.248180040270000e+01	 2.757010000000000e-05  4.775280000000000e-05 -5.364160000000000e-05	1.000000000000000e+00	8148	0	440
441	-1.140240872682000e+02 -4.347864730721000e+02 -4.065072773130000e+02	 4.915000000000000e-07  8.513000000000000e-07 -2.778300000000000e-06	1.000000000000000e+00	8148	0	441
442	-4.999164710240000e+01 -3.238790333724000e+02 -3.586031570013000e+02	 1.400200000000000e-06  2.425100000000000e-06 -6.712000000000000e-06	1.000000000000000e+00	8148	0	442
444	5.700127018922000e+02 7.500000000000000e+02 3.592584956082000e+02	0.000000000000000e+00 0.000000000000000e+00 0.000000000000000e+00	1.000000000000000e+00	8148	1	444
445	-2.391608047104000e+02 -6.515296255744000e+02 -4.731584033615000e+02	-1.260000000000000e-08 -2.180000000000000e-08  1.613000000000000e-07	1.000000000000000e+00	8148	0	445
446	-1.773156062826000e+02 -5.444105996934001e+02 -4.468631153126000e+02	 7.100000000000000e-09  1.220000000000000e-08 -4.390000000000000e-08	1.000000000000000e+00	8148	0	446
447	4.630212911786000e+02 5.646854406706000e+02 4.987590418604000e+02	 3.863120000000000e-05  6.691120000000000e-05 -1.904278000000000e-04	1.000000000000000e+00	8148	0	447
448	4.139975815728000e+02 4.797738848578000e+02 4.404653169608000e+02	-1.912000000000000e-06 -3.311800000000000e-06  8.692400000000000e-06	1.000000000000000e+00	8148	0	448
449	 7.697419515610001e+01 -1.039677437548000e+02 -2.203298805042000e+02	 6.404300000000000e-06  1.109250000000000e-05 -1.751750000000000e-05	1.000000000000000e+00	8148	0	449
450	 1.466261059400000e+01 -2.118945741166000e+02 -2.988571108832000e+02	 3.319600000000000e-06  5.749800000000000e-06 -1.230200000000000e-05	1.000000000000000e+00	8148	0	450
451	2.284277934409000e+02 1.583575834636000e+02 6.691888620830001e+01	 1.977350000000000e-05  3.424870000000000e-05 -4.237700000000000e-05	1.000000000000000e+00	8148	0	451
452	2.735575209727000e+02 2.365245644803000e+02 1.480818873968000e+02	2.964190000000000e-05 5.134130000000000e-05 8.004900000000000e-06	1.000000000000000e+00	8148	0	452
453	 3.299291418496000e+02 -7.022593016543000e+02  3.592584956082000e+02	 1.902300000000000e-06 -2.951000000000000e-07  0.000000000000000e+00	1.000000000000000e+00	8148	0	453
455	-3.752309182566000e+02 -3.693267841650000e+02  6.302913187084000e+02	 4.191600000000000e-06  7.260000000000000e-06 -1.450900000000000e-05	1.000000000000000e+00	491	0	455
459	 3.438140279782000e+02 -5.960273068416000e+02  3.592584956082000e+02	 1.091820000000000e-05 -1.132600000000000e-06  0.000000000000000e+00	1.000000000000000e+00	8148	0	459
460	3.873396117206000e+02 1.489948135043000e+02 3.592584956082000e+02	 7.508000000000001e-05 -2.282500000000000e-06  0.000000000000000e+00	1.000000000000000e+00	8148	0	460
465	 4.291393491410000e+01  6.379448872714000e+02 -1.159425144917000e+02	-1.645400000000000e-06  2.767400000000000e-06  0.000000000000000e+00	1.000000000000000e+00	661	0	465
468	-7.076273841984000e+02  7.418875118450001e+01  6.580962442277000e+02	-5.558090000000000e-05 -3.144410000000000e-05  0.000000000000000e+00	1.000000000000000e+00	1105	0	468
471	 3.548089726899000e+02 -4.739977315443000e+02  3.592584956082000e+02	 2.093190000000000e-05 -1.625800000000000e-06  0.000000000000000e+00	1.000000000000000e+00	8148	0	471
479	7.497667129359000e+02 5.715767664980000e+01 6.580962442277000e+02	 9.362460937500000e-07 -1.064675390625000e-06  0.000000000000000e+00	3.164062500000000e-01	1105	0	479
483	 5.109559435623000e+02 -3.700046711135000e+02  1.469693845670000e+01	 1.766560000000000e-05 -2.202500000000000e-06  0.000000000000000e+00	1.000000000000000e+00	5009	0	483
484	-6.067988495328000e+02  9.536027314320000e+01  6.580962442277000e+02	-1.012852000000000e-04 -3.285610000000000e-05  0.000000000000000e+00	1.000000000000000e+00	1105	0	484
486	-3.764451826856000e+02 -6.352308713568000e+02  5.829785587824000e+02	-1.679680000000000e-05  2.798280000000000e-05  0.000000000000000e+00	1.000000000000000e+00	105	0	486
487	5.268167726913000e+02 6.751824559439000e+02 2.286190426598000e+02	 2.971085625000000e-05  5.146065000000000e-05 -6.564746250000000e-05	5.625000000000000e-01	8148	0	487
488	 4.621470742844000e+02  5.003079432544000e+02 -6.605216848781000e+02	 1.679000000000000e-07 -2.908000000000000e-07 -1.336300000000000e-06	1.000000000000000e+00	0	0	488
490	5.050848466425000e+02 5.341393510339000e+02 3.804874067123000e+02	2.506000000000000e-06 1.609600000000000e-06 0.000000000000000e+00	1.000000000000000e+00	8006	0	490
491	-5.204769656548000e+02 -6.209003178573000e+02  4.262760845702000e+02	-1.570000000000000e-07 -2.720000000000000e-07 -1.242630000000000e-05	1.000000000000000e+00	491	0	491
494	 8.404286764800000e+00 -6.867117878364000e+02  9.471360338760000e+01	 1.285700000000000e-06 -1.363200000000000e-06  0.000000000000000e+00	1.000000000000000e+00	8148	0	494
495	 5.255545112219000e+02 -2.445593735878000e+02  1.469693845670000e+01	 2.900290000000000e-05 -3.012000000000000e-06  0.000000000000000e+00	1.000000000000000e+00	5009	0	495
496	 3.426813001887000e+02 -6.985684797158000e+02  1.023825871830000e+01	3.273100000000000e-06 5.669100000000000e-06 2.288200000000000e-05	1.000000000000000e+00	8148	0	496
497	-4.708374901488000e+02 -5.349222242197001e+02  5.034770432466000e+02	 1.003100000000000e-06  1.737500000000000e-06 -3.007600000000000e-06	1.000000000000000e+00	491	0	497
499	 5.031944203891000e+02 -4.205516002473000e+02 -2.687111709577000e+02	7.680000000000000e-08 1.330000000000000e-07 3.724500000000000e-06	1.000000000000000e+00	8148	0	499
501	-5.017582815639000e+02  1.055911765082000e+02  6.580962442277000e+02	-6.014020000000000e-05 -9.022300000000000e-06  0.000000000000000e+00	1.000000000000000e+00	1105	0	501
503	-4.257584643677000e+02  1.081085416801000e+02  6.580962442277000e+02	-6.607400000000000e-06  5.908300000000000e-06  0.000000000000000e+00	1.000000000000000e+00	1105	0	503
505	5.310295079485001e+02 1.199916002950000e+02 2.286190426598000e+02	-1.126400000000000e-06  1.789000000000000e-07  0.000000000000000e+00	1.000000000000000e+00	8148	0	505
507	-5.692963243317000e+02 -7.054579274785000e+02  3.249546075662000e+02	 7.927100000000001e-06  1.373020000000000e-05 -1.903640000000000e-05	1.000000000000000e+00	491	0	507
512	 9.292838118980001e+01  6.669849524544001e+02 -1.159425144917000e+02	 5.514000000000000e-07 -9.936000000000001e-07  0.000000000000000e+00	1.000000000000000e+00	661	0	512
519	-3.562029870417000e+02  1.075343892045000e+02  6.580962442277000e+02	-5.001500000000000e-06  1.836010000000000e-05  0.000000000000000e+00	1.000000000000000e+00	1105	0	519
521	-5.942175487388000e+02 -7.486227543384000e+02  2.418500246518000e+02	 1.711558125000000e-05  2.964498750000000e-05 -1.249104375000000e-05	5.625000000000000e-01	491	0	521
523	 4.967276413650000e+01  6.910882722200000e+02 -6.308617550071000e+02	1.095190000000000e-05 0.000000000000000e+00 1.594700000000000e-05	1.000000000000000e+00	8148	0	523
527	5.472927757112000e+02 2.218284715165000e+02 1.469693845670000e+01	 6.531920000000000e-05 -4.637000000000000e-07  0.000000000000000e+00	1.000000000000000e+00	5009	0	527
529	-3.504978760756000e+02 -3.264878984817000e+02  6.570341934776001e+02	 3.853900000000000e-06  6.675200000000000e-06 -1.502580000000000e-05	1.000000000000000e+00	491	0	529
530	-5.385725656781000e+02  6.910882722200000e+02  5.131188248355000e+02	-3.366280000000000e-05  0.000000000000000e+00 -3.133490000000000e-05	1.000000000000000e+00	8148	0	530
531	5.404328430892000e+02 6.987661816725000e+02 5.448309855201001e+02	 2.645760000000000e-05  4.582590000000000e-05 -3.122960000000000e-04	1.000000000000000e+00	8148	0	531
535	 4.337513100505000e+02  5.494908496272000e+02 -6.749720377971000e+02	 2.110500000000000e-07 -3.656250000000000e-07 -2.585400000000000e-06	7.500000000000000e-01	0	0	535
537	-2.893952510648000e+02  1.046317640987000e+02  6.580962442277000e+02	-2.267300000000000e-06  3.173830000000000e-05  0.000000000000000e+00	1.000000000000000e+00	1105	0	537
538	-6.545617559511001e+02  1.520469354641000e+02  1.077775486825000e+02	-2.364280000000000e-05  8.214000000000000e-07  0.000000000000000e+00	1.000000000000000e+00	23	0	538
540	-7.092414714992000e+02 -6.564231484306000e+02 -1.159425144917000e+02	-8.680100000000000e-06 -4.827000000000001e-07  0.000000000000000e+00	1.000000000000000e+00	661	0	540
545	-2.257659436237000e+02  9.999449688800000e+01  6.580962442277000e+02	-1.666700000000000e-06  4.568360000000000e-05  0.000000000000000e+00	1.000000000000000e+00	1105	0	545
547	-6.593941675000000e+02 -2.269320246634000e+02  1.077775486825000e+02	-9.703630000000000e-05 -4.043000000000000e-07  0.000000000000000e+00	1.000000000000000e+00	23	0	547
553	5.471957797752000e+02 8.819208832560000e+01 1.469693845670000e+01	5.815490000000000e-05 2.123000000000000e-07 0.000000000000000e+00	1.000000000000000e+00	5009	0	553
560	-7.302237619982001e+02 -6.161513069379000e+02 -1.159425144917000e+02	-3.620400000000000e-06 -4.907700000000000e-06  0.000000000000000e+00	1.000000000000000e+00	661	0	560
566	-6.595466201189000e+02 -9.525734566300001e+01  1.077775486825000e+02	-6.485080000000001e-05  3.102000000000000e-07  0.000000000000000e+00	1.000000000000000e+00	23	0	566
567	-6.579655331400000e+02  2.816069922610000e+01  1.077775486825000e+02	-3.351580000000000e-05  6.615000000000000e-07  0.000000000000000e+00	1.000000000000000e+00	23	0	567
568	-1.609161590670000e+02  9.390368594320000e+01  6.580962442277000e+02	4.179900000000000e-06 6.037010000000000e-05 0.000000000000000e+00	1.000000000000000e+00	1105	0	568
571	-5.557852109792000e+02  2.177151330344000e+02 -1.159425144917000e+02	-4.943428000000000e-04  6.860908000000000e-04  0.000000000000000e+00	1.000000000000000e+00	661	0	571
572	-3.677839948121000e+02  6.910882722200000e+02  1.518683640526000e+02	-3.115372500000000e-05  3.707550000000000e-06  3.360532500000000e-05	5.625000000000000e-01	8148	0	572
582	-4.234705787050000e+02 -6.624098055901001e+02  5.829785587824000e+02	-1.723200000000000e-05  3.065960000000000e-05  0.000000000000000e+00	1.000000000000000e+00	105	0	582
583	-9.694283030330000e+01  8.707060497260001e+01  6.580962442277000e+02	8.197500000000001e-06 7.568050000000000e-05 0.000000000000000e+00	1.000000000000000e+00	1105	0	583
585	 4.042938465048000e+02  6.005126731505001e+02 -6.927399375857000e+02	-2.381200000000000e-06  4.124400000000000e-06 -2.862200000000000e-06	1.000000000000000e+00	0	0	585
589	 1.439805614347000e+02  6.951057291347000e+02 -1.159425144917000e+02	 2.049300000000000e-06 -3.844300000000000e-06  0.000000000000000e+00	1.000000000000000e+00	661	0	589
595	5.334868898437001e+02 4.921184571188000e+02 3.804874067123000e+02	3.025700000000000e-06 2.414600000000000e-06 0.000000000000000e+00	1.000000000000000e+00	8006	0	595
598	 9.599191063300000e+01  6.910882722200000e+02 -6.589393688031000e+02	2.254400000000000e-06 0.000000000000000e+00 3.844600000000000e-06	1.000000000000000e+00	8148	0	598
600	-3.437898848050000e+01  7.981152132320000e+01  6.580962442277000e+02	1.183190000000000e-05 9.118510000000001e-05 0.000000000000000e+00	1.000000000000000e+00	1105	0	600
602	-4.309275854766000e+02  6.910882722200000e+02  6.276095581170000e+01	-6.482790000000000e-05  0.000000000000000e+00  4.913440000000000e-05	1.000000000000000e+00	8148	0	602
610	-5.713521864655000e+02  6.910882722200000e+02  5.504201876896000e+02	-2.964640000000000e-05  0.000000000000000e+00 -2.699930000000000e-05	1.000000000000000e+00	8148	0	610
611	-6.589559702296000e+02 -3.602595049485000e+02  1.077775486825000e+02	-1.000440000000000e-04 -2.790000000000000e-08  0.000000000000000e+00	1.000000000000000e+00	23	0	611
615	 4.300000000000000e+02 -5.473280551918000e+02 -2.606506917860000e+02	0.000000000000000e+00 0.000000000000000e+00 0.000000000000000e+00	1.000000000000000e+00	8148	0	615
616	-3.246643797917000e+02 -2.817429703809000e+02  6.813449939586001e+02	 3.265200000000000e-06  5.655400000000000e-06 -1.478570000000000e-05	1.000000000000000e+00	491	0	616
618	2.660945351300000e+01 7.209509715210000e+01 6.580962442277000e+02	1.576920000000000e-05 1.066427000000000e-04 0.000000000000000e+00	1.000000000000000e+00	1105	0	618
620	 3.743816706797000e+02  6.523220814444001e+02 -7.074251379860000e+02	-5.091447525787354e-06  8.818643844223022e-06 -3.543426548767090e-06	7.508468627929688e-02	0	0	620
625	-6.690740268681001e+02  1.524760296405000e+02 -1.159425144917000e+02	-1.138210000000000e-04  3.071528000000000e-04  0.000000000000000e+00	1.000000000000000e+00	661	0	625
627	 5.207644645333000e+02 -6.861445035664000e+02  2.286190426598000e+02	-2.744000000000000e-05  5.391660000000000e-05  0.000000000000000e+00	1.000000000000000e+00	8148	0	627
630	-3.346979474499000e+02  6.910882722200000e+02  1.802198349613000e+02	-5.991590000000000e-05  0.000000000000000e+00  2.333300000000000e-06	1.000000000000000e+00	8148	0	630
631	8.627292876290001e+01 6.369054619090000e+01 6.580962442277000e+02	2.067060000000000e-05 1.219811000000000e-04 0.000000000000000e+00	1.000000000000000e+00	1105	0	631
639	 1.463778119874000e+02  6.910882722200000e+02 -6.850389544885001e+02	1.640000000000000e-08 0.000000000000000e+00 1.210000000000000e-08	1.000000000000000e+00	8148	0	639
646	 3.637239860082000e+02 -3.418223179745000e+02  3.592584956082000e+02	 3.257960000000000e-05 -1.867000000000000e-06  0.000000000000000e+00	1.000000000000000e+00	8148	0	646
647	 3.702618396400000e+02 -2.125487688077000e+02  3.592584956082000e+02	 4.457370000000000e-05 -2.147500000000000e-06  0.000000000000000e+00	1.000000000000000e+00	8148	0	647
655	 1.966592835147000e+02  7.220585508323001e+02 -1.159425144917000e+02	 2.898300000000000e-06 -5.938800000000001e-06  0.000000000000000e+00	1.000000000000000e+00	661	0	655
660	-4.712891240735000e+02 -6.885914189039000e+02  5.829785587824000e+02	-1.823810000000000e-05  3.487590000000000e-05  0.000000000000000e+00	1.000000000000000e+00	105	0	660
664	1.456433832288000e+02 5.420293280390000e+01 6.580962442277000e+02	2.567900000000000e-05 1.375866000000000e-04 0.000000000000000e+00	1.000000000000000e+00	1105	0	664
681	 3.355998021417000e+02  7.194942481647000e+02 -7.316685759696001e+02	-1.195885061073303e-06  2.071340592098236e-06 -9.055156851768495e-07	5.631351470947266e-02	0	0	681
688	-6.063118605477000e+02  6.910882722200000e+02  5.892120859525000e+02	-2.419810000000000e-05  0.000000000000000e+00 -2.274210000000000e-05	1.000000000000000e+00	8148	0	688
689	2.052563836624000e+02 4.330473474220000e+01 6.580962442277000e+02	2.990010000000000e-05 1.537336000000000e-04 0.000000000000000e+00	1.000000000000000e+00	1105	0	689
696	 4.690830270926000e+02 -4.796342665538000e+02 -2.655350366181000e+02	5.356757812500001e-08 9.280195312500000e-08 2.023512890625000e-06	3.164062500000000e-01	8148	0	696
703	2.655814242271000e+02 3.080054773380000e+01 6.580962442277000e+02	3.417410000000000e-05 1.701077000000000e-04 0.000000000000000e+00	1.000000000000000e+00	1105	0	703
707	 3.764672817805000e+02 -7.861332015300000e+01  3.592584956082000e+02	 5.605060000000000e-05 -2.707600000000000e-06  0.000000000000000e+00	1.000000000000000e+00	8148	0	707
708	 4.238017270096000e+02 -5.473280551918000e+02 -2.583128975033000e+02	-2.376036914062500e-06  0.000000000000000e+00 -1.465261523437500e-06	2.373046875000000e-01	8148	0	708
710	3.313215150562000e+02 1.583355779550000e+01 6.580962442277000e+02	4.094480000000000e-05 1.866034000000000e-04 0.000000000000000e+00	1.000000000000000e+00	1105	0	710
712	-3.368960048771000e+02  6.910882722200000e+02  2.116481578754000e+02	-2.823300000000000e-05  0.000000000000000e+00 -2.450680000000000e-05	1.000000000000000e+00	8148	0	712
714	 4.801725275624000e+02 -1.740188945850000e+01  6.580962442277000e+02	1.312689000000000e-04 2.031699000000000e-04 0.000000000000000e+00	1.000000000000000e+00	1105	0	714
715	 5.480855554485000e+02 -2.740912402660000e+01  6.580962442277000e+02	1.325612000000000e-04 2.080331000000000e-04 0.000000000000000e+00	1.000000000000000e+00	1105	0	715
717	 5.979435581422000e+02 -2.746320127740000e+01  6.580962442277000e+02	1.305357000000000e-04 1.896632000000000e-04 0.000000000000000e+00	1.000000000000000e+00	1105	0	717
718	-5.456889580405000e+02  6.816157104468000e+02 -6.793251553319001e+02	2.226270000000000e-05 5.361940000000000e-05 0.000000000000000e+00	1.000000000000000e+00	8148	0	718
720	 6.445201979525000e+02 -1.707847656430000e+01  6.580962442277000e+02	1.123909000000000e-04 1.526319000000000e-04 0.000000000000000e+00	1.000000000000000e+00	1105	0	720
722	 1.997634977824000e+02  6.910882722200000e+02 -7.088634397145000e+02	-1.511000000000000e-07  0.000000000000000e+00 -3.728000000000000e-07	1.000000000000000e+00	8148	0	722
724	-6.262132397206000e+02  7.151831721362000e+02 -6.793251553319001e+02	6.515708000000000e-04 2.004265900000000e-03 0.000000000000000e+00	1.000000000000000e+00	8148	0	724
728	 4.778622287415000e+02 -6.302278671355000e+02 -3.779778213854000e+02	-1.149670000000000e-05  1.991290000000000e-05  6.382980000000000e-05	1.000000000000000e+00	8148	0	728
729	6.945603607532000e+02 8.611200780100001e+00 6.580962442277000e+02	6.062010000000000e-05 9.283340000000000e-05 0.000000000000000e+00	1.000000000000000e+00	1105	0	729
733	5.861240362530000e+02 4.343550456962000e+02 3.804874067123000e+02	1.930000000000000e-06 2.122000000000000e-06 0.000000000000000e+00	1.000000000000000e+00	8006	0	733
737	-6.455529632050000e+02  6.910882722200000e+02  6.319125879698000e+02	-1.880600000000000e-05  0.000000000000000e+00 -1.784740000000000e-05	1.000000000000000e+00	8148	0	737
740	-2.977739065599000e+02 -2.351673045039000e+02  7.030040397105000e+02	 2.500300000000000e-06  4.330600000000001e-06 -1.328790000000000e-05	1.000000000000000e+00	491	0	740
745	-7.322814580686000e+02  7.500000000000000e+02 -6.793251553319001e+02	1.397744890000000e-02 0.000000000000000e+00 0.000000000000000e+00	1.000000000000000e+00	8148	1	745
746	-8.595127881220000e+01  6.910882722200000e+02 -5.187216318637001e+02	 2.134260000000000e-05  0.000000000000000e+00 -6.103900000000000e-06	1.000000000000000e+00	8148	0	746
747	6.163739678588000e+02 4.088693477335000e+02 3.804874067123000e+02	1.250800000000000e-06 1.519200000000000e-06 0.000000000000000e+00	1.000000000000000e+00	8006	0	747
755	-2.716048764662000e+02  5.493133591663001e+02 -6.793251553319001e+02	 1.177927500000000e-05 -2.137492500000000e-05  0.000000000000000e+00	7.500000000000000e-01	8148	0	755
771	6.563000267491000e+02 3.779100431646000e+02 3.804874067123000e+02	-2.435600000000000e-06 -3.095400000000000e-06  0.000000000000000e+00	1.000000000000000e+00	8006	0	771
776	 2.559350031115000e+02  6.910882722200000e+02 -7.300974528277001e+02	-3.337000000000000e-07  0.000000000000000e+00 -9.062000000000000e-07	1.000000000000000e+00	8148	0	776
805	-1.061234718724000e+02  3.812650372214000e+02 -7.335338675391000e+02	-4.861243425087640e-05  8.419920643316570e-05 -2.969301062545345e-04	4.994360615759794e-02	8148	0	805
828	-1.387000753531000e+02  3.403479836873000e+02 -7.451918853222001e+02	2.767779492187500e-06 0.000000000000000e+00 5.468211914062500e-07	2.373046875000000e-01	8148	0	828
864	-2.698078799764000e+02 -1.867287255754000e+02  7.217648832742000e+02	 1.620600000000000e-06  2.807000000000000e-06 -1.031350000000000e-05	1.000000000000000e+00	491	0	864
865	 4.000834234431000e+02 -5.473280551918000e+02 -2.206679135595000e+02	-2.710220000000000e-05  0.000000000000000e+00  1.475970000000000e-05	1.000000000000000e+00	8148	0	865
909	-1.272672889664000e+02  6.910882722200000e+02  3.592584956082000e+02	0.000000000000000e+00 0.000000000000000e+00 0.000000000000000e+00	4.218750000000000e-01	8148	0	909
1000	-3.585685566672000e+02  6.910882722200000e+02  2.653755698985000e+02	-5.398070000000000e-05  0.000000000000000e+00 -3.225260000000000e-05	1.000000000000000e+00	8148	0	1000
1002	7.024923825971000e+02 3.413783858804000e+02 3.804874067123000e+02	-5.678900000000000e-06 -6.481600000000000e-06  0.000000000000000e+00	1.000000000000000e+00	8006	0	1002
1003	-4.447827005206000e+02  6.910882722200000e+02  3.977448132906000e+02	-5.285780000000000e-05  0.000000000000000e+00 -2.624960000000000e-05	1.000000000000000e+00	8148	0	1003
1011	6.938785833303000e+02 2.756063782442000e+02 1.595876499598000e+02	 7.845598869323730e-06 -1.358897669219971e-05  2.464506660003662e-05	1.001129150390625e-01	8148	0	1011
1012	 3.850134694223000e+02 -5.473280551918000e+02 -1.627713636328000e+02	-5.080820000000000e-05  0.000000000000000e+00  4.918710000000000e-05	1.000000000000000e+00	8148	0	1012
1014	-3.326558690709000e+02  6.206949702316000e+02  1.518683640526000e+02	-1.140700000000000e-06 -4.279000000000000e-07  0.000000000000000e+00	1.000000000000000e+00	8148	0	1014
1015	-3.579247471364000e+02  6.863440227079001e+02  1.518683640526000e+02	-7.644000000000000e-07 -8.510000000000000e-08  0.000000000000000e+00	1.000000000000000e+00	8148	0	1015
1020	-3.626151115651000e+02  6.864258127611000e+02  1.518683640526000e+02	2.152845000000000e-05 2.496757500000000e-05 0.000000000000000e+00	7.500000000000000e-01	8148	0	1020
1081	-5.220024935443000e+02 -7.128861582506000e+02  5.829785587824000e+02	-9.042500000000000e-06  1.976080000000000e-05  0.000000000000000e+00	1.000000000000000e+00	105	0	1081
1396	-4.362205254772000e+02  6.910882722200000e+02 -5.523570073630000e+01	-1.642483000000000e-04  0.000000000000000e+00  7.826730000000001e-05	1.000000000000000e+00	8148	0	1396
1705	 3.893419850995000e+02 -5.473280551918000e+02 -1.008520756285000e+02	-5.693530000000000e-05  0.000000000000000e+00  1.348990000000000e-04	1.000000000000000e+00	8148	0	1705
1759	5.469869688777001e+02 7.101182605373000e+02 2.651336866000000e+02	3.190850000000000e-05 5.526710000000000e-05 3.068290000000000e-05	1.000000000000000e+00	8148	0	1759
1801	-2.408935903625000e+02 -1.366477068994000e+02  7.371091400437000e+02	 6.315000000000000e-07  1.093800000000000e-06 -5.844200000000000e-06	1.000000000000000e+00	491	0	1801
2264	6.411067574716001e+02 3.670098618397000e+02 2.286190426598000e+02	-3.293653007812500e-05  4.526476171875000e-05  7.495948828125000e-06	3.164062500000000e-01	8148	0	2264
2827	6.407704466462001e+02 3.675923692765000e+02 2.232890676832000e+02	-3.479056391601563e-05  6.025900473632812e-05  1.459646301269531e-05	1.779785156250000e-01	8148	0	2827
2939	6.199926314201000e+02 3.230786597757000e+02 2.286190426598000e+02	-3.151000000000000e-07  1.726000000000000e-07  0.000000000000000e+00	1.000000000000000e+00	8148	0	2939
3478	3.149095499270000e+02 3.081483796253000e+02 2.286190426598000e+02	-4.228180000000000e-05 -7.323430000000000e-05  0.000000000000000e+00	1.000000000000000e+00	8148	0	3478
4128	-6.637349628747000e+02 -7.123645294104000e+02 -1.159425144917000e+02	-1.045680000000000e-05  6.108000000000001e-06  0.000000000000000e+00	1.000000000000000e+00	661	0	4128
4213	-3.276394041161000e+02  6.910882722200000e+02 -2.685604969205000e+02	-1.434669000000000e-04  0.000000000000000e+00 -1.259330000000000e-04	1.000000000000000e+00	8148	0	4213
4214	4.325054777086000e+02 7.349247119672000e+02 2.286190426598000e+02	2.041400000000000e-06 1.305210000000000e-05 0.000000000000000e+00	1.000000000000000e+00	8148	0	4214
4220	 4.300000000000000e+02 -5.473280551918000e+02  8.956488194300000e+00	0.000000000000000e+00 0.000000000000000e+00 0.000000000000000e+00	5.625000000000000e-01	8148	0	4220
4225	-2.381008542226000e+02  6.910882722200000e+02 -3.970270725733000e+02	-2.644897869071960e-05  0.000000000000000e+00 -1.090519321495056e-04	7.508468627929688e-02	8148	0	4225
4234	5.652415716317000e+02 7.417361599793001e+02 3.229463271918000e+02	1.174980000000000e-05 2.035130000000000e-05 2.146670000000000e-05	1.000000000000000e+00	8148	0	4234
4235	5.230225454423000e+02 6.719940145447000e+02 2.286190426598000e+02	3.544540000000000e-05 4.557430000000000e-05 0.000000000000000e+00	1.000000000000000e+00	8148	0	4235
4236	5.390157674283000e+02 4.178862170191000e+02 2.286190426598000e+02	 4.040330000000000e-05 -6.304270000000001e-05  0.000000000000000e+00	1.000000000000000e+00	8148	0	4236
4240	5.269844039396000e+02 5.399440801839000e+02 2.286190426598000e+02	1.284150000000000e-05 6.486000000000000e-07 0.000000000000000e+00	1.000000000000000e+00	8148	0	4240
4244	4.748525801522000e+02 3.782793290601000e+02 2.286190426598000e+02	 5.654280000000000e-05 -1.010990000000000e-04  0.000000000000000e+00	1.000000000000000e+00	8148	0	4244
4245	3.638223371736000e+02 3.193882484384000e+02 2.286190426598000e+02	 4.888800000000001e-06 -9.244100000000000e-05  0.000000000000000e+00	1.000000000000000e+00	8148	0	4245
4250	3.925923054832000e+02 1.416632318900000e+00 6.580962442277000e+02	5.959360000000000e-05 1.976879000000000e-04 0.000000000000000e+00	1.000000000000000e+00	1105	0	4250
4258	-2.711476835983000e+02  6.910882722200000e+02 -3.556936046653000e+02	-2.923400000000000e-06  0.000000000000000e+00 -1.919127000000000e-04	1.000000000000000e+00	8148	0	4258
4264	3.861805425982000e+02 3.046983470468000e+02 3.592584956082000e+02	-4.798270406250001e-04 -1.228973765625000e-04  0.000000000000000e+00	4.218750000000000e-01	8148	0	4264
4268	-7.242603071331000e+02  6.910882722200000e+02  7.165569319024000e+02	-4.168789000000000e-04  0.000000000000000e+00  4.657936000000000e-04	1.000000000000000e+00	8148	0	4268
4270	 4.280373552510000e+02 -5.439286547692000e+02  1.511144633150000e+01	 2.264667187500000e-06 -3.922551562500000e-06 -1.388622656250000e-05	4.218750000000000e-01	8148	0	4270
4273	-3.634634464209000e+02  6.910882722200000e+02 -2.098161832231000e+02	-2.129742000000000e-04  0.000000000000000e+00 -2.260780000000000e-05	1.000000000000000e+00	8148	0	4273
4275	4.214422532152000e+02 3.501740110224000e+02 2.286190426598000e+02	 6.469340000000000e-05 -1.223124000000000e-04  0.000000000000000e+00	1.000000000000000e+00	8148	0	4275
4276	 3.742431570681000e+02 -6.439017400194000e+02  1.200208777540000e+01	2.309857500000000e-05 4.000792500000000e-05 2.535555000000000e-05	7.500000000000000e-01	8148	0	4276
4281	7.289226864262000e+02 2.149082111764000e+02 1.155573948234000e+02	 3.021649734375000e-04 -5.233650468750000e-04  3.734719734375000e-04	4.218750000000000e-01	8148	0	4281
4284	6.598573939660000e+02 3.345328067571000e+02 1.973034703930000e+02	-2.429514000000000e-04  4.208041000000000e-04  7.012713000000000e-04	1.000000000000000e+00	8148	0	4284
4285	 4.352009227931000e+02 -5.563363177156000e+02  7.867987529630000e+01	-3.192130000000000e-05  5.528930000000000e-05 -1.657688000000000e-04	1.000000000000000e+00	8148	0	4285
4286	-2.045665992212000e+02  4.974674478217000e+02 -6.793251553319001e+02	3.835033593750000e-04 2.813330812500000e-04 0.000000000000000e+00	4.218750000000000e-01	8148	0	4286
4287	-5.788061690579000e+02 -7.318166671583000e+02  5.829785587824000e+02	-9.668000000000000e-07  2.963700000000000e-06  0.000000000000000e+00	1.000000000000000e+00	105	0	4287
4288	3.634151590420000e+02 3.921625590645000e+02 3.592584956082000e+02	3.841925343750000e-04 6.654410296875001e-04 0.000000000000000e+00	4.218750000000000e-01	8148	0	4288
4290	 5.412899924211000e+02 -7.400879764391000e+02 -6.362826256931000e+02	 8.144830000000000e-05 -1.410726000000000e-04 -4.644721000000000e-04	1.000000000000000e+00	8148	0	4290
4292	5.253954736700000e+02 5.999568626897001e+02 2.286190426598000e+02	-1.569630000000000e-05 -4.893000000000000e-07  0.000000000000000e+00	1.000000000000000e+00	8148	0	4292
4293	-1.417563345920000e+02  4.429829658710000e+02 -7.020243469191000e+02	 3.921922125000000e-04 -6.792968250000001e-04  2.592159750000000e-03	5.625000000000000e-01	8148	0	4293
4294	 4.137817514257000e+02 -5.473280551918000e+02 -3.843541494520000e+01	3.659620000000000e-04 0.000000000000000e+00 8.614188000000000e-04	1.000000000000000e+00	8148	0	4294
4295	-1.531450464228000e+02  6.910882722200000e+02 -4.518025635572000e+02	-1.992404325000000e-03  0.000000000000000e+00 -1.436577150000000e-03	7.500000000000000e-01	8148	0	4295
4296	5.890272134990000e+02 3.944508991783000e+02 2.286190426598000e+02	-7.785281250000000e-06 -1.491688125000000e-05  0.000000000000000e+00	5.625000000000000e-01	8148	0	4296
4297	5.322923169405000e+02 4.800058889783000e+02 2.286190426598000e+02	3.583300000000000e-06 3.169000000000000e-07 0.000000000000000e+00	1.000000000000000e+00	8148	0	4297
4298	3.787308451992000e+02 4.186901056417000e+02 3.910945261987000e+02	-1.305459525000000e-03 -2.261122200000000e-03 -1.336011000000000e-04	7.500000000000000e-01	8148	0	4298
0	 5.000000000000000e-01 -8.660254037844386e-01  0.000000000000000e+00	8.660254037844385e-01 5.000000000000000e-01 0.000000000000000e+00	5.632499999999998e+02 3.251925391210567e+02 0.000000000000000e+00	1	0	0.000000000000000e+00	0.000000000000000e+00	0.000000000000000e+00	9.327892576381749e+04
1	5.000000000000000e-01 8.660254037844386e-01 0.000000000000000e+00	0.000000000000000e+00 0.000000000000000e+00 1.000000000000000e+00	0.000000000000000e+00 0.000000000000000e+00 2.286190426597633e+02	1	0	0.000000000000000e+00	0.000000000000000e+00	0.000000000000000e+00	3.517406090668051e+05
3	-5.000000000000000e-01 -8.660254037844386e-01  0.000000000000000e+00	0.000000000000000e+00 0.000000000000000e+00 1.000000000000000e+00	0.000000000000000e+00 0.000000000000000e+00 6.580962442277471e+02	1	0	0.000000000000000e+00	0.000000000000000e+00	0.000000000000000e+00	1.210736514974700e+06
4	-1.000000000000000e+00  0.000000000000000e+00  0.000000000000000e+00	0.000000000000000e+00 0.000000000000000e+00 1.000000000000000e+00	-0.000000000000000e+00 -0.000000000000000e+00 -1.159425144917371e+02	1	0	0.000000000000000e+00	0.000000000000000e+00	0.000000000000000e+00	1.925047062385431e+06
7	-5.000000000000000e-01 -8.660254037844386e-01  0.000000000000000e+00	0.000000000000000e+00 0.000000000000000e+00 1.000000000000000e+00	-0.000000000000000e+00 -0.000000000000000e+00 -1.894272067752324e+02	1	0	0.000000000000000e+00	0.000000000000000e+00	0.000000000000000e+00	1.360898026571167e+06
9	-5.000000000000000e-01 -8.660254037844386e-01  0.000000000000000e+00	 8.660254037844385e-01 -5.000000000000000e-01  0.000000000000000e+00	-1.215000000000000e+02  7.014805770653952e+01 -0.000000000000000e+00	1	0	0.000000000000000e+00	0.000000000000000e+00	0.000000000000000e+00	2.458788760224743e+06
10	-5.000000000000000e-01  8.660254037844386e-01  0.000000000000000e+00	8.660254037844385e-01 5.000000000000000e-01 0.000000000000000e+00	-1.409999999999999e+02 -8.140638795573722e+01 -0.000000000000000e+00	1	0	0.000000000000000e+00	0.000000000000000e+00	0.000000000000000e+00	2.354724937873505e+03
12	1.000000000000000e+00 0.000000000000000e+00 0.000000000000000e+00	 0.000000000000000e+00 -1.000000000000000e+00  0.000000000000000e+00	0.000000000000000e+00 2.381569860407206e+02 0.000000000000000e+00	1	0	0.000000000000000e+00	0.000000000000000e+00	0.000000000000000e+00	2.250000000000000e+06
13	 5.000000000000000e-01 -8.660254037844386e-01  0.000000000000000e+00	0.000000000000000e+00 0.000000000000000e+00 1.000000000000000e+00	0.000000000000000e+00 0.000000000000000e+00 1.518683640525570e+02	1	0	0.000000000000000e+00	0.000000000000000e+00	0.000000000000000e+00	1.230736780774974e+06
15	5.000000000000000e-01 8.660254037844386e-01 0.000000000000000e+00	 8.660254037844385e-01 -5.000000000000000e-01  0.000000000000000e+00	 5.594999999999998e+02 -3.230274756115955e+02  0.000000000000000e+00	1	0	0.000000000000000e+00	0.000000000000000e+00	0.000000000000000e+00	4.833813383670259e+05
18	-5.000000000000000e-01 -8.660254037844386e-01  0.000000000000000e+00	0.000000000000000e+00 0.000000000000000e+00 1.000000000000000e+00	0.000000000000000e+00 0.000000000000000e+00 1.469693845669907e+01	1	0	0.000000000000000e+00	0.000000000000000e+00	0.000000000000000e+00	3.256490968509396e+05
21	-5.000000000000000e-01 -8.660254037844386e-01  0.000000000000000e+00	0.000000000000000e+00 0.000000000000000e+00 1.000000000000000e+00	0.000000000000000e+00 0.000000000000000e+00 3.592584956081994e+02	1	0	0.000000000000000e+00	0.000000000000000e+00	0.000000000000000e+00	1.353232782214889e+03
22	-5.000000000000000e-01 -8.660254037844386e-01  0.000000000000000e+00	 8.660254037844385e-01 -5.000000000000000e-01  0.000000000000000e+00	 1.027500000000000e+02 -5.932274015923404e+01  0.000000000000000e+00	1	0	0.000000000000000e+00	0.000000000000000e+00	0.000000000000000e+00	1.183020025849173e+06
24	5.000000000000000e-01 8.660254037844386e-01 0.000000000000000e+00	 8.660254037844385e-01 -5.000000000000000e-01  0.000000000000000e+00	 7.694999999999998e+02 -4.442710321414170e+02  0.000000000000000e+00	1	0	0.000000000000000e+00	0.000000000000000e+00	0.000000000000000e+00	2.359312009505478e+05
25	-5.000000000000000e-01  8.660254037844386e-01  0.000000000000000e+00	8.660254037844385e-01 5.000000000000000e-01 0.000000000000000e+00	-8.017499999999998e+02 -4.628905783227824e+02 -0.000000000000000e+00	1	0	0.000000000000000e+00	0.000000000000000e+00	0.000000000000000e+00	1.974568915210525e+05
26	1.000000000000000e+00 0.000000000000000e+00 0.000000000000000e+00	0.000000000000000e+00 0.000000000000000e+00 1.000000000000000e+00	0.000000000000000e+00 0.000000000000000e+00 5.829785587823964e+02	1	0	0.000000000000000e+00	0.000000000000000e+00	0.000000000000000e+00	5.186804615653139e+05
27	 5.000000000000000e-01 -8.660254037844386e-01  0.000000000000000e+00	 0.000000000000000e+00  0.000000000000000e+00 -1.000000000000000e+00	0.000000000000000e+00 0.000000000000000e+00 6.580962442277471e+02	1	0	0.000000000000000e+00	0.000000000000000e+00	0.000000000000000e+00	9.626765634490621e+02
28	1.000000000000000e+00 0.000000000000000e+00 0.000000000000000e+00	0.000000000000000e+00 0.000000000000000e+00 1.000000000000000e+00	0.000000000000000e+00 0.000000000000000e+00 2.286190426597633e+02	1	0	0.000000000000000e+00	0.000000000000000e+00	0.000000000000000e+00	3.066288365452815e+04
29	1.000000000000000e+00 0.000000000000000e+00 0.000000000000000e+00	 0.000000000000000e+00 -1.000000000000000e+00  0.000000000000000e+00	0.000000000000000e+00 5.715767664977295e+01 0.000000000000000e+00	1	0	0.000000000000000e+00	0.000000000000000e+00	0.000000000000000e+00	2.112144366341550e+06
43	5.000000000000000e-01 8.660254037844386e-01 0.000000000000000e+00	 0.000000000000000e+00  0.000000000000000e+00 -1.000000000000000e+00	-0.000000000000000e+00 -0.000000000000000e+00 -1.159425144917371e+02	1	0	0.000000000000000e+00	0.000000000000000e+00	0.000000000000000e+00	2.087588416276481e+03
55	-1.000000000000000e+00  0.000000000000000e+00  0.000000000000000e+00	0.000000000000000e+00 0.000000000000000e+00 1.000000000000000e+00	-0.000000000000000e+00 -0.000000000000000e+00 -4.262112152442729e+02	1	0	0.000000000000000e+00	0.000000000000000e+00	0.000000000000000e+00	5.557430060312962e+04
66	-5.000000000000000e-01 -8.660254037844386e-01  0.000000000000000e+00	0.000000000000000e+00 0.000000000000000e+00 1.000000000000000e+00	0.000000000000000e+00 0.000000000000000e+00 1.077775486824598e+02	1	0	0.000000000000000e+00	0.000000000000000e+00	0.000000000000000e+00	2.101331032376522e+06
76	-1.000000000000000e+00  0.000000000000000e+00  0.000000000000000e+00	0.000000000000000e+00 0.000000000000000e+00 1.000000000000000e+00	0.000000000000000e+00 0.000000000000000e+00 2.286190426597633e+02	1	0	0.000000000000000e+00	0.000000000000000e+00	0.000000000000000e+00	8.024155863761030e+02
106	-1.000000000000000e+00  0.000000000000000e+00  0.000000000000000e+00	 0.000000000000000e+00 -1.000000000000000e+00  0.000000000000000e+00	-0.000000000000000e+00 -5.473280551917652e+02 -0.000000000000000e+00	1	0	0.000000000000000e+00	0.000000000000000e+00	0.000000000000000e+00	7.666177040805955e+03
107	 5.000000000000000e-01 -8.660254037844386e-01  0.000000000000000e+00	0.000000000000000e+00 0.000000000000000e+00 1.000000000000000e+00	0.000000000000000e+00 0.000000000000000e+00 3.804874067123203e+02	1	0	0.000000000000000e+00	0.000000000000000e+00	0.000000000000000e+00	2.156044140290560e+06
108	5.000000000000000e-01 8.660254037844386e-01 0.000000000000000e+00	0.000000000000000e+00 0.000000000000000e+00 1.000000000000000e+00	-0.000000000000000e+00 -0.000000000000000e+00 -4.164132562731402e+02	1	0	0.000000000000000e+00	0.000000000000000e+00	0.000000000000000e+00	1.972324486665281e+06
113	 5.000000000000000e-01 -8.660254037844386e-01  0.000000000000000e+00	0.000000000000000e+00 0.000000000000000e+00 1.000000000000000e+00	-0.000000000000000e+00 -0.000000000000000e+00 -6.793251553318680e+02	1	0	0.000000000000000e+00	0.000000000000000e+00	0.000000000000000e+00	1.248555886114143e+06
208	1.000000000000000e+00 0.000000000000000e+00 0.000000000000000e+00	 0.000000000000000e+00 -1.000000000000000e+00  0.000000000000000e+00	0.000000000000000e+00 3.403479836872843e+02 0.000000000000000e+00	1	0	0.000000000000000e+00	0.000000000000000e+00	0.000000000000000e+00	2.509394965295327e+04
243	 5.000000000000000e-01 -8.660254037844386e-01  0.000000000000000e+00	0.000000000000000e+00 0.000000000000000e+00 1.000000000000000e+00	0.000000000000000e+00 0.000000000000000e+00 3.592584956081994e+02	1	0	0.000000000000000e+00	0.000000000000000e+00	0.000000000000000e+00	0.000000000000000e+00
246	1.000000000000000e+00 0.000000000000000e+00 0.000000000000000e+00	0.000000000000000e+00 0.000000000000000e+00 1.000000000000000e+00	0.000000000000000e+00 0.000000000000000e+00 3.592584956081994e+02	1	0	0.000000000000000e+00	0.000000000000000e+00	0.000000000000000e+00	0.000000000000000e+00
248	1.000000000000000e+00 0.000000000000000e+00 0.000000000000000e+00	0.000000000000000e+00 0.000000000000000e+00 1.000000000000000e+00	0.000000000000000e+00 0.000000000000000e+00 3.592584956081994e+02	1	0	0.000000000000000e+00	0.000000000000000e+00	0.000000000000000e+00	0.000000000000000e+00
297	-1.000000000000000e+00  0.000000000000000e+00  0.000000000000000e+00	0.000000000000000e+00 1.000000000000000e+00 0.000000000000000e+00	0.000000000000000e+00 6.910882722199819e+02 0.000000000000000e+00	1	0	0.000000000000000e+00	0.000000000000000e+00	0.000000000000000e+00	0.000000000000000e+00
319	5.000000000000000e-01 8.660254037844386e-01 0.000000000000000e+00	0.000000000000000e+00 0.000000000000000e+00 1.000000000000000e+00	0.000000000000000e+00 0.000000000000000e+00 3.592584956081994e+02	1	0	0.000000000000000e+00	0.000000000000000e+00	0.000000000000000e+00	1.353232782214895e+03
320	-1.000000000000000e+00  0.000000000000000e+00  0.000000000000000e+00	 0.000000000000000e+00 -1.000000000000000e+00  0.000000000000000e+00	0.000000000000000e+00 6.910882722199819e+02 0.000000000000000e+00	1	0	0.000000000000000e+00	0.000000000000000e+00	0.000000000000000e+00	1.634652897144376e+06
321	-5.000000000000000e-01 -8.660254037844386e-01  0.000000000000000e+00	0.000000000000000e+00 0.000000000000000e+00 1.000000000000000e+00	0.000000000000000e+00 0.000000000000000e+00 3.592584956081994e+02	1	0	0.000000000000000e+00	0.000000000000000e+00	0.000000000000000e+00	5.388349456507809e+05
323	-5.000000000000000e-01 -8.660254037844386e-01  0.000000000000000e+00	 0.000000000000000e+00  0.000000000000000e+00 -1.000000000000000e+00	0.000000000000000e+00 0.000000000000000e+00 1.518683640525570e+02	1	0	0.000000000000000e+00	0.000000000000000e+00	0.000000000000000e+00	3.808366922337813e+01
324	1.000000000000000e+00 0.000000000000000e+00 0.000000000000000e+00	 0.000000000000000e+00  0.000000000000000e+00 -1.000000000000000e+00	0.000000000000000e+00 0.000000000000000e+00 1.518683640525570e+02	1	0	0.000000000000000e+00	0.000000000000000e+00	0.000000000000000e+00	3.808366922337813e+01
325	-1.000000000000000e+00  0.000000000000000e+00  0.000000000000000e+00	 0.000000000000000e+00  0.000000000000000e+00 -1.000000000000000e+00	0.000000000000000e+00 0.000000000000000e+00 1.518683640525570e+02	1	0	0.000000000000000e+00	0.000000000000000e+00	0.000000000000000e+00	3.808366922337813e+01
327	1.000000000000000e+00 0.000000000000000e+00 0.000000000000000e+00	0.000000000000000e+00 0.000000000000000e+00 1.000000000000000e+00	0.000000000000000e+00 0.000000000000000e+00 1.518683640525570e+02	1	0	0.000000000000000e+00	0.000000000000000e+00	0.000000000000000e+00	1.072293538026196e+01
337	 5.000000000000000e-01 -8.660254037844386e-01  0.000000000000000e+00	8.660254037844385e-01 5.000000000000000e-01 0.000000000000000e+00	8.549999999999997e+01 4.936344801571300e+01 0.000000000000000e+00	1	0	0.000000000000000e+00	0.000000000000000e+00	0.000000000000000e+00	2.438633882386000e+05
340	-5.000000000000000e-01 -8.660254037844386e-01  0.000000000000000e+00	0.000000000000000e+00 0.000000000000000e+00 1.000000000000000e+00	0.000000000000000e+00 0.000000000000000e+00 9.471360338761622e+01	1	0	0.000000000000000e+00	0.000000000000000e+00	0.000000000000000e+00	3.987919321998125e+05
2428	-5.000000000000000e-01  8.660254037844386e-01  0.000000000000000e+00	8.660254037844385e-01 5.000000000000000e-01 0.000000000000000e+00	6.397499999999998e+02 3.693598347140630e+02 0.000000000000000e+00	1	0	0.000000000000000e+00	0.000000000000000e+00	0.000000000000000e+00	3.598229491156939e+05
2429	 5.000000000000000e-01 -8.660254037844386e-01  0.000000000000000e+00	 0.000000000000000e+00  0.000000000000000e+00 -1.000000000000000e+00	0.000000000000000e+00 0.000000000000000e+00 2.286190426597633e+02	1	0	0.000000000000000e+00	0.000000000000000e+00	0.000000000000000e+00	2.841737779716401e+04
2432	5.000000000000000e-01 8.660254037844386e-01 0.000000000000000e+00	0.000000000000000e+00 0.000000000000000e+00 1.000000000000000e+00	0.000000000000000e+00 0.000000000000000e+00 2.286190426597633e+02	1	0	0.000000000000000e+00	0.000000000000000e+00	0.000000000000000e+00	1.721365194180309e+03
0	0	1	1
0	246	0	0
0	1	2	1
0	2	681	0
0	112	246	0
0	247	112	0
0	201	143	0
0	143	247	0
0	436	201	0
0	488	436	0
0	535	488	0
0	585	535	0
0	620	585	0
0	681	620	0
1	4	5	1
1	63	4	1
1	5	6	1
1	6	2264	0
1	292	63	0
1	164	113	0
1	113	328	0
1	144	364	0
1	365	144	0
1	505	164	0
1	202	292	0
1	364	202	0
1	328	248	0
1	248	365	0
1	367	249	0
1	249	505	0
1	2939	367	0
1	2264	2939	0
3	10	11	1
3	479	10	0
3	11	12	1
3	12	13	1
3	13	479	0
4	15	16	1
4	104	15	1
4	16	17	1
4	17	655	0
4	101	104	0
4	150	101	1
4	571	116	0
4	116	625	0
4	625	150	0
4	374	151	0
4	151	375	0
4	297	209	0
4	209	374	0
4	255	333	0
4	375	255	0
4	465	297	0
4	333	571	0
4	512	465	0
4	589	512	0
4	655	589	0
7	27	28	1
7	301	27	0
7	28	29	1
7	29	30	1
7	30	302	0
7	119	338	0
7	339	119	0
7	155	382	0
7	383	155	0
7	384	156	0
7	156	385	0
7	213	301	0
7	382	213	0
7	302	214	0
7	214	384	0
7	338	260	0
7	260	383	0
7	261	339	0
7	385	261	0
9	36	37	1
9	159	36	1
9	37	38	1
9	38	39	1
9	39	1801	0
9	491	122	0
9	122	507	0
9	521	159	0
9	216	160	0
9	160	497	0
9	455	216	0
9	507	262	0
9	262	521	0
9	263	491	0
9	497	263	0
9	529	455	0
9	616	529	0
9	740	616	0
9	864	740	0
9	1801	864	0
10	41	42	1
10	161	41	1
10	42	162	0
10	123	161	0
10	162	123	0
12	47	48	1
12	50	47	1
12	48	49	1
12	49	50	1
13	52	53	1
13	305	52	0
13	53	54	1
13	54	55	1
13	55	306	0
13	126	342	0
13	343	126	0
13	167	390	0
13	391	167	0
13	392	168	0
13	168	393	0
13	221	305	0
13	390	221	0
13	222	392	0
13	1014	222	0
13	342	268	0
13	268	391	0
13	269	343	0
13	393	269	0
13	306	572	0
13	572	1015	0
13	1015	1014	0
15	59	60	1
15	496	59	0
15	60	61	1
15	61	62	1
15	62	226	0
15	273	128	0
15	128	499	0
15	226	172	0
15	172	273	0
15	4276	496	0
15	499	696	0
15	696	615	0
15	615	4220	0
15	4220	4276	0
18	71	72	1
18	313	71	0
18	72	73	1
18	73	74	1
18	74	314	0
18	527	131	0
18	131	553	0
18	177	483	0
18	495	177	0
18	231	313	0
18	406	231	0
18	350	278	0
18	278	407	0
18	279	351	0
18	409	279	0
18	314	408	0
18	553	350	0
18	351	527	0
18	483	406	0
18	407	495	0
18	408	409	0
21	352	416	0
21	909	352	0
21	416	444	0
21	444	909	0
22	87	88	1
22	319	87	0
22	88	89	1
22	89	90	1
22	90	531	0
22	137	439	0
22	440	137	0
22	185	441	0
22	442	185	0
22	237	445	0
22	446	237	0
22	447	238	0
22	238	448	0
22	449	286	0
22	286	450	0
22	287	451	0
22	452	287	0
22	445	319	0
22	438	320	0
22	320	447	0
22	439	358	0
22	358	449	0
22	359	440	0
22	451	359	0
22	441	418	0
22	418	446	0
22	419	442	0
22	450	419	0
22	531	438	0
22	444	4234	0
22	4288	444	0
22	448	4298	0
22	3478	452	0
22	1759	487	0
22	487	3478	0
22	4234	1759	0
22	4298	4288	0
24	97	98	1
24	189	97	0
24	98	99	1
24	99	100	1
24	100	190	0
24	139	189	0
24	190	139	0
25	101	102	1
25	104	101	0
25	102	103	1
25	103	104	1
26	105	106	1
26	4287	105	0
26	106	107	1
26	107	242	0
26	141	362	0
26	363	141	0
26	191	426	0
26	427	191	0
26	428	192	0
26	192	429	0
26	241	323	0
26	426	241	0
26	242	428	0
26	362	290	0
26	290	427	0
26	291	363	0
26	429	291	0
26	323	486	0
26	486	582	0
26	582	660	0
26	660	1081	0
26	1081	4287	0
27	468	10	0
27	10	479	0
27	484	468	0
27	479	729	0
27	501	484	0
27	503	501	0
27	519	503	0
27	537	519	0
27	545	537	0
27	568	545	0
27	583	568	0
27	600	583	0
27	618	600	0
27	631	618	0
27	664	631	0
27	689	664	0
27	703	689	0
27	710	703	0
27	4250	710	0
27	715	714	0
27	714	4250	0
27	717	715	0
27	720	717	0
27	729	720	0
28	2264	6	0
28	6	4214	0
28	487	3478	0
28	4235	487	0
28	4296	2264	0
28	3478	4236	0
28	4214	4235	0
28	4236	4296	0
29	10	44	1
29	479	10	0
29	45	13	1
29	13	479	0
29	44	45	1
43	101	104	0
43	560	101	0
43	104	4128	0
43	540	560	0
43	4128	540	0
55	7	8	1
55	204	7	0
55	8	205	1
55	114	250	0
55	251	114	0
55	146	204	0
55	250	146	0
55	205	147	0
55	147	251	0
66	23	24	1
66	378	23	0
66	24	25	1
66	25	26	1
66	26	300	0
66	118	547	0
66	566	118	0
66	153	378	0
66	379	153	0
66	380	154	0
66	154	381	0
66	300	212	0
66	212	380	0
66	258	379	0
66	611	258	0
66	538	259	0
66	259	567	0
66	547	336	0
66	336	611	0
66	337	566	0
66	567	337	0
66	381	538	0
76	292	63	0
76	63	627	0
76	627	292	0
106	708	615	0
106	615	4220	0
106	865	708	0
106	1012	865	0
106	1705	1012	0
106	4294	1705	0
106	4220	4294	0
107	92	93	1
107	187	92	1
107	93	94	1
107	94	95	1
107	95	1002	0
107	424	187	0
107	322	424	0
107	490	322	0
107	595	490	0
107	733	595	0
107	747	733	0
107	771	747	0
107	1002	771	0
108	18	19	1
108	298	18	0
108	19	20	1
108	20	21	1
108	21	22	1
108	22	108	0
108	108	243	0
108	117	334	0
108	335	117	0
108	152	376	0
108	377	152	0
108	430	193	0
108	193	431	0
108	210	298	0
108	376	210	0
108	243	430	0
108	334	256	0
108	256	377	0
108	257	335	0
108	431	257	0
113	67	68	1
113	745	67	1
113	68	277	1
113	130	403	0
113	755	130	0
113	402	229	0
113	229	718	0
113	277	349	0
113	349	4286	0
113	403	402	0
113	718	724	0
113	724	745	0
113	4286	755	0
208	56	57	1
208	307	56	0
208	57	66	1
208	66	828	0
208	127	344	0
208	828	127	0
208	169	394	0
208	395	169	0
208	223	307	0
208	394	223	0
208	344	270	0
208	270	395	0
243	416	352	0
243	352	909	0
243	909	416	0
246	352	416	0
246	909	352	0
246	416	909	0
248	416	352	0
248	352	909	0
248	909	416	0
297	416	352	0
297	352	909	0
297	909	416	0
319	416	444	0
319	909	416	0
319	444	909	0
320	75	76	1
320	776	75	0
320	76	77	1
320	77	78	1
320	78	4268	0
320	108	194	0
320	432	108	0
320	132	179	0
320	746	132	0
320	133	306	0
320	630	133	0
320	179	523	0
320	194	4295	0
320	1396	195	0
320	195	4273	0
320	315	233	0
320	233	1003	0
320	572	281	0
320	281	602	0
320	306	572	0
320	530	315	0
320	352	1000	0
320	1003	352	0
320	4225	432	0
320	602	433	0
320	433	1396	0
320	523	598	0
320	610	530	0
320	598	639	0
320	688	610	0
320	712	630	0
320	639	722	0
320	737	688	0
320	1000	712	0
320	722	776	0
320	4268	737	0
320	4295	746	0
320	4213	4258	0
320	4273	4213	0
320	4258	4225	0
321	83	84	1
321	453	83	0
321	84	85	1
321	85	444	1
321	136	460	0
321	4264	136	0
321	183	646	0
321	647	183	0
321	235	459	0
321	471	235	0
321	356	284	0
321	284	707	0
321	317	453	0
321	459	317	0
321	460	356	0
321	414	471	0
321	646	414	0
321	415	647	0
321	707	415	0
321	444	4288	0
321	4288	4264	0
323	572	306	0
323	306	1015	0
323	1015	572	0
324	572	306	0
324	306	1015	0
324	1015	572	0
325	572	306	0
325	306	1015	0
325	1015	572	0
327	1015	572	0
327	572	1020	0
327	1020	1015	0
337	63	65	1
337	292	63	0
337	65	66	1
337	66	805	0
337	174	401	0
337	728	174	0
337	228	400	0
337	4290	228	0
337	274	292	0
337	4285	274	0
337	349	277	0
337	277	4290	0
337	4293	349	0
337	400	728	0
337	401	615	0
337	615	4220	0
337	805	4293	0
337	4220	4270	0
337	4270	4285	0
340	80	34	1
340	34	434	0
340	79	80	1
340	494	79	0
340	134	354	0
340	355	134	0
340	181	412	0
340	413	181	0
340	198	388	0
340	434	198	0
340	234	316	0
340	412	234	0
340	354	282	0
340	282	413	0
340	283	355	0
340	388	283	0
340	316	494	0
2428	6	32	1
2428	2264	6	0
2428	32	33	1
2428	33	34	1
2428	34	4281	0
2428	4281	1011	0
2428	1011	4284	0
2428	2827	2264	0
2428	4284	2827	0
2429	3478	487	0
2429	487	4235	0
2429	4236	3478	0
2429	4235	4292	0
2429	4297	4236	0
2429	4292	4240	0
2429	4240	4297	0
2432	4236	3478	0
2432	3478	4245	0
2432	4244	4236	0
2432	4275	4244	0
2432	4245	4275	0
