463
43
521
0	 7.500000000000000e+02  1.732050807600000e+00 -5.807360159084001e+02	 1.427000000000000e-07 -2.471000000000000e-07 -4.631400000000000e-06	1.000000000000000e+00	0	1	0
1	 7.500000000000000e+02  1.732050807600000e+00 -7.500000000000000e+02	0.000000000000000e+00 0.000000000000000e+00 0.000000000000000e+00	1.000000000000000e+00	0	1	1
2	 3.179872981078000e+02  7.500000000000000e+02 -7.500000000000000e+02	-2.529316400000000e-02  4.380904520000000e-02  0.000000000000000e+00	1.000000000000000e+00	0	1	2
4	 7.500000000000000e+02 -7.500000000000000e+02  2.286190426598000e+02	0.000000000000000e+00 0.000000000000000e+00 0.000000000000000e+00	1.000000000000000e+00	7962	1	4
5	7.500000000000000e+02 7.500000000000000e+02 2.286190426598000e+02	0.000000000000000e+00 0.000000000000000e+00 0.000000000000000e+00	1.000000000000000e+00	7962	1	5
6	4.199872981078000e+02 7.500000000000000e+02 2.286190426598000e+02	0.000000000000000e+00 0.000000000000000e+00 0.000000000000000e+00	7.500000000000000e-01	7962	1	6
7	 7.500000000000000e+02  6.207596143230001e+02 -4.262112152443000e+02	5.560000000000000e-08 3.888000000000000e-07 0.000000000000000e+00	1.000000000000000e+00	646	1	7
8	 7.500000000000000e+02  7.500000000000000e+02 -4.262112152443000e+02	0.000000000000000e+00 0.000000000000000e+00 0.000000000000000e+00	1.000000000000000e+00	646	1	8
10	-7.500000000000000e+02  5.715767664980000e+01  6.580962442277000e+02	0.000000000000000e+00 0.000000000000000e+00 0.000000000000000e+00	1.000000000000000e+00	1105	1	10
11	-7.500000000000000e+02 -7.500000000000000e+02  6.580962442277000e+02	0.000000000000000e+00 0.000000000000000e+00 0.000000000000000e+00	1.000000000000000e+00	1105	1	11
12	 7.500000000000000e+02 -7.500000000000000e+02  6.580962442277000e+02	0.000000000000000e+00 0.000000000000000e+00 0.000000000000000e+00	1.000000000000000e+00	1105	1	12
13	7.500000000000000e+02 5.715767664980000e+01 6.580962442277000e+02	0.000000000000000e+00 0.000000000000000e+00 0.000000000000000e+00	4.218750000000000e-01	1105	1	13
15	 7.500000000000000e+02 -7.500000000000000e+02 -1.159425144917000e+02	0.000000000000000e+00 0.000000000000000e+00 0.000000000000000e+00	1.000000000000000e+00	661	1	15
16	 7.500000000000000e+02  7.500000000000000e+02 -1.159425144917000e+02	0.000000000000000e+00 0.000000000000000e+00 0.000000000000000e+00	1.000000000000000e+00	661	1	16
17	 2.504665063250000e+02  7.500000000000000e+02 -1.159425144917000e+02	 6.434500000000000e-06 -1.534440000000000e-05  0.000000000000000e+00	1.000000000000000e+00	661	1	17
18	-7.500000000000000e+02 -9.494555806380001e+01 -4.164132562731000e+02	 7.485000000000000e-07 -6.182000000000001e-07  0.000000000000000e+00	1.000000000000000e+00	2888	1	18
19	-7.500000000000000e+02 -7.500000000000000e+02 -4.164132562731000e+02	0.000000000000000e+00 0.000000000000000e+00 0.000000000000000e+00	1.000000000000000e+00	2888	1	19
20	 7.500000000000000e+02 -7.500000000000000e+02 -4.164132562731000e+02	0.000000000000000e+00 0.000000000000000e+00 0.000000000000000e+00	1.000000000000000e+00	2888	1	20
21	 7.500000000000000e+02  7.500000000000000e+02 -4.164132562731000e+02	0.000000000000000e+00 0.000000000000000e+00 0.000000000000000e+00	1.000000000000000e+00	2888	1	21
22	-2.049839220450000e+02  7.500000000000000e+02 -4.164132562731000e+02	-7.259404306640625e-05  2.184698144531250e-06  0.000000000000000e+00	2.373046875000000e-01	2888	1	22
23	-6.151028630992000e+02 -7.500000000000000e+02  1.077775486825000e+02	-2.789888000000000e-04  5.776690000000000e-05  0.000000000000000e+00	1.000000000000000e+00	23	1	23
24	 7.500000000000000e+02 -7.500000000000000e+02  1.077775486825000e+02	0.000000000000000e+00 0.000000000000000e+00 0.000000000000000e+00	1.000000000000000e+00	23	1	24
25	7.500000000000000e+02 7.500000000000000e+02 1.077775486825000e+02	0.000000000000000e+00 0.000000000000000e+00 0.000000000000000e+00	1.000000000000000e+00	23	1	25
26	-6.137475852674000e+02  7.500000000000000e+02  1.077775486825000e+02	 1.348710000000000e-05 -1.374200000000000e-06  0.000000000000000e+00	1.000000000000000e+00	23	1	26
27	-7.365864070050001e+02 -7.500000000000000e+02 -1.894272067752000e+02	 2.896000000000000e-07 -2.235000000000000e-07  0.000000000000000e+00	1.000000000000000e+00	27	1	27
28	 7.500000000000000e+02 -7.500000000000000e+02 -1.894272067752000e+02	0.000000000000000e+00 0.000000000000000e+00 0.000000000000000e+00	1.000000000000000e+00	27	1	28
29	 7.500000000000000e+02  7.500000000000000e+02 -1.894272067752000e+02	0.000000000000000e+00 0.000000000000000e+00 0.000000000000000e+00	1.000000000000000e+00	27	1	29
30	 4.224009095002000e+02  7.500000000000000e+02 -1.894272067752000e+02	-1.608000000000000e-07  1.242000000000000e-07  0.000000000000000e+00	1.000000000000000e+00	27	1	30
32	4.199872981078000e+02 7.500000000000000e+02 7.500000000000000e+02	0.000000000000000e+00 0.000000000000000e+00 0.000000000000000e+00	1.000000000000000e+00	7962	1	32
33	7.500000000000000e+02 1.784012331796000e+02 7.500000000000000e+02	0.000000000000000e+00 0.000000000000000e+00 0.000000000000000e+00	1.000000000000000e+00	7962	1	33
34	7.500000000000000e+02 1.784012331796000e+02 9.471360338760000e+01	 0.000000000000000e+00 -0.000000000000000e+00  0.000000000000000e+00	7.500000000000000e-01	7962	1	34
36	-5.950127018922000e+02 -7.500000000000000e+02 -7.500000000000000e+02	0.000000000000000e+00 0.000000000000000e+00 0.000000000000000e+00	1.000000000000000e+00	491	1	36
37	 2.710127018922000e+02  7.500000000000000e+02 -7.500000000000000e+02	0.000000000000000e+00 0.000000000000000e+00 0.000000000000000e+00	1.000000000000000e+00	491	1	37
38	2.710127018922000e+02 7.500000000000000e+02 7.500000000000000e+02	0.000000000000000e+00 0.000000000000000e+00 0.000000000000000e+00	1.000000000000000e+00	491	1	38
39	-2.115815813816000e+02 -8.587781807260001e+01  7.500000000000000e+02	 3.203000000000000e-07  5.548000000000001e-07 -2.990700000000000e-06	1.000000000000000e+00	491	1	39
41	 2.450127018922000e+02 -7.500000000000000e+02  7.500000000000000e+02	0.000000000000000e+00 0.000000000000000e+00 0.000000000000000e+00	1.000000000000000e+00	729	1	41
42	 2.450127018922000e+02 -7.500000000000000e+02  7.353902788617000e+02	 3.200000000000000e-09 -5.500000000000000e-09  1.634000000000000e-07	1.000000000000000e+00	729	1	42
44	-7.500000000000000e+02  5.715767664980000e+01 -7.500000000000000e+02	0.000000000000000e+00 0.000000000000000e+00 0.000000000000000e+00	1.000000000000000e+00	1105	1	44
45	 7.500000000000000e+02  5.715767664980000e+01 -7.500000000000000e+02	0.000000000000000e+00 0.000000000000000e+00 0.000000000000000e+00	1.000000000000000e+00	1105	1	45
47	-7.500000000000000e+02  2.381569860407000e+02  7.500000000000000e+02	0.000000000000000e+00 0.000000000000000e+00 0.000000000000000e+00	1.000000000000000e+00	1074	1	47
48	-7.500000000000000e+02  2.381569860407000e+02 -7.500000000000000e+02	0.000000000000000e+00 0.000000000000000e+00 0.000000000000000e+00	1.000000000000000e+00	1074	1	48
49	 7.500000000000000e+02  2.381569860407000e+02 -7.500000000000000e+02	0.000000000000000e+00 0.000000000000000e+00 0.000000000000000e+00	1.000000000000000e+00	1074	1	49
50	7.500000000000000e+02 2.381569860407000e+02 7.500000000000000e+02	0.000000000000000e+00 0.000000000000000e+00 0.000000000000000e+00	1.000000000000000e+00	1074	1	50
52	 2.613641164316000e+02 -7.500000000000000e+02  1.518683640526000e+02	3.326000000000000e-07 1.687000000000000e-07 0.000000000000000e+00	1.000000000000000e+00	2888	1	52
53	 7.500000000000000e+02 -7.500000000000000e+02  1.518683640526000e+02	0.000000000000000e+00 0.000000000000000e+00 0.000000000000000e+00	1.000000000000000e+00	2888	1	53
54	7.500000000000000e+02 7.500000000000000e+02 1.518683640526000e+02	0.000000000000000e+00 0.000000000000000e+00 0.000000000000000e+00	1.000000000000000e+00	2888	1	54
55	-3.650475186943000e+02  7.500000000000000e+02  1.518683640526000e+02	-1.986044458007813e-06 -4.568530517578125e-07  0.000000000000000e+00	1.779785156250000e-01	2888	1	55
56	-7.500000000000000e+02  3.403479836873000e+02 -6.858752678580000e+02	-7.320000000000001e-08  0.000000000000000e+00 -2.320100000000000e-06	1.000000000000000e+00	7962	1	56
57	-7.500000000000000e+02  3.403479836873000e+02 -7.500000000000000e+02	0.000000000000000e+00 0.000000000000000e+00 0.000000000000000e+00	1.000000000000000e+00	7962	1	57
59	 3.129872981078000e+02 -7.500000000000000e+02 -1.487553377620000e+01	-4.000000000000000e-09 -7.000000000000001e-09  1.882000000000000e-07	1.000000000000000e+00	7962	1	59
60	 3.129872981078000e+02 -7.500000000000000e+02 -7.500000000000000e+02	0.000000000000000e+00 0.000000000000000e+00 0.000000000000000e+00	1.000000000000000e+00	7962	1	60
61	 7.500000000000000e+02  6.928203230300000e+00 -7.500000000000000e+02	0.000000000000000e+00 0.000000000000000e+00 0.000000000000000e+00	1.000000000000000e+00	7962	1	61
62	 7.500000000000000e+02  6.928203230300000e+00 -2.884582719825000e+02	3.969000000000000e-07 6.874000000000000e-07 3.637940000000000e-05	1.000000000000000e+00	7962	1	62
63	 5.470127018922000e+02 -7.500000000000000e+02  2.286190426598000e+02	-0.000000000000000e+00 -0.000000000000000e+00  0.000000000000000e+00	1.000000000000000e+00	7962	1	63
65	 5.470127018922000e+02 -7.500000000000000e+02 -7.500000000000000e+02	0.000000000000000e+00 0.000000000000000e+00 0.000000000000000e+00	1.000000000000000e+00	7962	1	65
66	-8.250000000000000e+01  3.403479836873000e+02 -7.500000000000000e+02	0.000000000000000e+00 0.000000000000000e+00 0.000000000000000e+00	7.500000000000000e-01	7962	1	66
67	-7.500000000000000e+02  7.500000000000000e+02 -6.793251553319001e+02	0.000000000000000e+00 1.440113666000000e-01 0.000000000000000e+00	1.000000000000000e+00	7962	1	67
68	-7.500000000000000e+02 -7.500000000000000e+02 -6.793251553319001e+02	0.000000000000000e+00 0.000000000000000e+00 0.000000000000000e+00	1.000000000000000e+00	7962	1	68
71	 4.512981875611000e+02 -7.500000000000000e+02  1.469693845670000e+01	-2.039180000000000e-05  4.824800000000000e-06  0.000000000000000e+00	1.000000000000000e+00	5009	1	71
72	 7.500000000000000e+02 -7.500000000000000e+02  1.469693845670000e+01	0.000000000000000e+00 0.000000000000000e+00 0.000000000000000e+00	1.000000000000000e+00	5009	1	72
73	7.500000000000000e+02 7.500000000000000e+02 1.469693845670000e+01	0.000000000000000e+00 0.000000000000000e+00 0.000000000000000e+00	1.000000000000000e+00	5009	1	73
74	5.667068733006000e+02 7.500000000000000e+02 1.469693845670000e+01	 2.965255000000000e-04 -9.683700000000001e-05  0.000000000000000e+00	1.000000000000000e+00	5009	1	74
75	 3.130285747602000e+02  6.910882722200000e+02 -7.500000000000000e+02	4.162000000000000e-07 0.000000000000000e+00 1.161300000000000e-06	1.000000000000000e+00	2888	1	75
76	 7.500000000000000e+02  6.910882722200000e+02 -7.500000000000000e+02	0.000000000000000e+00 0.000000000000000e+00 0.000000000000000e+00	1.000000000000000e+00	2888	1	76
77	7.500000000000000e+02 6.910882722200000e+02 7.500000000000000e+02	0.000000000000000e+00 0.000000000000000e+00 0.000000000000000e+00	1.000000000000000e+00	2888	1	77
78	-7.500000000000000e+02  6.910882722200000e+02  7.500000000000000e+02	-7.411119420000001e-02  0.000000000000000e+00  0.000000000000000e+00	1.000000000000000e+00	2888	1	78
79	-5.648677833450000e+01 -7.500000000000000e+02  9.471360338760000e+01	 2.267070000000000e-05 -2.278670000000000e-05  0.000000000000000e+00	1.000000000000000e+00	7962	1	79
80	 7.500000000000000e+02 -7.500000000000000e+02  9.471360338760000e+01	0.000000000000000e+00 0.000000000000000e+00 0.000000000000000e+00	1.000000000000000e+00	7962	1	80
83	 3.227399757785000e+02 -7.500000000000000e+02  3.592584956082000e+02	-7.459400000000000e-06  9.359000000000000e-07  0.000000000000000e+00	1.000000000000000e+00	2888	1	83
84	 7.500000000000000e+02 -7.500000000000000e+02  3.592584956082000e+02	0.000000000000000e+00 0.000000000000000e+00 0.000000000000000e+00	1.000000000000000e+00	2888	1	84
85	7.500000000000000e+02 7.500000000000000e+02 3.592584956082000e+02	0.000000000000000e+00 0.000000000000000e+00 0.000000000000000e+00	1.000000000000000e+00	2888	1	85
86	3.986103894545000e+02 7.500000000000000e+02 3.592584956082000e+02	 8.957830000000001e-05 -3.910200000000000e-06  0.000000000000000e+00	1.000000000000000e+00	2888	1	86
87	-2.960127018922000e+02 -7.500000000000000e+02 -4.868241131638000e+02	-4.920000000000000e-08 -8.520000000000001e-08  9.590000000000001e-07	1.000000000000000e+00	2888	1	87
88	-2.960127018922000e+02 -7.500000000000000e+02 -7.500000000000000e+02	0.000000000000000e+00 0.000000000000000e+00 0.000000000000000e+00	1.000000000000000e+00	2888	1	88
89	 5.700127018922000e+02  7.500000000000000e+02 -7.500000000000000e+02	0.000000000000000e+00 0.000000000000000e+00 0.000000000000000e+00	1.000000000000000e+00	2888	1	89
90	5.700127018922000e+02 7.500000000000000e+02 6.292601437488000e+02	 1.376420000000000e-05  2.384040000000000e-05 -1.954944000000000e-04	1.000000000000000e+00	2888	1	90
92	-7.500000000000000e+02  7.500000000000000e+02  3.804874067123000e+02	0.000000000000000e+00 0.000000000000000e+00 0.000000000000000e+00	1.000000000000000e+00	2905	1	92
93	-7.500000000000000e+02 -7.500000000000000e+02  3.804874067123000e+02	0.000000000000000e+00 0.000000000000000e+00 0.000000000000000e+00	1.000000000000000e+00	2905	1	93
94	 7.500000000000000e+02 -7.500000000000000e+02  3.804874067123000e+02	0.000000000000000e+00 0.000000000000000e+00 0.000000000000000e+00	1.000000000000000e+00	2905	1	94
95	7.500000000000000e+02 3.021657447665000e+02 3.804874067123000e+02	-2.252590000000000e-05 -2.309650000000000e-05  0.000000000000000e+00	1.000000000000000e+00	2905	1	95
97	 5.929872981078000e+02 -7.500000000000000e+02 -1.594038194150000e+01	 6.100000000000000e-09  1.060000000000000e-08 -1.146000000000000e-07	1.000000000000000e+00	97	1	97
98	 5.929872981078000e+02 -7.500000000000000e+02 -7.500000000000000e+02	0.000000000000000e+00 0.000000000000000e+00 0.000000000000000e+00	1.000000000000000e+00	97	1	98
99	 7.500000000000000e+02 -4.780460228890000e+02 -7.500000000000000e+02	0.000000000000000e+00 0.000000000000000e+00 0.000000000000000e+00	1.000000000000000e+00	97	1	99
100	 7.500000000000000e+02 -4.780460228890000e+02  1.944846485430000e+01	 1.530000000000000e-08  2.640000000000000e-08 -3.310000000000000e-07	1.000000000000000e+00	97	1	100
101	-7.500000000000000e+02 -5.525242076145000e+02 -1.159425144917000e+02	-0.000000000000000e+00 -0.000000000000000e+00  0.000000000000000e+00	1.779785156250000e-01	661	1	101
102	-7.500000000000000e+02 -5.525242076145000e+02  7.500000000000000e+02	0.000000000000000e+00 0.000000000000000e+00 0.000000000000000e+00	1.000000000000000e+00	661	1	102
103	-6.359872981078000e+02 -7.500000000000000e+02  7.500000000000000e+02	0.000000000000000e+00 0.000000000000000e+00 0.000000000000000e+00	1.000000000000000e+00	661	1	103
104	-6.359872981078000e+02 -7.500000000000000e+02 -1.159425144917000e+02	0.000000000000000e+00 0.000000000000000e+00 0.000000000000000e+00	7.500000000000000e-01	661	1	104
105	-5.726989518207000e+02 -7.500000000000000e+02  5.829785587824000e+02	-2.240530000000000e-05  7.287130000000001e-05  0.000000000000000e+00	1.000000000000000e+00	105	1	105
106	 7.500000000000000e+02 -7.500000000000000e+02  5.829785587824000e+02	0.000000000000000e+00 0.000000000000000e+00 0.000000000000000e+00	1.000000000000000e+00	105	1	106
107	7.500000000000000e+02 2.514684202430000e+01 5.829785587824000e+02	 2.811000000000000e-07 -1.080500000000000e-06  0.000000000000000e+00	1.000000000000000e+00	105	1	107
108	-2.067568474703000e+02  6.910882722200000e+02 -4.164132562731000e+02	-9.607639790039063e-05  0.000000000000000e+00  0.000000000000000e+00	1.779785156250000e-01	2888	0	108
112	 6.715372023637000e+02  1.376336028177000e+02 -5.924564614911001e+02	 1.860000000000000e-07 -3.222000000000000e-07 -4.073000000000000e-06	1.000000000000000e+00	0	0	112
113	 5.188027021055000e+02 -6.666223203400000e+00  2.286190426598000e+02	-3.750370000000000e-05  2.438200000000000e-06  0.000000000000000e+00	1.000000000000000e+00	7962	0	113
114	 2.990321177465000e+02  6.853938654079001e+02 -4.262112152443000e+02	-1.100000000000000e-09 -7.100000000000000e-09  0.000000000000000e+00	1.000000000000000e+00	646	0	114
116	-5.771433708626000e+02  1.407218735578000e+02 -1.159425144917000e+02	-1.704790000000000e-05  1.906790000000000e-05  0.000000000000000e+00	1.000000000000000e+00	661	0	116
117	-4.258351868047000e+02  2.980193113275000e+02 -4.164132562731000e+02	 5.639000000000000e-07 -4.640000000000000e-07  0.000000000000000e+00	1.000000000000000e+00	2888	0	117
118	-6.155646284647000e+02 -1.577846176365000e+02  1.077775486825000e+02	-2.001972000000000e-04 -9.973600000000001e-06  0.000000000000000e+00	1.000000000000000e+00	23	0	118
119	-1.571535419081000e+02  3.768229730000000e-02 -1.894272067752000e+02	-2.814000000000000e-07  2.175000000000000e-07  0.000000000000000e+00	1.000000000000000e+00	27	0	119
122	-5.459733364641000e+02 -6.650613275075000e+02  3.855607440091000e+02	-7.416700000000000e-06 -1.284610000000000e-05 -3.889830000000000e-05	1.000000000000000e+00	491	0	122
123	 1.455989618573000e+02 -5.778103512891000e+02  7.443081463458001e+02	 4.600000000000000e-09 -8.000000000000000e-09  1.747000000000000e-07	1.000000000000000e+00	729	0	123
126	-7.299672415970001e+01 -4.076803900000000e-03  1.518683640526000e+02	-8.540000000000000e-08 -3.720000000000000e-08  0.000000000000000e+00	1.000000000000000e+00	2888	0	126
127	-2.081707036421000e+02  3.403479836873000e+02 -7.338645063733001e+02	 3.750000000000000e-07  0.000000000000000e+00 -4.263000000000000e-07	1.000000000000000e+00	7962	0	127
128	 5.325130401139000e+02 -3.697702612762000e+02 -2.730206521992000e+02	2.170000000000000e-07 3.758000000000000e-07 8.485500000000000e-06	1.000000000000000e+00	7962	0	128
130	-3.307198875915000e+02  5.878917507890001e+02 -6.793251553319001e+02	-1.909770000000000e-05 -3.709760000000000e-05  0.000000000000000e+00	1.000000000000000e+00	7962	0	130
131	5.018024742015000e+02 1.487203006317000e+02 1.469693845670000e+01	2.173264000000000e-04 9.372200000000000e-06 0.000000000000000e+00	1.000000000000000e+00	5009	0	131
132	-4.747405535330000e+01  6.910882722200000e+02 -5.550328040701000e+02	 1.312700000000000e-06  0.000000000000000e+00 -1.535200000000000e-05	1.000000000000000e+00	2888	0	132
133	-3.445662615044000e+02  6.910882722200000e+02  1.558621129916000e+02	-1.305223242187500e-06  0.000000000000000e+00  3.630049804687500e-07	2.373046875000000e-01	2888	0	133
134	 3.658689388260000e+02 -1.663887286829000e+02  9.471360338760000e+01	 4.628590000000000e-05 -3.476020000000000e-05  0.000000000000000e+00	1.000000000000000e+00	7962	0	134
136	3.333380781147000e+02 2.146714397345000e+02 3.592584956082000e+02	1.546387500000000e-03 5.755000000000001e-04 0.000000000000000e+00	1.000000000000000e+00	2888	0	136
137	 1.591478229959000e+02  3.836115470590000e+01 -7.214583730010000e+01	 3.091790000000000e-05  5.355140000000000e-05 -7.033250000000000e-05	1.000000000000000e+00	2888	0	137
139	 6.776691491299000e+02 -6.033267315507001e+02  3.841454028600000e+00	 2.416000000000000e-07  4.185000000000000e-07 -3.894700000000000e-06	1.000000000000000e+00	97	0	139
141	 2.359210838497000e+02 -2.544558866282000e+02  5.829785587824000e+02	 2.697650000000000e-05 -4.425420000000000e-05  0.000000000000000e+00	1.000000000000000e+00	105	0	141
143	 5.701168879331000e+02  3.132987403311000e+02 -6.178139721796000e+02	 2.208000000000000e-07 -3.825000000000000e-07 -2.901800000000000e-06	1.000000000000000e+00	0	0	143
144	 4.921824773344000e+02 -3.775607643132000e+02  2.286190426598000e+02	-3.649410000000000e-05  4.186100000000000e-06  0.000000000000000e+00	1.000000000000000e+00	7962	0	144
146	 5.245186355992000e+02  6.530582080224000e+02 -4.262112152443000e+02	1.430000000000000e-08 1.001000000000000e-07 0.000000000000000e+00	1.000000000000000e+00	646	0	146
147	 7.246339047940000e+01  7.224903168469000e+02 -4.262112152443000e+02	2.782000000000000e-07 1.078200000000000e-06 0.000000000000000e+00	1.000000000000000e+00	646	0	147
150	-7.500000000000000e+02 -2.079332134049000e+02 -1.159425144917000e+02	-2.814830000000000e-05  2.759700000000000e-06  0.000000000000000e+00	1.000000000000000e+00	661	1	150
151	-2.356740641118000e+02  4.493707289392000e+02 -1.159425144917000e+02	-8.837000000000000e-07  1.281400000000000e-06  0.000000000000000e+00	1.000000000000000e+00	661	0	151
152	-5.878714683844000e+02  1.015556917849000e+02 -4.164132562731000e+02	 5.334000000000001e-07 -4.399000000000000e-07  0.000000000000000e+00	1.000000000000000e+00	2888	0	152
153	-5.940055828933000e+02 -6.148647401746000e+02  1.077775486825000e+02	-2.957816000000000e-04  5.871000000000000e-06  0.000000000000000e+00	1.000000000000000e+00	23	0	153
154	-6.284516349745001e+02  3.320282821077000e+02  1.077775486825000e+02	-8.213190000000000e-05 -1.320000000000000e-07  0.000000000000000e+00	1.000000000000000e+00	23	0	154
155	-4.469238507220000e+02 -3.749572529688000e+02 -1.894272067752000e+02	-2.787000000000000e-07  2.153000000000000e-07  0.000000000000000e+00	1.000000000000000e+00	27	0	155
156	 1.326403995115000e+02  3.750143286061000e+02 -1.894272067752000e+02	-1.168000000000000e-07  9.020000000000000e-08  0.000000000000000e+00	1.000000000000000e+00	27	0	156
159	-5.950127018922000e+02 -7.500000000000000e+02  2.308089834237000e+02	-4.674870000000000e-05 -8.097120000000001e-05  1.136270000000000e-05	1.000000000000000e+00	491	1	159
160	-4.498485773887000e+02 -4.985683609236000e+02  5.440329744333001e+02	 1.059080000000000e-05  1.834390000000000e-05 -2.884870000000000e-05	1.000000000000000e+00	491	0	160
161	 9.392971650220001e+01 -4.883165931454000e+02  7.500000000000000e+02	 4.700000000000000e-09 -8.100000000000000e-09  1.693000000000000e-07	1.000000000000000e+00	729	1	161
162	 1.965547825974000e+02 -6.660684217522000e+02  7.391632434370000e+02	 3.500000000000000e-09 -6.000000000000000e-09  1.535000000000000e-07	1.000000000000000e+00	729	0	162
164	5.249905229258001e+02 5.418162067020000e+01 2.286190426598000e+02	-1.743740000000000e-05  1.729300000000000e-06  0.000000000000000e+00	1.000000000000000e+00	7962	0	164
167	 9.029803342710001e+01 -3.750288667346000e+02  1.518683640526000e+02	-3.572000000000000e-07 -1.557000000000000e-07  0.000000000000000e+00	1.000000000000000e+00	2888	0	167
168	-2.362419789533000e+02  3.750016152965000e+02  1.518683640526000e+02	5.170000000000000e-08 2.250000000000000e-08 0.000000000000000e+00	1.000000000000000e+00	2888	0	168
169	-4.952974819633000e+02  3.403479836873000e+02 -7.001606193853000e+02	-2.640000000000000e-07  0.000000000000000e+00 -3.103800000000000e-06	1.000000000000000e+00	7962	0	169
170	 1.225053593914000e+02  3.403479836873000e+02 -7.499719470890001e+02	-1.000000000000000e-10  0.000000000000000e+00 -6.393000000000001e-07	1.000000000000000e+00	1263	0	170
172	 6.452440760191000e+02 -1.745143794984000e+02 -2.830019589263000e+02	4.663000000000000e-07 8.077000000000000e-07 2.742160000000000e-05	1.000000000000000e+00	7962	0	172
174	 4.609271430935000e+02 -6.008954383626000e+02 -3.256260129943000e+02	-8.452060000000000e-05  1.463939000000000e-04  1.934687000000000e-04	1.000000000000000e+00	7962	0	174
177	 5.019970622002000e+02 -3.045311295604000e+02  1.469693845670000e+01	 7.651340000000001e-05 -3.878200000000000e-06  0.000000000000000e+00	1.000000000000000e+00	5009	0	177
179	 8.271305400600001e+00  6.910882722200000e+02 -6.013109606947000e+02	3.793200000000000e-06 0.000000000000000e+00 9.516400000000001e-06	1.000000000000000e+00	2888	0	179
181	 2.145555160430000e+02 -4.509883138565000e+02  9.471360338760000e+01	 1.046000000000000e-07 -4.820000000000000e-08  0.000000000000000e+00	1.000000000000000e+00	7962	0	181
183	 3.411918201338000e+02 -2.768679219011000e+02  3.592584956082000e+02	1.162659000000000e-04 1.078100000000000e-06 0.000000000000000e+00	1.000000000000000e+00	2888	0	183
185	-8.296223308710000e+01 -3.809857634532000e+02 -3.795373057829000e+02	 2.737600000000000e-06  4.741600000000000e-06 -1.270040000000000e-05	1.000000000000000e+00	2888	0	185
186	3.051537766498000e+02 2.912508846420000e+02 3.592584956082000e+02	1.311674962500000e-03 2.271887662500000e-03 0.000000000000000e+00	5.625000000000000e-01	2888	0	186
187	3.873677816616000e+02 7.500000000000000e+02 3.804874067123000e+02	9.807420000000000e-05 2.576740000000000e-05 0.000000000000000e+00	1.000000000000000e+00	2905	1	187
189	 6.312023351065001e+02 -6.838096143051000e+02 -7.765294593200000e+00	 2.752000000000000e-07  4.766000000000000e-07 -4.428000000000000e-06	1.000000000000000e+00	97	0	189
190	 7.226512797742000e+02 -5.254153958421000e+02  1.440118546350000e+01	 1.191000000000000e-07  2.063000000000000e-07 -2.042800000000000e-06	1.000000000000000e+00	97	0	190
191	-8.410507276340000e+01 -4.577071404001000e+02  5.829785587824000e+02	-1.429490000000000e-05  2.158580000000000e-05  0.000000000000000e+00	1.000000000000000e+00	105	0	191
192	 5.606724765179000e+02 -6.391172794150000e+01  5.829785587824000e+02	 6.267370000000000e-05 -9.912870000000000e-05  0.000000000000000e+00	1.000000000000000e+00	105	0	192
193	-2.651932740701000e+02  4.950467038711000e+02 -4.164132562731000e+02	-4.460512500000000e-06  2.378250000000000e-06  0.000000000000000e+00	5.625000000000000e-01	2888	0	193
194	-1.982724825659000e+02  6.910882722200000e+02 -4.172016983750000e+02	-1.572355423278809e-05  0.000000000000000e+00 -2.091301730804443e-05	1.001129150390625e-01	2888	0	194
195	-3.584439197651000e+02  6.910882722200000e+02 -2.135470183688000e+02	-3.094910000000000e-05  0.000000000000000e+00  4.832770000000000e-05	1.000000000000000e+00	2888	0	195
198	5.985406511464000e+02 5.825925611770001e+01 9.471360338760000e+01	 1.844923000000000e-04 -2.342043000000000e-04  0.000000000000000e+00	1.000000000000000e+00	7962	0	198
201	 5.169083001198001e+02  4.054587178227000e+02 -6.360096806636001e+02	 1.802000000000000e-07 -3.122000000000000e-07 -2.086500000000000e-06	1.000000000000000e+00	0	0	201
202	 4.634140130629000e+02 -5.766113781043000e+02  2.286190426598000e+02	-7.330531640625000e-06 -1.079071875000000e-06  0.000000000000000e+00	3.164062500000000e-01	7962	0	202
204	 6.372625256095000e+02  6.368947946609001e+02 -4.262112152443000e+02	2.380000000000000e-08 1.661000000000000e-07 0.000000000000000e+00	1.000000000000000e+00	646	0	204
205	-2.396465978840000e+01  7.500000000000000e+02 -4.262112152443000e+02	-4.270000000000000e-08 -1.496000000000000e-07  0.000000000000000e+00	1.000000000000000e+00	646	1	205
209	-7.735688855780000e+01  5.618339244021000e+02 -1.159425144917000e+02	 2.069900000000000e-06 -3.170600000000000e-06  0.000000000000000e+00	1.000000000000000e+00	661	0	209
210	-6.688957864047001e+02  3.329046898600000e+00 -4.164132562731000e+02	 4.813000000000001e-07 -3.970000000000000e-07  0.000000000000000e+00	1.000000000000000e+00	2888	0	210
212	-6.257175341686000e+02  5.591923566742000e+02  1.077775486825000e+02	-2.539890000000000e-05  5.005000000000000e-07  0.000000000000000e+00	1.000000000000000e+00	23	0	212
213	-5.917654345769000e+02 -5.624883923414001e+02 -1.894272067752000e+02	-5.950000000000000e-08  4.600000000000000e-08  0.000000000000000e+00	1.000000000000000e+00	27	0	213
214	 2.775360815776000e+02  5.625036565230000e+02 -1.894272067752000e+02	-4.830000000000000e-08  3.730000000000000e-08  0.000000000000000e+00	1.000000000000000e+00	27	0	214
216	-4.009982587330000e+02 -4.139571270460000e+02  6.091265399589000e+02	 8.964899999999999e-06  1.552770000000000e-05 -2.787530000000000e-05	1.000000000000000e+00	491	0	216
221	 1.722488129335000e+02 -5.624951917382000e+02  1.518683640526000e+02	3.720000000000000e-08 1.680000000000000e-08 0.000000000000000e+00	1.000000000000000e+00	2888	0	221
222	-3.120624398904000e+02  5.641256181628000e+02  1.518683640526000e+02	-4.981000000000000e-07 -1.788000000000000e-07  0.000000000000000e+00	1.000000000000000e+00	2888	0	222
223	-6.345150499413000e+02  3.403479836873000e+02 -6.905165021947000e+02	-1.391000000000000e-07  0.000000000000000e+00 -2.582700000000000e-06	1.000000000000000e+00	7962	0	223
226	 7.013663283967001e+02 -7.730778694520001e+01 -2.863359055072000e+02	4.102000000000000e-07 7.106000000000000e-07 3.299100000000000e-05	1.000000000000000e+00	7962	0	226
228	 5.239073161659001e+02 -7.099802979935000e+02 -5.484668951298000e+02	 4.925000000000000e-06 -8.530300000000000e-06 -3.580630000000000e-05	1.000000000000000e+00	7962	0	228
229	-5.008391329467000e+02  6.691814677062000e+02 -6.793251553319001e+02	-1.154400000000000e-05 -2.655450000000000e-05  0.000000000000000e+00	1.000000000000000e+00	7962	0	229
231	 4.862292002588000e+02 -5.371089534155000e+02  1.469693845670000e+01	 5.011600000000000e-06 -3.266000000000000e-07  0.000000000000000e+00	1.000000000000000e+00	5009	0	231
233	-4.663920749227000e+02  6.910882722200000e+02  4.390685287430000e+02	2.145670000000000e-05 0.000000000000000e+00 1.360940000000000e-05	1.000000000000000e+00	2888	0	233
234	 1.233785313235000e+02 -5.780149725158000e+02  9.471360338760000e+01	-1.181200000000000e-06  1.118000000000000e-06  0.000000000000000e+00	1.000000000000000e+00	7962	0	234
235	 3.387435884896000e+02 -5.355887885915000e+02  3.592584956082000e+02	 4.873770000000000e-05 -1.574500000000000e-06  0.000000000000000e+00	1.000000000000000e+00	2888	0	235
237	-2.086882744003000e+02 -5.987496548421000e+02 -4.620059347813000e+02	-2.810000000000000e-08 -4.870000000000000e-08  2.758000000000000e-07	1.000000000000000e+00	2888	0	237
238	4.192767915467000e+02 4.889177447565000e+02 5.449926664547000e+02	 1.529665000000000e-04  2.649457000000000e-04 -5.335384000000000e-04	1.000000000000000e+00	2888	0	238
240	4.262847379537000e+02 6.133970053312000e+02 3.804874067123000e+02	8.337070000000000e-05 3.122720000000000e-05 0.000000000000000e+00	1.000000000000000e+00	2905	0	240
241	-2.419371807598000e+02 -5.654686771207000e+02  5.829785587824000e+02	-3.431470000000000e-05  4.904780000000000e-05  0.000000000000000e+00	1.000000000000000e+00	105	0	241
242	7.088966093922000e+02 1.445304202930000e+01 5.829785587824000e+02	 5.267900000000000e-06 -1.177230000000000e-05  0.000000000000000e+00	1.000000000000000e+00	105	0	242
243	-2.197232895743000e+02  6.047044925710001e+02 -4.164132562731000e+02	-3.346032913055420e-05  5.029762953186035e-06  0.000000000000000e+00	1.001129150390625e-01	2888	0	243
244	-2.260576496087000e+02  6.910882722200000e+02 -4.083097199226000e+02	 4.925000000000000e-06  0.000000000000000e+00 -1.224286000000000e-04	1.000000000000000e+00	2888	0	244
246	 7.169230211923000e+02  5.902305866330000e+01 -5.848123374096000e+02	 1.832000000000000e-07 -3.173000000000000e-07 -4.419800000000000e-06	1.000000000000000e+00	0	0	246
247	 6.219556560020001e+02  2.235113602339000e+02 -6.033555226910000e+02	 2.145000000000000e-07 -3.715000000000000e-07 -3.567200000000000e-06	1.000000000000000e+00	0	0	247
248	 5.083881963520000e+02 -1.961676643061000e+02  2.286190426598000e+02	-6.640130000000000e-05  4.141200000000000e-06  0.000000000000000e+00	1.000000000000000e+00	7962	0	248
249	5.474201347948000e+02 1.797256188617000e+02 2.286190426598000e+02	 9.580000000000000e-07 -3.692000000000000e-07  0.000000000000000e+00	1.000000000000000e+00	7962	0	249
250	 4.117750607861000e+02  6.692238384349000e+02 -4.262112152443000e+02	5.100000000000000e-09 3.540000000000000e-08 0.000000000000000e+00	1.000000000000000e+00	646	0	250
251	 1.864132989026000e+02  7.024173318208000e+02 -4.262112152443000e+02	1.940000000000000e-08 1.131000000000000e-07 0.000000000000000e+00	1.000000000000000e+00	646	0	251
254	-7.024808813186000e+02 -7.028641734970000e+01 -1.159425144917000e+02	-1.851210000000000e-05  1.602670000000000e-05  0.000000000000000e+00	1.000000000000000e+00	661	0	254
255	-4.000012657223000e+02  3.204224945001000e+02 -1.159425144917000e+02	-4.736900000000000e-06 -2.183600000000000e-06  0.000000000000000e+00	1.000000000000000e+00	661	0	255
256	-5.068503336143000e+02  1.997849512997000e+02 -4.164132562731000e+02	 5.643000000000000e-07 -4.654000000000000e-07  0.000000000000000e+00	1.000000000000000e+00	2888	0	256
257	-3.450899066138000e+02  3.962899398020000e+02 -4.164132562731000e+02	 2.963250000000000e-07 -2.436187500000000e-07  0.000000000000000e+00	5.625000000000000e-01	2888	0	257
258	-6.021417769281001e+02 -4.248121719253000e+02  1.077775486825000e+02	-2.595845000000000e-04 -1.330890000000000e-05  0.000000000000000e+00	1.000000000000000e+00	23	0	258
259	-6.251898801176001e+02  8.909140967730001e+01  1.077775486825000e+02	-1.430575000000000e-04 -3.734100000000000e-06  0.000000000000000e+00	1.000000000000000e+00	23	0	259
260	-3.020531874352000e+02 -1.874485857897000e+02 -1.894272067752000e+02	-3.529000000000000e-07  2.727000000000000e-07  0.000000000000000e+00	1.000000000000000e+00	27	0	260
261	-1.225341266040000e+01  1.875235629423000e+02 -1.894272067752000e+02	-1.699000000000000e-07  1.313000000000000e-07  0.000000000000000e+00	1.000000000000000e+00	27	0	261
262	-5.855293287266001e+02 -7.335743158500001e+02  2.819915794697000e+02	-5.333400000000000e-06 -9.237600000000001e-06 -3.422920000000000e-05	1.000000000000000e+00	491	0	262
263	-4.970943948000000e+02 -5.804005171251000e+02  4.732355942117000e+02	 7.929500000000001e-06  1.373420000000000e-05 -2.120470000000000e-05	1.000000000000000e+00	491	0	263
268	 8.656079033300001e+00 -1.875140898859000e+02  1.518683640526000e+02	-1.732000000000000e-07 -7.540000000000000e-08  0.000000000000000e+00	1.000000000000000e+00	2888	0	268
269	-1.545996760001000e+02  1.875073365351000e+02  1.518683640526000e+02	7.570000000000000e-08 3.290000000000000e-08 0.000000000000000e+00	1.000000000000000e+00	2888	0	269
270	-3.566233351818000e+02  3.403479836873000e+02 -7.140865434583001e+02	-2.992000000000000e-07  0.000000000000000e+00 -2.598100000000000e-06	1.000000000000000e+00	7962	0	270
273	 5.891280013416000e+02 -2.717102719613000e+02 -2.786519667361000e+02	4.259000000000000e-07 7.376000000000000e-07 1.950670000000000e-05	1.000000000000000e+00	7962	0	273
274	 4.514294028989000e+02 -5.844448697886000e+02  1.447614629569000e+02	 5.933500000000000e-06 -1.027720000000000e-05  8.758100000000000e-06	1.000000000000000e+00	7962	0	274
277	 5.470127018922000e+02 -7.500000000000000e+02 -6.793251553319001e+02	0.000000000000000e+00 0.000000000000000e+00 0.000000000000000e+00	1.000000000000000e+00	7962	1	277
278	 5.113356702223000e+02 -5.711454811010000e+01  1.469693845670000e+01	1.540047000000000e-04 1.146800000000000e-06 0.000000000000000e+00	1.000000000000000e+00	5009	0	278
279	4.958969694122000e+02 4.088702110758000e+02 1.469693845670000e+01	 2.728157000000000e-04 -1.921660000000000e-05  0.000000000000000e+00	1.000000000000000e+00	5009	0	279
281	-4.064280922588000e+02  6.910882722200000e+02  1.064909669390000e+02	7.461990000000001e-05 0.000000000000000e+00 9.169950000000000e-05	1.000000000000000e+00	2888	0	281
282	 2.812783604389000e+02 -3.030687622855000e+02  9.471360338760000e+01	 8.772800000000000e-06 -4.624200000000001e-06  0.000000000000000e+00	1.000000000000000e+00	7962	0	282
283	 4.697394228763000e+02 -5.093262182250000e+01  9.471360338760000e+01	 1.048501000000000e-04 -1.185985000000000e-04  0.000000000000000e+00	1.000000000000000e+00	7962	0	283
284	 3.382619869606000e+02 -8.643511658500000e+00  3.592584956082000e+02	1.954305000000000e-04 2.455900000000000e-06 0.000000000000000e+00	1.000000000000000e+00	2888	0	284
286	 4.310680678850000e+01 -1.626277811272000e+02 -2.513713913843000e+02	 1.904010000000000e-05  3.297850000000000e-05 -6.159050000000001e-05	1.000000000000000e+00	2888	0	286
287	2.562750137256000e+02 2.065903838462000e+02 9.490818817180001e+01	 2.832850000000000e-05  4.906640000000000e-05 -7.323300000000001e-05	1.000000000000000e+00	2888	0	287
290	 7.574016281720000e+01 -3.551090001726000e+02  5.829785587824000e+02	 8.213500000000000e-06 -1.293530000000000e-05  0.000000000000000e+00	1.000000000000000e+00	105	0	290
291	 4.010988727420000e+02 -1.605203140253000e+02  5.829785587824000e+02	 2.958480000000000e-05 -5.307710000000000e-05  0.000000000000000e+00	1.000000000000000e+00	105	0	291
292	 4.668443396787000e+02 -6.111443234865001e+02  2.286190426598000e+02	-6.444263335418701e-06  1.116178912353516e-05  0.000000000000000e+00	7.508468627929688e-02	7962	0	292
297	-3.315526681100000e+00  6.106531841565001e+02 -1.159425144917000e+02	 6.208200000000000e-06 -9.618700000000000e-06  0.000000000000000e+00	1.000000000000000e+00	661	0	297
298	-7.094003662389000e+02 -4.579057903260000e+01 -4.164132562731000e+02	 4.944000000000000e-07 -4.080000000000000e-07  0.000000000000000e+00	1.000000000000000e+00	2888	0	298
300	-6.220938848704001e+02  6.680828701351001e+02  1.077775486825000e+02	 9.252000000000001e-07 -1.683000000000000e-07  0.000000000000000e+00	1.000000000000000e+00	23	0	300
301	-6.642275997114000e+02 -6.562220113119000e+02 -1.894272067752000e+02	-1.717000000000000e-07  1.327000000000000e-07  0.000000000000000e+00	1.000000000000000e+00	27	0	301
302	 3.499797235451000e+02  6.562515721615000e+02 -1.894272067752000e+02	-3.960000000000000e-08  3.060000000000000e-08  0.000000000000000e+00	1.000000000000000e+00	27	0	302
305	 2.137685945127000e+02 -6.561676147126000e+02  1.518683640526000e+02	3.746000000000000e-07 1.780000000000000e-07 0.000000000000000e+00	1.000000000000000e+00	2888	0	305
306	-3.514960217840000e+02  6.910882722200000e+02  1.518683640526000e+02	-2.307375000000000e-07 -1.068750000000000e-07 -4.059000000000000e-07	5.625000000000000e-01	2888	0	306
307	-7.048037632966000e+02  3.403479836873000e+02 -6.873018360480000e+02	-8.300000000000000e-08  0.000000000000000e+00 -2.247500000000000e-06	1.000000000000000e+00	7962	0	307
313	 4.763507599854000e+02 -6.441162488233000e+02  1.469693845670000e+01	-9.873300000000001e-06  1.758400000000000e-06  0.000000000000000e+00	1.000000000000000e+00	5009	0	313
314	5.347328108478000e+02 6.520919477013000e+02 1.469693845670000e+01	 2.698086000000000e-04 -8.799870000000000e-05  0.000000000000000e+00	1.000000000000000e+00	5009	0	314
315	-5.027708591088000e+02  6.910882722200000e+02  4.824404629478000e+02	5.675380000000001e-05 0.000000000000000e+00 3.296850000000000e-05	1.000000000000000e+00	2888	0	315
316	 5.877827431030000e+01 -6.433235909278001e+02  9.471360338760000e+01	-1.122400000000000e-06  1.221900000000000e-06  0.000000000000000e+00	1.000000000000000e+00	7962	0	316
317	 3.330167942825000e+02 -6.548317884423001e+02  3.592584956082000e+02	 1.729660000000000e-05 -1.137100000000000e-06  0.000000000000000e+00	1.000000000000000e+00	2888	0	317
319	-2.677085030902000e+02 -7.009756896073001e+02 -4.810187882554000e+02	-8.100000000000000e-09 -1.410000000000000e-08  1.399000000000000e-07	1.000000000000000e+00	2888	0	319
320	4.780489695099000e+02 5.907141430602001e+02 5.929173635635000e+02	 3.239490000000000e-05  5.610970000000000e-05 -2.248839000000000e-04	1.000000000000000e+00	2888	0	320
322	4.519782554116000e+02 5.582582465453000e+02 3.804874067123000e+02	7.429270000000001e-05 4.724550000000000e-05 0.000000000000000e+00	1.000000000000000e+00	2905	0	322
323	-3.194593602878000e+02 -6.200291565955000e+02  5.829785587824000e+02	-4.174590000000000e-05  6.015130000000000e-05  0.000000000000000e+00	1.000000000000000e+00	105	0	323
328	 5.133619323169000e+02 -1.028142731784000e+02  2.286190426598000e+02	-6.614780000000000e-05  3.625200000000000e-06  0.000000000000000e+00	1.000000000000000e+00	7962	0	328
332	-6.538042436790000e+02  2.419327229660000e+01 -1.159425144917000e+02	-4.409460000000000e-05 -1.001640000000000e-05  0.000000000000000e+00	1.000000000000000e+00	661	0	332
333	-4.850731742918000e+02  2.434474773401000e+02 -1.159425144917000e+02	3.827100000000000e-06 1.754650000000000e-05 0.000000000000000e+00	1.000000000000000e+00	661	0	333
334	-4.663414519287000e+02  2.489009735030000e+02 -4.164132562731000e+02	 5.710000000000000e-07 -4.709000000000000e-07  0.000000000000000e+00	1.000000000000000e+00	2888	0	334
335	-3.854842419026000e+02  3.471725293407000e+02 -4.164132562731000e+02	 3.196125000000000e-07 -2.625750000000000e-07  0.000000000000000e+00	5.625000000000000e-01	2888	0	335
336	-6.084042888287000e+02 -2.969404967164000e+02  1.077775486825000e+02	-2.307009000000000e-04 -1.215740000000000e-05  0.000000000000000e+00	1.000000000000000e+00	23	0	336
337	-6.211918189025000e+02 -3.264000747090000e+01  1.077775486825000e+02	-1.723662000000000e-04 -6.795100000000000e-06  0.000000000000000e+00	1.000000000000000e+00	23	0	337
338	-2.296067827051000e+02 -9.370280896620001e+01 -1.894272067752000e+02	-3.396000000000000e-07  2.624000000000000e-07  0.000000000000000e+00	1.000000000000000e+00	27	0	338
339	-8.470082003740001e+01  9.377856945010001e+01 -1.894272067752000e+02	-2.091000000000000e-07  1.616000000000000e-07  0.000000000000000e+00	1.000000000000000e+00	27	0	339
342	-3.217554650580000e+01 -9.376135866440001e+01  1.518683640526000e+02	-1.512000000000000e-07 -6.580000000000001e-08  0.000000000000000e+00	1.000000000000000e+00	2888	0	342
343	-1.137945353559000e+02  9.375322586810000e+01  1.518683640526000e+02	3.700000000000000e-09 1.600000000000000e-09 0.000000000000000e+00	1.000000000000000e+00	2888	0	343
344	-2.840475678911000e+02  3.403479836873000e+02 -7.231548041688001e+02	-2.621000000000000e-07  0.000000000000000e+00 -1.905000000000000e-06	1.000000000000000e+00	7962	0	344
346	 4.279024842726000e+02 -5.436950513823000e+02 -2.216911445700000e+00	 4.873650000000000e-06 -8.441475000000000e-06  5.252130000000000e-05	7.500000000000000e-01	7962	0	346
349	-1.660893044030000e+02  4.851289058826000e+02 -6.793251553319001e+02	 1.599867750000000e-04 -2.771052000000000e-04  0.000000000000000e+00	7.500000000000000e-01	7962	0	349
350	5.087492264698000e+02 2.511883774650000e+01 1.469693845670000e+01	1.791337000000000e-04 7.524300000000000e-06 0.000000000000000e+00	1.000000000000000e+00	5009	0	350
351	4.953830599322000e+02 2.999492120000000e+02 1.469693845670000e+01	2.624855000000000e-04 1.052780000000000e-05 0.000000000000000e+00	1.000000000000000e+00	5009	0	351
352	-4.061862676128000e+02  6.910882722200000e+02  3.592584956082000e+02	-1.360550000000000e-05  0.000000000000000e+00  0.000000000000000e+00	1.000000000000000e+00	2888	0	352
354	 3.210172167197000e+02 -2.326427025728000e+02  9.471360338760000e+01	 2.095280000000000e-05 -1.310950000000000e-05  0.000000000000000e+00	1.000000000000000e+00	7962	0	354
355	 4.153021561447000e+02 -1.057181744673000e+02  9.471360338760000e+01	 7.752420000000000e-05 -6.931300000000001e-05  0.000000000000000e+00	1.000000000000000e+00	7962	0	355
356	3.366721478997000e+02 9.928438410320000e+01 3.592584956082000e+02	2.102035000000000e-04 3.047900000000000e-06 0.000000000000000e+00	1.000000000000000e+00	2888	0	356
358	 1.031135600738000e+02 -5.869303563990000e+01 -1.687814270983000e+02	 2.686430000000000e-05  4.653040000000000e-05 -6.893180000000000e-05	1.000000000000000e+00	2888	0	358
359	2.088500247513000e+02 1.244478933943000e+02 1.727958402080000e+01	 3.301770000000000e-05  5.718830000000000e-05 -7.407100000000000e-05	1.000000000000000e+00	2888	0	359
362	 1.556575403200000e+02 -3.044230836734000e+02  5.829785587824000e+02	 1.871570000000000e-05 -2.980170000000000e-05  0.000000000000000e+00	1.000000000000000e+00	105	0	362
363	 3.170854560820000e+02 -2.059541804146000e+02  5.829785587824000e+02	 3.218850000000000e-05 -5.592840000000000e-05  0.000000000000000e+00	1.000000000000000e+00	105	0	363
364	 4.809521020038000e+02 -4.640542435756000e+02  2.286190426598000e+02	-2.252440000000000e-05  3.152300000000000e-06  0.000000000000000e+00	1.000000000000000e+00	7962	0	364
365	 5.014517907863000e+02 -2.879491746108000e+02  2.286190426598000e+02	-5.155850000000000e-05  4.478200000000000e-06  0.000000000000000e+00	1.000000000000000e+00	7962	0	365
367	5.860471281184000e+02 2.689321169002000e+02 2.286190426598000e+02	-4.627000000000000e-07  1.878000000000000e-07  0.000000000000000e+00	1.000000000000000e+00	7962	0	367
373	-7.488217686430000e+02 -1.959154275118000e+02 -1.159425144917000e+02	-1.035375000000000e-06 -4.679250000000001e-07  0.000000000000000e+00	7.500000000000000e-01	661	0	373
374	-1.571509275989000e+02  5.066525938664000e+02 -1.159425144917000e+02	-5.077000000000000e-07  7.098000000000001e-07  0.000000000000000e+00	1.000000000000000e+00	661	0	374
375	-3.149217968642000e+02  3.889203560309000e+02 -1.159425144917000e+02	-6.332000000000000e-07  2.901000000000000e-07  0.000000000000000e+00	1.000000000000000e+00	661	0	375
376	-6.283834608957001e+02  5.244222927710000e+01 -4.164132562731000e+02	 5.090000000000000e-07 -4.199000000000000e-07  0.000000000000000e+00	1.000000000000000e+00	2888	0	376
377	-5.473604237288000e+02  1.506699280374000e+02 -4.164132562731000e+02	 5.515000000000000e-07 -4.549000000000000e-07  0.000000000000000e+00	1.000000000000000e+00	2888	0	377
378	-5.990195267605001e+02 -6.723245157503001e+02  1.077775486825000e+02	-2.867400000000000e-04  3.231500000000000e-05  0.000000000000000e+00	1.000000000000000e+00	23	0	378
379	-5.962834830564000e+02 -5.322826702725000e+02  1.077775486825000e+02	-2.941010000000000e-04 -1.334960000000000e-05  0.000000000000000e+00	1.000000000000000e+00	23	0	379
380	-6.273352361660001e+02  4.463826076390000e+02  1.077775486825000e+02	-5.373930000000000e-05  6.283000000000000e-07  0.000000000000000e+00	1.000000000000000e+00	23	0	380
381	-6.274478660205000e+02  2.125087486351000e+02  1.077775486825000e+02	-1.121594000000000e-04 -1.175500000000000e-06  0.000000000000000e+00	1.000000000000000e+00	23	0	381
382	-5.193438306905000e+02 -4.687234522507000e+02 -1.894272067752000e+02	-1.672000000000000e-07  1.291000000000000e-07  0.000000000000000e+00	1.000000000000000e+00	27	0	382
383	-3.744924176097000e+02 -2.811999073297000e+02 -1.894272067752000e+02	-3.318000000000000e-07  2.564000000000000e-07  0.000000000000000e+00	1.000000000000000e+00	27	0	383
384	 2.050872507717000e+02  4.687597575242000e+02 -1.894272067752000e+02	-8.700000000000000e-08  6.730000000000000e-08  0.000000000000000e+00	1.000000000000000e+00	27	0	384
385	 6.019353691050000e+01  2.812689124772000e+02 -1.894272067752000e+02	-1.453000000000000e-07  1.123000000000000e-07  0.000000000000000e+00	1.000000000000000e+00	27	0	385
388	5.472698992343001e+02 1.737590713390000e+01 9.471360338760000e+01	 1.589923000000000e-04 -1.823999000000000e-04  0.000000000000000e+00	1.000000000000000e+00	7962	0	388
390	 1.312269500127000e+02 -4.687824029296000e+02  1.518683640526000e+02	-4.113000000000000e-07 -1.798000000000000e-07  0.000000000000000e+00	1.000000000000000e+00	2888	0	390
391	 4.948573269520000e+01 -2.812676766137000e+02  1.518683640526000e+02	-2.188000000000000e-07 -9.530000000000000e-08  0.000000000000000e+00	1.000000000000000e+00	2888	0	391
392	-2.772707410600000e+02  4.686528790711000e+02  1.518683640526000e+02	3.180000000000000e-08 1.560000000000000e-08 0.000000000000000e+00	1.000000000000000e+00	2888	0	392
393	-1.954125291743000e+02  2.812580916846000e+02  1.518683640526000e+02	1.080000000000000e-07 4.700000000000000e-08 0.000000000000000e+00	1.000000000000000e+00	2888	0	393
394	-5.642301977430001e+02  3.403479836873000e+02 -6.948416258439000e+02	-2.062000000000000e-07  0.000000000000000e+00 -2.953400000000000e-06	1.000000000000000e+00	7962	0	394
395	-4.270808286326000e+02  3.403479836873000e+02 -7.064707376369000e+02	-2.975000000000000e-07  0.000000000000000e+00 -2.988500000000000e-06	1.000000000000000e+00	7962	0	395
396	 2.034734457377000e+02  3.403479836873000e+02 -7.500000000000000e+02	-8.000000000000000e-10  0.000000000000000e+00 -2.207800000000000e-06	1.000000000000000e+00	1263	1	396
397	 4.086626058420000e+01  3.403479836873000e+02 -7.500000000000000e+02	 1.000000000000000e-10  0.000000000000000e+00 -1.987000000000000e-07	1.000000000000000e+00	1263	1	397
400	 5.083238138288000e+02 -6.829888801858000e+02 -4.824457314715000e+02	-5.474200000000000e-06  9.481600000000001e-06  9.471000000000000e-07	1.000000000000000e+00	7962	0	400
401	 4.337730951127000e+02 -5.538632476288000e+02 -2.639104050109000e+02	-3.324290625000000e-06  5.757834375000000e-06 -5.809187109375000e-06	3.164062500000000e-01	7962	0	401
402	-4.608358834833000e+02  6.513952808460000e+02 -6.793251553319001e+02	-1.375940000000000e-05 -3.027880000000000e-05  0.000000000000000e+00	1.000000000000000e+00	7962	0	402
403	-3.917260602000000e+02  6.188577137338000e+02 -6.793251553319001e+02	-1.718330000000000e-05 -3.541210000000000e-05  0.000000000000000e+00	1.000000000000000e+00	7962	0	403
406	 4.941843007534000e+02 -4.287178960655000e+02  1.469693845670000e+01	 3.949290000000000e-05 -2.897800000000000e-06  0.000000000000000e+00	1.000000000000000e+00	5009	0	406
407	 5.074324333285000e+02 -1.654161010449000e+02  1.469693845670000e+01	 1.195633000000000e-04 -4.083100000000000e-06  0.000000000000000e+00	1.000000000000000e+00	5009	0	407
408	5.230956920576000e+02 6.060826119469000e+02 1.469693845670000e+01	 2.801207000000000e-04 -5.016470000000000e-05  0.000000000000000e+00	1.000000000000000e+00	5009	0	408
409	5.049280154618000e+02 5.043949784159000e+02 1.469693845670000e+01	 2.787752000000000e-04 -3.214400000000000e-05  0.000000000000000e+00	1.000000000000000e+00	5009	0	409
412	 1.665721182292000e+02 -5.267684615933000e+02  9.471360338760000e+01	-6.704000000000001e-07  4.880000000000000e-07  0.000000000000000e+00	1.000000000000000e+00	7962	0	412
413	 2.471140109977000e+02 -3.771158684617000e+02  9.471360338760000e+01	 8.498000000000000e-07 -3.858000000000000e-07  0.000000000000000e+00	1.000000000000000e+00	7962	0	413
414	 3.414533190202000e+02 -4.057193469759000e+02  3.592584956082000e+02	 8.258410000000000e-05 -6.894000000000000e-07  0.000000000000000e+00	1.000000000000000e+00	2888	0	414
415	 3.395108072926000e+02 -1.415126822512000e+02  3.592584956082000e+02	1.546805000000000e-04 1.855300000000000e-06 0.000000000000000e+00	1.000000000000000e+00	2888	0	415
416	-8.132625707990000e+01  6.910882722200000e+02  3.592584956082000e+02	0.000000000000000e+00 0.000000000000000e+00 0.000000000000000e+00	1.000000000000000e+00	2888	0	416
417	4.381863685459000e+02 5.947976883793000e+02 3.592584956082000e+02	2.103180000000000e-05 5.610080000000000e-05 0.000000000000000e+00	1.000000000000000e+00	2888	0	417
418	-1.457380583525000e+02 -4.897166822999000e+02 -4.279052636647000e+02	 6.830000000000000e-08  1.182000000000000e-07 -3.874000000000000e-07	1.000000000000000e+00	2888	0	418
419	-1.977419762500000e+01 -2.715408756023000e+02 -3.216637022177000e+02	 9.585200000000001e-06  1.660200000000000e-05 -3.735860000000000e-05	1.000000000000000e+00	2888	0	419
420	3.618380693299000e+02 3.894309595552000e+02 4.712247033612000e+02	 6.113232000000001e-04  1.058842900000000e-03 -1.473651000000000e-03	1.000000000000000e+00	2888	0	420
421	3.199696733871000e+02 3.169127705507000e+02 1.780259079307000e+02	 1.128100000000000e-05  1.953930000000000e-05 -3.654330000000000e-05	1.000000000000000e+00	2888	0	421
424	4.135854073967000e+02 6.502121939347001e+02 3.804874067123000e+02	8.733070000000000e-05 2.349820000000000e-05 0.000000000000000e+00	1.000000000000000e+00	2905	0	424
426	-1.636337811632000e+02 -5.108964037406000e+02  5.829785587824000e+02	-2.504830000000000e-05  3.653220000000000e-05  0.000000000000000e+00	1.000000000000000e+00	105	0	426
427	-4.213854686100000e+00 -4.060344755962000e+02  5.829785587824000e+02	-3.055100000000000e-06  4.699800000000000e-06  0.000000000000000e+00	1.000000000000000e+00	105	0	427
428	 6.354038221944000e+02 -1.926844055340000e+01  5.829785587824000e+02	 3.598120000000000e-05 -6.193320000000001e-05  0.000000000000000e+00	1.000000000000000e+00	105	0	428
429	 4.836675228200000e+02 -1.137082151871000e+02  5.829785587824000e+02	 5.271460000000001e-05 -8.515170000000001e-05  0.000000000000000e+00	1.000000000000000e+00	105	0	429
430	-2.370552326321000e+02  5.494886537674000e+02 -4.164132562731000e+02	-2.058100000000000e-06  8.481000000000001e-07  0.000000000000000e+00	1.000000000000000e+00	2888	0	430
431	-3.047133692606000e+02  4.454220886200000e+02 -4.164132562731000e+02	 1.434937500000000e-07 -1.172812500000000e-07  0.000000000000000e+00	5.625000000000000e-01	2888	0	431
432	-2.954902497690000e+02  6.910882722200000e+02 -3.185053192824000e+02	 4.063671000000000e-04  0.000000000000000e+00 -6.892581000000000e-04	1.000000000000000e+00	2888	0	432
433	-4.335242196589000e+02  6.910882722200000e+02 -4.454220346320000e+01	-2.324790000000000e-05  0.000000000000000e+00  3.033376000000000e-04	1.000000000000000e+00	2888	0	433
434	6.668255820132000e+02 1.062380665713000e+02 9.471360338760000e+01	 3.308774000000000e-04 -3.439377000000000e-04  0.000000000000000e+00	1.000000000000000e+00	7962	0	434
436	 4.902258871736000e+02  4.516740127141000e+02 -6.467691077237000e+02	 1.803000000000000e-07 -3.123000000000000e-07 -1.564600000000000e-06	1.000000000000000e+00	0	0	436
438	5.079449658020000e+02 6.424955275810000e+02 6.089313144755000e+02	 4.418100000000000e-06  7.652400000000000e-06 -3.536180000000000e-05	1.000000000000000e+00	2888	0	438
439	 1.312198486379000e+02 -1.001151583460000e+01 -1.219535375310000e+02	 2.862570000000000e-05  4.958110000000000e-05 -6.982480000000000e-05	1.000000000000000e+00	2888	0	439
440	 1.846133063857000e+02  8.246866577630000e+01 -2.591039257080000e+01	 3.267300000000000e-05  5.659130000000000e-05 -7.162550000000000e-05	1.000000000000000e+00	2888	0	440
441	-1.142548998131000e+02 -4.351862521269000e+02 -4.052630894073000e+02	 4.716000000000000e-07  8.169000000000001e-07 -2.361800000000000e-06	1.000000000000000e+00	2888	0	441
442	-5.142922359480000e+01 -3.263689888970000e+02 -3.520273287134000e+02	 5.962100000000000e-06  1.032660000000000e-05 -2.571780000000000e-05	1.000000000000000e+00	2888	0	442
443	3.069650654323000e+02 2.943881288404000e+02 3.688488045890000e+02	-1.191604893750000e-03 -2.063920218750000e-03  4.755654000000000e-04	5.625000000000000e-01	2888	0	443
444	4.637256365335000e+02 5.659054026114001e+02 3.592584956082000e+02	2.046250000000000e-05 3.544210000000000e-05 0.000000000000000e+00	1.000000000000000e+00	2888	0	444
445	-2.391534224804000e+02 -6.515168391770001e+02 -4.732548157705000e+02	-2.480000000000000e-08 -4.300000000000000e-08  3.280000000000000e-07	1.000000000000000e+00	2888	0	445
446	-1.773153832044000e+02 -5.444102133105000e+02 -4.468674160549000e+02	-1.120000000000000e-08 -1.940000000000000e-08  8.520000000000001e-08	1.000000000000000e+00	2888	0	446
447	4.482722582713000e+02 5.391393663126000e+02 5.717288199989000e+02	 6.879300000000000e-05  1.191530000000000e-04 -3.736213000000000e-04	1.000000000000000e+00	2888	0	447
448	3.903196845076000e+02 4.387625641245000e+02 5.116347979743000e+02	 1.459171000000000e-04  2.527358000000000e-04 -5.044009000000000e-04	1.000000000000000e+00	2888	0	448
449	 7.409031800140001e+01 -1.089627655096000e+02 -2.117230166248000e+02	 2.414400000000000e-05  4.181860000000000e-05 -6.848700000000000e-05	1.000000000000000e+00	2888	0	449
450	 1.171374809690000e+01 -2.170021537860000e+02 -2.879058882264000e+02	 1.382350000000000e-05  2.394310000000000e-05 -4.932090000000000e-05	1.000000000000000e+00	2888	0	450
451	2.329821728466000e+02 1.662459999912000e+02 5.825774391550000e+01	 3.149350000000000e-05  5.454830000000000e-05 -7.574370000000000e-05	1.000000000000000e+00	2888	0	451
452	2.808268738442000e+02 2.491154529920000e+02 1.294436569322000e+02	 2.032120000000000e-05  3.519730000000000e-05 -6.437010000000000e-05	1.000000000000000e+00	2888	0	452
453	 3.287481921227000e+02 -7.021108821867000e+02  3.592584956082000e+02	 4.627400000000000e-06 -4.310000000000000e-07  0.000000000000000e+00	1.000000000000000e+00	2888	0	453
455	-3.772057098643000e+02 -3.727472235639000e+02  6.371859863200000e+02	 7.633800000000000e-06  1.322210000000000e-05 -2.706500000000000e-05	1.000000000000000e+00	491	0	455
459	 3.364176711418000e+02 -5.954713227376001e+02  3.592584956082000e+02	 3.309530000000000e-05 -1.526500000000000e-06  0.000000000000000e+00	1.000000000000000e+00	2888	0	459
460	3.359838385340000e+02 1.486178115066000e+02 3.592584956082000e+02	1.964730000000000e-04 5.906900000000000e-06 0.000000000000000e+00	1.000000000000000e+00	2888	0	460
463	4.130655304796000e+02 6.548576336560001e+02 3.592584956082000e+02	8.071507500000000e-05 2.349960000000000e-05 0.000000000000000e+00	7.500000000000000e-01	2888	0	463
465	 4.200025593910000e+01  6.394342471818001e+02 -1.159425144917000e+02	 8.809900000000000e-06 -1.410700000000000e-05  0.000000000000000e+00	1.000000000000000e+00	661	0	465
468	-6.343445736809000e+02  9.218757452150000e+01  6.580962442277000e+02	-9.781460000000000e-05 -3.005760000000000e-05  0.000000000000000e+00	1.000000000000000e+00	1105	0	468
471	 3.404560045386000e+02 -4.732977934441000e+02  3.592584956082000e+02	 6.490710000000000e-05 -1.298500000000000e-06  0.000000000000000e+00	1.000000000000000e+00	2888	0	471
479	7.496933701952000e+02 5.715767664980000e+01 6.580962442277000e+02	-8.701171875000000e-07  9.763664062500001e-07  0.000000000000000e+00	3.164062500000000e-01	1105	0	479
483	 4.985747671608000e+02 -3.688646225550000e+02  1.469693845670000e+01	 5.753470000000000e-05 -3.506900000000000e-06  0.000000000000000e+00	1.000000000000000e+00	5009	0	483
484	-5.577127821535000e+02  1.013427001880000e+02  6.580962442277000e+02	-5.214650000000000e-05 -2.477850000000000e-05  0.000000000000000e+00	1.000000000000000e+00	1105	0	484
486	-3.661637684720000e+02 -6.515490176643000e+02  5.829785587824000e+02	-4.410580000000000e-05  6.720240000000000e-05  0.000000000000000e+00	1.000000000000000e+00	105	0	486
487	4.800306482150000e+02 6.178926779938000e+02 2.286190426598000e+02	-7.858060000000000e-05  2.022584000000000e-04  0.000000000000000e+00	1.000000000000000e+00	7962	0	487
488	 4.621016278761000e+02  5.003866587426000e+02 -6.601598680059001e+02	 1.021000000000000e-07 -1.768000000000000e-07 -8.066000000000000e-07	1.000000000000000e+00	0	0	488
490	4.777413844639000e+02 5.180227118466000e+02 3.804874067123000e+02	5.343900000000000e-05 3.788480000000000e-05 0.000000000000000e+00	1.000000000000000e+00	2905	0	490
491	-5.212265746663001e+02 -6.221986787510000e+02  4.329659670425000e+02	 4.192600000000000e-06  7.261700000000000e-06 -2.016140000000000e-05	1.000000000000000e+00	491	0	491
494	 7.790042356500000e+00 -6.860505298644000e+02  9.471360338760000e+01	 1.911500000000000e-06 -2.074000000000000e-06  0.000000000000000e+00	1.000000000000000e+00	7962	0	494
495	 5.049675782519000e+02 -2.431177004394000e+02  1.469693845670000e+01	 1.015812000000000e-04 -3.818700000000000e-06  0.000000000000000e+00	1.000000000000000e+00	5009	0	495
496	 3.407677660565000e+02 -7.018828180547000e+02 -1.250328171570000e+01	-3.915000000000000e-08 -6.787500000000000e-08  1.851225000000000e-06	7.500000000000000e-01	7962	0	496
497	-4.732010588355000e+02 -5.390160452723001e+02  5.099623242246000e+02	 9.479500000000000e-06  1.641900000000000e-05 -2.560790000000000e-05	1.000000000000000e+00	491	0	497
499	 5.031824343873000e+02 -4.205723606114000e+02 -2.692516582577000e+02	1.390000000000000e-08 2.410000000000000e-08 5.374000000000000e-07	1.000000000000000e+00	7962	0	499
501	-4.899014073134000e+02  1.046676328833000e+02  6.580962442277000e+02	-9.408300000000001e-06 -2.668240000000000e-05  0.000000000000000e+00	1.000000000000000e+00	1105	0	501
503	-4.250872492246000e+02  1.047068384113000e+02  6.580962442277000e+02	 2.860000000000000e-06 -3.227810000000000e-05  0.000000000000000e+00	1.000000000000000e+00	1105	0	503
505	5.313149848948000e+02 1.199604429070000e+02 2.286190426598000e+02	 4.751000000000000e-07 -1.107000000000000e-07  0.000000000000000e+00	1.000000000000000e+00	7962	0	505
507	-5.686301176933000e+02 -7.043040237326001e+02  3.328640322706000e+02	-9.174500000000000e-06 -1.589080000000000e-05 -4.367820000000000e-05	1.000000000000000e+00	491	0	507
512	 9.133632286380001e+01  6.697092855140000e+02 -1.159425144917000e+02	 1.138180000000000e-05 -1.901690000000000e-05  0.000000000000000e+00	1.000000000000000e+00	661	0	512
519	-3.532655180805000e+02  1.016903796991000e+02  6.580962442277000e+02	-1.201660000000000e-05 -3.802370000000000e-05  0.000000000000000e+00	1.000000000000000e+00	1105	0	519
521	-5.943115170323000e+02 -7.487855121972000e+02  2.423482881152000e+02	 2.859187500000000e-07  4.952250000000000e-07 -3.828318750000000e-06	5.625000000000000e-01	491	0	521
523	 5.012911409120000e+01  6.910882722200000e+02 -6.300370117213000e+02	4.357000000000000e-07 0.000000000000000e+00 2.520000000000000e-07	1.000000000000000e+00	2888	0	523
527	4.999074347400000e+02 2.209103755381000e+02 1.469693845670000e+01	2.421126000000000e-04 1.171990000000000e-05 0.000000000000000e+00	1.000000000000000e+00	5009	0	527
529	-3.520167190683000e+02 -3.291186117139000e+02  6.631131426047000e+02	 5.824400000000001e-06  1.008820000000000e-05 -2.408760000000000e-05	1.000000000000000e+00	491	0	529
530	-5.339750124873000e+02  6.910882722200000e+02  5.177946720464000e+02	8.432240000000000e-05 0.000000000000000e+00 7.574020000000000e-05	1.000000000000000e+00	2888	0	530
531	5.340236508786001e+02 6.876651351282001e+02 6.191245721225000e+02	 7.192000000000000e-07  1.245700000000000e-06 -9.826900000000001e-06	1.000000000000000e+00	2888	0	531
535	 4.338670704452000e+02  5.492903467421000e+02 -6.755064612302000e+02	-3.320250000000000e-07  5.751000000000000e-07  2.216625000000000e-06	7.500000000000000e-01	0	0	535
537	-2.885634755630000e+02  9.650028515960000e+01  6.580962442277000e+02	-8.305800000000001e-06 -4.457820000000000e-05  0.000000000000000e+00	1.000000000000000e+00	1105	0	537
538	-6.265884399770000e+02  1.518064797645000e+02  1.077775486825000e+02	-1.274167000000000e-04 -2.368100000000000e-06  0.000000000000000e+00	1.000000000000000e+00	23	0	538
540	-7.110704505244000e+02 -6.592970548450000e+02 -1.159425144917000e+02	 1.671270000000000e-05 -1.006710000000000e-05  0.000000000000000e+00	1.000000000000000e+00	661	0	540
545	-2.248900905796000e+02  8.938171440700000e+01  6.580962442277000e+02	-1.172520000000000e-05 -5.125500000000000e-05  0.000000000000000e+00	1.000000000000000e+00	1105	0	545
547	-6.120479854401000e+02 -2.256097384376000e+02  1.077775486825000e+02	-2.150299000000000e-04 -1.106420000000000e-05  0.000000000000000e+00	1.000000000000000e+00	23	0	547
553	5.052176575446000e+02 8.695707011200000e+01 1.469693845670000e+01	2.019384000000000e-04 1.133620000000000e-05 0.000000000000000e+00	1.000000000000000e+00	5009	0	553
560	-7.324247712263000e+02 -6.169195518980000e+02 -1.159425144917000e+02	 1.062300000000000e-05 -1.075430000000000e-05  0.000000000000000e+00	1.000000000000000e+00	661	0	560
566	-6.185730435113001e+02 -9.438552668230000e+01  1.077775486825000e+02	-1.864596000000000e-04 -8.402300000000001e-06  0.000000000000000e+00	1.000000000000000e+00	23	0	566
567	-6.233938343799000e+02  2.840387519040000e+01  1.077775486825000e+02	-1.579320000000000e-04 -5.213500000000000e-06  0.000000000000000e+00	1.000000000000000e+00	23	0	567
568	-1.615228470345000e+02  8.075124346340000e+01  6.580962442277000e+02	-1.110400000000000e-05 -5.846630000000000e-05  0.000000000000000e+00	1.000000000000000e+00	1105	0	568
571	-5.347097261477001e+02  1.917983477565000e+02 -1.159425144917000e+02	-9.204000000000000e-06  1.541050000000000e-05  0.000000000000000e+00	1.000000000000000e+00	661	0	571
572	-3.675754377232000e+02  6.910882722200000e+02  1.518683640526000e+02	 1.066170000000000e-05 -9.977000000000000e-07 -9.823900000000001e-06	1.000000000000000e+00	2888	0	572
577	5.323360369343001e+02 4.812202229255000e+02 2.286190426598000e+02	 3.828489000000000e-04 -1.627603000000000e-04  0.000000000000000e+00	1.000000000000000e+00	7962	0	577
582	-4.125794789026000e+02 -6.809038322679000e+02  5.829785587824000e+02	-4.567000000000000e-05  7.496720000000000e-05  0.000000000000000e+00	1.000000000000000e+00	105	0	582
583	-9.904055858080001e+01  7.120267459560000e+01  6.580962442277000e+02	-1.003590000000000e-05 -6.444880000000001e-05  0.000000000000000e+00	1.000000000000000e+00	1105	0	583
585	 4.052718478715000e+02  5.988187250935000e+02 -6.925263369267000e+02	-1.060500000000000e-06  1.836900000000000e-06  8.643000000000000e-07	1.000000000000000e+00	0	0	585
589	 1.417845105117000e+02  6.991070433326000e+02 -1.159425144917000e+02	 1.326300000000000e-05 -2.367420000000000e-05  0.000000000000000e+00	1.000000000000000e+00	661	0	589
595	5.160556621476001e+02 4.770463190507000e+02 3.804874067123000e+02	3.230660000000000e-05 3.192680000000000e-05 0.000000000000000e+00	1.000000000000000e+00	2905	0	595
598	 9.643792015840000e+01  6.910882722200000e+02 -6.581750171914000e+02	-9.444000000000000e-07  0.000000000000000e+00 -1.584700000000000e-06	1.000000000000000e+00	2888	0	598
600	-3.758039255160000e+01  6.094368788710000e+01  6.580962442277000e+02	-9.978900000000000e-06 -6.734290000000000e-05  0.000000000000000e+00	1.000000000000000e+00	1105	0	600
602	-4.361209017602000e+02  6.910882722200000e+02  2.490066299190000e+01	6.713690000000000e-05 0.000000000000000e+00 2.305923000000000e-04	1.000000000000000e+00	2888	0	602
610	-5.673465104463000e+02  6.910882722200000e+02  5.543074915956000e+02	1.328770000000000e-04 0.000000000000000e+00 1.226466000000000e-04	1.000000000000000e+00	2888	0	610
611	-6.050358332963000e+02 -3.589486284480000e+02  1.077775486825000e+02	-2.465541000000000e-04 -1.219290000000000e-05  0.000000000000000e+00	1.000000000000000e+00	23	0	611
615	 4.300000000000000e+02 -5.473280551918000e+02 -2.606506917860000e+02	0.000000000000000e+00 0.000000000000000e+00 0.000000000000000e+00	1.000000000000000e+00	7962	0	615
616	-3.257428457390000e+02 -2.836109281959000e+02  6.863766254358001e+02	 4.111200000000001e-06  7.120800000000001e-06 -1.989300000000000e-05	1.000000000000000e+00	491	0	616
618	2.227293919420000e+01 4.992404630170000e+01 6.580962442277000e+02	-1.033160000000000e-05 -6.573930000000000e-05  0.000000000000000e+00	1.000000000000000e+00	1105	0	618
620	 3.762071194298000e+02  6.491603114628000e+02 -7.067497317456000e+02	-1.625988915252685e-06  2.816291429901123e-06  8.073931400299072e-07	7.508468627929688e-02	0	0	620
625	-6.148144692293000e+02  8.793222509400000e+01 -1.159425144917000e+02	-2.897150000000000e-05  1.391840000000000e-05  0.000000000000000e+00	1.000000000000000e+00	661	0	625
627	 5.233611483908001e+02 -6.922071987939000e+02  2.286190426598000e+02	-3.471500000000000e-06  6.577100000000000e-06  0.000000000000000e+00	1.000000000000000e+00	7962	0	627
630	-3.328278698666000e+02  6.910882722200000e+02  1.800880222577000e+02	-5.827800000000000e-06  0.000000000000000e+00 -6.236900000000000e-06	1.000000000000000e+00	2888	0	630
631	8.052696955440000e+01 3.789340490950000e+01 6.580962442277000e+02	-9.935100000000001e-06 -5.874400000000001e-05  0.000000000000000e+00	1.000000000000000e+00	1105	0	631
639	 1.466070201224000e+02  6.910882722200000e+02 -6.845761609723000e+02	-2.554000000000000e-07  0.000000000000000e+00 -5.067000000000001e-07	1.000000000000000e+00	2888	0	639
646	 3.416434823695000e+02 -3.412229281157000e+02  3.592584956082000e+02	9.990970000000000e-05 2.466000000000000e-07 0.000000000000000e+00	1.000000000000000e+00	2888	0	646
647	 3.404596462828000e+02 -2.120127716305000e+02  3.592584956082000e+02	1.345259000000000e-04 1.679800000000000e-06 0.000000000000000e+00	1.000000000000000e+00	2888	0	647
655	 1.944582274348000e+02  7.265134144526000e+02 -1.159425144917000e+02	 8.021800000000000e-06 -1.625390000000000e-05  0.000000000000000e+00	1.000000000000000e+00	661	0	655
660	-4.602817960972000e+02 -7.087324114239000e+02  5.829785587824000e+02	-3.745440000000000e-05  6.655790000000000e-05  0.000000000000000e+00	1.000000000000000e+00	105	0	660
664	1.386958119875000e+02 2.427238206480000e+01 6.580962442277000e+02	-9.910800000000000e-06 -4.530330000000000e-05  0.000000000000000e+00	1.000000000000000e+00	1105	0	664
675	3.977801676126000e+02 7.309803265416000e+02 3.592584956082000e+02	9.109010000000000e-05 1.351890000000000e-05 0.000000000000000e+00	1.000000000000000e+00	2888	0	675
681	 3.362091094962000e+02  7.184388968693000e+02 -7.312594874646001e+02	-2.894982058238983e-06  5.014256714057923e-06 -1.361660785675049e-06	5.631351470947266e-02	0	0	681
683	-7.334249743022000e+02 -1.443917065666000e+02 -1.159425144917000e+02	-1.499550000000000e-05 -1.178870000000000e-05  0.000000000000000e+00	1.000000000000000e+00	661	0	683
688	-6.033479872454001e+02  6.910882722200000e+02  5.925689751703001e+02	1.923569000000000e-04 0.000000000000000e+00 1.813642000000000e-04	1.000000000000000e+00	2888	0	688
689	1.975763136792000e+02 8.640404674600001e+00 6.580962442277000e+02	-8.967300000000000e-06 -2.582770000000000e-05  0.000000000000000e+00	1.000000000000000e+00	1105	0	689
696	 4.690681984386000e+02 -4.796599505360000e+02 -2.660683605617000e+02	5.872500000000000e-08 1.017246093750000e-07 2.066449218750000e-06	3.164062500000000e-01	7962	0	696
703	 2.563254766813000e+02 -8.716347698500000e+00  6.580962442277000e+02	-1.810100000000000e-06 -3.737100000000000e-06  0.000000000000000e+00	1.000000000000000e+00	1105	0	703
707	 3.388471104996000e+02 -7.787360472500001e+01  3.592584956082000e+02	1.668597000000000e-04 1.565300000000000e-06 0.000000000000000e+00	1.000000000000000e+00	2888	0	707
708	 4.240269167279000e+02 -5.473280551918000e+02 -2.581208545767000e+02	 3.768398437500000e-08  0.000000000000000e+00 -6.257724609375000e-08	2.373046875000000e-01	7962	0	708
710	 3.191502436167000e+02 -2.866644798440000e+01  6.580962442277000e+02	1.326620000000000e-05 2.316300000000000e-05 0.000000000000000e+00	1.000000000000000e+00	1105	0	710
712	-3.334900211785000e+02  6.910882722200000e+02  2.157060809235000e+02	-5.773300000000000e-06  0.000000000000000e+00 -1.664060000000000e-05	1.000000000000000e+00	2888	0	712
714	 4.229426879279000e+02 -5.992827377710000e+01  6.580962442277000e+02	1.348417000000000e-04 4.557210000000000e-05 0.000000000000000e+00	1.000000000000000e+00	1105	0	714
715	 4.846940257950000e+02 -7.048758747280000e+01  6.580962442277000e+02	2.208820000000000e-04 5.167270000000000e-05 0.000000000000000e+00	1.000000000000000e+00	1105	0	715
717	 5.392336294837000e+02 -6.716692773300001e+01  6.580962442277000e+02	2.638468000000000e-04 9.015940000000000e-05 0.000000000000000e+00	1.000000000000000e+00	1105	0	717
718	-5.431890858317000e+02  6.871765231569000e+02 -6.793251553319001e+02	-9.573700000000001e-06 -2.222640000000000e-05  0.000000000000000e+00	1.000000000000000e+00	7962	0	718
720	 6.156618095074000e+02 -4.068058929030000e+01  6.580962442277000e+02	-1.704417000000000e-04 -7.425800000000001e-05  0.000000000000000e+00	1.000000000000000e+00	1105	0	720
722	 1.998302029930000e+02  6.910882722200000e+02 -7.086985921079000e+02	6.670000000000001e-08 0.000000000000000e+00 1.239000000000000e-07	1.000000000000000e+00	2888	0	722
724	-6.192408335320000e+02  7.170673292192000e+02 -6.793251553319001e+02	-2.364990000000000e-05 -9.012100000000000e-06  0.000000000000000e+00	1.000000000000000e+00	7962	0	724
728	 4.906425840183000e+02 -6.523640918137000e+02 -4.167676222454000e+02	-3.722670000000000e-05  6.447860000000000e-05  1.075115000000000e-04	1.000000000000000e+00	7962	0	728
729	6.886648640413000e+02 2.769614438000000e+00 6.580962442277000e+02	-3.267090000000000e-05 -3.316390000000000e-05  0.000000000000000e+00	1.000000000000000e+00	1105	0	729
733	5.813651788163000e+02 4.289753415684000e+02 3.804874067123000e+02	5.808500000000000e-06 8.704600000000000e-06 0.000000000000000e+00	1.000000000000000e+00	2905	0	733
737	-6.423188244022000e+02  6.910882722200000e+02  6.331657970570001e+02	2.393703000000000e-04 0.000000000000000e+00 2.351795000000000e-04	1.000000000000000e+00	2888	0	737
740	-2.984548928890000e+02 -2.363468074252000e+02  7.067530108071001e+02	 2.535300000000000e-06  4.391300000000000e-06 -1.457640000000000e-05	1.000000000000000e+00	491	0	740
745	-7.335880462710001e+02  7.495523836135001e+02 -6.793251553319001e+02	-6.051000000000000e-06 -1.744800000000000e-06  0.000000000000000e+00	1.000000000000000e+00	7962	0	745
746	-9.078028510920001e+01  6.910882722200000e+02 -5.131036935094000e+02	-1.586180000000000e-05  0.000000000000000e+00 -4.747110000000000e-05	1.000000000000000e+00	2888	0	746
747	6.153098070822000e+02 4.074881375648000e+02 3.804874067123000e+02	-3.241200000000000e-06 -5.206000000000000e-06  0.000000000000000e+00	1.000000000000000e+00	2905	0	747
753	5.812558353763001e+02 4.233303439404000e+02 2.286190426598000e+02	6.334969000000000e-04 4.843521000000000e-04 0.000000000000000e+00	1.000000000000000e+00	7962	0	753
755	-2.756508943430000e+02  5.594646630484000e+02 -6.793251553319001e+02	 1.882600000000000e-06 -3.846920000000000e-05  0.000000000000000e+00	1.000000000000000e+00	7962	0	755
756	-7.019004058093001e+02  6.910882722200000e+02  6.940662554350000e+02	-8.649820000000000e-05  0.000000000000000e+00  4.595330000000000e-04	1.000000000000000e+00	2888	0	756
771	6.582550254942000e+02 3.806420339462000e+02 3.804874067123000e+02	-1.423040000000000e-05 -2.157350000000000e-05  0.000000000000000e+00	1.000000000000000e+00	2905	0	771
776	 2.561157629067000e+02  6.910882722200000e+02 -7.296050633640000e+02	-5.219000000000000e-07  0.000000000000000e+00 -1.425600000000000e-06	1.000000000000000e+00	2888	0	776
805	-1.152517487707000e+02  3.970756765948000e+02 -7.262291792922000e+02	 7.037001562500000e-06 -1.218843281250000e-05 -1.708353703125000e-04	4.218750000000000e-01	7962	0	805
828	-1.444240905930000e+02  3.403479836873000e+02 -7.445667997249001e+02	5.024428417968750e-06 0.000000000000000e+00 4.669515527343751e-06	2.373046875000000e-01	7962	0	828
864	-2.701412981325000e+02 -1.873062227620000e+02  7.239691077806000e+02	 1.153800000000000e-06  1.998400000000000e-06 -8.025600000000000e-06	1.000000000000000e+00	491	0	864
865	 4.026665017516000e+02 -5.473280551918000e+02 -2.225081224005000e+02	 7.041853125000000e-06  0.000000000000000e+00 -1.921303125000000e-06	4.218750000000000e-01	7962	0	865
909	-1.272672889664000e+02  6.910882722200000e+02  3.592584956082000e+02	0.000000000000000e+00 0.000000000000000e+00 0.000000000000000e+00	4.218750000000000e-01	2888	0	909
1000	-3.534944067894000e+02  6.910882722200000e+02  2.705787857903000e+02	-3.186000000000000e-07  0.000000000000000e+00 -2.881740000000000e-05	1.000000000000000e+00	2888	0	1000
1002	7.057679917367000e+02 3.453048641520000e+02 3.804874067123000e+02	-1.323190000000000e-05 -1.587350000000000e-05  0.000000000000000e+00	1.000000000000000e+00	2905	0	1002
1003	-4.352141027011000e+02  6.910882722200000e+02  3.991707529860000e+02	-7.835200000000001e-06  0.000000000000000e+00  1.620350000000000e-05	1.000000000000000e+00	2888	0	1003
1011	6.929342152508000e+02 2.772420717390000e+02 1.537912793986000e+02	 7.643255625000000e-05 -1.323850500000000e-04  2.838920625000000e-04	5.625000000000000e-01	7962	0	1011
1012	 3.894803027068000e+02 -5.473280551918000e+02 -1.677519085614000e+02	 1.446463125000000e-05  0.000000000000000e+00 -2.153250000000000e-05	5.625000000000000e-01	7962	0	1012
1014	-3.321822690533000e+02  6.208723995134001e+02  1.518683640526000e+02	-1.148400000000000e-06 -4.297000000000000e-07  0.000000000000000e+00	1.000000000000000e+00	2888	0	1014
1015	-3.576355994098000e+02  6.863006445612000e+02  1.518683640526000e+02	-5.832000000000000e-07  1.523600000000000e-06  0.000000000000000e+00	1.000000000000000e+00	2888	0	1015
1020	-3.617892891084000e+02  6.863790270190000e+02  1.518683640526000e+02	-4.462500000000000e-06  6.699300000000000e-06  0.000000000000000e+00	1.000000000000000e+00	2888	0	1020
1045	7.191993094544000e+02 1.569428547726000e+02 9.471360338760000e+01	 3.124650977050781e-04 -1.999803977050781e-05  0.000000000000000e+00	1.779785156250000e-01	7962	0	1045
1081	-5.145302025793001e+02 -7.321152105335000e+02  5.829785587824000e+02	-5.512300000000001e-06  1.435150000000000e-05  0.000000000000000e+00	1.000000000000000e+00	105	0	1081
1292	6.329539545181000e+02 3.811309307793000e+02 2.286190426598000e+02	-4.527779300000001e-03  7.842343800000000e-03  0.000000000000000e+00	1.000000000000000e+00	7962	0	1292
1396	-4.005530633156000e+02  6.910882722200000e+02 -1.353150198515000e+02	-2.072014000000000e-04  0.000000000000000e+00  4.706849000000000e-04	1.000000000000000e+00	2888	0	1396
1432	 4.300000000000000e+02 -5.473280551918000e+02 -9.671830626900000e+00	0.000000000000000e+00 0.000000000000000e+00 0.000000000000000e+00	1.000000000000000e+00	7962	0	1432
1615	3.489671808634000e+02 3.671379267925000e+02 2.097429943858000e+02	 2.763800000000000e-06  4.787000000000000e-06 -1.087390000000000e-05	1.000000000000000e+00	2888	0	1615
1675	3.815312817080000e+02 4.235406039582000e+02 2.405999035050000e+02	 8.400431250000001e-06  1.454996250000000e-05 -3.796481250000000e-05	5.625000000000000e-01	2888	0	1675
1705	 3.931991302158000e+02 -5.473280551918000e+02 -1.131728879760000e+02	 1.941980000000000e-05  0.000000000000000e+00 -7.351500000000001e-06	1.000000000000000e+00	7962	0	1705
1759	4.574706268865000e+02 5.550714081009000e+02 3.302627826732000e+02	9.316724999999999e-05 1.613703750000000e-04 2.058622500000000e-05	7.500000000000000e-01	2888	0	1759
1801	-2.409278100050000e+02 -1.367069770588000e+02  7.374275509212000e+02	-1.600000000000000e-08 -2.770000000000000e-08  1.469000000000000e-07	1.000000000000000e+00	491	0	1801
1886	3.286928128172000e+02 3.320216912452000e+02 4.163860474856000e+02	 7.925400000000000e-06  1.372730000000000e-05 -1.298003900000000e-03	1.000000000000000e+00	2888	0	1886
2050	4.424356660418000e+02 5.290300920280000e+02 2.994043350934000e+02	6.089746706542968e-05 1.054775256591797e-04 5.135730249023438e-06	1.779785156250000e-01	2888	0	2050
2264	6.323370520090000e+02 3.821994372683000e+02 2.234850398185000e+02	-9.664804293750001e-03  1.673993205000000e-02 -1.202404601250000e-02	5.625000000000000e-01	7962	0	2264
2425	 4.118250183323000e+02 -5.788080468669000e+02 -4.786978771300000e+00	 1.789104600000000e-03  3.098820100000000e-03 -1.527822000000000e-04	1.000000000000000e+00	7962	0	2425
2711	 5.420385638708000e+02 -7.413845402230000e+02 -6.396827240561000e+02	 5.590830000000000e-05 -9.683600000000001e-05 -3.574196000000000e-04	1.000000000000000e+00	7962	0	2711
2820	-7.105755858359000e+02  7.423071904320000e+01  6.580962442277000e+02	-1.401967000000000e-04 -5.515470000000000e-05  0.000000000000000e+00	1.000000000000000e+00	1105	0	2820
2827	6.603684499104000e+02 3.336476318959000e+02 1.879241717435000e+02	-3.012373546875000e-04  5.217583675781250e-04 -6.818685679687500e-04	3.164062500000000e-01	7962	0	2827
2939	6.069165267696001e+02 3.253959258120000e+02 2.286190426598000e+02	 3.079000000000000e-07 -1.367000000000000e-07  0.000000000000000e+00	1.000000000000000e+00	7962	0	2939
3478	5.101249269438000e+02 5.231234112567000e+02 2.286190426598000e+02	 1.576844000000000e-04 -3.920662000000000e-04  0.000000000000000e+00	1.000000000000000e+00	7962	0	3478
4123	-2.149074469434000e+02  5.104386742215000e+02 -6.793251553319001e+02	-1.653460149421692e-05 -1.558210494541168e-04  0.000000000000000e+00	7.508468627929688e-02	7962	0	4123
4128	-6.721248603200000e+02 -7.054198023648000e+02 -1.159425144917000e+02	 6.453470000000000e-05 -6.257660000000001e-05  0.000000000000000e+00	1.000000000000000e+00	661	0	4128
4207	7.301247540693000e+02 2.128261689445000e+02 1.117780968628000e+02	 4.130201250000000e-04 -7.153718625000000e-04  3.603353625000001e-04	5.625000000000000e-01	7962	0	4207
4209	4.203062615559000e+02 4.907008391172000e+02 2.730580689585000e+02	8.463996123046876e-05 1.466007075439453e-04 6.666007324218750e-07	1.779785156250000e-01	2888	0	4209
4210	 4.402707181972000e+02 -5.651174609395000e+02  8.513563997290001e+01	-8.734700000000000e-06  1.512890000000000e-05 -1.265488000000000e-04	1.000000000000000e+00	7962	0	4210
4211	-1.491001520278000e+02  6.910882722200000e+02 -4.541744409566000e+02	-6.687129814453126e-05  0.000000000000000e+00  3.086919887695312e-04	2.373046875000000e-01	2888	0	4211
4212	 3.707807057573000e+02 -6.498988816085000e+02 -9.963297077400000e+00	 3.994198297119141e-06  6.918162835693360e-06 -1.257689185180664e-04	1.334838867187500e-01	7962	0	4212
4213	-3.276658215717000e+02  6.910882722200000e+02 -2.652347716640000e+02	-1.258810000000000e-05  0.000000000000000e+00 -1.179600000000000e-06	1.000000000000000e+00	2888	0	4213
4214	4.491321939273000e+02 6.837092980236000e+02 2.286190426598000e+02	-9.338940000000000e-05  1.836222000000000e-04  0.000000000000000e+00	1.000000000000000e+00	7962	0	4214
0	 5.000000000000000e-01 -8.660254037844386e-01  0.000000000000000e+00	8.660254037844385e-01 5.000000000000000e-01 0.000000000000000e+00	5.632499999999998e+02 3.251925391210567e+02 0.000000000000000e+00	1	0	0.000000000000000e+00	0.000000000000000e+00	0.000000000000000e+00	9.373310098773528e+04
1	5.000000000000000e-01 8.660254037844386e-01 0.000000000000000e+00	0.000000000000000e+00 0.000000000000000e+00 1.000000000000000e+00	0.000000000000000e+00 0.000000000000000e+00 2.286190426597633e+02	1	0	0.000000000000000e+00	0.000000000000000e+00	0.000000000000000e+00	3.434204973072967e+05
3	-5.000000000000000e-01 -8.660254037844386e-01  0.000000000000000e+00	0.000000000000000e+00 0.000000000000000e+00 1.000000000000000e+00	0.000000000000000e+00 0.000000000000000e+00 6.580962442277471e+02	1	0	0.000000000000000e+00	0.000000000000000e+00	0.000000000000000e+00	1.210736514974700e+06
4	-1.000000000000000e+00  0.000000000000000e+00  0.000000000000000e+00	0.000000000000000e+00 0.000000000000000e+00 1.000000000000000e+00	-0.000000000000000e+00 -0.000000000000000e+00 -1.159425144917371e+02	1	0	0.000000000000000e+00	0.000000000000000e+00	0.000000000000000e+00	1.890428802435551e+06
7	-5.000000000000000e-01 -8.660254037844386e-01  0.000000000000000e+00	0.000000000000000e+00 0.000000000000000e+00 1.000000000000000e+00	-0.000000000000000e+00 -0.000000000000000e+00 -1.894272067752324e+02	1	0	0.000000000000000e+00	0.000000000000000e+00	0.000000000000000e+00	1.360732718706561e+06
9	-5.000000000000000e-01 -8.660254037844386e-01  0.000000000000000e+00	 8.660254037844385e-01 -5.000000000000000e-01  0.000000000000000e+00	-1.215000000000000e+02  7.014805770653952e+01 -0.000000000000000e+00	1	0	0.000000000000000e+00	0.000000000000000e+00	0.000000000000000e+00	2.463825841388524e+06
10	-5.000000000000000e-01  8.660254037844386e-01  0.000000000000000e+00	8.660254037844385e-01 5.000000000000000e-01 0.000000000000000e+00	-1.409999999999999e+02 -8.140638795573722e+01 -0.000000000000000e+00	1	0	0.000000000000000e+00	0.000000000000000e+00	0.000000000000000e+00	2.369406045081720e+03
12	1.000000000000000e+00 0.000000000000000e+00 0.000000000000000e+00	 0.000000000000000e+00 -1.000000000000000e+00  0.000000000000000e+00	0.000000000000000e+00 2.381569860407206e+02 0.000000000000000e+00	1	0	0.000000000000000e+00	0.000000000000000e+00	0.000000000000000e+00	2.250000000000000e+06
13	 5.000000000000000e-01 -8.660254037844386e-01  0.000000000000000e+00	0.000000000000000e+00 0.000000000000000e+00 1.000000000000000e+00	0.000000000000000e+00 0.000000000000000e+00 1.518683640525570e+02	1	0	0.000000000000000e+00	0.000000000000000e+00	0.000000000000000e+00	1.230623246978936e+06
15	5.000000000000000e-01 8.660254037844386e-01 0.000000000000000e+00	 8.660254037844385e-01 -5.000000000000000e-01  0.000000000000000e+00	 5.594999999999998e+02 -3.230274756115955e+02  0.000000000000000e+00	1	0	0.000000000000000e+00	0.000000000000000e+00	0.000000000000000e+00	4.758131795560115e+05
18	-5.000000000000000e-01 -8.660254037844386e-01  0.000000000000000e+00	0.000000000000000e+00 0.000000000000000e+00 1.000000000000000e+00	0.000000000000000e+00 0.000000000000000e+00 1.469693845669907e+01	1	0	0.000000000000000e+00	0.000000000000000e+00	0.000000000000000e+00	3.717447820374059e+05
21	-5.000000000000000e-01 -8.660254037844386e-01  0.000000000000000e+00	0.000000000000000e+00 0.000000000000000e+00 1.000000000000000e+00	0.000000000000000e+00 0.000000000000000e+00 3.592584956081994e+02	1	0	0.000000000000000e+00	0.000000000000000e+00	0.000000000000000e+00	9.163410698033085e+02
22	-5.000000000000000e-01 -8.660254037844386e-01  0.000000000000000e+00	 8.660254037844385e-01 -5.000000000000000e-01  0.000000000000000e+00	 1.027500000000000e+02 -5.932274015923404e+01  0.000000000000000e+00	1	0	0.000000000000000e+00	0.000000000000000e+00	0.000000000000000e+00	1.254374166386884e+06
24	5.000000000000000e-01 8.660254037844386e-01 0.000000000000000e+00	 8.660254037844385e-01 -5.000000000000000e-01  0.000000000000000e+00	 7.694999999999998e+02 -4.442710321414170e+02  0.000000000000000e+00	1	0	0.000000000000000e+00	0.000000000000000e+00	0.000000000000000e+00	2.361771485719158e+05
25	-5.000000000000000e-01  8.660254037844386e-01  0.000000000000000e+00	8.660254037844385e-01 5.000000000000000e-01 0.000000000000000e+00	-8.017499999999998e+02 -4.628905783227824e+02 -0.000000000000000e+00	1	0	0.000000000000000e+00	0.000000000000000e+00	0.000000000000000e+00	1.974568915210525e+05
26	1.000000000000000e+00 0.000000000000000e+00 0.000000000000000e+00	0.000000000000000e+00 0.000000000000000e+00 1.000000000000000e+00	0.000000000000000e+00 0.000000000000000e+00 5.829785587823964e+02	1	0	0.000000000000000e+00	0.000000000000000e+00	0.000000000000000e+00	5.210414776425450e+05
27	 5.000000000000000e-01 -8.660254037844386e-01  0.000000000000000e+00	 0.000000000000000e+00  0.000000000000000e+00 -1.000000000000000e+00	0.000000000000000e+00 0.000000000000000e+00 6.580962442277471e+02	1	0	0.000000000000000e+00	0.000000000000000e+00	0.000000000000000e+00	3.023896203204268e+04
28	1.000000000000000e+00 0.000000000000000e+00 0.000000000000000e+00	0.000000000000000e+00 0.000000000000000e+00 1.000000000000000e+00	0.000000000000000e+00 0.000000000000000e+00 2.286190426597633e+02	1	0	0.000000000000000e+00	0.000000000000000e+00	0.000000000000000e+00	8.202582809554406e+03
29	1.000000000000000e+00 0.000000000000000e+00 0.000000000000000e+00	 0.000000000000000e+00 -1.000000000000000e+00  0.000000000000000e+00	0.000000000000000e+00 5.715767664977295e+01 0.000000000000000e+00	1	0	0.000000000000000e+00	0.000000000000000e+00	0.000000000000000e+00	2.112144366341550e+06
43	5.000000000000000e-01 8.660254037844386e-01 0.000000000000000e+00	 0.000000000000000e+00  0.000000000000000e+00 -1.000000000000000e+00	-0.000000000000000e+00 -0.000000000000000e+00 -1.159425144917371e+02	1	0	0.000000000000000e+00	0.000000000000000e+00	0.000000000000000e+00	2.523351622758966e+03
55	-1.000000000000000e+00  0.000000000000000e+00  0.000000000000000e+00	0.000000000000000e+00 0.000000000000000e+00 1.000000000000000e+00	-0.000000000000000e+00 -0.000000000000000e+00 -4.262112152442729e+02	1	0	0.000000000000000e+00	0.000000000000000e+00	0.000000000000000e+00	5.563718643596880e+04
66	-5.000000000000000e-01 -8.660254037844386e-01  0.000000000000000e+00	0.000000000000000e+00 0.000000000000000e+00 1.000000000000000e+00	0.000000000000000e+00 0.000000000000000e+00 1.077775486824598e+02	1	0	0.000000000000000e+00	0.000000000000000e+00	0.000000000000000e+00	2.049183810947583e+06
76	-1.000000000000000e+00  0.000000000000000e+00  0.000000000000000e+00	0.000000000000000e+00 0.000000000000000e+00 1.000000000000000e+00	0.000000000000000e+00 0.000000000000000e+00 2.286190426597633e+02	1	0	0.000000000000000e+00	0.000000000000000e+00	0.000000000000000e+00	6.745008791956479e+02
106	-1.000000000000000e+00  0.000000000000000e+00  0.000000000000000e+00	 0.000000000000000e+00 -1.000000000000000e+00  0.000000000000000e+00	-0.000000000000000e+00 -5.473280551917652e+02 -0.000000000000000e+00	1	0	0.000000000000000e+00	0.000000000000000e+00	0.000000000000000e+00	6.472821568337958e+03
107	 5.000000000000000e-01 -8.660254037844386e-01  0.000000000000000e+00	0.000000000000000e+00 0.000000000000000e+00 1.000000000000000e+00	0.000000000000000e+00 0.000000000000000e+00 3.804874067123203e+02	1	0	0.000000000000000e+00	0.000000000000000e+00	0.000000000000000e+00	2.144654540231468e+06
108	5.000000000000000e-01 8.660254037844386e-01 0.000000000000000e+00	0.000000000000000e+00 0.000000000000000e+00 1.000000000000000e+00	-0.000000000000000e+00 -0.000000000000000e+00 -4.164132562731402e+02	1	0	0.000000000000000e+00	0.000000000000000e+00	0.000000000000000e+00	1.972127825915924e+06
113	 5.000000000000000e-01 -8.660254037844386e-01  0.000000000000000e+00	0.000000000000000e+00 0.000000000000000e+00 1.000000000000000e+00	-0.000000000000000e+00 -0.000000000000000e+00 -6.793251553318680e+02	1	0	0.000000000000000e+00	0.000000000000000e+00	0.000000000000000e+00	1.252099463992374e+06
160	1.000000000000000e+00 0.000000000000000e+00 0.000000000000000e+00	 0.000000000000000e+00 -1.000000000000000e+00  0.000000000000000e+00	0.000000000000000e+00 3.403479836872843e+02 0.000000000000000e+00	1	0	0.000000000000000e+00	0.000000000000000e+00	0.000000000000000e+00	2.280802446529155e+00
208	1.000000000000000e+00 0.000000000000000e+00 0.000000000000000e+00	 0.000000000000000e+00 -1.000000000000000e+00  0.000000000000000e+00	0.000000000000000e+00 3.403479836872843e+02 0.000000000000000e+00	1	0	0.000000000000000e+00	0.000000000000000e+00	0.000000000000000e+00	2.555464125099685e+04
243	 5.000000000000000e-01 -8.660254037844386e-01  0.000000000000000e+00	0.000000000000000e+00 0.000000000000000e+00 1.000000000000000e+00	0.000000000000000e+00 0.000000000000000e+00 3.592584956081994e+02	1	0	0.000000000000000e+00	0.000000000000000e+00	0.000000000000000e+00	0.000000000000000e+00
246	1.000000000000000e+00 0.000000000000000e+00 0.000000000000000e+00	0.000000000000000e+00 0.000000000000000e+00 1.000000000000000e+00	0.000000000000000e+00 0.000000000000000e+00 3.592584956081994e+02	1	0	0.000000000000000e+00	0.000000000000000e+00	0.000000000000000e+00	0.000000000000000e+00
248	1.000000000000000e+00 0.000000000000000e+00 0.000000000000000e+00	0.000000000000000e+00 0.000000000000000e+00 1.000000000000000e+00	0.000000000000000e+00 0.000000000000000e+00 3.592584956081994e+02	1	0	0.000000000000000e+00	0.000000000000000e+00	0.000000000000000e+00	0.000000000000000e+00
297	-1.000000000000000e+00  0.000000000000000e+00  0.000000000000000e+00	0.000000000000000e+00 1.000000000000000e+00 0.000000000000000e+00	0.000000000000000e+00 6.910882722199819e+02 0.000000000000000e+00	1	0	0.000000000000000e+00	0.000000000000000e+00	0.000000000000000e+00	0.000000000000000e+00
319	5.000000000000000e-01 8.660254037844386e-01 0.000000000000000e+00	0.000000000000000e+00 0.000000000000000e+00 1.000000000000000e+00	0.000000000000000e+00 0.000000000000000e+00 3.592584956081994e+02	1	0	0.000000000000000e+00	0.000000000000000e+00	0.000000000000000e+00	9.163410698033076e+02
320	-1.000000000000000e+00  0.000000000000000e+00  0.000000000000000e+00	 0.000000000000000e+00 -1.000000000000000e+00  0.000000000000000e+00	0.000000000000000e+00 6.910882722199819e+02 0.000000000000000e+00	1	0	0.000000000000000e+00	0.000000000000000e+00	0.000000000000000e+00	1.628211903389240e+06
321	-5.000000000000000e-01 -8.660254037844386e-01  0.000000000000000e+00	0.000000000000000e+00 0.000000000000000e+00 1.000000000000000e+00	0.000000000000000e+00 0.000000000000000e+00 3.592584956081994e+02	1	0	0.000000000000000e+00	0.000000000000000e+00	0.000000000000000e+00	5.921968369795082e+05
323	-5.000000000000000e-01 -8.660254037844386e-01  0.000000000000000e+00	 0.000000000000000e+00  0.000000000000000e+00 -1.000000000000000e+00	0.000000000000000e+00 0.000000000000000e+00 1.518683640525570e+02	1	0	0.000000000000000e+00	0.000000000000000e+00	0.000000000000000e+00	3.849112824393210e+01
324	1.000000000000000e+00 0.000000000000000e+00 0.000000000000000e+00	 0.000000000000000e+00  0.000000000000000e+00 -1.000000000000000e+00	0.000000000000000e+00 0.000000000000000e+00 1.518683640525570e+02	1	0	0.000000000000000e+00	0.000000000000000e+00	0.000000000000000e+00	3.849112824393210e+01
325	-1.000000000000000e+00  0.000000000000000e+00  0.000000000000000e+00	 0.000000000000000e+00  0.000000000000000e+00 -1.000000000000000e+00	0.000000000000000e+00 0.000000000000000e+00 1.518683640525570e+02	1	0	0.000000000000000e+00	0.000000000000000e+00	0.000000000000000e+00	3.849112824393210e+01
327	1.000000000000000e+00 0.000000000000000e+00 0.000000000000000e+00	0.000000000000000e+00 0.000000000000000e+00 1.000000000000000e+00	0.000000000000000e+00 0.000000000000000e+00 1.518683640525570e+02	1	0	0.000000000000000e+00	0.000000000000000e+00	0.000000000000000e+00	9.553605364975615e+00
337	 5.000000000000000e-01 -8.660254037844386e-01  0.000000000000000e+00	8.660254037844385e-01 5.000000000000000e-01 0.000000000000000e+00	8.549999999999997e+01 4.936344801571300e+01 0.000000000000000e+00	1	0	0.000000000000000e+00	0.000000000000000e+00	0.000000000000000e+00	2.413603968934108e+05
340	-5.000000000000000e-01 -8.660254037844386e-01  0.000000000000000e+00	0.000000000000000e+00 0.000000000000000e+00 1.000000000000000e+00	0.000000000000000e+00 0.000000000000000e+00 9.471360338761622e+01	1	0	0.000000000000000e+00	0.000000000000000e+00	0.000000000000000e+00	4.006827798658016e+05
782	-5.000000000000000e-01  8.660254037844386e-01  0.000000000000000e+00	8.660254037844385e-01 5.000000000000000e-01 0.000000000000000e+00	6.397499999999998e+02 3.693598347140630e+02 0.000000000000000e+00	1	0	0.000000000000000e+00	0.000000000000000e+00	0.000000000000000e+00	3.612801487405453e+05
0	0	1	1
0	246	0	0
0	1	2	1
0	2	681	0
0	112	246	0
0	247	112	0
0	201	143	0
0	143	247	0
0	436	201	0
0	488	436	0
0	535	488	0
0	585	535	0
0	620	585	0
0	681	620	0
1	4	5	1
1	63	4	1
1	5	6	1
1	6	1292	0
1	292	63	0
1	164	113	0
1	113	328	0
1	144	364	0
1	365	144	0
1	505	164	0
1	202	292	0
1	364	202	0
1	328	248	0
1	248	365	0
1	367	249	0
1	249	505	0
1	2939	367	0
1	1292	2939	0
3	10	11	1
3	479	10	0
3	11	12	1
3	12	13	1
3	13	479	0
4	15	16	1
4	104	15	1
4	16	17	1
4	17	655	0
4	101	104	0
4	150	101	1
4	571	116	0
4	116	625	0
4	373	150	0
4	374	151	0
4	151	375	0
4	297	209	0
4	209	374	0
4	332	254	0
4	254	683	0
4	255	333	0
4	375	255	0
4	465	297	0
4	625	332	0
4	333	571	0
4	683	373	0
4	512	465	0
4	589	512	0
4	655	589	0
7	27	28	1
7	301	27	0
7	28	29	1
7	29	30	1
7	30	302	0
7	119	338	0
7	339	119	0
7	155	382	0
7	383	155	0
7	384	156	0
7	156	385	0
7	213	301	0
7	382	213	0
7	302	214	0
7	214	384	0
7	338	260	0
7	260	383	0
7	261	339	0
7	385	261	0
9	36	37	1
9	159	36	1
9	37	38	1
9	38	39	1
9	39	1801	0
9	491	122	0
9	122	507	0
9	521	159	0
9	216	160	0
9	160	497	0
9	455	216	0
9	507	262	0
9	262	521	0
9	263	491	0
9	497	263	0
9	529	455	0
9	616	529	0
9	740	616	0
9	864	740	0
9	1801	864	0
10	41	42	1
10	161	41	1
10	42	162	0
10	123	161	0
10	162	123	0
12	47	48	1
12	50	47	1
12	48	49	1
12	49	50	1
13	52	53	1
13	305	52	0
13	53	54	1
13	54	55	1
13	55	306	0
13	126	342	0
13	343	126	0
13	167	390	0
13	391	167	0
13	392	168	0
13	168	393	0
13	221	305	0
13	390	221	0
13	222	392	0
13	1014	222	0
13	342	268	0
13	268	391	0
13	269	343	0
13	393	269	0
13	306	572	0
13	572	1015	0
13	1015	1014	0
15	59	60	1
15	496	59	0
15	60	61	1
15	61	62	1
15	62	226	0
15	273	128	0
15	128	499	0
15	226	172	0
15	172	273	0
15	4212	496	0
15	499	696	0
15	696	615	0
15	615	1432	0
15	1432	2425	0
15	2425	4212	0
18	71	72	1
18	313	71	0
18	72	73	1
18	73	74	1
18	74	314	0
18	527	131	0
18	131	553	0
18	177	483	0
18	495	177	0
18	231	313	0
18	406	231	0
18	350	278	0
18	278	407	0
18	279	351	0
18	409	279	0
18	314	408	0
18	553	350	0
18	351	527	0
18	483	406	0
18	407	495	0
18	408	409	0
21	352	416	0
21	909	352	0
21	416	675	0
21	675	909	0
22	87	88	1
22	319	87	0
22	88	89	1
22	89	90	1
22	90	531	0
22	137	439	0
22	440	137	0
22	185	441	0
22	442	185	0
22	443	186	0
22	186	444	0
22	237	445	0
22	446	237	0
22	447	238	0
22	238	448	0
22	449	286	0
22	286	450	0
22	287	451	0
22	452	287	0
22	445	319	0
22	438	320	0
22	320	447	0
22	439	358	0
22	358	449	0
22	359	440	0
22	451	359	0
22	441	418	0
22	418	446	0
22	419	442	0
22	450	419	0
22	448	420	0
22	420	1886	0
22	421	452	0
22	1615	421	0
22	531	438	0
22	1886	443	0
22	444	1759	0
22	1675	1615	0
22	4209	1675	0
22	1759	2050	0
22	2050	4209	0
24	97	98	1
24	189	97	0
24	98	99	1
24	99	100	1
24	100	190	0
24	139	189	0
24	190	139	0
25	101	102	1
25	104	101	0
25	102	103	1
25	103	104	1
26	105	106	1
26	1081	105	0
26	106	107	1
26	107	242	0
26	141	362	0
26	363	141	0
26	191	426	0
26	427	191	0
26	428	192	0
26	192	429	0
26	241	323	0
26	426	241	0
26	242	428	0
26	362	290	0
26	290	427	0
26	291	363	0
26	429	291	0
26	323	486	0
26	486	582	0
26	582	660	0
26	660	1081	0
27	10	479	0
27	2820	10	0
27	484	468	0
27	468	2820	0
27	479	729	0
27	501	484	0
27	503	501	0
27	519	503	0
27	537	519	0
27	545	537	0
27	568	545	0
27	583	568	0
27	600	583	0
27	618	600	0
27	631	618	0
27	664	631	0
27	689	664	0
27	703	689	0
27	710	703	0
27	714	710	0
27	715	714	0
27	717	715	0
27	720	717	0
27	729	720	0
28	1292	6	0
28	6	4214	0
28	487	3478	0
28	4214	487	0
28	577	753	0
28	3478	577	0
28	753	1292	0
29	10	44	1
29	479	10	0
29	45	13	1
29	13	479	0
29	44	45	1
43	101	104	0
43	560	101	0
43	104	4128	0
43	540	560	0
43	4128	540	0
55	7	8	1
55	204	7	0
55	8	205	1
55	114	250	0
55	251	114	0
55	146	204	0
55	250	146	0
55	205	147	0
55	147	251	0
66	23	24	1
66	378	23	0
66	24	25	1
66	25	26	1
66	26	300	0
66	118	547	0
66	566	118	0
66	153	378	0
66	379	153	0
66	380	154	0
66	154	381	0
66	300	212	0
66	212	380	0
66	258	379	0
66	611	258	0
66	538	259	0
66	259	567	0
66	547	336	0
66	336	611	0
66	337	566	0
66	567	337	0
66	381	538	0
76	292	63	0
76	63	627	0
76	627	292	0
106	708	615	0
106	615	1432	0
106	865	708	0
106	1012	865	0
106	1705	1012	0
106	1432	1705	0
107	92	93	1
107	187	92	1
107	93	94	1
107	94	95	1
107	95	1002	0
107	424	187	0
107	322	240	0
107	240	424	0
107	490	322	0
107	595	490	0
107	733	595	0
107	747	733	0
107	771	747	0
107	1002	771	0
108	18	19	1
108	298	18	0
108	19	20	1
108	20	21	1
108	21	22	1
108	22	108	0
108	108	243	0
108	117	334	0
108	335	117	0
108	152	376	0
108	377	152	0
108	430	193	0
108	193	431	0
108	210	298	0
108	376	210	0
108	243	430	0
108	334	256	0
108	256	377	0
108	257	335	0
108	431	257	0
113	67	68	1
113	745	67	0
113	68	277	1
113	130	403	0
113	755	130	0
113	402	229	0
113	229	718	0
113	277	349	0
113	349	4123	0
113	403	402	0
113	718	724	0
113	724	745	0
113	4123	755	0
160	396	170	0
160	170	397	0
160	397	396	1
208	56	57	1
208	307	56	0
208	57	66	1
208	66	828	0
208	127	344	0
208	828	127	0
208	169	394	0
208	395	169	0
208	223	307	0
208	394	223	0
208	344	270	0
208	270	395	0
243	416	352	0
243	352	909	0
243	909	416	0
246	352	416	0
246	909	352	0
246	416	909	0
248	416	352	0
248	352	909	0
248	909	416	0
297	416	352	0
297	352	909	0
297	909	416	0
319	416	675	0
319	909	416	0
319	675	909	0
320	75	76	1
320	776	75	0
320	76	77	1
320	77	78	1
320	78	756	0
320	108	194	0
320	244	108	0
320	132	179	0
320	746	132	0
320	133	306	0
320	630	133	0
320	179	523	0
320	194	4211	0
320	1396	195	0
320	195	4213	0
320	315	233	0
320	233	1003	0
320	432	244	0
320	572	281	0
320	281	602	0
320	306	572	0
320	530	315	0
320	352	1000	0
320	1003	352	0
320	4213	432	0
320	602	433	0
320	433	1396	0
320	523	598	0
320	610	530	0
320	598	639	0
320	688	610	0
320	712	630	0
320	639	722	0
320	737	688	0
320	1000	712	0
320	722	776	0
320	756	737	0
320	4211	746	0
321	83	84	1
321	453	83	0
321	84	85	1
321	85	86	1
321	86	675	0
321	186	136	0
321	136	460	0
321	183	646	0
321	647	183	0
321	444	186	0
321	235	459	0
321	471	235	0
321	356	284	0
321	284	707	0
321	317	453	0
321	459	317	0
321	460	356	0
321	414	471	0
321	646	414	0
321	415	647	0
321	707	415	0
321	417	444	0
321	463	417	0
321	675	463	0
323	572	306	0
323	306	1015	0
323	1015	572	0
324	572	306	0
324	306	1015	0
324	1015	572	0
325	572	306	0
325	306	1015	0
325	1015	572	0
327	1015	572	0
327	572	1020	0
327	1020	1015	0
337	63	65	1
337	292	63	0
337	65	66	1
337	66	805	0
337	174	401	0
337	728	174	0
337	228	400	0
337	2711	228	0
337	274	292	0
337	4210	274	0
337	349	277	0
337	277	2711	0
337	1432	346	0
337	346	4210	0
337	805	349	0
337	400	728	0
337	401	615	0
337	615	1432	0
340	80	34	1
340	34	1045	0
340	79	80	1
340	494	79	0
340	134	354	0
340	355	134	0
340	181	412	0
340	413	181	0
340	198	388	0
340	434	198	0
340	234	316	0
340	412	234	0
340	354	282	0
340	282	413	0
340	283	355	0
340	388	283	0
340	316	494	0
340	1045	434	0
782	6	32	1
782	1292	6	0
782	32	33	1
782	33	34	1
782	34	4207	0
782	1011	2827	0
782	4207	1011	0
782	2264	1292	0
782	2827	2264	0
