462
45
526
0	 7.500000000000000e+02  1.732050807600000e+00 -5.803426153348000e+02	 1.877000000000000e-07 -3.252000000000000e-07 -6.086700000000001e-06	1.000000000000000e+00	0	1	0
1	 7.500000000000000e+02  1.732050807600000e+00 -7.500000000000000e+02	0.000000000000000e+00 0.000000000000000e+00 0.000000000000000e+00	1.000000000000000e+00	0	1	1
2	 3.179872981078000e+02  7.500000000000000e+02 -7.500000000000000e+02	-2.384869570000000e-02  4.130715270000000e-02  0.000000000000000e+00	1.000000000000000e+00	0	1	2
4	 7.500000000000000e+02 -7.500000000000000e+02  2.286190426598000e+02	0.000000000000000e+00 0.000000000000000e+00 0.000000000000000e+00	1.000000000000000e+00	3921	1	4
5	7.500000000000000e+02 7.500000000000000e+02 2.286190426598000e+02	0.000000000000000e+00 0.000000000000000e+00 0.000000000000000e+00	1.000000000000000e+00	3921	1	5
6	4.199872981078000e+02 7.500000000000000e+02 2.286190426598000e+02	0.000000000000000e+00 0.000000000000000e+00 0.000000000000000e+00	7.500000000000000e-01	3921	1	6
7	 7.500000000000000e+02  6.207299125829001e+02 -4.262112152443000e+02	5.420000000000000e-08 3.782000000000000e-07 0.000000000000000e+00	1.000000000000000e+00	646	1	7
8	 7.500000000000000e+02  7.500000000000000e+02 -4.262112152443000e+02	0.000000000000000e+00 0.000000000000000e+00 0.000000000000000e+00	1.000000000000000e+00	646	1	8
10	-7.500000000000000e+02  5.715767664980000e+01  6.580962442277000e+02	0.000000000000000e+00 0.000000000000000e+00 0.000000000000000e+00	1.000000000000000e+00	1105	1	10
11	-7.500000000000000e+02 -7.500000000000000e+02  6.580962442277000e+02	0.000000000000000e+00 0.000000000000000e+00 0.000000000000000e+00	1.000000000000000e+00	1105	1	11
12	 7.500000000000000e+02 -7.500000000000000e+02  6.580962442277000e+02	0.000000000000000e+00 0.000000000000000e+00 0.000000000000000e+00	1.000000000000000e+00	1105	1	12
13	7.500000000000000e+02 5.715767664980000e+01 6.580962442277000e+02	0.000000000000000e+00 0.000000000000000e+00 0.000000000000000e+00	4.218750000000000e-01	1105	1	13
15	 7.500000000000000e+02 -7.500000000000000e+02 -1.159425144917000e+02	0.000000000000000e+00 0.000000000000000e+00 0.000000000000000e+00	1.000000000000000e+00	661	1	15
16	 7.500000000000000e+02  7.500000000000000e+02 -1.159425144917000e+02	0.000000000000000e+00 0.000000000000000e+00 0.000000000000000e+00	1.000000000000000e+00	661	1	16
17	 2.500775868487000e+02  7.500000000000000e+02 -1.159425144917000e+02	 4.131200000000000e-06 -1.037030000000000e-05  0.000000000000000e+00	1.000000000000000e+00	661	1	17
18	-7.500000000000000e+02 -9.489813786040000e+01 -4.164132562731000e+02	 7.474000000000000e-07 -6.169000000000000e-07  0.000000000000000e+00	1.000000000000000e+00	2888	1	18
19	-7.500000000000000e+02 -7.500000000000000e+02 -4.164132562731000e+02	0.000000000000000e+00 0.000000000000000e+00 0.000000000000000e+00	1.000000000000000e+00	2888	1	19
20	 7.500000000000000e+02 -7.500000000000000e+02 -4.164132562731000e+02	0.000000000000000e+00 0.000000000000000e+00 0.000000000000000e+00	1.000000000000000e+00	2888	1	20
21	 7.500000000000000e+02  7.500000000000000e+02 -4.164132562731000e+02	0.000000000000000e+00 0.000000000000000e+00 0.000000000000000e+00	1.000000000000000e+00	2888	1	21
22	-2.047271618990000e+02  7.500000000000000e+02 -4.164132562731000e+02	 2.246644000000000e-04 -3.827300000000000e-06  0.000000000000000e+00	1.000000000000000e+00	2888	1	22
23	-5.826362084762001e+02 -7.500000000000000e+02  1.077775486825000e+02	-5.036226000000000e-04  0.000000000000000e+00  0.000000000000000e+00	1.000000000000000e+00	23	1	23
24	 7.500000000000000e+02 -7.500000000000000e+02  1.077775486825000e+02	0.000000000000000e+00 0.000000000000000e+00 0.000000000000000e+00	1.000000000000000e+00	23	1	24
25	7.500000000000000e+02 7.500000000000000e+02 1.077775486825000e+02	0.000000000000000e+00 0.000000000000000e+00 0.000000000000000e+00	1.000000000000000e+00	23	1	25
26	-6.149792010777001e+02  7.500000000000000e+02  1.077775486825000e+02	 1.944220000000000e-05 -1.724600000000000e-06  0.000000000000000e+00	1.000000000000000e+00	23	1	26
27	-7.366081882630000e+02 -7.500000000000000e+02 -1.894272067752000e+02	 2.776000000000000e-07 -2.144000000000000e-07  0.000000000000000e+00	1.000000000000000e+00	27	1	27
28	 7.500000000000000e+02 -7.500000000000000e+02 -1.894272067752000e+02	0.000000000000000e+00 0.000000000000000e+00 0.000000000000000e+00	1.000000000000000e+00	27	1	28
29	 7.500000000000000e+02  7.500000000000000e+02 -1.894272067752000e+02	0.000000000000000e+00 0.000000000000000e+00 0.000000000000000e+00	1.000000000000000e+00	27	1	29
30	 4.224128517279000e+02  7.500000000000000e+02 -1.894272067752000e+02	-1.444000000000000e-07  1.115000000000000e-07  0.000000000000000e+00	1.000000000000000e+00	27	1	30
32	4.199872981078000e+02 7.500000000000000e+02 7.500000000000000e+02	0.000000000000000e+00 0.000000000000000e+00 0.000000000000000e+00	1.000000000000000e+00	3921	1	32
33	7.500000000000000e+02 1.784012331796000e+02 7.500000000000000e+02	0.000000000000000e+00 0.000000000000000e+00 0.000000000000000e+00	1.000000000000000e+00	3921	1	33
34	7.500000000000000e+02 1.784012331796000e+02 9.471360338760000e+01	 0.000000000000000e+00 -0.000000000000000e+00  0.000000000000000e+00	7.500000000000000e-01	3921	1	34
36	-5.950127018922000e+02 -7.500000000000000e+02 -7.500000000000000e+02	0.000000000000000e+00 0.000000000000000e+00 0.000000000000000e+00	1.000000000000000e+00	491	1	36
37	 2.710127018922000e+02  7.500000000000000e+02 -7.500000000000000e+02	0.000000000000000e+00 0.000000000000000e+00 0.000000000000000e+00	1.000000000000000e+00	491	1	37
38	2.710127018922000e+02 7.500000000000000e+02 7.500000000000000e+02	0.000000000000000e+00 0.000000000000000e+00 0.000000000000000e+00	1.000000000000000e+00	491	1	38
39	-2.115942272390000e+02 -8.589972134020000e+01  7.500000000000000e+02	-5.660000000000000e-08 -9.800000000000000e-08  5.267000000000000e-07	1.000000000000000e+00	491	1	39
41	 2.450127018922000e+02 -7.500000000000000e+02  7.500000000000000e+02	0.000000000000000e+00 0.000000000000000e+00 0.000000000000000e+00	1.000000000000000e+00	729	1	41
42	 2.450127018922000e+02 -7.500000000000000e+02  7.353768359900000e+02	 3.700000000000000e-09 -6.500000000000000e-09  1.922000000000000e-07	1.000000000000000e+00	729	1	42
44	-7.500000000000000e+02  5.715767664980000e+01 -7.500000000000000e+02	0.000000000000000e+00 0.000000000000000e+00 0.000000000000000e+00	1.000000000000000e+00	1105	1	44
45	 7.500000000000000e+02  5.715767664980000e+01 -7.500000000000000e+02	0.000000000000000e+00 0.000000000000000e+00 0.000000000000000e+00	1.000000000000000e+00	1105	1	45
47	-7.500000000000000e+02  2.381569860407000e+02  7.500000000000000e+02	0.000000000000000e+00 0.000000000000000e+00 0.000000000000000e+00	1.000000000000000e+00	1074	1	47
48	-7.500000000000000e+02  2.381569860407000e+02 -7.500000000000000e+02	0.000000000000000e+00 0.000000000000000e+00 0.000000000000000e+00	1.000000000000000e+00	1074	1	48
49	 7.500000000000000e+02  2.381569860407000e+02 -7.500000000000000e+02	0.000000000000000e+00 0.000000000000000e+00 0.000000000000000e+00	1.000000000000000e+00	1074	1	49
50	7.500000000000000e+02 2.381569860407000e+02 7.500000000000000e+02	0.000000000000000e+00 0.000000000000000e+00 0.000000000000000e+00	1.000000000000000e+00	1074	1	50
52	 2.613386296360000e+02 -7.500000000000000e+02  1.518683640526000e+02	3.289000000000000e-07 1.669000000000000e-07 0.000000000000000e+00	1.000000000000000e+00	2888	1	52
53	 7.500000000000000e+02 -7.500000000000000e+02  1.518683640526000e+02	0.000000000000000e+00 0.000000000000000e+00 0.000000000000000e+00	1.000000000000000e+00	2888	1	53
54	7.500000000000000e+02 7.500000000000000e+02 1.518683640526000e+02	0.000000000000000e+00 0.000000000000000e+00 0.000000000000000e+00	1.000000000000000e+00	2888	1	54
55	-3.649008773894000e+02  7.500000000000000e+02  1.518683640526000e+02	-1.631689233398438e-06 -3.725446289062500e-07  0.000000000000000e+00	1.779785156250000e-01	2888	1	55
56	-7.500000000000000e+02  3.403479836873000e+02 -6.856993099113000e+02	-7.710000000000001e-08  0.000000000000000e+00 -2.371600000000000e-06	1.000000000000000e+00	3921	1	56
57	-7.500000000000000e+02  3.403479836873000e+02 -7.500000000000000e+02	0.000000000000000e+00 0.000000000000000e+00 0.000000000000000e+00	1.000000000000000e+00	3921	1	57
59	 3.129872981078000e+02 -7.500000000000000e+02 -2.353889418280000e+01	-3.570000000000000e-08 -6.190000000000001e-08  1.644700000000000e-06	1.000000000000000e+00	3921	1	59
60	 3.129872981078000e+02 -7.500000000000000e+02 -7.500000000000000e+02	0.000000000000000e+00 0.000000000000000e+00 0.000000000000000e+00	1.000000000000000e+00	3921	1	60
61	 7.500000000000000e+02  6.928203230300000e+00 -7.500000000000000e+02	0.000000000000000e+00 0.000000000000000e+00 0.000000000000000e+00	1.000000000000000e+00	3921	1	61
62	 7.500000000000000e+02  6.928203230300000e+00 -2.942044480357000e+02	1.719400000000000e-06 2.978000000000000e-06 1.295011000000000e-04	1.000000000000000e+00	3921	1	62
63	 5.470127018922000e+02 -7.500000000000000e+02  2.286190426598000e+02	-0.000000000000000e+00 -0.000000000000000e+00  0.000000000000000e+00	1.000000000000000e+00	3921	1	63
65	 5.470127018922000e+02 -7.500000000000000e+02 -7.500000000000000e+02	0.000000000000000e+00 0.000000000000000e+00 0.000000000000000e+00	1.000000000000000e+00	3921	1	65
66	-8.250000000000000e+01  3.403479836873000e+02 -7.500000000000000e+02	0.000000000000000e+00 0.000000000000000e+00 0.000000000000000e+00	7.500000000000000e-01	3921	1	66
67	-7.500000000000000e+02  7.500000000000000e+02 -6.793251553319001e+02	0.000000000000000e+00 1.383026187000000e-01 0.000000000000000e+00	1.000000000000000e+00	3921	1	67
68	-7.500000000000000e+02 -7.500000000000000e+02 -6.793251553319001e+02	0.000000000000000e+00 0.000000000000000e+00 0.000000000000000e+00	1.000000000000000e+00	3921	1	68
71	 4.540211112497000e+02 -7.500000000000000e+02  1.469693845670000e+01	-5.970230000000000e-05  1.328660000000000e-05  0.000000000000000e+00	1.000000000000000e+00	680	1	71
72	 7.500000000000000e+02 -7.500000000000000e+02  1.469693845670000e+01	0.000000000000000e+00 0.000000000000000e+00 0.000000000000000e+00	1.000000000000000e+00	680	1	72
73	7.500000000000000e+02 7.500000000000000e+02 1.469693845670000e+01	0.000000000000000e+00 0.000000000000000e+00 0.000000000000000e+00	1.000000000000000e+00	680	1	73
74	4.826092666169000e+02 7.500000000000000e+02 1.469693845670000e+01	5.294958000000000e-04 0.000000000000000e+00 0.000000000000000e+00	1.000000000000000e+00	680	1	74
75	 3.129706507587000e+02  6.910882722200000e+02 -7.500000000000000e+02	1.572800000000000e-06 0.000000000000000e+00 4.357600000000000e-06	1.000000000000000e+00	2888	1	75
76	 7.500000000000000e+02  6.910882722200000e+02 -7.500000000000000e+02	0.000000000000000e+00 0.000000000000000e+00 0.000000000000000e+00	1.000000000000000e+00	2888	1	76
77	7.500000000000000e+02 6.910882722200000e+02 7.500000000000000e+02	0.000000000000000e+00 0.000000000000000e+00 0.000000000000000e+00	1.000000000000000e+00	2888	1	77
78	-7.500000000000000e+02  6.910882722200000e+02  7.500000000000000e+02	-6.328361060000000e-02  0.000000000000000e+00  0.000000000000000e+00	1.000000000000000e+00	2888	1	78
79	-6.932011630280000e+01 -7.500000000000000e+02  9.471360338760000e+01	 3.073180000000000e-05 -3.276540000000000e-05  0.000000000000000e+00	1.000000000000000e+00	3921	1	79
80	 7.500000000000000e+02 -7.500000000000000e+02  9.471360338760000e+01	0.000000000000000e+00 0.000000000000000e+00 0.000000000000000e+00	1.000000000000000e+00	3921	1	80
83	 3.234615426440000e+02 -7.500000000000000e+02  3.592584956082000e+02	-1.209910000000000e-05  1.226800000000000e-06  0.000000000000000e+00	1.000000000000000e+00	2888	1	83
84	 7.500000000000000e+02 -7.500000000000000e+02  3.592584956082000e+02	0.000000000000000e+00 0.000000000000000e+00 0.000000000000000e+00	1.000000000000000e+00	2888	1	84
85	7.500000000000000e+02 7.500000000000000e+02 3.592584956082000e+02	0.000000000000000e+00 0.000000000000000e+00 0.000000000000000e+00	1.000000000000000e+00	2888	1	85
86	3.937232049606000e+02 7.500000000000000e+02 3.592584956082000e+02	 2.620850000000000e-05 -2.573600000000000e-06  0.000000000000000e+00	1.000000000000000e+00	2888	1	86
87	-2.960127018922000e+02 -7.500000000000000e+02 -4.869085110197000e+02	-6.750000000000000e-08 -1.170000000000000e-07  1.300600000000000e-06	1.000000000000000e+00	2888	1	87
88	-2.960127018922000e+02 -7.500000000000000e+02 -7.500000000000000e+02	0.000000000000000e+00 0.000000000000000e+00 0.000000000000000e+00	1.000000000000000e+00	2888	1	88
89	 5.700127018922000e+02  7.500000000000000e+02 -7.500000000000000e+02	0.000000000000000e+00 0.000000000000000e+00 0.000000000000000e+00	1.000000000000000e+00	2888	1	89
90	5.700127018922000e+02 7.500000000000000e+02 6.310496176975000e+02	 4.441000000000000e-07  7.691000000000001e-07 -6.926800000000000e-06	1.000000000000000e+00	2888	1	90
92	-7.500000000000000e+02  7.500000000000000e+02  3.804874067123000e+02	0.000000000000000e+00 0.000000000000000e+00 0.000000000000000e+00	1.000000000000000e+00	2905	1	92
93	-7.500000000000000e+02 -7.500000000000000e+02  3.804874067123000e+02	0.000000000000000e+00 0.000000000000000e+00 0.000000000000000e+00	1.000000000000000e+00	2905	1	93
94	 7.500000000000000e+02 -7.500000000000000e+02  3.804874067123000e+02	0.000000000000000e+00 0.000000000000000e+00 0.000000000000000e+00	1.000000000000000e+00	2905	1	94
95	7.500000000000000e+02 3.038170213194000e+02 3.804874067123000e+02	-1.625730000000000e-05 -1.642820000000000e-05  0.000000000000000e+00	1.000000000000000e+00	2905	1	95
97	 5.929872981078000e+02 -7.500000000000000e+02 -1.593023377270000e+01	 8.500000000000000e-09  1.470000000000000e-08 -1.501000000000000e-07	1.000000000000000e+00	97	1	97
98	 5.929872981078000e+02 -7.500000000000000e+02 -7.500000000000000e+02	0.000000000000000e+00 0.000000000000000e+00 0.000000000000000e+00	1.000000000000000e+00	97	1	98
99	 7.500000000000000e+02 -4.780460228890000e+02 -7.500000000000000e+02	0.000000000000000e+00 0.000000000000000e+00 0.000000000000000e+00	1.000000000000000e+00	97	1	99
100	 7.500000000000000e+02 -4.780460228890000e+02  1.946946699270000e+01	 8.700000000000000e-09  1.510000000000000e-08 -1.980000000000000e-07	1.000000000000000e+00	97	1	100
101	-7.500000000000000e+02 -5.525242076145000e+02 -1.159425144917000e+02	-0.000000000000000e+00 -0.000000000000000e+00  0.000000000000000e+00	1.779785156250000e-01	661	1	101
102	-7.500000000000000e+02 -5.525242076145000e+02  7.500000000000000e+02	0.000000000000000e+00 0.000000000000000e+00 0.000000000000000e+00	1.000000000000000e+00	661	1	102
103	-6.359872981078000e+02 -7.500000000000000e+02  7.500000000000000e+02	0.000000000000000e+00 0.000000000000000e+00 0.000000000000000e+00	1.000000000000000e+00	661	1	103
104	-6.359872981078000e+02 -7.500000000000000e+02 -1.159425144917000e+02	0.000000000000000e+00 0.000000000000000e+00 0.000000000000000e+00	7.500000000000000e-01	661	1	104
105	-5.718666820741000e+02 -7.500000000000000e+02  5.829785587824000e+02	-4.103200000000000e-06  1.370730000000000e-05  0.000000000000000e+00	1.000000000000000e+00	105	1	105
106	 7.500000000000000e+02 -7.500000000000000e+02  5.829785587824000e+02	0.000000000000000e+00 0.000000000000000e+00 0.000000000000000e+00	1.000000000000000e+00	105	1	106
107	7.500000000000000e+02 2.521224482020000e+01 5.829785587824000e+02	 1.626000000000000e-07 -6.591000000000001e-07  0.000000000000000e+00	1.000000000000000e+00	105	1	107
108	-2.057307696803000e+02  6.910882722200000e+02 -4.164132562731000e+02	2.291943000000000e-04 0.000000000000000e+00 0.000000000000000e+00	1.000000000000000e+00	2888	0	108
112	 6.715201492226000e+02  1.376631397244000e+02 -5.920836663369000e+02	 3.001000000000000e-07 -5.199000000000000e-07 -6.556200000000000e-06	1.000000000000000e+00	0	0	112
113	 5.226516452588000e+02 -6.867264106100000e+00  2.286190426598000e+02	-6.559520000000000e-05  2.761200000000000e-06  0.000000000000000e+00	1.000000000000000e+00	3921	0	113
114	 2.990321524236000e+02  6.853940851803001e+02 -4.262112152443000e+02	1.400000000000000e-09 9.500000000000001e-09 0.000000000000000e+00	1.000000000000000e+00	646	0	114
116	-5.757221155284000e+02  1.385872986094000e+02 -1.159425144917000e+02	-6.183530000000000e-05  6.994490000000000e-05  0.000000000000000e+00	1.000000000000000e+00	661	0	116
117	-4.258787871056000e+02  2.980551931802000e+02 -4.164132562731000e+02	 5.726000000000000e-07 -4.713000000000000e-07  0.000000000000000e+00	1.000000000000000e+00	2888	0	117
118	-5.957431139087000e+02 -1.565801173954000e+02  1.077775486825000e+02	-3.414108000000000e-04 -2.449070000000000e-05  0.000000000000000e+00	1.000000000000000e+00	23	0	118
119	-1.571320754279000e+02  2.109144990000000e-02 -1.894272067752000e+02	-2.754000000000000e-07  2.129000000000000e-07  0.000000000000000e+00	1.000000000000000e+00	27	0	119
122	-5.454371522668000e+02 -6.641326292356000e+02  3.892975330468000e+02	 2.816000000000000e-07  4.878000000000000e-07 -7.121210000000000e-05	1.000000000000000e+00	491	0	122
123	 1.455985962465000e+02 -5.778097180326000e+02  7.442943703131000e+02	 4.900000000000000e-09 -8.500000000000000e-09  1.854000000000000e-07	1.000000000000000e+00	729	0	123
126	-7.299026902170000e+01 -1.266530100000000e-03  1.518683640526000e+02	-8.130000000000001e-08 -3.540000000000000e-08  0.000000000000000e+00	1.000000000000000e+00	2888	0	126
127	-2.081962643026000e+02  3.403479836873000e+02 -7.337839767659000e+02	 3.350000000000000e-07  0.000000000000000e+00 -1.753100000000000e-06	1.000000000000000e+00	3921	0	127
128	 5.324536746959000e+02 -3.698730851964000e+02 -2.750261550072000e+02	2.838100000000000e-06 4.915700000000000e-06 9.001540000000000e-05	1.000000000000000e+00	3921	0	128
130	-3.286317603172000e+02  5.919018931437000e+02 -6.793251553319001e+02	-4.308110000000000e-05 -8.202820000000001e-05  0.000000000000000e+00	1.000000000000000e+00	3921	0	130
131	4.811005470137000e+02 1.476328662705000e+02 1.469693845670000e+01	2.963666000000000e-04 1.702730000000000e-05 0.000000000000000e+00	1.000000000000000e+00	680	0	131
132	-4.818755533450000e+01  6.910882722200000e+02 -5.545127515537000e+02	6.215990000000001e-05 0.000000000000000e+00 4.777790000000000e-05	1.000000000000000e+00	2888	0	132
133	-3.443580419516000e+02  6.910882722200000e+02  1.557371048584000e+02	-3.500718750000000e-06  0.000000000000000e+00  2.801737792968750e-06	2.373046875000000e-01	2888	0	133
134	 3.641397283462000e+02 -1.651034135679000e+02  9.471360338760000e+01	 4.963110000000000e-05 -3.692350000000000e-05  0.000000000000000e+00	1.000000000000000e+00	3921	0	134
136	3.119066841960000e+02 2.062666137368000e+02 3.592584956082000e+02	1.261266000000000e-04 5.633780000000000e-05 0.000000000000000e+00	1.000000000000000e+00	2888	0	136
137	 1.528710336202000e+02  2.748943659880000e+01 -5.843149811270001e+01	 3.101427000000000e-04  5.371829000000001e-04 -6.503440000000001e-04	1.000000000000000e+00	2888	0	137
139	 6.776413399675000e+02 -6.033748984330000e+02  4.291666889900000e+00	 5.561000000000001e-07  9.630999999999999e-07 -9.038800000000001e-06	1.000000000000000e+00	97	0	139
141	 2.334264614673000e+02 -2.504260210340000e+02  5.829785587824000e+02	 4.060500000000000e-05 -6.463290000000000e-05  0.000000000000000e+00	1.000000000000000e+00	105	0	141
143	 5.700949245114000e+02  3.133367820933000e+02 -6.175259921715000e+02	 4.382000000000000e-07 -7.590000000000001e-07 -5.734600000000000e-06	1.000000000000000e+00	0	0	143
144	 4.948135513172000e+02 -3.778810667096000e+02  2.286190426598000e+02	-4.060110000000000e-05  5.372400000000000e-06  0.000000000000000e+00	1.000000000000000e+00	3921	0	144
146	 5.245175789056000e+02  6.530508374212001e+02 -4.262112152443000e+02	1.240000000000000e-08 8.640000000000001e-08 0.000000000000000e+00	1.000000000000000e+00	646	0	146
147	 7.244055089560000e+01  7.224023032506000e+02 -4.262112152443000e+02	3.372000000000000e-07 1.288100000000000e-06 0.000000000000000e+00	1.000000000000000e+00	646	0	147
150	-7.500000000000000e+02 -2.077524476793000e+02 -1.159425144917000e+02	-9.524360000000000e-05  9.849400000000001e-06  0.000000000000000e+00	1.000000000000000e+00	661	1	150
151	-2.346407593772000e+02  4.479862939656000e+02 -1.159425144917000e+02	-3.631620000000000e-05  4.829110000000000e-05  0.000000000000000e+00	1.000000000000000e+00	661	0	151
152	-5.879125084702000e+02  1.015895426958000e+02 -4.164132562731000e+02	 5.358000000000000e-07 -4.419000000000000e-07  0.000000000000000e+00	1.000000000000000e+00	2888	0	152
153	-5.648621222553001e+02 -6.155961590522001e+02  1.077775486825000e+02	-5.083617000000001e-04 -1.029750000000000e-05  0.000000000000000e+00	1.000000000000000e+00	23	0	153
154	-6.203647367597000e+02  3.321422005676000e+02  1.077775486825000e+02	-1.389180000000000e-04 -3.699400000000000e-06  0.000000000000000e+00	1.000000000000000e+00	23	0	154
155	-4.469018538185000e+02 -3.749742457284000e+02 -1.894272067752000e+02	-2.960000000000000e-07  2.287000000000000e-07  0.000000000000000e+00	1.000000000000000e+00	27	0	155
156	 1.326491406425000e+02  3.750075736708000e+02 -1.894272067752000e+02	-1.054000000000000e-07  8.150000000000001e-08  0.000000000000000e+00	1.000000000000000e+00	27	0	156
159	-5.950127018922000e+02 -7.500000000000000e+02  2.306338840090000e+02	-6.998930000000000e-05 -1.212250000000000e-04  1.580480000000000e-05	1.000000000000000e+00	491	1	159
160	-4.511512125059000e+02 -5.008245911303000e+02  5.476051324419000e+02	 3.011370000000000e-05  5.215850000000000e-05 -8.387960000000000e-05	1.000000000000000e+00	491	0	160
161	 9.392935001830000e+01 -4.883159583765000e+02  7.500000000000000e+02	 4.900000000000000e-09 -8.500000000000000e-09  1.780000000000000e-07	1.000000000000000e+00	729	1	161
162	 1.965545052729000e+02 -6.660679414122001e+02  7.391509524203000e+02	 3.800000000000000e-09 -6.600000000000000e-09  1.693000000000000e-07	1.000000000000000e+00	729	0	162
164	5.267086620292000e+02 5.403837837540000e+01 2.286190426598000e+02	-2.998860000000000e-05  2.018800000000000e-06  0.000000000000000e+00	1.000000000000000e+00	3921	0	164
167	 9.032592453150001e+01 -3.750167039862000e+02  1.518683640526000e+02	-3.720000000000000e-07 -1.622000000000000e-07  0.000000000000000e+00	1.000000000000000e+00	2888	0	167
168	-2.362457513757000e+02  3.749999710134000e+02  1.518683640526000e+02	4.340000000000000e-08 1.890000000000000e-08 0.000000000000000e+00	1.000000000000000e+00	2888	0	168
169	-4.952731339330000e+02  3.403479836873000e+02 -6.998743074672000e+02	-4.112000000000000e-07  0.000000000000000e+00 -4.836900000000000e-06	1.000000000000000e+00	3921	0	169
170	 1.225053826776000e+02  3.403479836873000e+02 -7.499152978154000e+02	-6.000000000000000e-10  0.000000000000000e+00 -9.321000000000000e-07	1.000000000000000e+00	1263	0	170
172	 6.451567585454001e+02 -1.746656177994000e+02 -2.875222003435000e+02	2.473600000000000e-06 4.284400000000000e-06 1.179035000000000e-04	1.000000000000000e+00	3921	0	172
174	 4.682409140936000e+02 -6.135632613297000e+02 -3.460431197386000e+02	-1.130961000000000e-04  1.958882000000000e-04  3.187407000000000e-04	1.000000000000000e+00	3921	0	174
177	 4.937869847096000e+02 -3.042685959815000e+02  1.469693845670000e+01	 1.554550000000000e-04 -2.220000000000000e-06  0.000000000000000e+00	1.000000000000000e+00	680	0	177
178	4.498335332847000e+02 5.763444882570000e+02 1.469693845670000e+01	6.155749000000000e-04 2.180200000000000e-05 0.000000000000000e+00	1.000000000000000e+00	680	0	178
179	 8.466985183500000e+00  6.910882722200000e+02 -6.014478801624000e+02	2.084300000000000e-06 0.000000000000000e+00 7.816100000000000e-06	1.000000000000000e+00	2888	0	179
181	 2.145485206656000e+02 -4.509852238843000e+02  9.471360338760000e+01	 7.260000000000000e-08 -2.950000000000000e-08  0.000000000000000e+00	1.000000000000000e+00	3921	0	181
183	 3.294240472125000e+02 -2.771432230586000e+02  3.592584956082000e+02	2.067134000000000e-04 7.722200000000000e-06 0.000000000000000e+00	1.000000000000000e+00	2888	0	183
185	-8.317410053000000e+01 -3.813527286287000e+02 -3.785785724341000e+02	 2.558700000000000e-06  4.431800000000000e-06 -1.125050000000000e-05	1.000000000000000e+00	2888	0	185
186	2.900814694703000e+02 2.651448828199000e+02 3.592584956082000e+02	-5.260320000000000e-05 -9.111150000000000e-05  0.000000000000000e+00	1.000000000000000e+00	2888	0	186
187	3.817407096053000e+02 7.500000000000000e+02 3.804874067123000e+02	1.181111000000000e-04 2.704530000000000e-05 0.000000000000000e+00	1.000000000000000e+00	2905	1	187
189	 6.311730272138000e+02 -6.838603770644000e+02 -7.293562310700000e+00	 5.122000000000000e-07  8.872000000000001e-07 -8.240800000000001e-06	1.000000000000000e+00	97	0	189
190	 7.226377543867001e+02 -5.254388225005000e+02  1.463509504720000e+01	 2.369000000000000e-07  4.103000000000000e-07 -4.134600000000000e-06	1.000000000000000e+00	97	0	190
191	-8.256437961620000e+01 -4.599843693155000e+02  5.829785587824000e+02	-2.841840000000000e-05  4.114430000000000e-05  0.000000000000000e+00	1.000000000000000e+00	105	0	191
192	 5.546837243813001e+02 -5.447472092700000e+01  5.829785587824000e+02	 8.027270000000000e-05 -1.279612000000000e-04  0.000000000000000e+00	1.000000000000000e+00	105	0	192
193	-2.648992169574000e+02  4.948886801735000e+02 -4.164132562731000e+02	-5.027793750000000e-06  2.703712500000000e-06  0.000000000000000e+00	5.625000000000000e-01	2888	0	193
194	-1.968747387493000e+02  6.910882722200000e+02 -4.178420807648000e+02	3.175540000000000e-05 0.000000000000000e+00 4.281590000000000e-05	1.000000000000000e+00	2888	0	194
195	-3.585431533971000e+02  6.910882722200000e+02 -2.152435304076000e+02	1.080998000000000e-04 0.000000000000000e+00 7.351630000000000e-05	1.000000000000000e+00	2888	0	195
198	5.936091573823001e+02 6.435107611550001e+01 9.471360338760000e+01	 3.668670000000000e-05 -4.448700000000000e-05  0.000000000000000e+00	1.000000000000000e+00	3921	0	198
201	 5.168896848384001e+02  4.054909604359000e+02 -6.357942266035001e+02	 3.881000000000000e-07 -6.722000000000000e-07 -4.493500000000000e-06	1.000000000000000e+00	0	0	201
202	 4.630151287249000e+02 -5.732558763291000e+02  2.286190426598000e+02	 1.591901000000000e-04 -5.251055000000001e-04  0.000000000000000e+00	1.000000000000000e+00	3921	0	202
204	 6.372607427825001e+02  6.368823538651001e+02 -4.262112152443000e+02	2.160000000000000e-08 1.507000000000000e-07 0.000000000000000e+00	1.000000000000000e+00	646	0	204
205	-2.396150971350000e+01  7.500000000000000e+02 -4.262112152443000e+02	-3.220000000000000e-08 -1.125000000000000e-07  0.000000000000000e+00	1.000000000000000e+00	646	1	205
209	-7.719952748670001e+01  5.616172707935000e+02 -1.159425144917000e+02	-8.602600000000000e-06  1.221110000000000e-05  0.000000000000000e+00	1.000000000000000e+00	661	0	209
210	-6.689327461386000e+02  3.359528639600000e+00 -4.164132562731000e+02	 4.813000000000001e-07 -3.970000000000000e-07  0.000000000000000e+00	1.000000000000000e+00	2888	0	210
212	-6.232840362589001e+02  5.591744572526001e+02  1.077775486825000e+02	-4.049840000000000e-05 -2.119000000000000e-07  0.000000000000000e+00	1.000000000000000e+00	23	0	212
213	-5.917606452350000e+02 -5.624920931561001e+02 -1.894272067752000e+02	-6.650000000000001e-08  5.140000000000000e-08  0.000000000000000e+00	1.000000000000000e+00	27	0	213
214	 2.775392313309000e+02  5.625012223390000e+02 -1.894272067752000e+02	-1.860000000000000e-08  1.440000000000000e-08  0.000000000000000e+00	1.000000000000000e+00	27	0	214
216	-4.020396965891000e+02 -4.157609503257000e+02  6.123459420731000e+02	 2.397430000000000e-05  4.152460000000000e-05 -7.388770000000000e-05	1.000000000000000e+00	491	0	216
221	 1.722463886695000e+02 -5.624962936586001e+02  1.518683640526000e+02	2.530000000000000e-08 1.160000000000000e-08 0.000000000000000e+00	1.000000000000000e+00	2888	0	221
222	-3.120239148040000e+02  5.641394339732000e+02  1.518683640526000e+02	-5.096000000000001e-07 -1.826000000000000e-07  0.000000000000000e+00	1.000000000000000e+00	2888	0	222
223	-6.345040018475000e+02  3.403479836873000e+02 -6.903104237702000e+02	-1.618000000000000e-07  0.000000000000000e+00 -3.041900000000000e-06	1.000000000000000e+00	3921	0	223
226	 7.012938778139001e+02 -7.743327503570001e+01 -2.916177962682000e+02	1.840100000000000e-06 3.187100000000000e-06 1.254472000000000e-04	1.000000000000000e+00	3921	0	226
228	 5.238470796962000e+02 -7.098759653675000e+02 -5.474194082271000e+02	 6.596400000000000e-06 -1.142530000000000e-05 -3.633580000000000e-05	1.000000000000000e+00	3921	0	228
229	-4.995931386659000e+02  6.720968707597000e+02 -6.793251553319001e+02	-2.703650000000000e-05 -6.444740000000000e-05  0.000000000000000e+00	1.000000000000000e+00	3921	0	229
231	 4.856544781728000e+02 -5.370816351290000e+02  1.469693845670000e+01	 1.482090000000000e-05 -5.539000000000000e-07  0.000000000000000e+00	1.000000000000000e+00	680	0	231
233	-4.650945967022000e+02  6.910882722200000e+02  4.405856236880000e+02	-3.415420000000000e-05  0.000000000000000e+00 -3.612630000000000e-05	1.000000000000000e+00	2888	0	233
234	 1.234808405251000e+02 -5.781122141630000e+02  9.471360338760000e+01	-1.507300000000000e-06  1.438000000000000e-06  0.000000000000000e+00	1.000000000000000e+00	3921	0	234
235	 3.339127283574000e+02 -5.354955387232001e+02  3.592584956082000e+02	 8.309300000000000e-05 -5.165000000000001e-07  0.000000000000000e+00	1.000000000000000e+00	2888	0	235
237	-2.086860288685000e+02 -5.987457654669000e+02 -4.620279914318000e+02	-3.130000000000000e-08 -5.410000000000000e-08  3.074000000000000e-07	1.000000000000000e+00	2888	0	237
238	4.181786006550000e+02 4.870156223357000e+02 5.489297828786000e+02	-3.628000000000000e-07 -6.283000000000000e-07  1.325400000000000e-06	1.000000000000000e+00	2888	0	238
240	4.170355584907000e+02 6.101302066762000e+02 3.804874067123000e+02	2.282551000000000e-04 7.396460000000000e-05 0.000000000000000e+00	1.000000000000000e+00	2905	0	240
241	-2.383301374924000e+02 -5.705370251055000e+02  5.829785587824000e+02	-6.565350000000000e-05  9.068250000000000e-05  0.000000000000000e+00	1.000000000000000e+00	105	0	241
242	7.086611523594000e+02 1.501649765890000e+01 5.829785587824000e+02	 1.582300000000000e-06 -4.208900000000000e-06  0.000000000000000e+00	1.000000000000000e+00	105	0	242
243	-2.190084315274000e+02  6.046054861772001e+02 -4.164132562731000e+02	 1.008516937500000e-04 -1.544011875000000e-05  0.000000000000000e+00	5.625000000000000e-01	2888	0	243
244	-2.442322016829000e+02  6.910882722200000e+02 -3.888096681999000e+02	2.525092000000000e-04 0.000000000000000e+00 3.219010000000000e-05	1.000000000000000e+00	2888	0	244
246	 7.169069578547001e+02  5.905088118030000e+01 -5.844256219797001e+02	 2.626000000000000e-07 -4.549000000000000e-07 -6.313400000000000e-06	1.000000000000000e+00	0	0	246
247	 6.219351108093000e+02  2.235469455516000e+02 -6.030145316893000e+02	 3.873000000000000e-07 -6.707000000000000e-07 -6.417900000000000e-06	1.000000000000000e+00	0	0	247
248	 5.137054601485000e+02 -1.965209485776000e+02  2.286190426598000e+02	-8.468680000000000e-05  6.114000000000000e-06  0.000000000000000e+00	1.000000000000000e+00	3921	0	248
249	5.465374839397000e+02 1.800946589126000e+02 2.286190426598000e+02	 2.834000000000000e-07 -7.520000000000000e-08  0.000000000000000e+00	1.000000000000000e+00	3921	0	249
250	 4.117746675468000e+02  6.692210998238000e+02 -4.262112152443000e+02	5.300000000000000e-09 3.710000000000000e-08 0.000000000000000e+00	1.000000000000000e+00	646	0	250
251	 1.864117650119000e+02  7.024083513095001e+02 -4.262112152443000e+02	2.220000000000000e-08 1.311000000000000e-07 0.000000000000000e+00	1.000000000000000e+00	646	0	251
254	-7.012377081272000e+02 -7.179390252720000e+01 -1.159425144917000e+02	-3.783390000000000e-05  3.695160000000000e-05  0.000000000000000e+00	1.000000000000000e+00	661	0	254
255	-3.987400862064000e+02  3.196239948545000e+02 -1.159425144917000e+02	-6.202880000000000e-05  6.155820000000000e-05  0.000000000000000e+00	1.000000000000000e+00	661	0	255
256	-5.068938586614000e+02  1.998208492653000e+02 -4.164132562731000e+02	 5.701000000000001e-07 -4.702000000000000e-07  0.000000000000000e+00	1.000000000000000e+00	2888	0	256
257	-3.451128740189000e+02  3.963088240614000e+02 -4.164132562731000e+02	 3.017812500000000e-07 -2.481750000000000e-07  0.000000000000000e+00	5.625000000000000e-01	2888	0	257
258	-5.763624559292000e+02 -4.231353490255000e+02  1.077775486825000e+02	-4.429412000000000e-04 -3.494920000000000e-05  0.000000000000000e+00	1.000000000000000e+00	23	0	258
259	-6.110576764707000e+02  8.963427814180001e+01  1.077775486825000e+02	-2.433713000000000e-04 -1.235340000000000e-05  0.000000000000000e+00	1.000000000000000e+00	23	0	259
260	-3.020258099584000e+02 -1.874697412490000e+02 -1.894272067752000e+02	-3.605000000000000e-07  2.785000000000000e-07  0.000000000000000e+00	1.000000000000000e+00	27	0	260
261	-1.224021204130000e+01  1.875133620442000e+02 -1.894272067752000e+02	-1.748000000000000e-07  1.351000000000000e-07  0.000000000000000e+00	1.000000000000000e+00	27	0	261
262	-5.850263449861001e+02 -7.327031224561000e+02  2.850944734717000e+02	-3.000800000000000e-06 -5.197600000000000e-06 -5.006450000000000e-05	1.000000000000000e+00	491	0	262
263	-4.980964863604000e+02 -5.821361906216000e+02  4.758175290932000e+02	 2.679770000000000e-05  4.641490000000000e-05 -6.663780000000001e-05	1.000000000000000e+00	491	0	263
268	 8.669741488000000e+00 -1.875081395846000e+02  1.518683640526000e+02	-1.865000000000000e-07 -8.120000000000000e-08  0.000000000000000e+00	1.000000000000000e+00	2888	0	268
269	-1.546055450628000e+02  1.875047817409000e+02  1.518683640526000e+02	7.760000000000001e-08 3.380000000000000e-08 0.000000000000000e+00	1.000000000000000e+00	2888	0	269
270	-3.565957687181000e+02  3.403479836873000e+02 -7.138477858708001e+02	-4.589000000000000e-07  0.000000000000000e+00 -3.964500000000000e-06	1.000000000000000e+00	3921	0	270
273	 5.890414679909001e+02 -2.718601521211000e+02 -2.821115590747000e+02	2.879000000000000e-06 4.986600000000000e-06 1.062641000000000e-04	1.000000000000000e+00	3921	0	273
274	 4.512704958998000e+02 -5.841696347924001e+02  1.436632412309000e+02	 8.650130000000000e-05 -1.498246000000000e-04 -2.210010000000000e-05	1.000000000000000e+00	3921	0	274
277	 5.470127018922000e+02 -7.500000000000000e+02 -6.793251553319001e+02	0.000000000000000e+00 0.000000000000000e+00 0.000000000000000e+00	1.000000000000000e+00	3921	1	277
278	 4.943047515368000e+02 -5.754061578490001e+01  1.469693845670000e+01	3.056414000000000e-04 1.141330000000000e-05 0.000000000000000e+00	1.000000000000000e+00	680	0	278
279	4.639927102711000e+02 4.096696251750000e+02 1.469693845670000e+01	5.290152000000000e-04 4.687480000000000e-05 0.000000000000000e+00	1.000000000000000e+00	680	0	279
281	-4.142829054906000e+02  6.910882722200000e+02  9.388139446080001e+01	2.674803000000000e-04 0.000000000000000e+00 4.225711000000000e-04	1.000000000000000e+00	2888	0	281
282	 2.802663940652000e+02 -3.025409379091000e+02  9.471360338760000e+01	 2.626430000000000e-05 -1.360080000000000e-05  0.000000000000000e+00	1.000000000000000e+00	3921	0	282
283	 4.676278663348000e+02 -4.861273329550000e+01  9.471360338760000e+01	 4.003900000000000e-05 -4.315970000000000e-05  0.000000000000000e+00	1.000000000000000e+00	3921	0	283
284	 3.197377251738000e+02 -9.042119734900000e+00  3.592584956082000e+02	2.908538000000000e-04 8.560300000000000e-06 0.000000000000000e+00	1.000000000000000e+00	2888	0	284
286	 4.108374143980000e+01 -1.661318330982000e+02 -2.450610991738000e+02	 4.283700000000000e-05  7.419590000000000e-05 -1.249054000000000e-04	1.000000000000000e+00	2888	0	286
287	2.491802325923000e+02 1.943018624547000e+02 1.132359636842000e+02	 2.939727000000000e-04  5.091756000000000e-04 -7.793440000000001e-04	1.000000000000000e+00	2888	0	287
290	 7.503428117260000e+01 -3.540208712606000e+02  5.829785587824000e+02	 1.078970000000000e-05 -1.625740000000000e-05  0.000000000000000e+00	1.000000000000000e+00	105	0	290
291	 3.979434840819000e+02 -1.551516080008000e+02  5.829785587824000e+02	 6.544190000000001e-05 -1.053123000000000e-04  0.000000000000000e+00	1.000000000000000e+00	105	0	291
292	 4.660883026416000e+02 -6.098348289260000e+02  2.286190426598000e+02	 2.429181000000000e-04 -4.207464000000000e-04  0.000000000000000e+00	1.000000000000000e+00	3921	0	292
297	-3.772462566900000e+00  6.113556543899000e+02 -1.159425144917000e+02	 5.232500000000000e-06 -7.965700000000001e-06  0.000000000000000e+00	1.000000000000000e+00	661	0	297
298	-7.094383600925000e+02 -4.575922660650000e+01 -4.164132562731000e+02	 4.952000000000000e-07 -4.086000000000000e-07  0.000000000000000e+00	1.000000000000000e+00	2888	0	298
300	-6.222441840650000e+02  6.680998187300000e+02  1.077775486825000e+02	 3.617300000000000e-06 -2.788000000000000e-07  0.000000000000000e+00	1.000000000000000e+00	23	0	300
301	-6.642139808243001e+02 -6.562325340299001e+02 -1.894272067752000e+02	-1.840000000000000e-07  1.421000000000000e-07  0.000000000000000e+00	1.000000000000000e+00	27	0	301
302	 3.499822799765000e+02  6.562495969303001e+02 -1.894272067752000e+02	-1.650000000000000e-08  1.280000000000000e-08  0.000000000000000e+00	1.000000000000000e+00	27	0	302
305	 2.137400279585000e+02 -6.561811887456000e+02  1.518683640526000e+02	3.688000000000000e-07 1.752000000000000e-07 0.000000000000000e+00	1.000000000000000e+00	2888	0	305
306	-3.514503414170000e+02  6.910882722200000e+02  1.518683640526000e+02	-8.637749999999999e-07  1.260000000000000e-08  1.684856250000000e-06	5.625000000000000e-01	2888	0	306
307	-7.047988235497000e+02  3.403479836873000e+02 -6.871689954911001e+02	-3.900000000000000e-08  0.000000000000000e+00 -1.025600000000000e-06	1.000000000000000e+00	3921	0	307
313	 4.775364458834000e+02 -6.443355133924000e+02  1.469693845670000e+01	-7.123600000000000e-06  1.072100000000000e-06  0.000000000000000e+00	1.000000000000000e+00	680	0	313
314	4.611080534299000e+02 6.718628933908000e+02 1.469693845670000e+01	 5.496825000000000e-04 -1.034849000000000e-04  0.000000000000000e+00	1.000000000000000e+00	680	0	314
315	-5.020582393826000e+02  6.910882722200000e+02  4.843820062082000e+02	-2.546410000000000e-05  0.000000000000000e+00 -4.078230000000000e-05	1.000000000000000e+00	2888	0	315
316	 5.889284265710000e+01 -6.434510192984001e+02  9.471360338760000e+01	-1.856900000000000e-06  2.085800000000000e-06  0.000000000000000e+00	1.000000000000000e+00	3921	0	316
317	 3.313222347767000e+02 -6.547431119357000e+02  3.592584956082000e+02	 2.881420000000000e-05 -1.116400000000000e-06  0.000000000000000e+00	1.000000000000000e+00	2888	0	317
319	-2.677078569092000e+02 -7.009745703890001e+02 -4.810299102119000e+02	-8.900000000000000e-09 -1.540000000000000e-08  1.536000000000000e-07	1.000000000000000e+00	2888	0	319
320	4.775949996263000e+02 5.899278441567001e+02 5.959405865922000e+02	 1.693700000000000e-06  2.933500000000000e-06 -1.209850000000000e-05	1.000000000000000e+00	2888	0	320
322	4.422428027970000e+02 5.517925775124000e+02 3.804874067123000e+02	1.872798000000000e-04 1.289966000000000e-04 0.000000000000000e+00	1.000000000000000e+00	2905	0	322
323	-3.150680112845000e+02 -6.262638312279000e+02  5.829785587824000e+02	-8.084620000000001e-05  1.130490000000000e-04  0.000000000000000e+00	1.000000000000000e+00	105	0	323
328	 5.192622382537000e+02 -1.031078838982000e+02  2.286190426598000e+02	-8.765150000000000e-05  3.959900000000000e-06  0.000000000000000e+00	1.000000000000000e+00	3921	0	328
332	-6.499316317425000e+02  2.529073842090000e+01 -1.159425144917000e+02	-9.443730000000000e-05  1.307500000000000e-06  0.000000000000000e+00	1.000000000000000e+00	661	0	332
333	-4.850178298233000e+02  2.413497038959000e+02 -1.159425144917000e+02	-4.501560000000000e-05  7.825990000000001e-05  0.000000000000000e+00	1.000000000000000e+00	661	0	333
334	-4.663855346459000e+02  2.489373291272000e+02 -4.164132562731000e+02	 5.780000000000000e-07 -4.767000000000000e-07  0.000000000000000e+00	1.000000000000000e+00	2888	0	334
335	-3.855088915805000e+02  3.471927872703000e+02 -4.164132562731000e+02	 3.228750000000000e-07 -2.653875000000000e-07  0.000000000000000e+00	5.625000000000000e-01	2888	0	335
336	-5.855634771708001e+02 -2.954694820488000e+02  1.077775486825000e+02	-3.925871000000000e-04 -2.988000000000000e-05  0.000000000000000e+00	1.000000000000000e+00	23	0	336
337	-6.041442861708000e+02 -3.176947991670000e+01  1.077775486825000e+02	-2.937616000000000e-04 -1.843560000000000e-05  0.000000000000000e+00	1.000000000000000e+00	23	0	337
338	-2.295807093681000e+02 -9.372295930510001e+01 -1.894272067752000e+02	-3.381000000000000e-07  2.613000000000000e-07  0.000000000000000e+00	1.000000000000000e+00	27	0	338
339	-8.468474075480000e+01  9.376614254690000e+01 -1.894272067752000e+02	-2.096000000000000e-07  1.619000000000000e-07  0.000000000000000e+00	1.000000000000000e+00	27	0	339
342	-3.216371784890000e+01 -9.375620749010001e+01  1.518683640526000e+02	-1.594000000000000e-07 -6.940000000000000e-08  0.000000000000000e+00	1.000000000000000e+00	2888	0	342
343	-1.137950296988000e+02  9.375301047040000e+01  1.518683640526000e+02	1.170000000000000e-08 5.100000000000000e-09 0.000000000000000e+00	1.000000000000000e+00	2888	0	343
344	-2.840236966419000e+02  3.403479836873000e+02 -7.229820461932001e+02	-3.792000000000000e-07  0.000000000000000e+00 -2.730900000000000e-06	1.000000000000000e+00	3921	0	344
346	 4.427329369429000e+02 -5.693821489065000e+02  9.715757540240000e+01	 3.937180000000000e-05 -6.819390000000000e-05 -1.369538000000000e-04	1.000000000000000e+00	3921	0	346
349	-1.673217017650000e+02  4.872634807287000e+02 -6.793251553319001e+02	 1.988460000000000e-05 -3.444120000000000e-05  0.000000000000000e+00	1.000000000000000e+00	3921	0	349
350	4.894440637687000e+02 2.401493214600000e+01 1.469693845670000e+01	3.083919000000000e-04 2.031600000000000e-05 0.000000000000000e+00	1.000000000000000e+00	680	0	350
351	4.728224520443000e+02 2.988715159892000e+02 1.469693845670000e+01	4.072429000000000e-04 2.922090000000000e-05 0.000000000000000e+00	1.000000000000000e+00	680	0	351
352	-4.038382284255000e+02  6.910882722200000e+02  3.592584956082000e+02	-5.782410000000000e-05  0.000000000000000e+00  0.000000000000000e+00	1.000000000000000e+00	2888	0	352
354	 3.194949626074000e+02 -2.317019940920000e+02  9.471360338760000e+01	 4.286620000000000e-05 -2.635440000000000e-05  0.000000000000000e+00	1.000000000000000e+00	3921	0	354
355	 4.135005827900000e+02 -1.041114479131000e+02  9.471360338760000e+01	 4.656800000000000e-05 -4.200660000000000e-05  0.000000000000000e+00	1.000000000000000e+00	3921	0	355
356	3.165612104178000e+02 9.869828509120001e+01 3.592584956082000e+02	3.887147000000000e-04 1.993230000000000e-05 0.000000000000000e+00	1.000000000000000e+00	2888	0	356
358	 9.877443652330000e+01 -6.620861808960001e+01 -1.581076761956000e+02	 1.738796000000000e-04  3.011684000000000e-04 -4.058061000000000e-04	1.000000000000000e+00	2888	0	358
359	2.013563538967000e+02 1.114684747390000e+02 3.384174715140000e+01	 3.851368000000000e-04  6.670765000000000e-04 -8.373864000000000e-04	1.000000000000000e+00	2888	0	359
362	 1.539421138056000e+02 -3.017451880917000e+02  5.829785587824000e+02	 2.781480000000000e-05 -4.255660000000000e-05  0.000000000000000e+00	1.000000000000000e+00	105	0	362
363	 3.142537215599000e+02 -2.010869417299000e+02  5.829785587824000e+02	 4.304420000000000e-05 -7.322760000000000e-05  0.000000000000000e+00	1.000000000000000e+00	105	0	363
364	 4.821106259038000e+02 -4.642155265981000e+02  2.286190426598000e+02	 2.297060000000000e-05 -4.548800000000000e-06  0.000000000000000e+00	1.000000000000000e+00	3921	0	364
365	 5.055082058980000e+02 -2.883316321781000e+02  2.286190426598000e+02	-7.003560000000000e-05  7.226100000000000e-06  0.000000000000000e+00	1.000000000000000e+00	3921	0	365
367	5.819725735522001e+02 2.689676709057000e+02 2.286190426598000e+02	-4.491168000000000e-04  2.370797000000000e-04  0.000000000000000e+00	1.000000000000000e+00	3921	0	367
373	-7.487854432075001e+02 -1.960077278977000e+02 -1.159425144917000e+02	-2.214731250000000e-06 -1.268043750000000e-06  0.000000000000000e+00	5.625000000000000e-01	661	0	373
374	-1.564449368054000e+02  5.056726900559000e+02 -1.159425144917000e+02	-2.316440000000000e-05  3.192720000000000e-05  0.000000000000000e+00	1.000000000000000e+00	661	0	374
375	-3.137866317534000e+02  3.875109509374000e+02 -1.159425144917000e+02	-4.922530000000000e-05  6.230270000000000e-05  0.000000000000000e+00	1.000000000000000e+00	661	0	375
376	-6.284225786479000e+02  5.247449481700000e+01 -4.164132562731000e+02	 5.099000000000000e-07 -4.206000000000000e-07  0.000000000000000e+00	1.000000000000000e+00	2888	0	376
377	-5.474029200560000e+02  1.507049786708000e+02 -4.164132562731000e+02	 5.558000000000000e-07 -4.584000000000000e-07  0.000000000000000e+00	1.000000000000000e+00	2888	0	377
378	-5.683795885986000e+02 -6.768630879794000e+02  1.077775486825000e+02	-5.073085000000000e-04  4.747520000000000e-05  0.000000000000000e+00	1.000000000000000e+00	23	0	378
379	-5.673469657190000e+02 -5.305856182208000e+02  1.077775486825000e+02	-4.932554000000000e-04 -3.519490000000000e-05  0.000000000000000e+00	1.000000000000000e+00	23	0	379
380	-6.220878146807000e+02  4.463862176297000e+02  1.077775486825000e+02	-8.926830000000001e-05 -1.178800000000000e-06  0.000000000000000e+00	1.000000000000000e+00	23	0	380
381	-6.163773145349001e+02  2.127630265303000e+02  1.077775486825000e+02	-1.905736000000000e-04 -6.761400000000000e-06  0.000000000000000e+00	1.000000000000000e+00	23	0	381
382	-5.193305819031000e+02 -4.687336861259000e+02 -1.894272067752000e+02	-1.794000000000000e-07  1.386000000000000e-07  0.000000000000000e+00	1.000000000000000e+00	27	0	382
383	-3.744664143599000e+02 -2.812199982509000e+02 -1.894272067752000e+02	-3.469000000000000e-07  2.681000000000000e-07  0.000000000000000e+00	1.000000000000000e+00	27	0	383
384	 2.050935129803000e+02  4.687549180397000e+02 -1.894272067752000e+02	-6.520000000000000e-08  5.040000000000000e-08  0.000000000000000e+00	1.000000000000000e+00	27	0	384
385	 6.020468365580000e+01  2.812602984512000e+02 -1.894272067752000e+02	-1.432000000000000e-07  1.107000000000000e-07  0.000000000000000e+00	1.000000000000000e+00	27	0	385
388	5.436271799720000e+02 2.146268949110000e+01 9.471360338760000e+01	 3.696040000000000e-05 -4.051130000000000e-05  0.000000000000000e+00	1.000000000000000e+00	3921	0	388
390	 1.312591213906000e+02 -4.687683448528000e+02  1.518683640526000e+02	-4.289000000000000e-07 -1.874000000000000e-07  0.000000000000000e+00	1.000000000000000e+00	2888	0	390
391	 4.950291586100001e+01 -2.812601946042000e+02  1.518683640526000e+02	-2.318000000000000e-07 -1.009000000000000e-07  0.000000000000000e+00	1.000000000000000e+00	2888	0	391
392	-2.772729971710000e+02  4.686517518026000e+02  1.518683640526000e+02	2.290000000000000e-08 1.210000000000000e-08 0.000000000000000e+00	1.000000000000000e+00	2888	0	392
393	-1.954207225810000e+02  2.812545238144000e+02  1.518683640526000e+02	1.037000000000000e-07 4.520000000000000e-08 0.000000000000000e+00	1.000000000000000e+00	2888	0	393
394	-5.642118622671001e+02  3.403479836873000e+02 -6.945783580469000e+02	-2.998000000000000e-07  0.000000000000000e+00 -4.320700000000000e-06	1.000000000000000e+00	3921	0	394
395	-4.270531967880000e+02  3.403479836873000e+02 -7.061935096567000e+02	-4.687000000000000e-07  0.000000000000000e+00 -4.695900000000000e-06	1.000000000000000e+00	3921	0	395
396	 2.034735726540000e+02  3.403479836873000e+02 -7.500000000000000e+02	-3.000000000000000e-09  0.000000000000000e+00 -2.838100000000000e-06	1.000000000000000e+00	1263	1	396
397	 4.086624997940000e+01  3.403479836873000e+02 -7.500000000000000e+02	 2.000000000000000e-10  0.000000000000000e+00 -2.141000000000000e-07	1.000000000000000e+00	1263	1	397
400	 5.083417165423000e+02 -6.830198885952000e+02 -4.819764940535000e+02	 7.700000000000000e-08 -1.333000000000000e-07 -1.136440000000000e-05	1.000000000000000e+00	3921	0	400
401	 4.367064837620000e+02 -5.589440258077000e+02 -2.693604700350000e+02	-3.189260000000000e-05  5.523960000000000e-05  5.549560000000000e-05	1.000000000000000e+00	3921	0	401
402	-4.593191056137000e+02  6.547736384636000e+02 -6.793251553319001e+02	-3.290180000000000e-05 -7.417810000000000e-05  0.000000000000000e+00	1.000000000000000e+00	3921	0	402
403	-3.898365309972000e+02  6.227852495126000e+02 -6.793251553319001e+02	-3.989980000000000e-05 -8.335180000000000e-05  0.000000000000000e+00	1.000000000000000e+00	3921	0	403
406	 4.901428424974000e+02 -4.284860682190000e+02  1.469693845670000e+01	 7.442220000000000e-05 -3.096100000000000e-06  0.000000000000000e+00	1.000000000000000e+00	680	0	406
407	 4.949170400198000e+02 -1.652056912555000e+02  1.469693845670000e+01	2.360012000000000e-04 3.686000000000000e-07 0.000000000000000e+00	1.000000000000000e+00	680	0	407
408	4.518281010770000e+02 6.148602649454000e+02 1.469693845670000e+01	 5.912299000000001e-04 -6.941830000000000e-05  0.000000000000000e+00	1.000000000000000e+00	680	0	408
409	4.546571036980000e+02 5.066296105480000e+02 1.469693845670000e+01	6.325035000000000e-04 5.526500000000000e-05 0.000000000000000e+00	1.000000000000000e+00	680	0	409
412	 1.666295496882000e+02 -5.268097089242000e+02  9.471360338760000e+01	-8.163000000000000e-07  5.803000000000000e-07  0.000000000000000e+00	1.000000000000000e+00	3921	0	412
413	 2.470418035669000e+02 -3.770833704276000e+02  9.471360338760000e+01	 1.194100000000000e-06 -5.306000000000001e-07  0.000000000000000e+00	1.000000000000000e+00	3921	0	413
414	 3.331812725748000e+02 -4.057618614459000e+02  3.592584956082000e+02	1.437186000000000e-04 2.688900000000000e-06 0.000000000000000e+00	1.000000000000000e+00	2888	0	414
415	 3.243027997485000e+02 -1.418810631780000e+02  3.592584956082000e+02	2.656401000000000e-04 1.007680000000000e-05 0.000000000000000e+00	1.000000000000000e+00	2888	0	415
416	-8.132625707990000e+01  6.910882722200000e+02  3.592584956082000e+02	0.000000000000000e+00 0.000000000000000e+00 0.000000000000000e+00	1.000000000000000e+00	2888	0	416
417	4.313348143124000e+02 5.795264457706000e+02 3.592584956082000e+02	 3.348248000000000e-04 -9.676210000000000e-05  0.000000000000000e+00	1.000000000000000e+00	2888	0	417
418	-1.457427058479000e+02 -4.897247319980000e+02 -4.278790489959000e+02	 5.110000000000000e-08  8.850000000000000e-08 -2.860000000000000e-07	1.000000000000000e+00	2888	0	418
419	-2.067852727320000e+01 -2.731072204998000e+02 -3.182150334958000e+02	 1.209810000000000e-05  2.095460000000000e-05 -4.526820000000000e-05	1.000000000000000e+00	2888	0	419
420	3.583963730805000e+02 3.834697667870000e+02 4.800833576719000e+02	-1.539540000000000e-05 -2.666570000000000e-05  4.436840000000000e-05	1.000000000000000e+00	2888	0	420
421	3.153743977836000e+02 3.089535197306000e+02 1.935141292020000e+02	 1.265345000000000e-04  2.191642000000000e-04 -4.403248000000000e-04	1.000000000000000e+00	2888	0	421
424	4.050910112190000e+02 6.480255649897000e+02 3.804874067123000e+02	2.101468000000000e-04 5.002510000000000e-05 0.000000000000000e+00	1.000000000000000e+00	2905	0	424
426	-1.609931365220000e+02 -5.146750918773000e+02  5.829785587824000e+02	-4.798050000000000e-05  6.737860000000001e-05  0.000000000000000e+00	1.000000000000000e+00	105	0	426
427	-3.804880286500000e+00 -4.066504082970000e+02  5.829785587824000e+02	-8.534500000000001e-06  1.260440000000000e-05  0.000000000000000e+00	1.000000000000000e+00	105	0	427
428	 6.327981030829001e+02 -1.450393611950000e+01  5.829785587824000e+02	 2.897990000000000e-05 -5.740530000000000e-05  0.000000000000000e+00	1.000000000000000e+00	105	0	428
429	 4.776992864657000e+02 -1.042668645425000e+02  5.829785587824000e+02	 1.096337000000000e-04 -1.708706000000000e-04  0.000000000000000e+00	1.000000000000000e+00	105	0	429
430	-2.364764361360000e+02  5.492909540938000e+02 -4.164132562731000e+02	-2.740600000000000e-06  1.105400000000000e-06  0.000000000000000e+00	1.000000000000000e+00	2888	0	430
431	-3.047252484187000e+02  4.454318015642000e+02 -4.164132562731000e+02	 1.581750000000000e-07 -1.294875000000000e-07  0.000000000000000e+00	5.625000000000000e-01	2888	0	431
432	-3.067404401579000e+02  6.910882722200000e+02 -3.002148035738000e+02	 2.717877000000000e-04  0.000000000000000e+00 -5.468940000000001e-05	1.000000000000000e+00	2888	0	432
433	-4.212482286537000e+02  6.910882722200000e+02 -9.005050940610001e+01	-2.538926000000000e-04  0.000000000000000e+00  8.207079000000000e-04	1.000000000000000e+00	2888	0	433
434	6.586332910539001e+02 1.156705028213000e+02 9.471360338760000e+01	 5.088122578125000e-05 -6.610042968750000e-05  0.000000000000000e+00	3.164062500000000e-01	3921	0	434
436	 4.902065299479000e+02  4.517075404124000e+02 -6.466021225988001e+02	 4.156000000000000e-07 -7.198000000000000e-07 -3.565600000000000e-06	1.000000000000000e+00	0	0	436
438	5.076115417850000e+02 6.419180202430000e+02 6.117394578350001e+02	 1.270400000000000e-06  2.200400000000000e-06 -1.110240000000000e-05	1.000000000000000e+00	2888	0	438
439	 1.259028062544000e+02 -1.922090338890000e+01 -1.096876879307000e+02	 2.446011000000000e-04  4.236615000000000e-04 -5.344072000000000e-04	1.000000000000000e+00	2888	0	439
440	 1.775878917763000e+02  7.030029072860000e+01 -1.081386181500000e+01	 3.577731000000000e-04  6.196811000000000e-04 -7.494027000000001e-04	1.000000000000000e+00	2888	0	440
441	-1.142886040110000e+02 -4.352446295101000e+02 -4.050971767148000e+02	 3.934000000000000e-07  6.814000000000001e-07 -1.901500000000000e-06	1.000000000000000e+00	2888	0	441
442	-5.197856156910000e+01 -3.273204701789000e+02 -3.497258651285000e+02	 7.834500000000001e-06  1.356980000000000e-05 -3.189660000000000e-05	1.000000000000000e+00	2888	0	442
443	3.031409461671000e+02 2.877645599790000e+02 3.932395947698000e+02	-8.454320000000000e-04 -1.464331100000000e-03 -1.641256700000000e-03	1.000000000000000e+00	2888	0	443
444	4.559311504334000e+02 5.524049566671000e+02 3.592584956082000e+02	-1.139850000000000e-05 -1.974280000000000e-05  0.000000000000000e+00	1.000000000000000e+00	2888	0	444
445	-2.391514033791000e+02 -6.515133419909000e+02 -4.732815967379000e+02	-2.870000000000000e-08 -4.960000000000000e-08  3.816000000000000e-07	1.000000000000000e+00	2888	0	445
446	-1.773143909033000e+02 -5.444084945946000e+02 -4.468748641263000e+02	-1.550000000000000e-08 -2.680000000000000e-08  1.145000000000000e-07	1.000000000000000e+00	2888	0	446
447	4.476340625148000e+02 5.380339788371000e+02 5.751194377140000e+02	 6.573000000000000e-07  1.138500000000000e-06 -3.568000000000000e-06	1.000000000000000e+00	2888	0	447
448	3.888401995501000e+02 4.362000210091000e+02 5.169264016167000e+02	-6.617500000000001e-06 -1.146180000000000e-05  2.244080000000000e-05	1.000000000000000e+00	2888	0	448
449	 7.085676492200000e+01 -1.145634437321000e+02 -2.028729137505000e+02	 1.023779000000000e-04  1.773237000000000e-04 -2.645308000000000e-04	1.000000000000000e+00	2888	0	449
450	 1.040797608310000e+01 -2.192638172571000e+02 -2.833717744803000e+02	 1.890840000000000e-05  3.275040000000000e-05 -6.292950000000000e-05	1.000000000000000e+00	2888	0	450
451	2.253648303601000e+02 1.530523757858000e+02 7.631483295150001e+01	 3.887459000000000e-04  6.733276000000000e-04 -9.062839000000000e-04	1.000000000000000e+00	2888	0	451
452	2.754158847031000e+02 2.397433448804000e+02 1.474352541825000e+02	 1.948480000000000e-04  3.374867000000000e-04 -6.733908000000000e-04	1.000000000000000e+00	2888	0	452
453	 3.283205634846000e+02 -7.020769289080000e+02  3.592584956082000e+02	 6.751700000000000e-06 -4.365000000000000e-07  0.000000000000000e+00	1.000000000000000e+00	2888	0	453
455	-3.780566615038000e+02 -3.742211150382000e+02  6.402440727465000e+02	 1.912660000000000e-05  3.312830000000000e-05 -6.974450000000000e-05	1.000000000000000e+00	491	0	455
459	 3.331420709092000e+02 -5.953632277162001e+02  3.592584956082000e+02	 5.628150000000000e-05 -1.117500000000000e-06  0.000000000000000e+00	1.000000000000000e+00	2888	0	459
460	3.130580018582000e+02 1.475555290644000e+02 3.592584956082000e+02	4.713849000000000e-04 2.831890000000000e-05 0.000000000000000e+00	1.000000000000000e+00	2888	0	460
463	4.033551693709000e+02 6.545641204796000e+02 3.592584956082000e+02	1.823083000000000e-04 2.622500000000000e-06 0.000000000000000e+00	1.000000000000000e+00	2888	0	463
465	 4.119810129740000e+01  6.407042087834001e+02 -1.159425144917000e+02	 1.286940000000000e-05 -2.009610000000000e-05  0.000000000000000e+00	1.000000000000000e+00	661	0	465
468	-6.286580271165001e+02  9.124941882170000e+01  6.580962442277000e+02	-1.471810000000000e-04  4.218370000000000e-05  0.000000000000000e+00	1.000000000000000e+00	1105	0	468
471	 3.339968155362000e+02 -4.732539813174000e+02  3.592584956082000e+02	1.117258000000000e-04 7.380000000000001e-07 0.000000000000000e+00	1.000000000000000e+00	2888	0	471
475	-7.156617860632000e+02  7.166508743100000e+01  6.580962442277000e+02	-2.822220000000000e-05  4.240000000000000e-06  0.000000000000000e+00	1.000000000000000e+00	1105	0	475
479	7.496873729648000e+02 5.715767664980000e+01 6.580962442277000e+02	 8.546449218750001e-07 -9.647542968750001e-07  0.000000000000000e+00	3.164062500000000e-01	1105	0	479
483	 4.926578074044000e+02 -3.686031063406000e+02  1.469693845670000e+01	 1.092790000000000e-04 -2.881800000000000e-06  0.000000000000000e+00	1.000000000000000e+00	680	0	483
484	-5.531487770757000e+02  9.916411089100001e+01  6.580962442277000e+02	-5.886530000000000e-05  1.028280000000000e-04  0.000000000000000e+00	1.000000000000000e+00	1105	0	484
486	-3.615518017651000e+02 -6.584945960185000e+02  5.829785587824000e+02	-8.590060000000000e-05  1.278049000000000e-04  0.000000000000000e+00	1.000000000000000e+00	105	0	486
487	4.923338544228000e+02 6.017450408789000e+02 2.286190426598000e+02	-8.295500000000000e-06  4.919441000000001e-04  0.000000000000000e+00	1.000000000000000e+00	3921	0	487
488	 4.620890544209000e+02  5.004084366058000e+02 -6.600606943209000e+02	 2.829000000000000e-07 -4.900000000000000e-07 -2.229500000000000e-06	1.000000000000000e+00	0	0	488
490	4.696057804301000e+02 5.122097935979000e+02 3.804874067123000e+02	1.941919000000000e-04 1.417439000000000e-04 0.000000000000000e+00	1.000000000000000e+00	2905	0	490
491	-5.218580182367000e+02 -6.232923710970000e+02  4.351109807188000e+02	 2.020430000000000e-05  3.499480000000000e-05 -5.279740000000000e-05	1.000000000000000e+00	491	0	491
494	 7.500119183700000e+00 -6.857286899324000e+02  9.471360338760000e+01	 2.750000000000000e-07 -3.824000000000000e-07  0.000000000000000e+00	1.000000000000000e+00	3921	0	494
495	 4.944860449989000e+02 -2.428762535660000e+02  1.469693845670000e+01	 1.899578000000000e-04 -1.499000000000000e-06  0.000000000000000e+00	1.000000000000000e+00	680	0	495
496	 3.406118932595000e+02 -7.021527976587000e+02 -2.113827688140000e+01	 5.233800000000001e-06  9.065200000000001e-06 -1.606533000000000e-04	1.000000000000000e+00	3921	0	496
497	-4.744023197727000e+02 -5.410966902487000e+02  5.131591808530001e+02	 3.078470000000000e-05  5.332070000000000e-05 -8.069190000000000e-05	1.000000000000000e+00	491	0	497
499	 5.031613330749000e+02 -4.206089091565000e+02 -2.701923712136000e+02	1.888100000000000e-06 3.270300000000000e-06 8.004490000000000e-05	1.000000000000000e+00	3921	0	499
501	-4.892231596419000e+02  1.014256646146000e+02  6.580962442277000e+02	-1.110230000000000e-05  1.390270000000000e-04  0.000000000000000e+00	1.000000000000000e+00	1105	0	501
503	-4.256506168368000e+02  1.006281733685000e+02  6.580962442277000e+02	1.549560000000000e-05 1.716305000000000e-04 0.000000000000000e+00	1.000000000000000e+00	1105	0	503
505	5.312152380154000e+02 1.199747607107000e+02 2.286190426598000e+02	 1.616500000000000e-06 -2.012000000000000e-07  0.000000000000000e+00	1.000000000000000e+00	3921	0	505
507	-5.678940998753001e+02 -7.030292034765000e+02  3.368321850677000e+02	-8.091000000000001e-06 -1.401410000000000e-05 -7.776130000000000e-05	1.000000000000000e+00	491	0	507
512	 9.022096347450001e+01  6.715539878934001e+02 -1.159425144917000e+02	 1.923640000000000e-05 -3.146570000000000e-05  0.000000000000000e+00	1.000000000000000e+00	661	0	512
519	-3.527449781094000e+02  9.649981770350000e+01  6.580962442277000e+02	2.227200000000000e-06 2.122620000000000e-04 0.000000000000000e+00	1.000000000000000e+00	1105	0	519
521	-5.943519639586000e+02 -7.488555683284001e+02  2.423378062486000e+02	 8.175375000000001e-07  1.416037500000000e-06 -5.845162500000000e-06	5.625000000000000e-01	491	0	521
523	 5.021415954490000e+01  6.910882722200000e+02 -6.298758130764000e+02	-2.609500000000000e-06  0.000000000000000e+00 -4.432800000000000e-06	1.000000000000000e+00	2888	0	523
527	4.770737957633000e+02 2.197404520360000e+02 1.469693845670000e+01	3.303680000000000e-04 1.808270000000000e-05 0.000000000000000e+00	1.000000000000000e+00	680	0	527
529	-3.526571996789000e+02 -3.302279566726000e+02  6.657994734186000e+02	 1.420210000000000e-05  2.459870000000000e-05 -6.045610000000001e-05	1.000000000000000e+00	491	0	529
530	-5.327385534965000e+02  6.910882722200000e+02  5.188846515211001e+02	-3.165120000000000e-05  0.000000000000000e+00 -2.779570000000000e-05	1.000000000000000e+00	2888	0	530
531	5.338031965073001e+02 6.872832969563000e+02 6.217643759318000e+02	 6.078000000000000e-07  1.052800000000000e-06 -8.138800000000001e-06	1.000000000000000e+00	2888	0	531
533	4.474216277564000e+02 6.924542807352000e+02 2.286190426598000e+02	-3.517800000000000e-05  1.487665000000000e-04  0.000000000000000e+00	1.000000000000000e+00	3921	0	533
535	 4.338759563054000e+02  5.492749559807000e+02 -6.755648243611000e+02	 6.472499999999999e-08 -1.120500000000000e-07 -4.505250000000000e-07	7.500000000000000e-01	0	0	535
537	-2.889528527374000e+02  9.033522396040000e+01  6.580962442277000e+02	2.559940000000000e-05 2.480940000000000e-04 0.000000000000000e+00	1.000000000000000e+00	1105	0	537
538	-6.140062325291000e+02  1.521969097084000e+02  1.077775486825000e+02	-2.166048000000000e-04 -9.420100000000000e-06  0.000000000000000e+00	1.000000000000000e+00	23	0	538
540	-7.087693894332000e+02 -6.630939242423000e+02 -1.159425144917000e+02	-2.270619000000000e-04  3.429355000000000e-04  0.000000000000000e+00	1.000000000000000e+00	661	0	540
545	-2.254391377058000e+02  8.210038871890001e+01  6.580962442277000e+02	3.505600000000000e-05 2.884146000000000e-04 0.000000000000000e+00	1.000000000000000e+00	1105	0	545
547	-5.907399639334001e+02 -2.242796527008000e+02  1.077775486825000e+02	-3.666716000000000e-04 -2.687590000000000e-05  0.000000000000000e+00	1.000000000000000e+00	23	0	547
548	-4.138933256860000e+01 -7.238027291260000e+02  9.471360338760000e+01	 5.858200000000000e-06 -6.937300000000000e-06  0.000000000000000e+00	1.000000000000000e+00	3921	0	548
553	4.847910306131000e+02 8.562351932850001e+01 1.469693845670000e+01	2.988369000000000e-04 2.040490000000000e-05 0.000000000000000e+00	1.000000000000000e+00	680	0	553
560	-7.307613711845000e+02 -6.225794284240001e+02 -1.159425144917000e+02	-1.172600000000000e-04  3.556258000000000e-04  0.000000000000000e+00	1.000000000000000e+00	661	0	560
566	-6.001162765681000e+02 -9.334823504750000e+01  1.077775486825000e+02	-3.180530000000000e-04 -2.142720000000000e-05  0.000000000000000e+00	1.000000000000000e+00	23	0	566
567	-6.077835686119000e+02  2.910670414410000e+01  1.077775486825000e+02	-2.689294000000000e-04 -1.535180000000000e-05  0.000000000000000e+00	1.000000000000000e+00	23	0	567
568	-1.626290091302000e+02  7.231193310720001e+01  6.580962442277000e+02	5.169000000000000e-05 3.309251000000000e-04 0.000000000000000e+00	1.000000000000000e+00	1105	0	568
571	-5.335623367340000e+02  1.902313048900000e+02 -1.159425144917000e+02	-6.354770000000000e-05  6.194030000000000e-05  0.000000000000000e+00	1.000000000000000e+00	661	0	571
572	-3.685891706172000e+02  6.910882722200000e+02  1.518683640526000e+02	 3.977940000000000e-05 -1.932000000000000e-07 -3.145520000000000e-05	1.000000000000000e+00	2888	0	572
577	5.255533122873001e+02 5.119534165623000e+02 2.286190426598000e+02	 8.979381000000001e-04 -6.759907000000000e-04  0.000000000000000e+00	1.000000000000000e+00	3921	0	577
582	-4.078727246110000e+02 -6.885557248937000e+02  5.829785587824000e+02	-8.621290000000000e-05  1.380579000000000e-04  0.000000000000000e+00	1.000000000000000e+00	105	0	582
583	-1.007246499845000e+02  6.155341046550000e+01  6.580962442277000e+02	6.859200000000000e-05 3.748381000000000e-04 0.000000000000000e+00	1.000000000000000e+00	1105	0	583
585	 4.053796348486000e+02  5.986320325727000e+02 -6.931310440036000e+02	-1.127000000000000e-07  1.953000000000000e-07  7.865000000000000e-07	1.000000000000000e+00	0	0	585
589	 1.404787249468000e+02  7.014167588453000e+02 -1.159425144917000e+02	 2.216130000000000e-05 -3.876970000000000e-05  0.000000000000000e+00	1.000000000000000e+00	661	0	589
595	5.113054578218000e+02 4.721021466481000e+02 3.804874067123000e+02	1.403464000000000e-04 1.525323000000000e-04 0.000000000000000e+00	1.000000000000000e+00	2905	0	595
598	 9.658434767450001e+01  6.910882722200000e+02 -6.579275703418000e+02	-3.515600000000000e-06  0.000000000000000e+00 -5.970500000000000e-06	1.000000000000000e+00	2888	0	598
600	-3.979104730550000e+01  5.001870818440000e+01  6.580962442277000e+02	8.569230000000000e-05 4.197075000000000e-04 0.000000000000000e+00	1.000000000000000e+00	1105	0	600
602	-4.379923656286000e+02  6.910882722200000e+02  1.990974402800000e+00	5.508150000000000e-05 0.000000000000000e+00 6.269718000000000e-04	1.000000000000000e+00	2888	0	602
610	-5.663134840121000e+02  6.910882722200000e+02  5.553251861982001e+02	-2.661480000000000e-05  0.000000000000000e+00 -2.569440000000000e-05	1.000000000000000e+00	2888	0	610
611	-5.806472147205001e+02 -3.574510752949000e+02  1.077775486825000e+02	-4.184258000000000e-04 -3.059570000000000e-05  0.000000000000000e+00	1.000000000000000e+00	23	0	611
615	 4.300000000000000e+02 -5.473280551918000e+02 -2.606506917860000e+02	0.000000000000000e+00 0.000000000000000e+00 0.000000000000000e+00	1.000000000000000e+00	3921	0	615
616	-3.261858271945000e+02 -2.843781945836000e+02  6.885538531536000e+02	 9.385900000000001e-06  1.625690000000000e-05 -4.690460000000000e-05	1.000000000000000e+00	491	0	616
618	1.950929208030000e+01 3.765662869460000e+01 6.580962442277000e+02	1.052050000000000e-04 4.652348000000000e-04 0.000000000000000e+00	1.000000000000000e+00	1105	0	618
620	 3.765050960977000e+02  6.486442007344000e+02 -7.084897799070001e+02	-5.229558297729492e-06  9.057856146240235e-06  3.601322848663330e-05	7.508468627929688e-02	0	0	620
625	-6.126179726704000e+02  8.605895942880001e+01 -1.159425144917000e+02	-6.848740000000000e-05  6.312660000000001e-05  0.000000000000000e+00	1.000000000000000e+00	661	0	625
627	 5.252042438492000e+02 -6.952815177058001e+02  2.286190426598000e+02	-1.226512000000000e-04  1.707818000000000e-04  0.000000000000000e+00	1.000000000000000e+00	3921	0	627
630	-3.318649505257000e+02  6.910882722200000e+02  1.812878440119000e+02	-2.049620000000000e-05  0.000000000000000e+00 -3.237290000000000e-05	1.000000000000000e+00	2888	0	630
631	7.708803699950001e+01 2.422112461810000e+01 6.580962442277000e+02	1.290584000000000e-04 5.109837000000000e-04 0.000000000000000e+00	1.000000000000000e+00	1105	0	631
639	 1.466268117125000e+02  6.910882722200000e+02 -6.845375288226001e+02	-2.444000000000000e-07  0.000000000000000e+00 -4.636000000000000e-07	1.000000000000000e+00	2888	0	639
646	 3.316211012160000e+02 -3.413818426064000e+02  3.592584956082000e+02	1.745193000000000e-04 5.175500000000000e-06 0.000000000000000e+00	1.000000000000000e+00	2888	0	646
647	 3.268294799104000e+02 -2.123609234009000e+02  3.592584956082000e+02	2.351209000000000e-04 8.903700000000001e-06 0.000000000000000e+00	1.000000000000000e+00	2888	0	647
655	 1.939194540465000e+02  7.276285291544000e+02 -1.159425144917000e+02	 5.477500000000000e-06 -1.177110000000000e-05  0.000000000000000e+00	1.000000000000000e+00	661	0	655
660	-4.576651209426000e+02 -7.137122858146000e+02  5.829785587824000e+02	-3.621170000000000e-05  7.734350000000000e-05  0.000000000000000e+00	1.000000000000000e+00	105	0	660
664	1.345880911107000e+02 9.071303508700000e+00 6.580962442277000e+02	1.557558000000000e-04 5.576338000000000e-04 0.000000000000000e+00	1.000000000000000e+00	1105	0	664
675	3.917725757961000e+02 7.301353856585000e+02 3.592584956082000e+02	1.463909000000000e-04 2.076120000000000e-05 0.000000000000000e+00	1.000000000000000e+00	2888	0	675
681	 3.365659134590000e+02  7.178208942773000e+02 -7.316883108466001e+02	-5.274650406074524e-06  9.135961114025116e-06  9.581879680252075e-06	5.631351470947266e-02	0	0	681
683	-7.318970157223000e+02 -1.423639559338000e+02 -1.159425144917000e+02	-3.894670000000000e-05 -4.211500000000000e-05  0.000000000000000e+00	1.000000000000000e+00	661	0	683
688	-6.025615073195000e+02  6.910882722200000e+02  5.934730683587001e+02	-2.093250000000000e-05  0.000000000000000e+00 -2.203610000000000e-05	1.000000000000000e+00	2888	0	688
689	 1.927509798325000e+02 -8.164687667300001e+00  6.580962442277000e+02	1.847901000000000e-04 6.034036000000001e-04 0.000000000000000e+00	1.000000000000000e+00	1105	0	689
696	 4.691094788373000e+02 -4.795884507879000e+02 -2.669876290722000e+02	-4.567303125000000e-06 -7.910831250000001e-06  4.596935625000001e-05	4.218750000000000e-01	3921	0	696
703	 2.505448832428000e+02 -2.691486091030000e+01  6.580962442277000e+02	2.120127000000000e-04 6.412399000000000e-04 0.000000000000000e+00	1.000000000000000e+00	1105	0	703
707	 3.217696260779000e+02 -7.827689121400000e+01  3.592584956082000e+02	2.998261000000000e-04 1.040750000000000e-05 0.000000000000000e+00	1.000000000000000e+00	2888	0	707
708	 4.240084672273000e+02 -5.473280551918000e+02 -2.585850862678000e+02	1.032678808593750e-05 0.000000000000000e+00 5.610120117187500e-06	2.373046875000000e-01	3921	0	708
709	-2.143349307654000e+02  6.910882722200000e+02 -4.147363224095000e+02	1.103702000000000e-04 0.000000000000000e+00 1.068480000000000e-04	1.000000000000000e+00	2888	0	709
710	 3.124433637283000e+02 -4.786966454850000e+01  6.580962442277000e+02	2.231590000000000e-04 6.660377000000000e-04 0.000000000000000e+00	1.000000000000000e+00	1105	0	710
711	6.335537760618000e+02 3.800920093900000e+02 2.286190426598000e+02	-2.298002100000000e-03  3.980256400000000e-03  0.000000000000000e+00	1.000000000000000e+00	3921	0	711
712	-3.328882959135000e+02  6.910882722200000e+02  2.189439502913000e+02	-8.959300000000001e-06  0.000000000000000e+00 -8.379260000000000e-05	1.000000000000000e+00	2888	0	712
714	 4.075239067693000e+02 -7.638112084120000e+01  6.580962442277000e+02	3.665110000000000e-04 6.033659000000000e-04 0.000000000000000e+00	1.000000000000000e+00	1105	0	714
715	 4.682615664392000e+02 -8.357692277110000e+01  6.580962442277000e+02	2.670997000000000e-04 5.020235000000000e-04 0.000000000000000e+00	1.000000000000000e+00	1105	0	715
717	 5.344907615884000e+02 -7.262520914510000e+01  6.580962442277000e+02	-3.555813000000000e-04  1.307571000000000e-04  0.000000000000000e+00	1.000000000000000e+00	1105	0	717
718	-5.421753289951000e+02  6.895687447191000e+02 -6.793251553319001e+02	-1.900220000000000e-05 -4.483310000000000e-05  0.000000000000000e+00	1.000000000000000e+00	3921	0	718
720	 6.267017136337000e+02 -3.491029532190000e+01  6.580962442277000e+02	-1.120300000000000e-04  2.091020000000000e-05  0.000000000000000e+00	1.000000000000000e+00	1105	0	720
722	 1.998192537465000e+02  6.910882722200000e+02 -7.087214742082000e+02	2.495000000000000e-07 0.000000000000000e+00 5.434000000000001e-07	1.000000000000000e+00	2888	0	722
724	-6.176508167796001e+02  7.176361139069001e+02 -6.793251553319001e+02	-1.668400000000000e-06  2.009010000000000e-05  0.000000000000000e+00	1.000000000000000e+00	3921	0	724
728	 4.927417773078000e+02 -6.560000012460000e+02 -4.240082856963000e+02	-1.890240000000000e-05  3.273990000000000e-05  6.266320000000001e-05	1.000000000000000e+00	3921	0	728
729	6.895185308442000e+02 3.856877298600000e+00 6.580962442277000e+02	1.583380000000000e-05 5.179860000000000e-05 0.000000000000000e+00	1.000000000000000e+00	1105	0	729
733	5.808573224155000e+02 4.281722154864000e+02 3.804874067123000e+02	9.360000000000000e-06 1.590130000000000e-05 0.000000000000000e+00	1.000000000000000e+00	2905	0	733
734	 5.420221233410000e+02 -7.413560643902000e+02 -6.391181212028000e+02	 5.527590000000000e-05 -9.574070000000001e-05 -3.550058000000000e-04	1.000000000000000e+00	3921	0	734
737	-6.414057886703000e+02  6.910882722200000e+02  6.334778649483001e+02	-1.946220000000000e-05  0.000000000000000e+00 -1.190890000000000e-05	1.000000000000000e+00	2888	0	737
740	-2.987173383363000e+02 -2.368013762740000e+02  7.082895106238000e+02	 4.789900000000001e-06  8.296300000000001e-06 -2.853410000000000e-05	1.000000000000000e+00	491	0	740
745	-7.154649881056000e+02  7.469927913497000e+02 -6.793251553319001e+02	-5.889780000000000e-04  1.415450000000000e-04  0.000000000000000e+00	1.000000000000000e+00	3921	0	745
746	-9.165879924920000e+01  6.910882722200000e+02 -5.121603140364000e+02	1.073677000000000e-04 0.000000000000000e+00 7.848890000000001e-05	1.000000000000000e+00	2888	0	746
747	6.160435393585000e+02 4.087271240930000e+02 3.804874067123000e+02	-2.414380000000000e-05 -4.223540000000000e-05  0.000000000000000e+00	1.000000000000000e+00	2905	0	747
753	5.763299127455000e+02 4.327662988244000e+02 2.286190426598000e+02	1.193281500000000e-03 1.676249000000000e-04 0.000000000000000e+00	1.000000000000000e+00	3921	0	753
755	-2.767122085771000e+02  5.608490060139001e+02 -6.793251553319001e+02	-1.143190000000000e-05 -2.192680000000000e-05  0.000000000000000e+00	1.000000000000000e+00	3921	0	755
756	-6.886143016543000e+02  6.910882722200000e+02  6.808101493008000e+02	-1.357393000000000e-04  0.000000000000000e+00  1.209607000000000e-04	1.000000000000000e+00	2888	0	756
771	6.599233165059001e+02 3.833048875128000e+02 3.804874067123000e+02	-3.284270000000000e-05 -5.474690000000000e-05  0.000000000000000e+00	1.000000000000000e+00	2905	0	771
776	 2.561566299684000e+02  6.910882722200000e+02 -7.294933663219000e+02	-5.246000000000000e-07  0.000000000000000e+00 -1.434000000000000e-06	1.000000000000000e+00	2888	0	776
805	-1.182000411685000e+02  4.021822688234000e+02 -7.240403965839000e+02	 1.536846855468750e-05 -2.661894140625000e-05 -5.234039648437500e-06	2.373046875000000e-01	3921	0	805
828	-1.448174997132000e+02  3.403479836873000e+02 -7.444952827098000e+02	 6.255209179687500e-06  0.000000000000000e+00 -1.268583398437500e-06	2.373046875000000e-01	3921	0	828
864	-2.702474739323000e+02 -1.874901246418000e+02  7.247221404506000e+02	 5.220000000000000e-07  9.041000000000001e-07 -3.751300000000000e-06	1.000000000000000e+00	491	0	864
865	 3.998343996783000e+02 -5.473280551918000e+02 -2.141638330104000e+02	 8.447380000000000e-05  0.000000000000000e+00 -1.191710000000000e-04	1.000000000000000e+00	3921	0	865
909	-1.272672889664000e+02  6.910882722200000e+02  3.592584956082000e+02	0.000000000000000e+00 0.000000000000000e+00 0.000000000000000e+00	4.218750000000000e-01	2888	0	909
978	-1.537278576909000e+02  6.910882722200000e+02 -4.498582680809000e+02	-7.671812000000000e-04  0.000000000000000e+00  9.090636000000000e-04	1.000000000000000e+00	2888	0	978
1000	-3.542883911171000e+02  6.910882722200000e+02  2.759439811705000e+02	 2.801020000000000e-05  0.000000000000000e+00 -1.405579000000000e-04	1.000000000000000e+00	2888	0	1000
1002	7.068245909057000e+02 3.465432798074000e+02 3.804874067123000e+02	-5.912900000000001e-06 -7.034200000000000e-06  0.000000000000000e+00	1.000000000000000e+00	2905	0	1002
1003	-4.327009030988000e+02  6.910882722200000e+02  3.991904959334000e+02	-5.237650000000000e-05  0.000000000000000e+00 -1.392320000000000e-05	1.000000000000000e+00	2888	0	1003
1008	-2.268144346769000e+02  5.192431219450000e+02 -6.793251553319001e+02	-1.918406250000000e-06 -3.060337500000000e-05  0.000000000000000e+00	5.625000000000000e-01	3921	0	1008
1011	6.933826404589000e+02 2.764653764952000e+02 1.538435219597000e+02	-8.950620000000001e-05  1.550292000000000e-04 -3.195084000000000e-04	1.000000000000000e+00	3921	0	1011
1012	 3.912965494111000e+02 -5.473280551918000e+02 -1.533607884897000e+02	 3.531980000000000e-05  0.000000000000000e+00 -4.962822000000000e-04	1.000000000000000e+00	3921	0	1012
1014	-3.320939035081000e+02  6.209054682480000e+02  1.518683640526000e+02	-1.157200000000000e-06 -4.332000000000000e-07  0.000000000000000e+00	1.000000000000000e+00	2888	0	1014
1015	-3.575846256010000e+02  6.861571852752000e+02  1.518683640526000e+02	-7.061000000000000e-07  1.011000000000000e-07  0.000000000000000e+00	1.000000000000000e+00	2888	0	1015
1020	-3.613108109405000e+02  6.858727597081000e+02  1.518683640526000e+02	-1.082700000000000e-06  1.095300000000000e-06  0.000000000000000e+00	1.000000000000000e+00	2888	0	1020
1034	7.439334027900001e+02 1.889088877763000e+02 9.471360338760000e+01	-3.827522450000001e-05  6.629463300000000e-05  0.000000000000000e+00	5.000000000000000e-03	3921	0	1034
1045	7.101810619587001e+02 1.491270872833000e+02 9.471360338760000e+01	 2.921982050000001e-05 -2.782859500000001e-05  0.000000000000000e+00	5.000000000000001e-03	3921	0	1045
1054	 4.300000000000000e+02 -5.473280551918000e+02 -2.567467944910000e+01	0.000000000000000e+00 0.000000000000000e+00 0.000000000000000e+00	1.000000000000000e+00	3921	0	1054
1081	-5.142969102859000e+02 -7.327667442908000e+02  5.829785587824000e+02	-1.671600000000000e-06  5.175900000000000e-06  0.000000000000000e+00	1.000000000000000e+00	105	0	1081
1292	6.447223111951000e+02 3.607475390931000e+02 2.059287317220000e+02	-3.139902400000000e-03  5.438470500000001e-03  2.311076200000000e-03	1.000000000000000e+00	3921	0	1292
1338	6.303527114058001e+02 3.606173995146000e+02 2.286190426598000e+02	-5.234905000000000e-04  8.262669400000000e-03  0.000000000000000e+00	1.000000000000000e+00	3921	0	1338
1396	-3.890621688526000e+02  6.910882722200000e+02 -1.611310495779000e+02	-1.778800000000000e-05  0.000000000000000e+00  2.013799000000000e-04	1.000000000000000e+00	2888	0	1396
1432	 4.273475081209000e+02 -5.427338044905000e+02 -1.111388516680000e+01	-1.120100000000000e-06  1.940100000000000e-06  7.446390000000000e-05	1.000000000000000e+00	3921	0	1432
1566	 3.901743553939000e+02 -6.163080950937000e+02 -1.473441155130000e+01	 1.978019000000000e-03  3.426029400000000e-03 -1.963262000000000e-04	1.000000000000000e+00	3921	0	1566
1615	3.452856343492000e+02 3.607613011795000e+02 2.241821100223000e+02	 6.978630000000001e-05  1.208735000000000e-04 -2.895570000000000e-04	1.000000000000000e+00	2888	0	1615
1675	3.782577132512000e+02 4.178706170690000e+02 2.536798875488000e+02	 2.455970000000000e-05  4.253870000000000e-05 -1.058170000000000e-04	1.000000000000000e+00	2888	0	1675
1705	 4.020660770114000e+02 -5.473280551918000e+02 -9.707627302470000e+01	-2.467655000000000e-04  0.000000000000000e+00 -7.195231000000000e-04	1.000000000000000e+00	3921	0	1705
1759	4.416625788562000e+02 5.276910657439000e+02 3.169534008509000e+02	1.106827700000000e-03 1.917081800000000e-03 2.208353200000000e-03	1.000000000000000e+00	2888	0	1759
1801	-2.409242469649000e+02 -1.367008056923000e+02  7.373944156245000e+02	-1.718000000000000e-07 -2.975000000000000e-07  1.597000000000000e-06	1.000000000000000e+00	491	0	1801
1886	3.340139954216000e+02 3.412382498724000e+02 4.450358869401000e+02	-1.876468000000000e-04 -3.250139000000000e-04  4.551964000000000e-04	1.000000000000000e+00	2888	0	1886
2050	4.076449430891000e+02 4.687707922419000e+02 2.775343154712000e+02	6.140178000000001e-04 1.063510000000000e-03 5.221992000000001e-04	1.000000000000000e+00	2888	0	2050
2192	7.383046539270000e+02 1.786581667902000e+02 9.471360338760000e+01	1.059431752500000e-01 1.525071720000000e-02 0.000000000000000e+00	7.500000000000000e-01	3921	0	2192
2194	7.411190283585000e+02 1.837835272832500e+02 9.471360338761622e+01	 1.648208731000000e-01 -9.050439510000001e-02  0.000000000000000e+00	1.000000000000000e+00	3921	0	2194
0	 5.000000000000000e-01 -8.660254037844386e-01  0.000000000000000e+00	8.660254037844385e-01 5.000000000000000e-01 0.000000000000000e+00	5.632499999999998e+02 3.251925391210567e+02 0.000000000000000e+00	1	0	0.000000000000000e+00	0.000000000000000e+00	0.000000000000000e+00	9.369830649407017e+04
1	5.000000000000000e-01 8.660254037844386e-01 0.000000000000000e+00	0.000000000000000e+00 0.000000000000000e+00 1.000000000000000e+00	0.000000000000000e+00 0.000000000000000e+00 2.286190426597633e+02	1	0	0.000000000000000e+00	0.000000000000000e+00	0.000000000000000e+00	3.412505106869523e+05
3	-5.000000000000000e-01 -8.660254037844386e-01  0.000000000000000e+00	0.000000000000000e+00 0.000000000000000e+00 1.000000000000000e+00	0.000000000000000e+00 0.000000000000000e+00 6.580962442277471e+02	1	0	0.000000000000000e+00	0.000000000000000e+00	0.000000000000000e+00	1.210736514974700e+06
4	-1.000000000000000e+00  0.000000000000000e+00  0.000000000000000e+00	0.000000000000000e+00 0.000000000000000e+00 1.000000000000000e+00	-0.000000000000000e+00 -0.000000000000000e+00 -1.159425144917371e+02	1	0	0.000000000000000e+00	0.000000000000000e+00	0.000000000000000e+00	1.889167741320271e+06
7	-5.000000000000000e-01 -8.660254037844386e-01  0.000000000000000e+00	0.000000000000000e+00 0.000000000000000e+00 1.000000000000000e+00	-0.000000000000000e+00 -0.000000000000000e+00 -1.894272067752324e+02	1	0	0.000000000000000e+00	0.000000000000000e+00	0.000000000000000e+00	1.360700882788232e+06
9	-5.000000000000000e-01 -8.660254037844386e-01  0.000000000000000e+00	 8.660254037844385e-01 -5.000000000000000e-01  0.000000000000000e+00	-1.215000000000000e+02  7.014805770653952e+01 -0.000000000000000e+00	1	0	0.000000000000000e+00	0.000000000000000e+00	0.000000000000000e+00	2.466020486045890e+06
10	-5.000000000000000e-01  8.660254037844386e-01  0.000000000000000e+00	8.660254037844385e-01 5.000000000000000e-01 0.000000000000000e+00	-1.409999999999999e+02 -8.140638795573722e+01 -0.000000000000000e+00	1	0	0.000000000000000e+00	0.000000000000000e+00	0.000000000000000e+00	2.372701651480155e+03
12	1.000000000000000e+00 0.000000000000000e+00 0.000000000000000e+00	 0.000000000000000e+00 -1.000000000000000e+00  0.000000000000000e+00	0.000000000000000e+00 2.381569860407206e+02 0.000000000000000e+00	1	0	0.000000000000000e+00	0.000000000000000e+00	0.000000000000000e+00	2.250000000000000e+06
13	 5.000000000000000e-01 -8.660254037844386e-01  0.000000000000000e+00	0.000000000000000e+00 0.000000000000000e+00 1.000000000000000e+00	0.000000000000000e+00 0.000000000000000e+00 1.518683640525570e+02	1	0	0.000000000000000e+00	0.000000000000000e+00	0.000000000000000e+00	1.230606242910495e+06
15	5.000000000000000e-01 8.660254037844386e-01 0.000000000000000e+00	 8.660254037844385e-01 -5.000000000000000e-01  0.000000000000000e+00	 5.594999999999998e+02 -3.230274756115955e+02  0.000000000000000e+00	1	0	0.000000000000000e+00	0.000000000000000e+00	0.000000000000000e+00	4.714625064813432e+05
18	-5.000000000000000e-01 -8.660254037844386e-01  0.000000000000000e+00	0.000000000000000e+00 0.000000000000000e+00 1.000000000000000e+00	0.000000000000000e+00 0.000000000000000e+00 1.469693845669907e+01	1	0	0.000000000000000e+00	0.000000000000000e+00	0.000000000000000e+00	4.075585983140753e+05
21	-5.000000000000000e-01 -8.660254037844386e-01  0.000000000000000e+00	0.000000000000000e+00 0.000000000000000e+00 1.000000000000000e+00	0.000000000000000e+00 0.000000000000000e+00 3.592584956081994e+02	1	0	0.000000000000000e+00	0.000000000000000e+00	0.000000000000000e+00	8.969323417769538e+02
22	-5.000000000000000e-01 -8.660254037844386e-01  0.000000000000000e+00	 8.660254037844385e-01 -5.000000000000000e-01  0.000000000000000e+00	 1.027500000000000e+02 -5.932274015923404e+01  0.000000000000000e+00	1	0	0.000000000000000e+00	0.000000000000000e+00	0.000000000000000e+00	1.278456941758300e+06
24	5.000000000000000e-01 8.660254037844386e-01 0.000000000000000e+00	 8.660254037844385e-01 -5.000000000000000e-01  0.000000000000000e+00	 7.694999999999998e+02 -4.442710321414170e+02  0.000000000000000e+00	1	0	0.000000000000000e+00	0.000000000000000e+00	0.000000000000000e+00	2.362775560638140e+05
25	-5.000000000000000e-01  8.660254037844386e-01  0.000000000000000e+00	8.660254037844385e-01 5.000000000000000e-01 0.000000000000000e+00	-8.017499999999998e+02 -4.628905783227824e+02 -0.000000000000000e+00	1	0	0.000000000000000e+00	0.000000000000000e+00	0.000000000000000e+00	1.974568915210525e+05
26	1.000000000000000e+00 0.000000000000000e+00 0.000000000000000e+00	0.000000000000000e+00 0.000000000000000e+00 1.000000000000000e+00	0.000000000000000e+00 0.000000000000000e+00 5.829785587823964e+02	1	0	0.000000000000000e+00	0.000000000000000e+00	0.000000000000000e+00	5.223037453821891e+05
27	 5.000000000000000e-01 -8.660254037844386e-01  0.000000000000000e+00	 0.000000000000000e+00  0.000000000000000e+00 -1.000000000000000e+00	0.000000000000000e+00 0.000000000000000e+00 6.580962442277471e+02	1	0	0.000000000000000e+00	0.000000000000000e+00	0.000000000000000e+00	4.338229369136256e+04
28	1.000000000000000e+00 0.000000000000000e+00 0.000000000000000e+00	0.000000000000000e+00 0.000000000000000e+00 1.000000000000000e+00	0.000000000000000e+00 0.000000000000000e+00 2.286190426597633e+02	1	0	0.000000000000000e+00	0.000000000000000e+00	0.000000000000000e+00	6.085311723071291e+03
29	1.000000000000000e+00 0.000000000000000e+00 0.000000000000000e+00	 0.000000000000000e+00 -1.000000000000000e+00  0.000000000000000e+00	0.000000000000000e+00 5.715767664977295e+01 0.000000000000000e+00	1	0	0.000000000000000e+00	0.000000000000000e+00	0.000000000000000e+00	2.112144366341550e+06
43	5.000000000000000e-01 8.660254037844386e-01 0.000000000000000e+00	 0.000000000000000e+00  0.000000000000000e+00 -1.000000000000000e+00	-0.000000000000000e+00 -0.000000000000000e+00 -1.159425144917371e+02	1	0	0.000000000000000e+00	0.000000000000000e+00	0.000000000000000e+00	2.612757219452003e+03
55	-1.000000000000000e+00  0.000000000000000e+00  0.000000000000000e+00	0.000000000000000e+00 0.000000000000000e+00 1.000000000000000e+00	-0.000000000000000e+00 -0.000000000000000e+00 -4.262112152442729e+02	1	0	0.000000000000000e+00	0.000000000000000e+00	0.000000000000000e+00	5.565223374998947e+04
66	-5.000000000000000e-01 -8.660254037844386e-01  0.000000000000000e+00	0.000000000000000e+00 0.000000000000000e+00 1.000000000000000e+00	0.000000000000000e+00 0.000000000000000e+00 1.077775486824598e+02	1	0	0.000000000000000e+00	0.000000000000000e+00	0.000000000000000e+00	2.025316288738447e+06
76	-1.000000000000000e+00  0.000000000000000e+00  0.000000000000000e+00	0.000000000000000e+00 0.000000000000000e+00 1.000000000000000e+00	0.000000000000000e+00 0.000000000000000e+00 2.286190426597633e+02	1	0	0.000000000000000e+00	0.000000000000000e+00	0.000000000000000e+00	6.856370275527386e+02
106	-1.000000000000000e+00  0.000000000000000e+00  0.000000000000000e+00	 0.000000000000000e+00 -1.000000000000000e+00  0.000000000000000e+00	-0.000000000000000e+00 -5.473280551917652e+02 -0.000000000000000e+00	1	0	0.000000000000000e+00	0.000000000000000e+00	0.000000000000000e+00	5.775574088947549e+03
107	 5.000000000000000e-01 -8.660254037844386e-01  0.000000000000000e+00	0.000000000000000e+00 0.000000000000000e+00 1.000000000000000e+00	0.000000000000000e+00 0.000000000000000e+00 3.804874067123203e+02	1	0	0.000000000000000e+00	0.000000000000000e+00	0.000000000000000e+00	2.141929885338000e+06
108	5.000000000000000e-01 8.660254037844386e-01 0.000000000000000e+00	0.000000000000000e+00 0.000000000000000e+00 1.000000000000000e+00	-0.000000000000000e+00 -0.000000000000000e+00 -4.164132562731402e+02	1	0	0.000000000000000e+00	0.000000000000000e+00	0.000000000000000e+00	1.971969613871961e+06
113	 5.000000000000000e-01 -8.660254037844386e-01  0.000000000000000e+00	0.000000000000000e+00 0.000000000000000e+00 1.000000000000000e+00	-0.000000000000000e+00 -0.000000000000000e+00 -6.793251553318680e+02	1	0	0.000000000000000e+00	0.000000000000000e+00	0.000000000000000e+00	1.253582554410011e+06
160	1.000000000000000e+00 0.000000000000000e+00 0.000000000000000e+00	 0.000000000000000e+00 -1.000000000000000e+00  0.000000000000000e+00	0.000000000000000e+00 3.403479836872843e+02 0.000000000000000e+00	1	0	0.000000000000000e+00	0.000000000000000e+00	0.000000000000000e+00	6.886597731249402e+00
208	1.000000000000000e+00 0.000000000000000e+00 0.000000000000000e+00	 0.000000000000000e+00 -1.000000000000000e+00  0.000000000000000e+00	0.000000000000000e+00 3.403479836872843e+02 0.000000000000000e+00	1	0	0.000000000000000e+00	0.000000000000000e+00	0.000000000000000e+00	2.567544751031581e+04
243	 5.000000000000000e-01 -8.660254037844386e-01  0.000000000000000e+00	0.000000000000000e+00 0.000000000000000e+00 1.000000000000000e+00	0.000000000000000e+00 0.000000000000000e+00 3.592584956081994e+02	1	0	0.000000000000000e+00	0.000000000000000e+00	0.000000000000000e+00	0.000000000000000e+00
246	1.000000000000000e+00 0.000000000000000e+00 0.000000000000000e+00	0.000000000000000e+00 0.000000000000000e+00 1.000000000000000e+00	0.000000000000000e+00 0.000000000000000e+00 3.592584956081994e+02	1	0	0.000000000000000e+00	0.000000000000000e+00	0.000000000000000e+00	0.000000000000000e+00
248	1.000000000000000e+00 0.000000000000000e+00 0.000000000000000e+00	0.000000000000000e+00 0.000000000000000e+00 1.000000000000000e+00	0.000000000000000e+00 0.000000000000000e+00 3.592584956081994e+02	1	0	0.000000000000000e+00	0.000000000000000e+00	0.000000000000000e+00	0.000000000000000e+00
297	-1.000000000000000e+00  0.000000000000000e+00  0.000000000000000e+00	0.000000000000000e+00 1.000000000000000e+00 0.000000000000000e+00	0.000000000000000e+00 6.910882722199819e+02 0.000000000000000e+00	1	0	0.000000000000000e+00	0.000000000000000e+00	0.000000000000000e+00	0.000000000000000e+00
319	5.000000000000000e-01 8.660254037844386e-01 0.000000000000000e+00	0.000000000000000e+00 0.000000000000000e+00 1.000000000000000e+00	0.000000000000000e+00 0.000000000000000e+00 3.592584956081994e+02	1	0	0.000000000000000e+00	0.000000000000000e+00	0.000000000000000e+00	8.969323417769538e+02
320	-1.000000000000000e+00  0.000000000000000e+00  0.000000000000000e+00	 0.000000000000000e+00 -1.000000000000000e+00  0.000000000000000e+00	0.000000000000000e+00 6.910882722199819e+02 0.000000000000000e+00	1	0	0.000000000000000e+00	0.000000000000000e+00	0.000000000000000e+00	1.627371461747380e+06
321	-5.000000000000000e-01 -8.660254037844386e-01  0.000000000000000e+00	0.000000000000000e+00 0.000000000000000e+00 1.000000000000000e+00	0.000000000000000e+00 0.000000000000000e+00 3.592584956081994e+02	1	0	0.000000000000000e+00	0.000000000000000e+00	0.000000000000000e+00	6.071148817720216e+05
323	-5.000000000000000e-01 -8.660254037844386e-01  0.000000000000000e+00	 0.000000000000000e+00  0.000000000000000e+00 -1.000000000000000e+00	0.000000000000000e+00 0.000000000000000e+00 1.518683640525570e+02	1	0	0.000000000000000e+00	0.000000000000000e+00	0.000000000000000e+00	4.225652845913140e+01
324	1.000000000000000e+00 0.000000000000000e+00 0.000000000000000e+00	 0.000000000000000e+00  0.000000000000000e+00 -1.000000000000000e+00	0.000000000000000e+00 0.000000000000000e+00 1.518683640525570e+02	1	0	0.000000000000000e+00	0.000000000000000e+00	0.000000000000000e+00	4.225652845913140e+01
325	-1.000000000000000e+00  0.000000000000000e+00  0.000000000000000e+00	 0.000000000000000e+00  0.000000000000000e+00 -1.000000000000000e+00	0.000000000000000e+00 0.000000000000000e+00 1.518683640525570e+02	1	0	0.000000000000000e+00	0.000000000000000e+00	0.000000000000000e+00	4.225652845913140e+01
327	1.000000000000000e+00 0.000000000000000e+00 0.000000000000000e+00	0.000000000000000e+00 0.000000000000000e+00 1.000000000000000e+00	0.000000000000000e+00 0.000000000000000e+00 1.518683640525570e+02	1	0	0.000000000000000e+00	0.000000000000000e+00	0.000000000000000e+00	1.075205891921186e+01
337	 5.000000000000000e-01 -8.660254037844386e-01  0.000000000000000e+00	8.660254037844385e-01 5.000000000000000e-01 0.000000000000000e+00	8.549999999999997e+01 4.936344801571300e+01 0.000000000000000e+00	1	0	0.000000000000000e+00	0.000000000000000e+00	0.000000000000000e+00	2.413603571897760e+05
340	-5.000000000000000e-01 -8.660254037844386e-01  0.000000000000000e+00	0.000000000000000e+00 0.000000000000000e+00 1.000000000000000e+00	0.000000000000000e+00 0.000000000000000e+00 9.471360338761622e+01	1	0	0.000000000000000e+00	0.000000000000000e+00	0.000000000000000e+00	4.042735585026796e+05
782	-5.000000000000000e-01  8.660254037844386e-01  0.000000000000000e+00	8.660254037844385e-01 5.000000000000000e-01 0.000000000000000e+00	6.397499999999998e+02 3.693598347140630e+02 0.000000000000000e+00	1	0	0.000000000000000e+00	0.000000000000000e+00	0.000000000000000e+00	3.612944962275081e+05
1090	-1.000000000000000e+00  0.000000000000000e+00  0.000000000000000e+00	 0.000000000000000e+00  0.000000000000000e+00 -1.000000000000000e+00	0.000000000000000e+00 0.000000000000000e+00 9.471360338761622e+01	1	0	0.000000000000000e+00	0.000000000000000e+00	0.000000000000000e+00	6.066597209936735e+01
1091	 5.000000000000000e-01 -8.660254037844386e-01  0.000000000000000e+00	0.000000000000000e+00 0.000000000000000e+00 1.000000000000000e+00	0.000000000000000e+00 0.000000000000000e+00 9.471360338761622e+01	1	0	0.000000000000000e+00	0.000000000000000e+00	0.000000000000000e+00	9.481030513848607e-11
0	0	1	1
0	246	0	0
0	1	2	1
0	2	681	0
0	112	246	0
0	247	112	0
0	201	143	0
0	143	247	0
0	436	201	0
0	488	436	0
0	535	488	0
0	585	535	0
0	620	585	0
0	681	620	0
1	4	5	1
1	63	4	1
1	5	6	1
1	6	711	0
1	292	63	0
1	164	113	0
1	113	328	0
1	144	364	0
1	365	144	0
1	505	164	0
1	202	292	0
1	364	202	0
1	328	248	0
1	248	365	0
1	367	249	0
1	249	505	0
1	1338	367	0
1	711	1338	0
3	10	11	1
3	479	10	0
3	11	12	1
3	12	13	1
3	13	479	0
4	15	16	1
4	104	15	1
4	16	17	1
4	17	655	0
4	101	104	0
4	150	101	1
4	571	116	0
4	116	625	0
4	373	150	0
4	374	151	0
4	151	375	0
4	297	209	0
4	209	374	0
4	332	254	0
4	254	683	0
4	255	333	0
4	375	255	0
4	465	297	0
4	625	332	0
4	333	571	0
4	683	373	0
4	512	465	0
4	589	512	0
4	655	589	0
7	27	28	1
7	301	27	0
7	28	29	1
7	29	30	1
7	30	302	0
7	119	338	0
7	339	119	0
7	155	382	0
7	383	155	0
7	384	156	0
7	156	385	0
7	213	301	0
7	382	213	0
7	302	214	0
7	214	384	0
7	338	260	0
7	260	383	0
7	261	339	0
7	385	261	0
9	36	37	1
9	159	36	1
9	37	38	1
9	38	39	1
9	39	1801	0
9	491	122	0
9	122	507	0
9	521	159	0
9	216	160	0
9	160	497	0
9	455	216	0
9	507	262	0
9	262	521	0
9	263	491	0
9	497	263	0
9	529	455	0
9	616	529	0
9	740	616	0
9	864	740	0
9	1801	864	0
10	41	42	1
10	161	41	1
10	42	162	0
10	123	161	0
10	162	123	0
12	47	48	1
12	50	47	1
12	48	49	1
12	49	50	1
13	52	53	1
13	305	52	0
13	53	54	1
13	54	55	1
13	55	306	0
13	126	342	0
13	343	126	0
13	167	390	0
13	391	167	0
13	392	168	0
13	168	393	0
13	221	305	0
13	390	221	0
13	222	392	0
13	1014	222	0
13	342	268	0
13	268	391	0
13	269	343	0
13	393	269	0
13	306	572	0
13	572	1015	0
13	1015	1014	0
15	59	60	1
15	496	59	0
15	60	61	1
15	61	62	1
15	62	226	0
15	273	128	0
15	128	499	0
15	226	172	0
15	172	273	0
15	1566	496	0
15	499	696	0
15	696	615	0
15	615	1054	0
15	1054	1566	0
18	71	72	1
18	313	71	0
18	72	73	1
18	73	74	1
18	74	314	0
18	527	131	0
18	131	553	0
18	177	483	0
18	495	177	0
18	408	178	0
18	178	409	0
18	231	313	0
18	406	231	0
18	350	278	0
18	278	407	0
18	279	351	0
18	409	279	0
18	314	408	0
18	553	350	0
18	351	527	0
18	483	406	0
18	407	495	0
21	352	416	0
21	909	352	0
21	416	675	0
21	675	909	0
22	87	88	1
22	319	87	0
22	88	89	1
22	89	90	1
22	90	531	0
22	137	439	0
22	440	137	0
22	185	441	0
22	442	185	0
22	443	186	0
22	186	444	0
22	237	445	0
22	446	237	0
22	447	238	0
22	238	448	0
22	449	286	0
22	286	450	0
22	287	451	0
22	452	287	0
22	445	319	0
22	438	320	0
22	320	447	0
22	439	358	0
22	358	449	0
22	359	440	0
22	451	359	0
22	441	418	0
22	418	446	0
22	419	442	0
22	450	419	0
22	448	420	0
22	420	1886	0
22	421	452	0
22	1615	421	0
22	531	438	0
22	1886	443	0
22	444	1759	0
22	1675	1615	0
22	2050	1675	0
22	1759	2050	0
24	97	98	1
24	189	97	0
24	98	99	1
24	99	100	1
24	100	190	0
24	139	189	0
24	190	139	0
25	101	102	1
25	104	101	0
25	102	103	1
25	103	104	1
26	105	106	1
26	1081	105	0
26	106	107	1
26	107	242	0
26	141	362	0
26	363	141	0
26	191	426	0
26	427	191	0
26	428	192	0
26	192	429	0
26	241	323	0
26	426	241	0
26	242	428	0
26	362	290	0
26	290	427	0
26	291	363	0
26	429	291	0
26	323	486	0
26	486	582	0
26	582	660	0
26	660	1081	0
27	475	10	0
27	10	479	0
27	468	475	0
27	484	468	0
27	479	729	0
27	501	484	0
27	503	501	0
27	519	503	0
27	537	519	0
27	545	537	0
27	568	545	0
27	583	568	0
27	600	583	0
27	618	600	0
27	631	618	0
27	664	631	0
27	689	664	0
27	703	689	0
27	710	703	0
27	714	710	0
27	715	714	0
27	717	715	0
27	720	717	0
27	729	720	0
28	6	533	0
28	711	6	0
28	533	487	0
28	487	577	0
28	577	753	0
28	753	711	0
29	10	44	1
29	479	10	0
29	45	13	1
29	13	479	0
29	44	45	1
43	101	104	0
43	560	101	0
43	104	540	0
43	540	560	0
55	7	8	1
55	204	7	0
55	8	205	1
55	114	250	0
55	251	114	0
55	146	204	0
55	250	146	0
55	205	147	0
55	147	251	0
66	23	24	1
66	378	23	0
66	24	25	1
66	25	26	1
66	26	300	0
66	118	547	0
66	566	118	0
66	153	378	0
66	379	153	0
66	380	154	0
66	154	381	0
66	300	212	0
66	212	380	0
66	258	379	0
66	611	258	0
66	538	259	0
66	259	567	0
66	547	336	0
66	336	611	0
66	337	566	0
66	567	337	0
66	381	538	0
76	292	63	0
76	63	627	0
76	627	292	0
106	708	615	0
106	615	1054	0
106	865	708	0
106	1012	865	0
106	1705	1012	0
106	1054	1705	0
107	92	93	1
107	187	92	1
107	93	94	1
107	94	95	1
107	95	1002	0
107	424	187	0
107	322	240	0
107	240	424	0
107	490	322	0
107	595	490	0
107	733	595	0
107	747	733	0
107	771	747	0
107	1002	771	0
108	18	19	1
108	298	18	0
108	19	20	1
108	20	21	1
108	21	22	1
108	22	108	0
108	108	243	0
108	117	334	0
108	335	117	0
108	152	376	0
108	377	152	0
108	430	193	0
108	193	431	0
108	210	298	0
108	376	210	0
108	243	430	0
108	334	256	0
108	256	377	0
108	257	335	0
108	431	257	0
113	67	68	1
113	745	67	0
113	68	277	1
113	130	403	0
113	755	130	0
113	402	229	0
113	229	718	0
113	277	349	0
113	349	1008	0
113	403	402	0
113	718	724	0
113	724	745	0
113	1008	755	0
160	396	170	0
160	170	397	0
160	397	396	1
208	56	57	1
208	307	56	0
208	57	66	1
208	66	828	0
208	127	344	0
208	828	127	0
208	169	394	0
208	395	169	0
208	223	307	0
208	394	223	0
208	344	270	0
208	270	395	0
243	416	352	0
243	352	909	0
243	909	416	0
246	352	416	0
246	909	352	0
246	416	909	0
248	416	352	0
248	352	909	0
248	909	416	0
297	416	352	0
297	352	909	0
297	909	416	0
319	416	675	0
319	909	416	0
319	675	909	0
320	75	76	1
320	776	75	0
320	76	77	1
320	77	78	1
320	78	756	0
320	108	194	0
320	709	108	0
320	132	179	0
320	746	132	0
320	133	306	0
320	630	133	0
320	179	523	0
320	194	978	0
320	195	432	0
320	1396	195	0
320	315	233	0
320	233	1003	0
320	432	244	0
320	244	709	0
320	572	281	0
320	281	602	0
320	306	572	0
320	530	315	0
320	352	1000	0
320	1003	352	0
320	602	433	0
320	433	1396	0
320	523	598	0
320	610	530	0
320	598	639	0
320	688	610	0
320	712	630	0
320	639	722	0
320	737	688	0
320	1000	712	0
320	722	776	0
320	756	737	0
320	978	746	0
321	83	84	1
321	453	83	0
321	84	85	1
321	85	86	1
321	86	675	0
321	186	136	0
321	136	460	0
321	183	646	0
321	647	183	0
321	444	186	0
321	235	459	0
321	471	235	0
321	356	284	0
321	284	707	0
321	317	453	0
321	459	317	0
321	460	356	0
321	414	471	0
321	646	414	0
321	415	647	0
321	707	415	0
321	417	444	0
321	463	417	0
321	675	463	0
323	572	306	0
323	306	1015	0
323	1015	572	0
324	572	306	0
324	306	1015	0
324	1015	572	0
325	572	306	0
325	306	1015	0
325	1015	572	0
327	1015	572	0
327	572	1020	0
327	1020	1015	0
337	63	65	1
337	292	63	0
337	65	66	1
337	66	805	0
337	174	401	0
337	728	174	0
337	228	400	0
337	734	228	0
337	274	292	0
337	346	274	0
337	349	277	0
337	277	734	0
337	1432	346	0
337	805	349	0
337	400	728	0
337	401	615	0
337	615	1054	0
337	1054	1432	0
340	80	34	1
340	34	1034	0
340	79	80	1
340	548	79	0
340	134	354	0
340	355	134	0
340	181	412	0
340	413	181	0
340	198	388	0
340	434	198	0
340	234	316	0
340	412	234	0
340	354	282	0
340	282	413	0
340	283	355	0
340	388	283	0
340	316	494	0
340	1045	434	0
340	494	548	0
340	1034	2192	0
340	2192	1045	0
782	6	32	1
782	711	6	0
782	32	33	1
782	33	34	1
782	34	1034	0
782	1292	711	0
782	1034	1011	0
782	1011	1292	0
1090	1034	34	0
1090	34	2192	0
1090	2192	1034	0
1091	2192	1034	0
1091	1034	2194	0
1091	2194	2192	0
