0
26
8
140
154
1	0.000000000000000e+00 2.145361974119986e+03 1.499066376115481e+03	0.000000000000000e+00 6.462955980045044e+02 0.000000000000000e+00	-1.000000000000000e+00 -1.569099642228390e-17 -2.002630752891222e-17
1	0.000000000000000e+00 6.462955980045045e+02 0.000000000000000e+00	6.462955980045044e+02 0.000000000000000e+00 0.000000000000000e+00	-1.972377744287151e-17 -7.408055218392281e-18 -1.000000000000000e+00
1	6.462955980045044e+02 0.000000000000000e+00 0.000000000000000e+00	1.499066376115481e+03 0.000000000000000e+00 8.527707781109771e+02	 1.067602538749766e-18 -1.000000000000000e+00  3.399003881649557e-17
1	1.499066376115481e+03 0.000000000000000e+00 8.527707781109790e+02	1.499066376115481e+03 6.462955980045017e+02 1.499066376115481e+03	 1.000000000000000e+00 -1.485435666694928e-18 -9.777917880854031e-18
1	1.499066376115481e+03 6.462955980045075e+02 1.499066376115481e+03	0.000000000000000e+00 2.145361974119988e+03 1.499066376115481e+03	 6.034787078690605e-18 -8.178174267032101e-18  1.000000000000000e+00
0	0.000000000000000e+00 2.998132752230962e+03 8.527707781109774e+02	0.000000000000000e+00 2.145361974119985e+03 0.000000000000000e+00	-1.000000000000000e+00 -1.569099642228390e-17 -2.002630752891222e-17
0	0.000000000000000e+00 2.145361974119985e+03 0.000000000000000e+00	1.499066376115481e+03 6.462955980045035e+02 0.000000000000000e+00	-1.972377744287151e-17 -7.408055218392281e-18 -1.000000000000000e+00
0	1.499066376115481e+03 6.462955980045009e+02 0.000000000000000e+00	1.499066376115481e+03 2.145361974119983e+03 1.499066376115481e+03	 1.000000000000000e+00 -1.485435666694928e-18 -9.777917880854031e-18
0	1.499066376115481e+03 2.145361974119987e+03 1.499066376115481e+03	6.462955980045058e+02 2.998132752230962e+03 1.499066376115481e+03	 6.034787078690605e-18 -8.178174267032101e-18  1.000000000000000e+00
0	6.462955980045018e+02 2.998132752230962e+03 1.499066376115481e+03	0.000000000000000e+00 2.998132752230962e+03 8.527707781109794e+02	-8.258365860970732e-18  1.000000000000000e+00 -1.240111786738401e-17
2	1.499066376115481e+03 2.998132752230962e+03 8.527707781109806e+02	6.462955980045009e+02 2.998132752230962e+03 0.000000000000000e+00	-8.258365860970732e-18  1.000000000000000e+00 -1.240111786738401e-17
2	6.462955980045027e+02 2.998132752230962e+03 0.000000000000000e+00	1.499066376115481e+03 2.145361974119984e+03 0.000000000000000e+00	-1.972377744287151e-17 -7.408055218392281e-18 -1.000000000000000e+00
2	1.499066376115481e+03 2.145361974119982e+03 0.000000000000000e+00	1.499066376115481e+03 2.998132752230962e+03 8.527707781109812e+02	 1.000000000000000e+00 -1.485435666694928e-18 -9.777917880854031e-18
4	1.499066376115481e+03 1.555634918610431e+02 1.499066376115481e+03	1.499066376115481e+03 1.654629867976525e+03 0.000000000000000e+00	 1.000000000000000e+00 -1.485435666694928e-18 -9.777917880854031e-18
4	1.499066376115481e+03 1.654629867976522e+03 0.000000000000000e+00	0.000000000000000e+00 1.555634918610401e+02 0.000000000000000e+00	-1.972377744287151e-17 -7.408055218392281e-18 -1.000000000000000e+00
4	0.000000000000000e+00 1.555634918610408e+02 0.000000000000000e+00	0.000000000000000e+00 0.000000000000000e+00 1.555634918610408e+02	-1.000000000000000e+00 -1.569099642228390e-17 -2.002630752891222e-17
4	0.000000000000000e+00 0.000000000000000e+00 1.555634918610401e+02	1.343502884254441e+03 0.000000000000000e+00 1.499066376115481e+03	 1.067602538749766e-18 -1.000000000000000e+00  3.399003881649557e-17
4	1.343502884254443e+03 0.000000000000000e+00 1.499066376115481e+03	1.499066376115481e+03 1.555634918610379e+02 1.499066376115481e+03	 6.034787078690605e-18 -8.178174267032101e-18  1.000000000000000e+00
3	0.000000000000000e+00 1.555634918610363e+02 1.499066376115481e+03	1.499066376115481e+03 1.654629867976518e+03 1.499066376115481e+03	 6.034787078690605e-18 -8.178174267032101e-18  1.000000000000000e+00
3	1.499066376115481e+03 1.654629867976524e+03 1.499066376115481e+03	1.499066376115481e+03 2.998132752230962e+03 1.555634918610422e+02	 1.000000000000000e+00 -1.485435666694928e-18 -9.777917880854031e-18
3	1.499066376115481e+03 2.998132752230962e+03 1.555634918610378e+02	1.343502884254443e+03 2.998132752230962e+03 0.000000000000000e+00	-8.258365860970732e-18  1.000000000000000e+00 -1.240111786738401e-17
3	1.343502884254442e+03 2.998132752230962e+03 0.000000000000000e+00	0.000000000000000e+00 1.654629867976521e+03 0.000000000000000e+00	-1.972377744287151e-17 -7.408055218392281e-18 -1.000000000000000e+00
3	0.000000000000000e+00 1.654629867976521e+03 0.000000000000000e+00	0.000000000000000e+00 1.555634918610397e+02 1.499066376115481e+03	-1.000000000000000e+00 -1.569099642228390e-17 -2.002630752891222e-17
5	0.000000000000000e+00 2.998132752230962e+03 1.555634918610397e+02	0.000000000000000e+00 1.654629867976521e+03 1.499066376115481e+03	-1.000000000000000e+00 -1.569099642228390e-17 -2.002630752891222e-17
5	0.000000000000000e+00 1.654629867976518e+03 1.499066376115481e+03	1.343502884254445e+03 2.998132752230962e+03 1.499066376115481e+03	 6.034787078690605e-18 -8.178174267032101e-18  1.000000000000000e+00
5	1.343502884254444e+03 2.998132752230962e+03 1.499066376115481e+03	0.000000000000000e+00 2.998132752230962e+03 1.555634918610374e+02	-8.258365860970732e-18  1.000000000000000e+00 -1.240111786738401e-17
0	1	-9.046546396681275e-15  1.225962606172072e-14 -1.499066376115484e+03
1	1	0.000000000000000e+00 4.911340435823865e-14 1.465774792360665e-14
2	1	 1.499066376115484e+03  3.578147120611487e-14 -1.499066376115484e+03
0	1	1.499066376115484e+03 4.688663769641359e-14 0.000000000000000e+00
3	4	-1.499066376115484e+03  2.226766661825054e-15  1.465774792360665e-14
5	4	-1.499066376115484e+03  3.908054495834297e-14  1.499066376115484e+03
4	4	0.000000000000000e+00 2.574861180621920e-14 4.467851217794733e-14
3	4	2.956725157459373e-14 3.685377829651792e-14 1.499066376115484e+03
0 3160 4.953858013753407e+02 9.528453022234634e+02 8.019355055942998e+02 1.240817408703948e+03 3.428721465750021e+02
0 3206 4.251417392026971e+02 9.945756892232073e+02 7.734218304214000e+02 1.250163035261698e+03 2.568410916833449e+02
0 3205 5.657672213269208e+02 9.242781062261880e+02 8.437497295486044e+02 1.250184472002931e+03 4.290714297019574e+02
0 3175 6.389909677708955e+02 8.975569393802857e+02 8.902523091466769e+02 1.264172043101441e+03 5.187518376232936e+02
0 3181 3.521958470428505e+02 1.041948042428663e+03 7.478482914670091e+02 1.265577124640452e+03 1.675009843714888e+02
0 3193 7.118655971258631e+02 8.723157712087550e+02 9.378857703301137e+02 1.280005785336476e+03 6.080046661803531e+02
0 3203 2.793409641132803e+02 1.090281514246025e+03 7.233268803548013e+02 1.282414794239093e+03 7.827234014766310e+01
0 3161 7.806454611159166e+02 8.517389877738071e+02 9.860888508852192e+02 1.299540527369214e+03 6.922424518571821e+02
0 3159 2.097795633863561e+02 1.138531191909752e+03 7.020151572916035e+02  1.301462804608422e+03 -6.922628639452512e+00
0 3204 1.612130292109574e+02 1.179195660615963e+03 6.941130918224160e+02  1.324629322105289e+03 -6.640424229203643e+01
0 3192 8.454642261485549e+02 8.437262729915192e+02 1.042894901135570e+03 1.334042625755391e+03 7.716289019008423e+02
0 3182 1.095535042396027e+02 1.223857495866935e+03 6.871154021020329e+02  1.351261894817565e+03 -1.296739805592289e+02
0 3170 9.116519891199418e+02 8.390957175568567e+02 1.104452108672294e+03 1.374295847487006e+03 8.526920251489306e+02
0 3212 5.549372142903692e+01 1.268833242148835e+03 6.780313655733675e+02  1.376641166172457e+03 -1.958834223050125e+02
0 3235 -9.094947017729282e-13  1.296956820865316e+03  6.506612228608109e+02  1.377173925880022e+03 -2.638490730196601e+02
0 3219 -1.145921273967568e+01  1.302764217868332e+03  6.450094071241515e+02  1.377283938448488e+03 -2.778836850527619e+02
0 3186 9.764798072145074e+02 8.370777062717890e+02 1.167261915481792e+03 1.417282138342837e+03 9.320895628837568e+02
0 3158 1.035979803969301e+03 8.398924045586698e+02 1.229576610523466e+03 1.463335574020024e+03 1.004961878757006e+03
0 3187 1.087684189288049e+03 8.533946008124710e+02 1.294783192096016e+03 1.518991084559942e+03 1.068286559504598e+03
0 3171 1.136701464826842e+03 8.730816890224589e+02 1.363487555844796e+03 1.581493279638912e+03 1.128320216330322e+03
0 3208 1.180043001391637e+03 8.977531763069729e+02 1.431500579694105e+03 1.647031125972599e+03 1.181402540956286e+03
0 3233 1.219628894303553e+03 9.257330798164326e+02 1.499066376115481e+03 1.714592138306907e+03 1.229885160279612e+03
0 3226 -2.161135355101732e+02  1.669316542650638e+03  8.069074091359607e+02  1.750954748044855e+03 -5.285330172740477e+02
0 3209 1.265296346107875e+03 9.580115204682845e+02 1.577012268571655e+03 1.792532511699357e+03 1.285816137666478e+03
0 3207 -2.464036077379032e+02  1.728091934463514e+03  8.353927287211059e+02  1.812657388805557e+03 -5.656306278890409e+02
0 3173 1.304840380403542e+03 9.924366629603192e+02 1.650981445359357e+03 1.869178869904159e+03 1.334247490864230e+03
0 3183 -2.732828555028390e+02  1.794930022381892e+03  8.753515688745488e+02  1.888174220855034e+03 -5.985508487360097e+02
0 3224 -2.879030741938249e+02  1.834357264632320e+03  9.001585924339911e+02  1.933594705793733e+03 -6.164568865964181e+02
0 3189 1.338439867862004e+03 1.031780199600731e+03 1.723924469458231e+03 1.948577458439023e+03 1.375398290810367e+03
0 3156 1.365713728630153e+03 1.075296086661374e+03 1.794714217287022e+03 2.029403747997175e+03 1.408801811909206e+03
0 3188 1.385851429370799e+03 1.123762033326720e+03 1.863317864693015e+03 2.112184451835775e+03 1.433465357612931e+03
0 3172 1.403644465273854e+03 1.176907789669946e+03 1.934256656939296e+03 2.199925477583888e+03 1.455257287081683e+03
0 3190 1.422159858673837e+03 1.230450403128646e+03 2.006314663797978e+03 2.288738527931545e+03 1.477933920190110e+03
0 3215 -5.008716497374352e+02  2.220171346381702e+03  1.073004098639763e+03  2.328626688811704e+03 -8.772890572610272e+02
0 3157 1.446625095204159e+03 1.279185599688939e+03 2.079515096888594e+03 2.374960038525955e+03 1.507897593158004e+03
0 3165 -4.666413876086644e+02  2.238072755170092e+03  1.125135769556923e+03  2.378147554378877e+03 -8.353657192724255e+02
0 3220 1.487607163375808e+03 1.302764217868332e+03 2.144075783239636e+03 2.437283938448491e+03 1.558090170970252e+03
0 3197 -4.430987225820948e+02  2.287345110698113e+03  1.197950790111514e+03  2.464476365904165e+03 -8.065319610222441e+02
0 3178 -4.258803244898028e+02  2.341707337224229e+03  1.269531414729922e+03  2.553531409990425e+03 -7.854438162651307e+02
0 3232 -7.958078640513122e-13  2.145361974119987e+03  1.499066376115481e+03  2.577000000000002e+03 -2.638490730196600e+02
0 3196 -4.090163006014565e+02  2.395885731086948e+03  1.340573832480987e+03  2.642075895028215e+03 -7.647896894968534e+02
0 3164 -3.893564733885788e+02  2.445902213278360e+03  1.410250141885277e+03  2.726711479624684e+03 -7.407114169454367e+02
0 3227 1.282952840605311e+03 1.669316542650638e+03 2.305973785251444e+03 2.810954748044857e+03 1.307440838748967e+03
0 3237 -3.538448523737701e+02  2.499206826493756e+03  1.499066376115481e+03  2.827206094601447e+03 -6.972187412327479e+02
0 3174 1.267861500855980e+03 1.712188998631237e+03 2.333754901482712e+03 2.860914368070921e+03 1.288957797788545e+03
0 3210 -3.329202545260017e+02  2.530615631923895e+03  1.551399779393389e+03  2.886420778250446e+03 -6.715914473327622e+02
0 3191 1.236769604533004e+03 1.780357712461755e+03 2.370831718990255e+03 2.935334196969646e+03 1.250878157225141e+03
0 3177 -3.099088065075175e+02  2.558299710544277e+03  1.602095306032255e+03  2.941843528635985e+03 -6.434082943888294e+02
0 3225 1.211163301921659e+03 1.834357264632320e+03 2.399224968549475e+03 2.993594705793736e+03 1.219516969426596e+03
0 3195 -2.848762907093973e+02  2.583719880169352e+03  1.652547991455450e+03  2.995493738948600e+03 -6.127498490470527e+02
0 3162 -2.584256902607506e+02  2.605683221154750e+03  1.700961932889496e+03  3.045257992588870e+03 -5.803546118023446e+02
0 3194 -2.129357976774967e+02  2.631926852831966e+03  1.772695457149965e+03  3.114538303953779e+03 -5.246410991608501e+02
0 3176 -1.623778444965068e+02  2.653564213897940e+03  1.844890771396929e+03  3.180888024964433e+03 -4.627205052943766e+02
0 3202 -1.090334255391654e+02  2.671610695164687e+03  1.916281671621017e+03  3.244129803908170e+03 -3.973872017590086e+02
0 3163 -5.385005943384570e+01  2.684619786753380e+03  1.984474129315030e+03  3.301547970048826e+03 -3.298016571353937e+02
0 3231 8.810729923425242e-13 2.685502025542743e+03 2.039206427538239e+03  3.340873386302966e+03 -2.638490730196579e+02
0 3211 5.560605870286471e+01 2.686413033300711e+03 2.095723493999072e+03  3.381481167013564e+03 -1.957458378050258e+02
0 3216 9.981947263780487e+02 2.220171346381703e+03 2.572070474755247e+03 3.388626688811707e+03 9.586847987619868e+02
0 3168 9.205571463023767e+02 2.265717692142878e+03 2.539979240440750e+03 3.398140889357274e+03 8.635985707370538e+02
0 3180 1.053812552611431e+02 2.684179420604811e+03 2.143265077861450e+03  3.413518740667185e+03 -1.347839210977660e+02
0 3184 8.520733832732728e+02 2.325073648892318e+03 2.530851434161087e+03 3.433657555160912e+03 7.797234331935618e+02
0 3201 1.554932386850979e+02 2.680181530002266e+03 2.189379170682860e+03  3.443299392853969e+03 -7.340952640401713e+01
0 3153 7.852892871525401e+02 2.382527425059214e+03 2.521521114207250e+03 3.467685977383300e+03 6.979299539791715e+02
0 3155 2.050385071407622e+02 2.673608672267568e+03 2.232351581403826e+03  3.469037763602717e+03 -1.272921296122274e+01
0 3185 7.147415903343883e+02 2.432441528172611e+03 2.500887520502494e+03 3.488390424142746e+03 6.115270241126514e+02
0 3200 2.758909465623462e+02 2.653237047761319e+03 2.282832396319161e+03 3.490328176317019e+03 7.404694884594551e+01
0 3169 6.415548423002502e+02 2.481119626865122e+03 2.476378871160867e+03 3.505480805676301e+03 5.218919298040123e+02
0 3179 3.491197170772417e+02 2.628465136213404e+03 2.331289255286142e+03 3.507075963249088e+03 1.637335099723754e+02
0 3198 5.679771195317637e+02 2.528365814536859e+03 2.450047336064118e+03 3.520269698338236e+03 4.317779911946363e+02
0 3199 4.227847239189895e+02 2.601501286083298e+03 2.377990411997783e+03 3.521032346575249e+03 2.539543493028324e+02
0 3154 4.953989745238910e+02 2.571353214136712e+03 2.420456590656099e+03 3.529742563362493e+03 3.428882803211291e+02
1 3251  1.317329615414021e+03  2.248813405354763e+03 -7.759202980797018e+02 -2.138809712982010e+03  1.676901220021436e+03
1 3296  1.246789080602699e+03  2.206675960679231e+03 -8.043233882154913e+02 -2.129098057751738e+03  1.590507061786049e+03
1 3275  1.405082134525714e+03  2.284554381630057e+03 -7.239087552433027e+02 -2.127304685032906e+03  1.784375667755174e+03
1 3273  1.173425565338354e+03  2.160071556960437e+03 -8.310824997610429e+02 -2.115065317081409e+03  1.500655472718784e+03
1 3317  1.499066376115481e+03  2.318177331592328e+03 -6.635474636158068e+02 -2.108397822323742e+03  1.899482385633869e+03
1 3294  1.100470278533786e+03  2.112175694510284e+03 -8.561419241154579e+02 -2.098917516845766e+03  1.411303859363987e+03
1 3266  1.551598594730684e+03  2.336970781728530e+03 -6.298086951368055e+02 -2.097829886376557e+03  1.963820950965661e+03
1 3243  1.603023442879572e+03  2.351698422597493e+03 -5.931114878568803e+02 -2.082295056987638e+03  2.026803269998103e+03
1 3250  1.031197848546934e+03  2.063803023550193e+03 -8.770416831422183e+02 -2.079491234518768e+03  1.326462806008758e+03
1 3284  1.668799994645038e+03  2.359657215965181e+03 -5.352937294591018e+02 -2.047039444711917e+03  2.107362764430681e+03
1 3295  9.654730024838790e+02  2.007764909705190e+03 -8.867284153602709e+02 -2.046715858252986e+03  1.245966637870029e+03
1 3274  8.964933506745097e+02  1.948793991742557e+03 -8.967371492070068e+02 -2.012094365842931e+03  1.161484163086126e+03
1 3265  1.734847928100791e+03  2.363656008478041e+03 -4.732445885162100e+02 -2.005991649686800e+03  2.188254632196627e+03
1 3258  8.076516573870454e+02  1.897086938694484e+03 -9.338717894463979e+02 -2.001790113927661e+03  1.052675754866560e+03
1 3305  8.451766387519536e+02  1.912800782115903e+03 -9.120606515029092e+02 -1.997478675624215e+03  1.098634283342296e+03
1 3285  1.799353414105284e+03  2.364786187478392e+03 -4.098692815120672e+02 -1.961977697579494e+03  2.267257395357252e+03
1 3244  1.858851713641590e+03  2.361352747586824e+03 -3.469375420841933e+02 -1.915050429248055e+03  2.340127632570863e+03
1 3286  1.912473762665619e+03  2.347972816529731e+03 -2.799355620030719e+02 -1.858211834797490e+03  2.405800962106551e+03
1 3267  1.965416480247399e+03  2.329942995224797e+03 -2.089630231163570e+02 -1.795277662364367e+03  2.470642283942370e+03
1 3287  2.015798029445763e+03  2.308651264802578e+03 -1.372897434957744e+02 -1.729541473350026e+03  2.532346827935829e+03
1 3245  2.060176885193128e+03  2.283315015023759e+03 -6.757463796959075e+01 -1.662330015452887e+03  2.586699603910641e+03
1 3308  6.031936169470744e+02  1.527159195003652e+03 -7.684020861955372e+02 -1.623206948565226e+03  8.022668184229310e+02
1 3315 2.094626496151562e+03 2.250189988012602e+03 1.065814103640150e-13 -1.591124599481788e+03  2.628891588253419e+03
1 3299  5.716256409024714e+02  1.470401605447971e+03 -7.432124726844596e+02 -1.565261525577450e+03  7.636041016620910e+02
1 3300 2.123075095238045e+03 2.222835234592999e+03 5.580335250608675e+01 -1.532322938871103e+03  2.663733864082865e+03
1 3278  5.420287953304855e+02  1.402603426408603e+03 -7.050111392170769e+02 -1.490308551481458e+03  7.273555168384323e+02
1 3263 2.148279730771123e+03 2.192381833916167e+03 1.114613887159973e+02 -1.471432957910770e+03  2.694603112187297e+03
1 3306  5.326414116583155e+02  1.360547732286235e+03 -6.723428287668795e+02 -1.437470701130783e+03  7.158583668301570e+02
1 3281 2.170841787584870e+03 2.159855774268275e+03 1.665495051776359e+02 -1.409480379855648e+03  2.722235875557978e+03
1 3239 2.189460262181939e+03 2.126462239202676e+03 2.185615148403042e+02 -1.349089540027359e+03  2.745038756833874e+03
1 3280 2.209312594507202e+03 2.076889441649320e+03 2.879866447189219e+02 -1.264945298593066e+03  2.769352799034400e+03
1 3262 2.226743120538664e+03 2.023408593095008e+03 3.588980193046968e+02 -1.176986714083840e+03  2.790700746397091e+03
1 3314  1.499066376115481e+03  1.654629867976523e+03 -1.485034317738609e-12 -1.170000000000003e+03  1.899482385633870e+03
1 3282 2.245053806739706e+03 1.969688023220445e+03 4.309292753803012e+02 -1.088066745207886e+03  2.813126665413477e+03
1 3303  3.335889261876935e+02  9.908079286252008e+02 -5.016555105764668e+02 -1.055331018532496e+03  4.720698561122638e+02
1 3240 2.269677851395140e+03 1.920782403770915e+03 5.044589394852652e+02 -1.001491925950006e+03  2.843284837818138e+03
1 3253  3.619649303949871e+02  9.658831036413263e+02 -4.483546813852987e+02 -1.000017128002569e+03  5.068232217357329e+02
1 3259 2.306718033502529e+03 1.897086938694483e+03 5.651945866690860e+02 -9.417901139276591e+02  2.888649610889574e+03
1 3298  3.826973391288400e+02  9.145360689190908e+02 -3.762752379292103e+02 -9.127414283047030e+02  5.322151330041133e+02
1 3276  3.985069658480619e+02  8.592889075925444e+02 -3.052184498834421e+02 -8.234310492128972e+02  5.515778922470959e+02
1 3297  4.147060070794685e+02  8.047593261460488e+02 -2.344898272055398e+02 -7.348601236772865e+02  5.714175849167220e+02
1 3252  4.339601170760880e+02  7.543700975372275e+02 -1.648464886000991e+02 -6.499842814368518e+02  5.949989573882912e+02
1 3309 2.102259993062558e+03 1.527159195003652e+03 7.306642899199468e+02 -5.632069485652233e+02  2.638240674445945e+03
1 3277  4.641813789733768e+02  7.033411950447863e+02 -8.359632421036906e+01 -5.564488562354397e+02  6.320122929039777e+02
1 3264 2.092168781034492e+03 1.486712470237426e+03 7.610198026581066e+02 -5.131422063026921e+02  2.625881514268446e+03
1 3319  5.022354206406015e+02  6.577989125016423e+02 -4.050093593832571e-13 -4.651340716870481e+02  6.786187852716331e+02
1 3283 2.062936299953237e+03 1.418681793946640e+03 7.998179978676378e+02 -4.376027868383112e+02  2.590079182986127e+03
1 3272 5.315803060346861e+02 6.226795663491254e+02 6.446423154660118e+01 -3.947178486011839e+02  7.145587831596122e+02
1 3307 2.031707787773799e+03 1.360547732286235e+03 8.267235473486044e+02 -3.774707011307803e+02  2.551832222853171e+03
1 3249 5.640420903893835e+02 5.942265359479840e+02 1.253790463024400e+02 -3.315252392706537e+02  7.543161870642475e+02
1 3293 6.092555986252572e+02 5.679378014653297e+02 1.968812890209680e+02 -2.623765761528388e+02  8.096911993937553e+02
1 3271 6.596601932603672e+02 5.460910700761575e+02 2.691326150452502e+02 -1.958392016593040e+02  8.714239681676783e+02
1 3292 7.127758809536779e+02 5.277671974572372e+02 3.405721753574811e+02 -1.323668695311032e+02  9.364771342604978e+02
1 3248 7.676950087335523e+02 5.144008153434316e+02 4.088576852511611e+02 -7.463026299589845e+01  1.003739054350198e+03
1 3291 8.287739361461072e+02 5.114679478061136e+02 4.728694802010341e+02 -2.729323818696093e+01  1.078545157448824e+03
1 3304 1.832655302303177e+03 9.908079286252006e+02 9.974108655390170e+02 4.668981467506569e+00 2.308043712135277e+03
1 3270 8.940676651137040e+02 5.134366427327201e+02 5.361945142420243e+02 1.609224526960111e+01 1.158513317135921e+03
1 3260 1.742100912434914e+03 9.339828521853724e+02 9.636815521105823e+02 2.100015210954029e+01 2.197137687562128e+03
1 3279 1.673335576987045e+03 8.751664375838387e+02 9.537326312642466e+02 5.555468832343206e+01 2.112917695642828e+03
1 3290 9.607384284165730e+02 5.181949652699889e+02 5.981069550076246e+02 5.650630984159199e+01 1.240167992562872e+03
1 3238 1.606108694890644e+03 8.182911743344098e+02 9.433810124172742e+02 8.845187276592071e+01 2.030581916575613e+03
1 3247 1.027403264950503e+03 5.267364588153969e+02 6.562302979961466e+02 9.156597180658838e+01 1.321815409209962e+03
1 3261 1.553001967065403e+03 7.810507429007595e+02 9.275147160256839e+02 1.035656685961583e+02 1.965539724035261e+03
1 3289 1.098050329334154e+03 5.480044811713938e+02 7.056093400238008e+02 1.114434644424857e+02 1.408340038992710e+03
1 3313 1.499066376115481e+03 7.460323253461953e+02 9.085975426303261e+02 1.149509675266734e+02 1.899482385633869e+03
1 3268 1.171430897985858e+03 5.739457262584137e+02 7.530486635884845e+02 1.266449015165223e+02 1.498212514108682e+03
1 3269 1.406036863082436e+03 6.856316460375417e+02 8.759687089059346e+02 1.345886278653708e+02 1.785544966658590e+03
1 3288 1.245199629425715e+03 6.019208902890711e+02 7.988422309976839e+02 1.392444153754067e+02 1.588560389608710e+03
1 3246 1.317151030423746e+03 6.320710953043128e+02 8.406434269804738e+02 1.474829100961032e+02 1.676682498970489e+03
0 3163 3202
0 3202 3176
0 3219 3235
0 3235 3232
0 3187 3171
0 3231 3163
0 3232 3235
0 3215 3224
0 3233 3232
0 3194 3162
0 3232 3237
0 3224 3183
0 3208 3233
0 3207 3226
0 3183 3207
0 3176 3194
0 3226 3219
0 3171 3208
0 3162 3195
0 3173 3189
0 3159 3203
0 3235 3212
0 3231 3232
0 3233 3209
0 3203 3181
0 3204 3159
0 3182 3204
0 3232 3233
0 3195 3177
0 3180 3211
0 3206 3160
0 3160 3205
0 3181 3206
0 3212 3182
0 3211 3231
0 3209 3173
0 3216 3168
0 3157 3220
0 3198 3154
0 3188 3172
0 3172 3190
0 3199 3179
0 3168 3184
0 3185 3169
0 3192 3170
0 3158 3187
0 3189 3156
0 3184 3153
0 3156 3188
0 3169 3198
0 3225 3216
0 3220 3227
0 3153 3185
0 3191 3225
0 3174 3191
0 3154 3199
0 3190 3157
0 3227 3174
0 3170 3186
0 3186 3158
0 3179 3200
0 3232 3231
0 3193 3161
0 3200 3155
0 3178 3197
0 3155 3201
0 3197 3165
0 3164 3196
0 3205 3175
0 3165 3215
0 3201 3180
0 3237 3164
0 3237 3232
0 3161 3192
0 3196 3178
0 3177 3210
0 3175 3193
0 3210 3237
1 3314 3315
1 3303 3306
1 3300 3263
1 3315 3300
1 3263 3281
1 3271 3293
1 3275 3317
1 3287 3245
1 3244 3286
1 3265 3285
1 3251 3275
1 3294 3273
1 3286 3267
1 3250 3294
1 3299 3308
1 3289 3247
1 3247 3290
1 3305 3274
1 3291 3248
1 3295 3250
1 3270 3291
1 3245 3315
1 3248 3292
1 3273 3296
1 3267 3287
1 3288 3268
1 3290 3270
1 3314 3319
1 3285 3244
1 3292 3271
1 3293 3249
1 3258 3305
1 3315 3314
1 3317 3314
1 3308 3258
1 3296 3251
1 3274 3295
1 3268 3289
1 3284 3265
1 3276 3298
1 3246 3288
1 3264 3283
1 3313 3269
1 3260 3279
1 3283 3307
1 3307 3304
1 3262 3282
1 3280 3262
1 3239 3280
1 3281 3239
1 3319 3314
1 3266 3243
1 3282 3240
1 3297 3276
1 3277 3252
1 3240 3259
1 3252 3297
1 3259 3309
1 3309 3264
1 3319 3277
1 3253 3303
1 3317 3266
1 3243 3284
1 3249 3272
1 3269 3246
1 3314 3317
1 3272 3319
1 3314 3313
1 3279 3238
1 3298 3253
1 3306 3278
1 3261 3313
1 3313 3314
1 3278 3299
1 3238 3261
1 3304 3260
