78
2
99
99
16	1.959903953731528e+02 8.482260992443717e+02 4.395371662808104e+02	0.000000000000000e+00 0.000000000000000e+00 0.000000000000000e+00	1.000000000000000e+00	0	16
37	1.278760930784382e+01 8.610269860001378e+02 2.435334934597353e+02	 2.395014742403006e-14  5.225897442199887e-14 -2.830880168394748e-14	1.000000000000000e+00	0	37
69	1.229143151511536e+03 3.691062379986508e-13 6.630745949436648e+02	-4.209126335462209e-03  7.595721853201500e-03 -3.386595517739292e-03	1.000000000000000e+00	1	69
70	1.229143151511536e+03 2.998132752230965e+03 6.630745949436648e+02	-4.209126335462214e-03  7.595721853201509e-03 -3.386595517739296e-03	1.000000000000000e+00	1	70
72	5.442269430433582e+02 1.341883288439717e+03 6.107514972125955e+00	 2.097764765826689e-02 -4.226342712517586e-02  2.128577946690898e-02	1.000000000000000e+00	0	72
75	7.420740594652440e+02 1.341304356814898e+03 1.307905706290539e+03	 2.144244726305490e-02 -4.289649231904236e-02  2.145404505598746e-02	1.000000000000000e+00	0	75
76	9.918571997354815e+02 1.342252213596683e+03 1.057174709238517e+03	 2.171314980678688e-02 -4.293347900329682e-02  2.122032919650994e-02	1.000000000000000e+00	0	76
77	1.250020738185324e+03 1.344659046711370e+03 7.966043376739879e+02	 2.132959025803490e-02 -4.210747124617496e-02  2.077788098814006e-02	1.000000000000000e+00	0	77
78	1.481986476587225e+03 1.345706059401642e+03 5.635915865818148e+02	 2.065485893054336e-02 -4.139347476372812e-02  2.073861583318476e-02	1.000000000000000e+00	0	78
81	2.112595794440305e+02 1.344382596354628e+03 3.365755706565426e+02	 2.037398437158900e-02 -4.126283765118160e-02  2.088885327959260e-02	1.000000000000000e+00	0	81
88	6.614993419178646e+02 1.154774380235984e+03 7.594402430135167e+01	-2.176991169093336e-02  4.235864200461662e-02 -2.058873031368326e-02	1.000000000000000e+00	0	88
89	5.041767711952208e+02 1.152163746126974e+03 2.358772291330064e+02	-2.135568789312371e-02  4.190140892097388e-02 -2.054572102785017e-02	1.000000000000000e+00	0	89
91	1.466832033266318e+03 1.154281238361965e+03 7.701708509423987e+02	-2.025790428953467e-02  4.174149015120180e-02 -2.148358586166713e-02	1.000000000000000e+00	0	91
126	9.644955795034172e+02 1.159651535945387e+03 1.267137007121877e+03	-2.164737514425722e-02  4.282449767164890e-02 -2.117712252739168e-02	1.000000000000000e+00	0	126
149	7.921296515279311e+02 1.157320565689942e+03 1.441833905352808e+03	-2.189717075107846e-02  4.265634120628663e-02 -2.075917045520817e-02	1.000000000000000e+00	0	149
156	8.665166418568713e+02 1.341515265044330e+03 1.183252215669480e+03	 2.164534991169585e-02 -4.304506366224038e-02  2.139971375054454e-02	1.000000000000000e+00	0	156
157	1.121240265853462e+03 1.343417641042548e+03 9.266262156746718e+02	 2.159629873511645e-02 -4.257590313669257e-02  2.097960440157611e-02	1.000000000000000e+00	0	157
158	1.369230097596531e+03 1.345507978842247e+03 6.765460461319038e+02	 2.099236353201730e-02 -4.169046284766458e-02  2.069809931564728e-02	1.000000000000000e+00	0	158
159	3.569945656274196e+01 1.345551816932785e+03 5.109664729596736e+02	 2.053799205751891e-02 -4.130291538845048e-02  2.076492333093157e-02	1.000000000000000e+00	0	159
160	1.500213039678540e+02 1.344871362314336e+03 3.973250801730105e+02	 2.038707871459425e-02 -4.122215246199364e-02  2.083507374739938e-02	1.000000000000000e+00	0	160
161	3.424886294308233e+02 1.343259205944497e+03 2.064699110798804e+02	 2.049813273018137e-02 -4.151763516688121e-02  2.101950243669983e-02	1.000000000000000e+00	0	161
165	5.958774457640209e+02 1.153584507444185e+03 1.427557932469950e+02	-2.163523430147325e-02  4.217569366743697e-02 -2.054045936596371e-02	1.000000000000000e+00	0	165
166	3.941941187283650e+02 1.151060442009513e+03 3.469631857173225e+02	-2.101348407567209e-02  4.164077800858371e-02 -2.062729393291162e-02	1.000000000000000e+00	0	166
167	9.266997678441584e+01 1.152147823796246e+03 6.473999458745390e+02	-2.031584102069335e-02  4.152146116418606e-02 -2.120562014349271e-02	1.000000000000000e+00	0	167
169	1.174179336530140e+03 1.159307776994002e+03 1.057797009046540e+03	-2.097714344530590e-02  4.253938465432380e-02 -2.156224120901790e-02	1.000000000000000e+00	0	169
238	7.097294088222623e+02 1.155720746741980e+03 2.676759089095896e+01	-2.187098192297502e-02  4.251106343030031e-02 -2.064008150732529e-02	1.000000000000000e+00	0	238
246	6.132098066686459e+02 1.341587225899771e+03 1.436487090002265e+03	 2.115156697603384e-02 -4.252190274132025e-02  2.137033576528641e-02	1.000000000000000e+00	0	246
247	6.963434807962810e+02 1.341362099128153e+03 1.353578542646248e+03	 2.131560727635971e-02 -4.277216061875974e-02  2.145655334240003e-02	1.000000000000000e+00	0	247
248	8.031110439390690e+02 1.341342745908706e+03 1.246830332722907e+03	 2.155466543193825e-02 -4.300005633954487e-02  2.144539090760662e-02	1.000000000000000e+00	0	248
249	9.299517635362580e+02 1.341826201816001e+03 1.119506157218422e+03	 2.169997485881321e-02 -4.302167680717099e-02  2.132170194835778e-02	1.000000000000000e+00	0	249
250	1.055230020329884e+03 1.342788681068298e+03 9.932654211724997e+02	 2.167861512902981e-02 -4.278183722794795e-02  2.110322209891814e-02	1.000000000000000e+00	0	250
251	1.187264213547498e+03 1.344069889869538e+03 8.599500191536456e+02	 2.147563828254027e-02 -4.234193318358938e-02  2.086629490104911e-02	1.000000000000000e+00	0	251
252	1.310224578248884e+03 1.345148491577724e+03 7.359110527440738e+02	 2.116626952473734e-02 -4.188655255931678e-02  2.072028303457944e-02	1.000000000000000e+00	0	252
253	1.426700682949580e+03 1.345697613447694e+03 6.188858261734066e+02	 2.081938281325899e-02 -4.152930806120005e-02  2.070992524794106e-02	1.000000000000000e+00	0	253
254	2.753495616821738e+02 1.343833162974415e+03 2.730350217986118e+02	 2.041274506226367e-02 -4.135885270367747e-02  2.094610764141381e-02	1.000000000000000e+00	0	254
255	4.054133036910198e+02 1.342748782216145e+03 1.440556605480358e+02	 2.063157638922452e-02 -4.172194079108588e-02  2.109036440186135e-02	1.000000000000000e+00	0	255
256	4.886707990551649e+02 1.342191205027055e+03 6.135574237298079e+01	 2.080973486748928e-02 -4.201355524792996e-02  2.120382038044068e-02	1.000000000000000e+00	0	256
265	5.496200758834996e+02 1.152821522430635e+03 1.897761481410662e+02	-2.150112958554443e-02  4.203283993203275e-02 -2.053171034648831e-02	1.000000000000000e+00	0	265
266	4.497089570619847e+02 1.151525847860781e+03 2.909829415324352e+02	-2.119459568154694e-02  4.176376200591759e-02 -2.056916632437065e-02	1.000000000000000e+00	0	266
267	3.283520284617012e+02 1.150773515968507e+03 4.130922020249922e+02	-2.087040779043795e-02  4.153583010367622e-02 -2.066542231323827e-02	1.000000000000000e+00	0	267
268	2.201321496378640e+02 1.150926373498653e+03 5.211592233186842e+02	-2.055471775028500e-02  4.144858800289400e-02 -2.089387025260899e-02	1.000000000000000e+00	0	268
269	2.831917223108797e+01 1.153144737438324e+03 7.107538367857893e+02	-2.027196200140793e-02  4.161955619782214e-02 -2.134759419641421e-02	1.000000000000000e+00	0	269
270	1.387357457537641e+03 1.155859194490629e+03 8.480674705424111e+02	-2.034648985568190e-02  4.192175299744914e-02 -2.157526314176724e-02	1.000000000000000e+00	0	270
271	1.302753121393711e+03 1.157456657805796e+03 9.310743433711748e+02	-2.052205083743757e-02  4.215650248040243e-02 -2.163445164296486e-02	1.000000000000000e+00	0	271
272	1.226770235744571e+03 1.158660146499591e+03 1.005853740326520e+03	-2.072848262173755e-02  4.237871490840469e-02 -2.165023228666714e-02	1.000000000000000e+00	0	272
273	1.094064985947199e+03 1.159872436373677e+03 1.137346700249805e+03	-2.118061901840205e-02  4.269956548790958e-02 -2.151894646950752e-02	1.000000000000000e+00	0	273
320	5.371980958723746e+02 1.628970966024403e+03 1.499066376115484e+03	 6.210350974799072e-15  1.355092171240796e-14 -7.340564173600979e-15	1.000000000000000e+00	1	320
321	5.371980958723746e+02 1.628970966024403e+03 1.935418855738656e-13	 6.210350974799072e-15  1.355092171240796e-14 -7.340564173600979e-15	1.000000000000000e+00	1	321
344	1.499066376115483e+03 2.449020053148697e+03 9.422640694219851e+02	 4.141292940878641e-03 -8.934572929077979e-03  4.793279988199338e-03	1.000000000000000e+00	1	344
345	-1.250555214937776e-12  2.449020053148698e+03  9.422640694219851e+02	 4.141292940878640e-03 -8.934572929077976e-03  4.793279988199336e-03	1.000000000000000e+00	1	345
366	8.724268810780364e+02 1.158640805101525e+03 1.360216436391121e+03	-2.185945388478404e-02  4.276352854640846e-02 -2.090407466162442e-02	1.000000000000000e+00	0	366
406	7.409912098462405e+01 1.345372701297351e+03 4.727459241732258e+02	 2.044091527280595e-02 -4.125116386446066e-02  2.081024859165471e-02	1.000000000000000e+00	0	406
433	 1.135560716698376e+03 -2.728484105318785e-12  7.282672107349273e+02	 1.710120097640544e-14  3.731464398063625e-14 -2.021342492917855e-14	1.000000000000000e+00	1	433
434	1.135560716698376e+03 2.998132752230962e+03 7.282672107349273e+02	 1.710120097640544e-14  3.731464398063625e-14 -2.021342492917855e-14	1.000000000000000e+00	1	434
580	2.941972983898954e+02 1.150730686761048e+03 4.472897613042576e+02	-2.070122874593816e-02  4.149010102501156e-02 -2.078887227907339e-02	1.000000000000000e+00	0	580
583	1.389431576959292e+02 1.151575510049749e+03 6.016990787095228e+02	-2.043376313176357e-02  4.146675724305518e-02 -2.103299411129161e-02	1.000000000000000e+00	0	583
599	-1.136868377216160e-12  8.603297863600317e+02  2.314430837919963e+02	 3.245746067162406e-14  7.083028515076716e-14 -3.837278433179029e-14	1.000000000000000e+00	1	599
600	1.499066376115483e+03 8.603297863600317e+02 2.314430837919961e+02	 3.245746067162406e-14  7.083028515076716e-14 -3.837278433179029e-14	1.000000000000000e+00	1	600
602	-2.501110429875553e-12  8.317666254898659e+02  2.600062446621644e+02	 2.371739903700906e-14  5.175111984437367e-14 -2.803369573934584e-14	1.000000000000000e+00	1	602
603	1.499066376115482e+03 8.317666254898677e+02 2.600062446621625e+02	 2.371739903700904e-14  5.175111984437364e-14 -2.803369573934583e-14	1.000000000000000e+00	1	603
604	1.499066376115478e+03 8.603297863600324e+02 2.314430837919946e+02	 3.245746067162647e-14  7.083028515077243e-14 -3.837278433179313e-14	1.000000000000000e+00	1	604
605	-6.366462912410498e-12  8.603297863600314e+02  2.314430837919950e+02	 3.245746067162634e-14  7.083028515077212e-14 -3.837278433179297e-14	1.000000000000000e+00	1	605
606	1.449658815539235e+03 8.576360120490569e+02 1.847292975267272e+02	 4.899541231893457e-14  1.069382749497564e-13 -5.794278953658526e-14	7.500000000000000e-01	0	606
616	 1.263532471842509e+03  8.562389658790571e+02 -2.955857780762017e-12	 5.562838718018545e-14  1.214155261019658e-13 -6.578705593208189e-14	1.000000000000000e+00	1	616
617	1.263532471842509e+03 8.562389658790571e+02 1.499066376115481e+03	 5.562838718018545e-14  1.214155261019658e-13 -6.578705593208189e-14	1.000000000000000e+00	1	617
633	1.050057416573401e+03 1.159961417743832e+03 1.181265288253448e+03	-2.138045073219337e-02  4.277182067747148e-02 -2.139136994527810e-02	1.000000000000000e+00	0	633
634	9.209228096607463e+02 1.159253158049749e+03 1.311108154860186e+03	-2.175574687184813e-02  4.281040769598871e-02 -2.105466082414057e-02	1.000000000000000e+00	0	634
641	1.007229897368915e+03 1.159887298427943e+03 1.224166926773824e+03	-2.152082801640292e-02  4.280949587582800e-02 -2.128866785942508e-02	1.000000000000000e+00	0	641
646	7.359871989076560e+02 1.156230547547546e+03 1.499066376115482e+03	-2.187932729585673e-02  4.255735787338280e-02 -2.067803057752607e-02	1.000000000000000e+00	1	646
647	 7.359871989076560e+02  1.156230547547546e+03 -1.591615728102624e-12	-2.187932729585673e-02  4.255735787338280e-02 -2.067803057752607e-02	1.000000000000000e+00	1	647
648	1.499066376115482e+03 1.345656145077820e+03 5.465616013773802e+02	 2.061703970353351e-02 -4.136416889215938e-02  2.074712918862587e-02	1.000000000000000e+00	1	648
649	-2.273736754432321e-12  1.345656145077820e+03  5.465616013773797e+02	 2.061703970353351e-02 -4.136416889215938e-02  2.074712918862587e-02	1.000000000000000e+00	1	649
650	-7.144300623236480e-13  1.153676246886698e+03  7.385414995685039e+02	-2.026538760579793e-02  4.167658127096611e-02 -2.141119366516819e-02	1.000000000000000e+00	1	650
651	1.499066376115483e+03 1.153676246886698e+03 7.385414995685039e+02	-2.026538760579793e-02  4.167658127096611e-02 -2.141119366516819e-02	1.000000000000000e+00	1	651
652	 5.503607833992086e+02  1.341856963055991e+03 -2.728484105318785e-12	 2.099311227185231e-02 -4.228641034277498e-02  2.129329807092267e-02	1.000000000000000e+00	1	652
653	5.503607833992083e+02 1.341856963055991e+03 1.499066376115483e+03	 2.099311227185231e-02 -4.228641034277497e-02  2.129329807092266e-02	1.000000000000000e+00	1	653
654	 5.383221354259722e+02  1.353895611029227e+03 -1.818989403545856e-12	 2.079497490225026e-02 -4.190181240791230e-02  2.110683750566204e-02	1.000000000000000e+00	1	654
655	5.383221354259709e+02 1.353895611029229e+03 1.499066376115482e+03	 2.079497490225024e-02 -4.190181240791225e-02  2.110683750566202e-02	1.000000000000000e+00	1	655
2	-7.071067811865475e-01  7.071067811865475e-01  0.000000000000000e+00	5.773502691896257e-01 5.773502691896257e-01 5.773502691896257e-01	6.307392488184003e+02 6.307392488184003e+02 6.307392488184003e+02	1	0	0.000000000000000e+00	0.000000000000000e+00	0.000000000000000e+00
22	7.071067811865475e-01 7.071067811865475e-01 0.000000000000000e+00	 5.773502691896257e-01 -5.773502691896257e-01 -5.773502691896257e-01	-3.639242900506764e+02  3.639242900506764e+02  3.639242900506764e+02	1	0	0.000000000000000e+00	0.000000000000000e+00	0.000000000000000e+00
2	69	70	0	1
2	239	69	1	0
2	70	346	1	0
2	72	706	1	0
2	711	72	1	0
2	247	75	1	0
2	75	248	1	0
2	249	76	1	0
2	76	250	1	0
2	251	77	1	0
2	77	252	1	0
2	253	78	1	0
2	78	702	1	0
2	160	81	1	0
2	81	254	1	0
2	256	83	1	0
2	83	708	1	0
2	84	85	0	1
2	351	84	1	0
2	85	88	1	0
2	88	165	1	0
2	265	89	1	0
2	89	266	1	0
2	91	270	1	0
2	705	91	1	0
2	148	688	1	0
2	695	148	1	0
2	370	149	1	0
2	149	700	1	0
2	248	156	1	0
2	156	249	1	0
2	250	157	1	0
2	157	251	1	0
2	252	158	1	0
2	158	253	1	0
2	159	410	1	0
2	703	159	1	0
2	410	160	1	0
2	254	161	1	0
2	161	255	1	0
2	165	265	1	0
2	266	166	1	0
2	166	267	1	0
2	167	269	1	0
2	629	167	1	0
2	272	169	1	0
2	169	273	1	0
2	238	239	1	0
2	701	238	1	0
2	246	247	1	0
2	707	246	1	0
2	255	256	1	0
2	267	626	1	0
2	626	268	1	0
2	268	629	1	0
2	269	704	1	0
2	270	271	1	0
2	271	272	1	0
2	273	687	1	0
2	346	347	0	1
2	347	710	1	0
2	350	351	0	1
2	709	350	1	0
2	688	370	1	0
2	687	695	1	0
2	700	701	0	1
2	702	703	0	1
2	704	705	0	1
2	706	707	0	1
2	708	709	0	1
2	710	711	0	1
22	37	648	1	0
22	653	37	1	0
22	98	55	1	0
22	55	666	1	0
22	651	98	1	0
22	138	324	1	0
22	665	138	1	0
22	321	280	1	0
22	280	656	1	0
22	320	321	0	1
22	438	320	1	0
22	324	325	0	1
22	325	439	1	0
22	437	438	0	1
22	649	437	1	0
22	439	440	0	1
22	440	650	1	0
22	645	646	0	1
22	656	645	1	0
22	646	654	1	0
22	648	649	0	1
22	650	651	0	1
22	652	653	0	1
22	655	652	1	0
22	654	664	1	0
22	667	655	1	0
22	664	665	0	1
22	666	667	0	1
22	37	3.010920361538812e+03 3.859159738231102e+03 2.435334934597352e+02	37	-2.998132752230968e+03 -2.998132752230965e+03 -1.296998437598056e-15	-1
22	55	 1.695056771488637e+03  3.846358851475336e+03 -1.059529209834674e+03	16	-1.499066376115484e+03 -2.998132752230965e+03  1.499066376115484e+03	-1
2	69	-2.699232246039483e+02  3.410605131648481e-13  2.162140971059149e+03	69	 1.499066376115484e+03  2.804572483380277e-14 -1.499066376115484e+03	0
2	70	-2.699232246039483e+02  5.684341886080801e-13  2.162140971059149e+03	70	 1.499066376115484e+03  2.998132752230965e+03 -1.499066376115484e+03	1
2	72	 5.442269430433582e+02 -1.656249463791248e+03  3.004240267203094e+03	72	-9.046546396681272e-15  2.998132752230965e+03 -2.998132752230968e+03	-1
2	75	 7.420740594652440e+02 -1.656828395416067e+03  2.806972082406023e+03	75	 0.000000000000000e+00  2.998132752230965e+03 -1.499066376115484e+03	-1
2	76	 9.918571997354815e+02 -1.655880538634281e+03  2.556241085354001e+03	76	 0.000000000000000e+00  2.998132752230965e+03 -1.499066376115484e+03	-1
2	77	 1.250020738185324e+03 -1.653473705519595e+03  2.295670713789472e+03	77	 0.000000000000000e+00  2.998132752230965e+03 -1.499066376115484e+03	-1
2	78	 1.481986476587225e+03 -1.652426692829323e+03  2.062657962697299e+03	78	 0.000000000000000e+00  2.998132752230965e+03 -1.499066376115484e+03	-1
2	81	 1.710325955559515e+03 -1.653750155876337e+03  1.835641946772027e+03	81	-1.499066376115484e+03  2.998132752230965e+03 -1.499066376115484e+03	-1
2	83	 2.043293319158842e+03 -1.656249463791248e+03  1.505173891087610e+03	72	-1.499066376115484e+03  2.998132752230965e+03 -1.499066376115484e+03	-1
2	84	 1.229143151511536e+03 -4.547473508864641e-13  6.630745949436655e+02	70	2.881180732755041e-14 2.998132752230965e+03 0.000000000000000e+00	1
2	85	 1.229143151511536e+03 -4.547473508864641e-13  6.630745949436654e+02	69	8.137780172766422e-14 0.000000000000000e+00 4.030010838596754e-14	0
2	88	6.614993419178645e+02 1.154774380235984e+03 7.594402430135167e+01	88	8.137780172766422e-14 0.000000000000000e+00 4.030010838596754e-14	-1
2	89	5.041767711952207e+02 1.152163746126974e+03 2.358772291330064e+02	89	8.137780172766422e-14 0.000000000000000e+00 4.030010838596754e-14	-1
2	91	-3.223434284916607e+01  1.154281238361965e+03  7.701708509423987e+02	91	1.499066376115484e+03 1.522937239157407e-14 1.560815019424493e-14	-1
22	98	 1.511853985423328e+03  3.859159738231102e+03 -1.255532882655749e+03	37	-1.499066376115484e+03 -2.998132752230965e+03  1.499066376115484e+03	-1
22	138	1.959903953731528e+02 8.482260992443718e+02 4.395371662808104e+02	16	0.000000000000000e+00 2.629596998832196e-14 2.301162899144159e-14	-1
2	148	-5.345707966120668e+02  1.159651535945387e+03  1.267137007121877e+03	126	1.499066376115484e+03 1.522937239157407e-14 1.560815019424493e-14	-1
2	149	-7.069367245875529e+02  1.157320565689942e+03  1.441833905352808e+03	149	1.499066376115484e+03 1.522937239157407e-14 1.560815019424493e-14	-1
2	156	 8.665166418568713e+02 -1.656617487186635e+03  2.682318591784964e+03	156	 0.000000000000000e+00  2.998132752230965e+03 -1.499066376115484e+03	-1
2	157	 1.121240265853462e+03 -1.654715111188417e+03  2.425692591790156e+03	157	 0.000000000000000e+00  2.998132752230965e+03 -1.499066376115484e+03	-1
2	158	 1.369230097596531e+03 -1.652624773388718e+03  2.175612422247388e+03	158	 0.000000000000000e+00  2.998132752230965e+03 -1.499066376115484e+03	-1
2	159	 1.534765832678226e+03 -1.652580935298180e+03  2.010032849075158e+03	159	-1.499066376115484e+03  2.998132752230965e+03 -1.499066376115484e+03	-1
2	160	 1.649087680083338e+03 -1.653261389916629e+03  1.896391456288495e+03	160	-1.499066376115484e+03  2.998132752230965e+03 -1.499066376115484e+03	-1
2	161	 1.841555005546307e+03 -1.654873546286468e+03  1.705536287195365e+03	161	-1.499066376115484e+03  2.998132752230965e+03 -1.499066376115484e+03	-1
2	165	5.958774457640208e+02 1.153584507444185e+03 1.427557932469950e+02	165	8.137780172766422e-14 0.000000000000000e+00 4.030010838596754e-14	-1
2	166	3.941941187283649e+02 1.151060442009513e+03 3.469631857173225e+02	166	8.137780172766422e-14 0.000000000000000e+00 4.030010838596754e-14	-1
2	167	9.266997678441574e+01 1.152147823796246e+03 6.473999458745390e+02	167	8.137780172766422e-14 0.000000000000000e+00 4.030010838596754e-14	-1
2	169	-3.248870395853444e+02  1.159307776994002e+03  1.057797009046540e+03	169	1.499066376115484e+03 1.522937239157407e-14 1.560815019424493e-14	-1
2	238	-7.893369672932218e+02  1.155720746741980e+03  1.525833967006443e+03	238	 1.499066376115484e+03  2.804572483380277e-14 -1.499066376115484e+03	-1
2	239	-8.375670341976194e+02  1.154774380235984e+03  1.575010400416836e+03	88	 1.499066376115484e+03  2.804572483380277e-14 -1.499066376115484e+03	-1
2	246	 6.132098066686459e+02 -1.656545526331194e+03  2.935553466117749e+03	246	 0.000000000000000e+00  2.998132752230965e+03 -1.499066376115484e+03	-1
2	247	 6.963434807962811e+02 -1.656770653102812e+03  2.852644918761732e+03	247	 0.000000000000000e+00  2.998132752230965e+03 -1.499066376115484e+03	-1
2	248	 8.031110439390690e+02 -1.656790006322259e+03  2.745896708838391e+03	248	 0.000000000000000e+00  2.998132752230965e+03 -1.499066376115484e+03	-1
2	249	 9.299517635362580e+02 -1.656306550414963e+03  2.618572533333906e+03	249	 0.000000000000000e+00  2.998132752230965e+03 -1.499066376115484e+03	-1
2	250	 1.055230020329884e+03 -1.655344071162667e+03  2.492331797287984e+03	250	 0.000000000000000e+00  2.998132752230965e+03 -1.499066376115484e+03	-1
2	251	 1.187264213547498e+03 -1.654062862361426e+03  2.359016395269130e+03	251	 0.000000000000000e+00  2.998132752230965e+03 -1.499066376115484e+03	-1
2	252	 1.310224578248884e+03 -1.652984260653241e+03  2.234977428859558e+03	252	 0.000000000000000e+00  2.998132752230965e+03 -1.499066376115484e+03	-1
2	253	 1.426700682949580e+03 -1.652435138783270e+03  2.117952202288890e+03	253	 0.000000000000000e+00  2.998132752230965e+03 -1.499066376115484e+03	-1
2	254	 1.774415937797658e+03 -1.654299589256550e+03  1.772101397914096e+03	254	-1.499066376115484e+03  2.998132752230965e+03 -1.499066376115484e+03	-1
2	255	 1.904479679806504e+03 -1.655383970014820e+03  1.643122036663520e+03	255	-1.499066376115484e+03  2.998132752230965e+03 -1.499066376115484e+03	-1
2	256	 1.987737175170649e+03 -1.655941547203910e+03  1.560422118488465e+03	256	-1.499066376115484e+03  2.998132752230965e+03 -1.499066376115484e+03	-1
2	265	5.496200758834995e+02 1.152821522430635e+03 1.897761481410662e+02	265	8.137780172766422e-14 0.000000000000000e+00 4.030010838596754e-14	-1
2	266	4.497089570619847e+02 1.151525847860781e+03 2.909829415324351e+02	266	8.137780172766422e-14 0.000000000000000e+00 4.030010838596754e-14	-1
2	267	3.283520284617011e+02 1.150773515968507e+03 4.130922020249922e+02	267	8.137780172766422e-14 0.000000000000000e+00 4.030010838596754e-14	-1
2	268	2.201321496378639e+02 1.150926373498653e+03 5.211592233186842e+02	268	8.137780172766422e-14 0.000000000000000e+00 4.030010838596754e-14	-1
2	269	2.831917223108792e+01 1.153144737438324e+03 7.107538367857893e+02	269	8.137780172766422e-14 0.000000000000000e+00 4.030010838596754e-14	-1
2	270	-1.117089185778430e+02  1.155859194490629e+03  8.480674705424111e+02	270	1.499066376115484e+03 1.522937239157407e-14 1.560815019424493e-14	-1
2	271	-1.963132547217729e+02  1.157456657805796e+03  9.310743433711748e+02	271	1.499066376115484e+03 1.522937239157407e-14 1.560815019424493e-14	-1
2	272	-2.722961403709130e+02  1.158660146499591e+03  1.005853740326520e+03	272	1.499066376115484e+03 1.522937239157407e-14 1.560815019424493e-14	-1
2	273	-4.050013901682853e+02  1.159872436373677e+03  1.137346700249805e+03	273	1.499066376115484e+03 1.522937239157407e-14 1.560815019424493e-14	-1
22	280	1.695056771488637e+03 8.482260992443718e+02 1.938603542396295e+03	16	-1.499066376115484e+03  2.332622365846862e-14 -1.499066376115484e+03	-1
22	320	2.036264471987860e+03 1.628970966024408e+03 1.499066376115482e+03	320	-1.499066376115484e+03  1.106659759674790e-14  7.403478797196665e-15	0
22	321	2.036264471987860e+03 1.628970966024408e+03 1.499066376115482e+03	321	-1.499066376115484e+03  2.332622365846862e-14 -1.499066376115484e+03	2
22	324	5.371980958723746e+02 1.628970966024403e+03 1.705302565824240e-13	321	0.000000000000000e+00 2.629596998832196e-14 2.301162899144159e-14	2
22	325	5.371980958723746e+02 1.628970966024403e+03 5.115907697472721e-13	320	2.881180732755041e-14 3.860184542213733e-14 1.499066376115484e+03	0
2	346	-1.136868377216160e-12 -5.491126990822675e+02  2.441330445537469e+03	344	 1.499066376115484e+03  2.998132752230965e+03 -1.499066376115484e+03	0
2	347	-1.250555214937776e-12 -5.491126990822672e+02  2.441330445537469e+03	345	 0.000000000000000e+00  2.998132752230965e+03 -1.499066376115484e+03	3
2	350	 1.499066376115483e+03 -5.491126990822684e+02  9.422640694219859e+02	345	-1.499066376115484e+03  2.998132752230965e+03  6.516875392707817e-15	3
2	351	 1.499066376115483e+03 -5.491126990822684e+02  9.422640694219859e+02	344	2.881180732755041e-14 2.998132752230965e+03 0.000000000000000e+00	0
2	370	-6.266394950374475e+02  1.158640805101525e+03  1.360216436391121e+03	366	1.499066376115484e+03 1.522937239157407e-14 1.560815019424493e-14	-1
2	410	 1.573165497100108e+03 -1.652760050933614e+03  1.971812300288710e+03	406	-1.499066376115484e+03  2.998132752230965e+03 -1.499066376115484e+03	-1
22	437	2.634627092813860e+03 2.998132752230963e+03 7.282672107349273e+02	433	-1.499066376115484e+03 -2.998132752230965e+03 -7.813873830305873e-15	2
22	438	2.634627092813860e+03 2.998132752230963e+03 7.282672107349273e+02	434	-1.499066376115484e+03  1.106659759674790e-14  7.403478797196665e-15	2
22	439	 1.135560716698376e+03  2.998132752230962e+03 -7.707991653805567e+02	434	2.881180732755041e-14 3.860184542213733e-14 1.499066376115484e+03	2
22	440	 1.135560716698376e+03  2.998132752230962e+03 -7.707991653805567e+02	433	 5.357148449523283e-14 -2.998132752230965e+03  1.499066376115484e+03	2
2	626	2.941972983898953e+02 1.150730686761048e+03 4.472897613042575e+02	580	8.137780172766422e-14 0.000000000000000e+00 4.030010838596754e-14	-1
2	629	1.389431576959291e+02 1.151575510049749e+03 6.016990787095228e+02	583	8.137780172766422e-14 0.000000000000000e+00 4.030010838596754e-14	-1
22	645	1.499066376115483e+03 8.603297863600317e+02 1.730509459907481e+03	599	-1.499066376115484e+03  2.332622365846862e-14 -1.499066376115484e+03	3
22	646	1.499066376115483e+03 8.603297863600317e+02 1.730509459907481e+03	600	 0.000000000000000e+00  3.578147120611488e-14 -1.499066376115484e+03	0
22	648	2.998132752230963e+03 3.829899377720825e+03 2.600062446621679e+02	602	-2.998132752230968e+03 -2.998132752230965e+03 -1.296998437598056e-15	3
22	649	2.998132752230962e+03 3.829899377720823e+03 2.600062446621681e+02	603	-1.499066376115484e+03 -2.998132752230965e+03 -7.813873830305873e-15	0
22	650	 1.499066376115482e+03  3.829899377720832e+03 -1.239060131453321e+03	603	 5.357148449523283e-14 -2.998132752230965e+03  1.499066376115484e+03	0
22	651	 1.499066376115481e+03  3.829899377720831e+03 -1.239060131453320e+03	602	-1.499066376115484e+03 -2.998132752230965e+03  1.499066376115484e+03	3
22	652	2.998132752230962e+03 3.858462538590997e+03 2.314430837919946e+02	604	-1.499066376115484e+03 -2.998132752230965e+03 -7.813873830305873e-15	0
22	653	2.998132752230962e+03 3.858462538590996e+03 2.314430837919950e+02	605	-2.998132752230968e+03 -2.998132752230965e+03 -1.296998437598056e-15	3
22	654	1.449658815539235e+03 8.576360120490569e+02 1.683795673642212e+03	606	 0.000000000000000e+00  3.578147120611488e-14 -1.499066376115484e+03	-1
22	655	2.948725191654719e+03 3.855768764280022e+03 1.847292975267272e+02	606	-1.499066376115484e+03 -2.998132752230965e+03 -7.813873830305873e-15	-1
22	656	1.511853985423328e+03 8.610269860001378e+02 1.742599869575219e+03	37	-1.499066376115484e+03  2.332622365846862e-14 -1.499066376115484e+03	-1
22	664	1.263532471842509e+03 8.562389658790571e+02 1.499066376115481e+03	616	 0.000000000000000e+00  3.578147120611488e-14 -1.499066376115484e+03	1
22	665	1.263532471842509e+03 8.562389658790571e+02 1.499066376115481e+03	617	0.000000000000000e+00 2.629596998832196e-14 2.301162899144159e-14	0
22	666	 2.762598847957992e+03  3.854371718110022e+03 -5.684341886080801e-13	617	-1.499066376115484e+03 -2.998132752230965e+03  1.499066376115484e+03	0
22	667	 2.762598847957992e+03  3.854371718110022e+03 -5.684341886080801e-13	616	-1.499066376115484e+03 -2.998132752230965e+03 -7.813873830305873e-15	1
2	687	-4.490089595420832e+02  1.159961417743832e+03  1.181265288253448e+03	633	1.499066376115484e+03 1.522937239157407e-14 1.560815019424493e-14	-1
2	688	-5.781435664547377e+02  1.159253158049749e+03  1.311108154860186e+03	634	1.499066376115484e+03 1.522937239157407e-14 1.560815019424493e-14	-1
2	695	-4.918364787465692e+02  1.159887298427943e+03  1.224166926773824e+03	641	1.499066376115484e+03 1.522937239157407e-14 1.560815019424493e-14	-1
2	700	-7.630791772078280e+02  1.156230547547546e+03  1.499066376115482e+03	646	1.499066376115484e+03 1.522937239157407e-14 1.560815019424493e-14	4
2	701	-7.630791772078280e+02  1.156230547547546e+03  1.499066376115482e+03	647	 1.499066376115484e+03  2.804572483380277e-14 -1.499066376115484e+03	2
2	702	 1.499066376115482e+03 -1.652476607153145e+03  2.045627977492864e+03	648	 0.000000000000000e+00  2.998132752230965e+03 -1.499066376115484e+03	0
2	703	 1.499066376115482e+03 -1.652476607153145e+03  2.045627977492864e+03	649	-1.499066376115484e+03  2.998132752230965e+03 -1.499066376115484e+03	3
2	704	-7.958078640513122e-13  1.153676246886698e+03  7.385414995685039e+02	650	8.137780172766422e-14 0.000000000000000e+00 4.030010838596754e-14	3
2	705	-7.958078640513122e-13  1.153676246886698e+03  7.385414995685039e+02	651	1.499066376115484e+03 1.522937239157407e-14 1.560815019424493e-14	0
2	706	 5.503607833992086e+02 -1.656275789174974e+03  2.998132752230966e+03	652	-9.046546396681272e-15  2.998132752230965e+03 -2.998132752230968e+03	2
2	707	 5.503607833992083e+02 -1.656275789174974e+03  2.998132752230967e+03	653	 0.000000000000000e+00  2.998132752230965e+03 -1.499066376115484e+03	4
2	708	 2.037388511541457e+03 -1.644237141201740e+03  1.499066376115484e+03	654	-1.499066376115484e+03  2.998132752230965e+03 -1.499066376115484e+03	2
2	709	 2.037388511541456e+03 -1.644237141201739e+03  1.499066376115483e+03	655	-1.499066376115484e+03  2.998132752230965e+03  6.516875392707817e-15	4
2	710	 5.383221354259709e+02 -1.644237141201736e+03  2.998132752230966e+03	655	 0.000000000000000e+00  2.998132752230965e+03 -1.499066376115484e+03	4
2	711	 5.383221354259722e+02 -1.644237141201738e+03  2.998132752230967e+03	654	-9.046546396681272e-15  2.998132752230965e+03 -2.998132752230968e+03	2
