78
2
99
99
16	1.959903953731528e+02 8.482260992443717e+02 4.395371662808104e+02	0.000000000000000e+00 0.000000000000000e+00 0.000000000000000e+00	1.000000000000000e+00	0	16
37	1.278760930784382e+01 8.610269860001378e+02 2.435334934597353e+02	 2.598951839287085e-14  5.671937585924182e-14 -3.072979924412192e-14	1.000000000000000e+00	0	37
69	1.228128081810003e+03 5.964799134418829e-13 6.640896646451972e+02	-1.591855625765544e-02  2.491605870129134e-02 -8.997502443635910e-03	1.000000000000000e+00	1	69
70	1.228128081810003e+03 2.998132752230965e+03 6.640896646451972e+02	-1.591855625765543e-02  2.491605870129133e-02 -8.997502443635902e-03	1.000000000000000e+00	1	70
72	5.782842518660951e+02 1.272724083954240e+03 4.120941063486540e+01	 6.996704512898355e-02 -1.453047671580836e-01  7.533772202910009e-02	1.000000000000000e+00	0	72
75	7.781531829723698e+02 1.268779440528122e+03 1.344351499070190e+03	 8.756993847283952e-02 -1.788555744698135e-01  9.128563599697399e-02	1.000000000000000e+00	0	75
76	1.028830549228905e+03 1.269449997564799e+03 1.093003575776977e+03	 9.454020521883839e-02 -1.837817340008750e-01  8.924152878203664e-02	1.000000000000000e+00	0	76
77	1.284802735556020e+03 1.276492019325400e+03 8.299893676892622e+02	 7.189211465456226e-02 -1.380511987271316e-01  6.615908407256930e-02	1.000000000000000e+00	0	77
78	1.541687048344801e+01 1.280803065040733e+03 5.959978109310197e+02	 5.833027741147822e-02 -1.155295588676153e-01  5.719928145613713e-02	1.000000000000000e+00	0	78
81	2.431280724481153e+02 1.279687952167759e+03 3.694017218393262e+02	 5.613211007968887e-02 -1.146947610453927e-01  5.856265096570384e-02	1.000000000000000e+00	0	81
88	6.257008745605228e+02 1.223982017528758e+03 4.253485436591950e+01	-7.684466239973332e-02  1.456684541722487e-01 -6.882379177251541e-02	1.000000000000000e+00	0	88
89	4.700115646243412e+02 1.218844885658921e+03 2.033612961719386e+02	-6.550664620872593e-02  1.259947363677164e-01 -6.048809015899045e-02	1.000000000000000e+00	0	89
91	1.434752419846634e+03 1.220745561622773e+03 7.357861411012746e+02	-5.935239569797024e-02  1.250730638043479e-01 -6.572066810637767e-02	1.000000000000000e+00	0	91
126	9.274399489477570e+02 1.232904723139629e+03 1.230939450483296e+03	-9.742118889714532e-02  1.919551313000505e-01 -9.453394240290519e-02	1.000000000000000e+00	0	126
149	7.552852455048661e+02 1.228775172613786e+03 1.407223704452030e+03	-8.834151210022444e-02  1.687717819930126e-01 -8.043026989278815e-02	1.000000000000000e+00	0	149
156	9.034533169653881e+02 1.268030918088502e+03 1.219799887516791e+03	 9.627222492406483e-02 -1.918755264191404e-01  9.560330149507554e-02	1.000000000000000e+00	0	156
157	1.157350808347475e+03 1.272717536453970e+03 9.612157777692366e+02	 8.371094414117740e-02 -1.605884833662199e-01  7.687753922504247e-02	1.000000000000000e+00	0	157
158	1.402725705885587e+03 1.279364470056757e+03 7.091939466283372e+02	 6.343497626932040e-02 -1.233659917016877e-01  5.993101543236730e-02	1.000000000000000e+00	0	158
159	6.788544757819203e+01 1.280978042598452e+03 5.433542562785567e+02	 5.700490695881065e-02 -1.137504148879322e-01  5.674550792912159e-02	1.000000000000000e+00	0	159
160	1.818720698441639e+02 1.280427758717542e+03 4.299179178934953e+02	 5.581247078827365e-02 -1.131846396911453e-01  5.737216890287163e-02	1.000000000000000e+00	0	160
161	3.748386015703099e+02 1.277392519334010e+03 2.399866255508809e+02	 5.895590690117566e-02 -1.217259221255234e-01  6.277001522434777e-02	1.000000000000000e+00	0	161
165	5.606916073431423e+02 1.221761299941441e+03 1.097648391706175e+02	-7.214242692043245e-02  1.373560676298061e-01 -6.521364070937365e-02	1.000000000000000e+00	0	165
166	3.610597702101784e+02 1.216494867549333e+03 3.146631086956893e+02	-6.020798884484532e-02  1.178269851243306e-01 -5.761899627948523e-02	1.000000000000000e+00	0	166
167	6.091786887294416e+01 1.217254587635347e+03 6.140452899469092e+02	-5.600647163747208e-02  1.159171241081250e-01 -5.991065247065294e-02	1.000000000000000e+00	0	167
169	1.139061719546492e+03 1.230922817019327e+03 1.021299586004862e+03	-8.265740141004767e-02  1.716151501481321e-01 -8.895774873808442e-02	1.000000000000000e+00	0	169
238	6.733828521006142e+02 1.225966668371982e+03 1.491934602098085e+03	-8.235110041092696e-02  1.562114922193303e-01 -7.386039180840330e-02	1.000000000000000e+00	0	238
246	6.480276343248717e+02 1.271129855362613e+03 1.472126632883197e+03	 7.604334200098194e-02 -1.567996805872255e-01  8.075633858624358e-02	1.000000000000000e+00	0	246
247	7.318593633613483e+02 1.269665749898933e+03 1.389759009310401e+03	 8.192893574745855e-02 -1.684683931325128e-01  8.653945738505422e-02	1.000000000000000e+00	0	247
248	8.396908797597331e+02 1.268174429415013e+03 1.283418813395936e+03	 9.271030338683652e-02 -1.870877562302536e-01  9.437745284341709e-02	1.000000000000000e+00	0	248
249	9.670265358539790e+02 1.268468662942882e+03 1.155788923773820e+03	 9.696415785298586e-02 -1.907182645095802e-01  9.375410665659435e-02	1.000000000000000e+00	0	249
250	1.091872364502706e+03 1.270899065753526e+03 1.028512692314450e+03	 8.985123207170334e-02 -1.731942154874126e-01  8.334298341570924e-02	1.000000000000000e+00	0	250
251	1.222724444224922e+03 1.274668229541704e+03 8.938914488040557e+02	 7.742786140845431e-02 -1.483600905668965e-01  7.093222915844216e-02	1.000000000000000e+00	0	251
252	1.344343204150221e+03 1.278078840374033e+03 7.688620780464270e+02	 6.723603581849162e-02 -1.297788491512043e-01  6.254281333271265e-02	1.000000000000000e+00	0	252
253	1.459646846832651e+03 1.280277795958341e+03 6.513594797796898e+02	 6.048271968699453e-02 -1.186823130845262e-01  5.819959339753168e-02	1.000000000000000e+00	0	253
254	3.073907012332913e+02 1.278668390872504e+03 3.061586543494052e+02	 5.719523931062367e-02 -1.174916688923035e-01  6.029642958167988e-02	1.000000000000000e+00	0	254
255	4.382338952172074e+02 1.275966638916560e+03 1.780172123214336e+02	 6.181736956314250e-02 -1.278349265907975e-01  6.601755702765499e-02	1.000000000000000e+00	0	255
256	5.221070468167317e+02 1.274199664811580e+03 9.591103482688904e+01	 6.552694317078767e-02 -1.358382971809141e-01  7.031135401012642e-02	1.000000000000000e+00	0	256
265	5.149462817470413e+02 1.220193606864357e+03 1.570778578438025e+02	-6.860167480153757e-02  1.309792380903823e-01 -6.237756328884471e-02	1.000000000000000e+00	0	265
266	4.160584019658993e+02 1.217536025414863e+03 2.586233190744380e+02	-6.271512841066375e-02  1.215345748085063e-01 -5.881944639784251e-02	1.000000000000000e+00	0	266
267	2.956081619793914e+02 1.215763051212202e+03 3.808465332636075e+02	-5.847134799278245e-02  1.152258922302705e-01 -5.675454423748806e-02	1.000000000000000e+00	0	267
268	1.880725709908707e+02 1.215572761446686e+03 4.885724140176439e+02	-5.608447661260935e-02  1.131108183060339e-01 -5.702634169342452e-02	1.000000000000000e+00	0	268
269	1.495536311236894e+03 1.218815900138851e+03 6.769319111949368e+02	-5.717285472260623e-02  1.194181383178154e-01 -6.224528359520919e-02	1.000000000000000e+00	0	269
270	1.354727685393058e+03 1.223512110962599e+03 8.130443262150245e+02	-6.335995236921176e-02  1.339249186747100e-01 -7.056496630549819e-02	1.000000000000000e+00	0	270
271	1.269336023869974e+03 1.226571009819960e+03 8.953770888807470e+02	-6.909826338502001e-02  1.459470534979240e-01 -7.684879011290396e-02	1.000000000000000e+00	0	271
272	1.192533058014980e+03 1.229159767945066e+03 9.695912966106356e+02	-7.534967997883724e-02  1.587887317369963e-01 -8.343905175815901e-02	1.000000000000000e+00	0	272
273	1.058223805460034e+03 1.232429830767276e+03 1.100630486343372e+03	-8.873427147559496e-02  1.820464363350820e-01 -9.331216485948705e-02	1.000000000000000e+00	0	273
320	5.371980958723746e+02 1.628970966024403e+03 1.499066376115484e+03	 6.739166487291904e-15  1.470751828458537e-14 -7.968336700075285e-15	1.000000000000000e+00	1	320
321	5.371980958723746e+02 1.628970966024403e+03 1.935418855738656e-13	 6.739166487291904e-15  1.470751828458537e-14 -7.968336700075285e-15	1.000000000000000e+00	1	321
344	1.499066376115483e+03 2.447653630273766e+03 9.436304922969164e+02	 1.148262197295052e-02 -2.939166124976531e-02  1.790903927681479e-02	1.000000000000000e+00	1	344
345	-1.250555214937776e-12  2.447653630273767e+03  9.436304922969159e+02	 1.148262197295047e-02 -2.939166124976521e-02  1.790903927681474e-02	1.000000000000000e+00	1	345
366	8.352377136186975e+02 1.231116659658770e+03 1.324929749293214e+03	-9.412171188316459e-02  1.809618692691124e-01 -8.684015738594782e-02	1.000000000000000e+00	0	366
406	1.060482489117746e+02 1.280940411456000e+03 5.052290860874264e+02	 5.607877768929348e-02 -1.129768030645588e-01  5.689802537526532e-02	1.000000000000000e+00	0	406
433	 1.135560716698376e+03 -2.728484105318785e-12  7.282672107349273e+02	 1.855737960387397e-14  4.049951879845079e-14 -2.194209762195663e-14	1.000000000000000e+00	1	433
434	1.135560716698376e+03 2.998132752230962e+03 7.282672107349273e+02	 1.855737960387397e-14  4.049951879845079e-14 -2.194209762195663e-14	1.000000000000000e+00	1	434
580	2.618354523863527e+02 1.215505082203647e+03 4.148772118652011e+02	-5.704291652794476e-02  1.137810867679438e-01 -5.673817023999904e-02	1.000000000000000e+00	0	580
583	1.070639964023809e+02 1.216362089361643e+03 5.687916606911764e+02	-5.580432888668891e-02  1.138873694919089e-01 -5.808304060521999e-02	1.000000000000000e+00	0	583
599	-1.136868377216160e-12  8.603297863600317e+02  2.314430837919963e+02	 3.456682362592479e-14  7.545183277852413e-14 -4.088495509409247e-14	1.000000000000000e+00	1	599
600	1.499066376115483e+03 8.603297863600317e+02 2.314430837919961e+02	 3.456682362592479e-14  7.545183277852413e-14 -4.088495509409247e-14	1.000000000000000e+00	1	600
602	-2.501110429875553e-12  8.317666254898659e+02  2.600062446621644e+02	 2.573695132602582e-14  5.616817494133719e-14 -3.043116595886821e-14	1.000000000000000e+00	1	602
603	1.499066376115482e+03 8.317666254898677e+02 2.600062446621625e+02	 2.573695132602580e-14  5.616817494133716e-14 -3.043116595886819e-14	1.000000000000000e+00	1	603
604	1.499066376115478e+03 8.603297863600324e+02 2.314430837919946e+02	 3.456682362592721e-14  7.545183277852942e-14 -4.088495509409534e-14	1.000000000000000e+00	1	604
605	-6.366462912410498e-12  8.603297863600314e+02  2.314430837919950e+02	 3.456682362592708e-14  7.545183277852914e-14 -4.088495509409519e-14	1.000000000000000e+00	1	605
606	1.449658815539235e+03 8.576360120490569e+02 1.847292975267272e+02	 5.078025586612717e-14  1.108714017768522e-13 -6.009111743245104e-14	7.500000000000000e-01	0	606
616	 1.263532471842509e+03  8.562389658790571e+02 -2.955857780762017e-12	 5.765486197037545e-14  1.258811177076089e-13 -6.822622340358474e-14	1.000000000000000e+00	1	616
617	1.263532471842509e+03 8.562389658790571e+02 1.499066376115481e+03	 5.765486197037545e-14  1.258811177076089e-13 -6.822622340358474e-14	1.000000000000000e+00	1	617
633	1.013641844985708e+03 1.233013429781338e+03 1.144628847803636e+03	-9.341746150731096e-02  1.891561830606326e-01 -9.573872155332165e-02	1.000000000000000e+00	0	633
634	8.837220046927583e+02 1.232273481828119e+03 1.275288636049804e+03	-9.703684671884376e-02  1.886496889983949e-01 -9.161284227955119e-02	1.000000000000000e+00	0	634
641	9.704353000506105e+02 1.233148471302858e+03 1.187700351217213e+03	-9.622106198265423e-02  1.920760182470893e-01 -9.585495626443502e-02	1.000000000000000e+00	0	641
652	 6.204576835775275e+02  1.271760062877672e+03 -2.728484105318785e-12	 7.364134772451777e-02 -1.522556767561275e-01  7.861432903160968e-02	1.000000000000000e+00	1	652
653	6.204576835775274e+02 1.271760062877672e+03 1.499066376115482e+03	 7.364134772451776e-02 -1.522556767561274e-01  7.861432903160967e-02	1.000000000000000e+00	1	653
654	 5.383430113663118e+02  1.353874735088889e+03 -3.637978807091713e-12	 6.592761226663575e-02 -1.372988198662095e-01  7.137120759957379e-02	1.000000000000000e+00	1	654
655	5.383430113663135e+02 1.353874735088887e+03 1.499066376115482e+03	 6.592761226663588e-02 -1.372988198662098e-01  7.137120759957390e-02	1.000000000000000e+00	1	655
656	1.499066376115482e+03 1.280655389309891e+03 6.115623571453086e+02	 5.893542151149517e-02 -1.164159336776945e-01  5.748051216619936e-02	1.000000000000000e+00	1	656
657	-2.273736754432321e-12  1.280655389309891e+03  6.115623571453082e+02	 5.893542151149517e-02 -1.164159336776945e-01  5.748051216619936e-02	1.000000000000000e+00	1	657
658	6.665360598059181e+02 1.225681686649284e+03 1.499066376115482e+03	-8.156041513965086e-02  1.546975870629688e-01 -7.313717192331792e-02	1.000000000000000e+00	1	658
659	 6.665360598059178e+02  1.225681686649284e+03 -1.364242052659392e-12	-8.156041513965084e-02  1.546975870629687e-01 -7.313717192331791e-02	1.000000000000000e+00	1	659
660	-7.144300623236480e-13  1.218730380959069e+03  6.734873654961327e+02	-5.710896736851843e-02  1.192263741047266e-01 -6.211740673620814e-02	1.000000000000000e+00	1	660
661	1.499066376115483e+03 1.218730380959069e+03 6.734873654961327e+02	-5.710896736851843e-02  1.192263741047266e-01 -6.211740673620814e-02	1.000000000000000e+00	1	661
2	-7.071067811865475e-01  7.071067811865475e-01  0.000000000000000e+00	5.773502691896257e-01 5.773502691896257e-01 5.773502691896257e-01	6.307392488184003e+02 6.307392488184003e+02 6.307392488184003e+02	1	0	0.000000000000000e+00	0.000000000000000e+00	0.000000000000000e+00
22	7.071067811865475e-01 7.071067811865475e-01 0.000000000000000e+00	 5.773502691896257e-01 -5.773502691896257e-01 -5.773502691896257e-01	-3.639242900506764e+02  3.639242900506764e+02  3.639242900506764e+02	1	0	0.000000000000000e+00	0.000000000000000e+00	0.000000000000000e+00
2	69	70	0	1
2	239	69	1	0
2	70	346	1	0
2	72	706	1	0
2	711	72	1	0
2	247	75	1	0
2	75	248	1	0
2	249	76	1	0
2	76	250	1	0
2	251	77	1	0
2	77	252	1	0
2	78	159	1	0
2	713	78	1	0
2	160	81	1	0
2	81	254	1	0
2	256	83	1	0
2	83	708	1	0
2	84	85	0	1
2	351	84	1	0
2	85	88	1	0
2	88	165	1	0
2	265	89	1	0
2	89	266	1	0
2	269	91	1	0
2	91	270	1	0
2	148	688	1	0
2	695	148	1	0
2	149	238	1	0
2	370	149	1	0
2	248	156	1	0
2	156	249	1	0
2	250	157	1	0
2	157	251	1	0
2	252	158	1	0
2	158	253	1	0
2	159	410	1	0
2	410	160	1	0
2	254	161	1	0
2	161	255	1	0
2	165	265	1	0
2	266	166	1	0
2	166	267	1	0
2	629	167	1	0
2	167	716	1	0
2	272	169	1	0
2	169	273	1	0
2	238	714	1	0
2	715	239	1	0
2	246	247	1	0
2	707	246	1	0
2	253	712	1	0
2	255	256	1	0
2	267	626	1	0
2	626	268	1	0
2	268	629	1	0
2	717	269	1	0
2	270	271	1	0
2	271	272	1	0
2	273	687	1	0
2	346	347	0	1
2	347	710	1	0
2	350	351	0	1
2	709	350	1	0
2	688	370	1	0
2	687	695	1	0
2	706	707	0	1
2	708	709	0	1
2	710	711	0	1
2	712	713	0	1
2	714	715	0	1
2	716	717	0	1
22	37	648	1	0
22	653	37	1	0
22	98	55	1	0
22	55	666	1	0
22	651	98	1	0
22	138	324	1	0
22	665	138	1	0
22	321	280	1	0
22	280	656	1	0
22	320	321	0	1
22	438	320	1	0
22	324	325	0	1
22	325	439	1	0
22	437	438	0	1
22	649	437	1	0
22	439	440	0	1
22	440	650	1	0
22	645	646	0	1
22	656	645	1	0
22	646	654	1	0
22	648	649	0	1
22	650	651	0	1
22	652	653	0	1
22	655	652	1	0
22	654	664	1	0
22	667	655	1	0
22	664	665	0	1
22	666	667	0	1
22	37	3.010920361538812e+03 3.859159738231102e+03 2.435334934597352e+02	37	-2.998132752230968e+03 -2.998132752230965e+03 -1.296998437598056e-15	-1
22	55	 1.695056771488637e+03  3.846358851475336e+03 -1.059529209834674e+03	16	-1.499066376115484e+03 -2.998132752230965e+03  1.499066376115484e+03	-1
2	69	-2.709382943054807e+02  5.684341886080801e-13  2.163156040760681e+03	69	 1.499066376115484e+03  2.804572483380277e-14 -1.499066376115484e+03	0
2	70	-2.709382943054807e+02  3.410605131648481e-13  2.163156040760681e+03	70	 1.499066376115484e+03  2.998132752230965e+03 -1.499066376115484e+03	1
2	72	 5.782842518660951e+02 -1.725408668276724e+03  3.039342162865834e+03	72	-9.046546396681272e-15  2.998132752230965e+03 -2.998132752230968e+03	-1
2	75	 7.781531829723699e+02 -1.729353311702843e+03  2.843417875185674e+03	75	 0.000000000000000e+00  2.998132752230965e+03 -1.499066376115484e+03	-1
2	76	 1.028830549228905e+03 -1.728682754666165e+03  2.592069951892461e+03	76	 0.000000000000000e+00  2.998132752230965e+03 -1.499066376115484e+03	-1
2	77	 1.284802735556020e+03 -1.721640732905565e+03  2.329055743804746e+03	77	 0.000000000000000e+00  2.998132752230965e+03 -1.499066376115484e+03	-1
2	78	 1.514483246598932e+03 -1.717329687190232e+03  2.095064187046504e+03	78	-1.499066376115484e+03  2.998132752230965e+03 -1.499066376115484e+03	-1
2	81	 1.742194448563600e+03 -1.718444800063206e+03  1.868468097954811e+03	81	-1.499066376115484e+03  2.998132752230965e+03 -1.499066376115484e+03	-1
2	83	 2.077350627981579e+03 -1.725408668276724e+03  1.540275786750350e+03	72	-1.499066376115484e+03  2.998132752230965e+03 -1.499066376115484e+03	-1
2	84	 1.228128081810003e+03 -4.547473508864641e-13  6.640896646451979e+02	70	2.881180732755041e-14 2.998132752230965e+03 0.000000000000000e+00	1
2	85	 1.228128081810003e+03 -2.273736754432321e-13  6.640896646451978e+02	69	8.137780172766422e-14 0.000000000000000e+00 4.030010838596754e-14	0
2	88	6.257008745605227e+02 1.223982017528758e+03 4.253485436591940e+01	88	8.137780172766422e-14 0.000000000000000e+00 4.030010838596754e-14	-1
2	89	4.700115646243412e+02 1.218844885658921e+03 2.033612961719385e+02	89	8.137780172766422e-14 0.000000000000000e+00 4.030010838596754e-14	-1
2	91	-6.431395626885023e+01  1.220745561622773e+03  7.357861411012746e+02	91	1.499066376115484e+03 1.522937239157407e-14 1.560815019424493e-14	-1
22	98	 1.511853985423328e+03  3.859159738231102e+03 -1.255532882655749e+03	37	-1.499066376115484e+03 -2.998132752230965e+03  1.499066376115484e+03	-1
22	138	1.959903953731528e+02 8.482260992443718e+02 4.395371662808104e+02	16	0.000000000000000e+00 2.629596998832196e-14 2.301162899144159e-14	-1
2	148	-5.716264271677270e+02  1.232904723139629e+03  1.230939450483296e+03	126	1.499066376115484e+03 1.522937239157407e-14 1.560815019424493e-14	-1
2	149	-7.437811306106179e+02  1.228775172613786e+03  1.407223704452030e+03	149	1.499066376115484e+03 1.522937239157407e-14 1.560815019424493e-14	-1
2	156	 9.034533169653881e+02 -1.730101834142462e+03  2.718866263632275e+03	156	 0.000000000000000e+00  2.998132752230965e+03 -1.499066376115484e+03	-1
2	157	 1.157350808347475e+03 -1.725415215776995e+03  2.460282153884721e+03	157	 0.000000000000000e+00  2.998132752230965e+03 -1.499066376115484e+03	-1
2	158	 1.402725705885587e+03 -1.718768282174208e+03  2.208260322743821e+03	158	 0.000000000000000e+00  2.998132752230965e+03 -1.499066376115484e+03	-1
2	159	 1.566951823693676e+03 -1.717154709632513e+03  2.042420632394041e+03	159	-1.499066376115484e+03  2.998132752230965e+03 -1.499066376115484e+03	-1
2	160	 1.680938445959648e+03 -1.717704993513423e+03  1.928984294008980e+03	160	-1.499066376115484e+03  2.998132752230965e+03 -1.499066376115484e+03	-1
2	161	 1.873904977685794e+03 -1.720740232896955e+03  1.739053001666365e+03	161	-1.499066376115484e+03  2.998132752230965e+03 -1.499066376115484e+03	-1
2	165	5.606916073431422e+02 1.221761299941441e+03 1.097648391706175e+02	165	8.137780172766422e-14 0.000000000000000e+00 4.030010838596754e-14	-1
2	166	3.610597702101784e+02 1.216494867549333e+03 3.146631086956892e+02	166	8.137780172766422e-14 0.000000000000000e+00 4.030010838596754e-14	-1
2	167	6.091786887294407e+01 1.217254587635347e+03 6.140452899469092e+02	167	8.137780172766422e-14 0.000000000000000e+00 4.030010838596754e-14	-1
2	169	-3.600046565689920e+02  1.230922817019327e+03  1.021299586004862e+03	169	1.499066376115484e+03 1.522937239157407e-14 1.560815019424493e-14	-1
2	238	-8.256835240148698e+02  1.225966668371982e+03  1.491934602098085e+03	238	1.499066376115484e+03 1.522937239157407e-14 1.560815019424493e-14	-1
2	239	-8.733655015549612e+02  1.223982017528758e+03  1.541601230481403e+03	88	 1.499066376115484e+03  2.804572483380277e-14 -1.499066376115484e+03	-1
2	246	 6.480276343248717e+02 -1.727002896868352e+03  2.971193008998681e+03	246	 0.000000000000000e+00  2.998132752230965e+03 -1.499066376115484e+03	-1
2	247	 7.318593633613484e+02 -1.728467002332032e+03  2.888825385425885e+03	247	 0.000000000000000e+00  2.998132752230965e+03 -1.499066376115484e+03	-1
2	248	 8.396908797597330e+02 -1.729958322815952e+03  2.782485189511420e+03	248	 0.000000000000000e+00  2.998132752230965e+03 -1.499066376115484e+03	-1
2	249	 9.670265358539791e+02 -1.729664089288082e+03  2.654855299889304e+03	249	 0.000000000000000e+00  2.998132752230965e+03 -1.499066376115484e+03	-1
2	250	 1.091872364502706e+03 -1.727233686477439e+03  2.527579068429934e+03	250	 0.000000000000000e+00  2.998132752230965e+03 -1.499066376115484e+03	-1
2	251	 1.222724444224922e+03 -1.723464522689261e+03  2.392957824919540e+03	251	 0.000000000000000e+00  2.998132752230965e+03 -1.499066376115484e+03	-1
2	252	 1.344343204150221e+03 -1.720053911856932e+03  2.267928454161911e+03	252	 0.000000000000000e+00  2.998132752230965e+03 -1.499066376115484e+03	-1
2	253	 1.459646846832651e+03 -1.717854956272624e+03  2.150425855895174e+03	253	 0.000000000000000e+00  2.998132752230965e+03 -1.499066376115484e+03	-1
2	254	 1.806457077348776e+03 -1.719464361358461e+03  1.805225030464890e+03	254	-1.499066376115484e+03  2.998132752230965e+03 -1.499066376115484e+03	-1
2	255	 1.937300271332692e+03 -1.722166113314405e+03  1.677083588436918e+03	255	-1.499066376115484e+03  2.998132752230965e+03 -1.499066376115484e+03	-1
2	256	 2.021173422932216e+03 -1.723933087419385e+03  1.594977410942374e+03	256	-1.499066376115484e+03  2.998132752230965e+03 -1.499066376115484e+03	-1
2	265	5.149462817470412e+02 1.220193606864357e+03 1.570778578438025e+02	265	8.137780172766422e-14 0.000000000000000e+00 4.030010838596754e-14	-1
2	266	4.160584019658993e+02 1.217536025414863e+03 2.586233190744380e+02	266	8.137780172766422e-14 0.000000000000000e+00 4.030010838596754e-14	-1
2	267	2.956081619793913e+02 1.215763051212202e+03 3.808465332636075e+02	267	8.137780172766422e-14 0.000000000000000e+00 4.030010838596754e-14	-1
2	268	1.880725709908706e+02 1.215572761446686e+03 4.885724140176438e+02	268	8.137780172766422e-14 0.000000000000000e+00 4.030010838596754e-14	-1
2	269	-3.530064878589883e+00  1.218815900138851e+03  6.769319111949368e+02	269	1.499066376115484e+03 1.522937239157407e-14 1.560815019424493e-14	-1
2	270	-1.443386907224258e+02  1.223512110962599e+03  8.130443262150245e+02	270	1.499066376115484e+03 1.522937239157407e-14 1.560815019424493e-14	-1
2	271	-2.297303522455095e+02  1.226571009819960e+03  8.953770888807470e+02	271	1.499066376115484e+03 1.522937239157407e-14 1.560815019424493e-14	-1
2	272	-3.065333181005037e+02  1.229159767945066e+03  9.695912966106356e+02	272	1.499066376115484e+03 1.522937239157407e-14 1.560815019424493e-14	-1
2	273	-4.408425706554503e+02  1.232429830767276e+03  1.100630486343372e+03	273	1.499066376115484e+03 1.522937239157407e-14 1.560815019424493e-14	-1
22	280	1.695056771488637e+03 8.482260992443718e+02 1.938603542396295e+03	16	-1.499066376115484e+03  2.332622365846862e-14 -1.499066376115484e+03	-1
22	320	2.036264471987860e+03 1.628970966024408e+03 1.499066376115482e+03	320	-1.499066376115484e+03  1.106659759674790e-14  7.403478797196665e-15	0
22	321	2.036264471987860e+03 1.628970966024408e+03 1.499066376115482e+03	321	-1.499066376115484e+03  2.332622365846862e-14 -1.499066376115484e+03	2
22	324	5.371980958723746e+02 1.628970966024403e+03 1.705302565824240e-13	321	0.000000000000000e+00 2.629596998832196e-14 2.301162899144159e-14	2
22	325	5.371980958723746e+02 1.628970966024403e+03 5.115907697472721e-13	320	2.881180732755041e-14 3.860184542213733e-14 1.499066376115484e+03	0
2	346	-1.136868377216160e-12 -5.504791219571987e+02  2.442696868412400e+03	344	 1.499066376115484e+03  2.998132752230965e+03 -1.499066376115484e+03	0
2	347	-1.250555214937776e-12 -5.504791219571980e+02  2.442696868412400e+03	345	 0.000000000000000e+00  2.998132752230965e+03 -1.499066376115484e+03	3
2	350	 1.499066376115483e+03 -5.504791219571996e+02  9.436304922969172e+02	345	-1.499066376115484e+03  2.998132752230965e+03  6.516875392707817e-15	3
2	351	 1.499066376115483e+03 -5.504791219571994e+02  9.436304922969171e+02	344	2.881180732755041e-14 2.998132752230965e+03 0.000000000000000e+00	0
2	370	-6.638286624967865e+02  1.231116659658770e+03  1.324929749293214e+03	366	1.499066376115484e+03 1.522937239157407e-14 1.560815019424493e-14	-1
2	410	 1.605114625027259e+03 -1.717192340774965e+03  2.004295462202911e+03	406	-1.499066376115484e+03  2.998132752230965e+03 -1.499066376115484e+03	-1
22	437	2.634627092813860e+03 2.998132752230963e+03 7.282672107349273e+02	433	-1.499066376115484e+03 -2.998132752230965e+03 -7.813873830305873e-15	2
22	438	2.634627092813860e+03 2.998132752230963e+03 7.282672107349273e+02	434	-1.499066376115484e+03  1.106659759674790e-14  7.403478797196665e-15	2
22	439	 1.135560716698376e+03  2.998132752230962e+03 -7.707991653805567e+02	434	2.881180732755041e-14 3.860184542213733e-14 1.499066376115484e+03	2
22	440	 1.135560716698376e+03  2.998132752230962e+03 -7.707991653805567e+02	433	 5.357148449523283e-14 -2.998132752230965e+03  1.499066376115484e+03	2
2	626	2.618354523863526e+02 1.215505082203647e+03 4.148772118652010e+02	580	8.137780172766422e-14 0.000000000000000e+00 4.030010838596754e-14	-1
2	629	1.070639964023808e+02 1.216362089361643e+03 5.687916606911764e+02	583	8.137780172766422e-14 0.000000000000000e+00 4.030010838596754e-14	-1
22	645	1.499066376115483e+03 8.603297863600317e+02 1.730509459907481e+03	599	-1.499066376115484e+03  2.332622365846862e-14 -1.499066376115484e+03	3
22	646	1.499066376115483e+03 8.603297863600317e+02 1.730509459907481e+03	600	 0.000000000000000e+00  3.578147120611488e-14 -1.499066376115484e+03	0
22	648	2.998132752230963e+03 3.829899377720825e+03 2.600062446621679e+02	602	-2.998132752230968e+03 -2.998132752230965e+03 -1.296998437598056e-15	3
22	649	2.998132752230962e+03 3.829899377720823e+03 2.600062446621681e+02	603	-1.499066376115484e+03 -2.998132752230965e+03 -7.813873830305873e-15	0
22	650	 1.499066376115482e+03  3.829899377720832e+03 -1.239060131453321e+03	603	 5.357148449523283e-14 -2.998132752230965e+03  1.499066376115484e+03	0
22	651	 1.499066376115481e+03  3.829899377720831e+03 -1.239060131453320e+03	602	-1.499066376115484e+03 -2.998132752230965e+03  1.499066376115484e+03	3
22	652	2.998132752230962e+03 3.858462538590997e+03 2.314430837919946e+02	604	-1.499066376115484e+03 -2.998132752230965e+03 -7.813873830305873e-15	0
22	653	2.998132752230962e+03 3.858462538590996e+03 2.314430837919950e+02	605	-2.998132752230968e+03 -2.998132752230965e+03 -1.296998437598056e-15	3
22	654	1.449658815539235e+03 8.576360120490569e+02 1.683795673642212e+03	606	 0.000000000000000e+00  3.578147120611488e-14 -1.499066376115484e+03	-1
22	655	2.948725191654719e+03 3.855768764280022e+03 1.847292975267272e+02	606	-1.499066376115484e+03 -2.998132752230965e+03 -7.813873830305873e-15	-1
22	656	1.511853985423328e+03 8.610269860001378e+02 1.742599869575219e+03	37	-1.499066376115484e+03  2.332622365846862e-14 -1.499066376115484e+03	-1
22	664	1.263532471842509e+03 8.562389658790571e+02 1.499066376115481e+03	616	 0.000000000000000e+00  3.578147120611488e-14 -1.499066376115484e+03	1
22	665	1.263532471842509e+03 8.562389658790571e+02 1.499066376115481e+03	617	0.000000000000000e+00 2.629596998832196e-14 2.301162899144159e-14	0
22	666	 2.762598847957992e+03  3.854371718110022e+03 -5.684341886080801e-13	617	-1.499066376115484e+03 -2.998132752230965e+03  1.499066376115484e+03	0
22	667	 2.762598847957992e+03  3.854371718110022e+03 -5.684341886080801e-13	616	-1.499066376115484e+03 -2.998132752230965e+03 -7.813873830305873e-15	1
2	687	-4.854245311297765e+02  1.233013429781338e+03  1.144628847803636e+03	633	1.499066376115484e+03 1.522937239157407e-14 1.560815019424493e-14	-1
2	688	-6.153443714227257e+02  1.232273481828119e+03  1.275288636049804e+03	634	1.499066376115484e+03 1.522937239157407e-14 1.560815019424493e-14	-1
2	695	-5.286310760648735e+02  1.233148471302858e+03  1.187700351217213e+03	641	1.499066376115484e+03 1.522937239157407e-14 1.560815019424493e-14	-1
2	706	 6.204576835775275e+02 -1.726372689353292e+03  2.998132752230966e+03	652	-9.046546396681272e-15  2.998132752230965e+03 -2.998132752230968e+03	2
2	707	 6.204576835775274e+02 -1.726372689353292e+03  2.998132752230966e+03	653	 0.000000000000000e+00  2.998132752230965e+03 -1.499066376115484e+03	4
2	708	 2.037409387481799e+03 -1.644258017142082e+03  1.499066376115484e+03	654	-1.499066376115484e+03  2.998132752230965e+03 -1.499066376115484e+03	2
2	709	 2.037409387481799e+03 -1.644258017142082e+03  1.499066376115484e+03	655	-1.499066376115484e+03  2.998132752230965e+03  6.516875392707817e-15	4
2	710	 5.383430113663135e+02 -1.644258017142078e+03  2.998132752230966e+03	655	 0.000000000000000e+00  2.998132752230965e+03 -1.499066376115484e+03	4
2	711	 5.383430113663118e+02 -1.644258017142076e+03  2.998132752230965e+03	654	-9.046546396681272e-15  2.998132752230965e+03 -2.998132752230968e+03	2
2	712	 1.499066376115482e+03 -1.717477362921073e+03  2.110628733260793e+03	656	 0.000000000000000e+00  2.998132752230965e+03 -1.499066376115484e+03	0
2	713	 1.499066376115482e+03 -1.717477362921073e+03  2.110628733260793e+03	657	-1.499066376115484e+03  2.998132752230965e+03 -1.499066376115484e+03	3
2	714	-8.325303163095659e+02  1.225681686649284e+03  1.499066376115482e+03	658	1.499066376115484e+03 1.522937239157407e-14 1.560815019424493e-14	4
2	715	-8.325303163095662e+02  1.225681686649284e+03  1.499066376115483e+03	659	 1.499066376115484e+03  2.804572483380277e-14 -1.499066376115484e+03	2
2	716	-7.958078640513122e-13  1.218730380959069e+03  6.734873654961327e+02	660	8.137780172766422e-14 0.000000000000000e+00 4.030010838596754e-14	3
2	717	-7.958078640513122e-13  1.218730380959069e+03  6.734873654961327e+02	661	1.499066376115484e+03 1.522937239157407e-14 1.560815019424493e-14	0
