126
2
138
138
16	2.510926557408297e+02 1.078807787443790e+03 2.640577384490687e+02	 2.298173707903135e-03  6.103676914601283e-03 -3.805503206698148e-03	1.000000000000000e+00	0	16
37	1.186288887834781e+03 2.981067947187112e+02 4.808885871526190e+02	 7.105609073647324e-03  1.311047053511379e-02 -6.004861461466469e-03	1.000000000000000e+00	0	37
43	1.375082303693346e+03 1.080520463838885e+03 1.386334710006490e+03	-4.445361214934469e-04 -5.594732868697901e-04  1.149371653763433e-04	1.000000000000000e+00	0	43
44	1.176737577971698e+03 1.155295750415586e+03 1.113214697708142e+03	-9.501445655770425e-04 -1.651016404233175e-03  7.008718386561323e-04	1.000000000000000e+00	0	44
45	9.336220656714939e+02 1.133350805915258e+03 8.920441299082659e+02	-1.694432858471342e-04 -4.623332118874053e-04  2.928899260402712e-04	1.000000000000000e+00	0	45
46	7.018111176814039e+02 1.098197600129267e+03 6.953863877041658e+02	-1.480390409610541e-04 -2.472020928898856e-04  9.916305192883513e-05	1.000000000000000e+00	0	46
47	5.246497579577734e+02 1.099108585749964e+03 5.173140423598392e+02	 1.097693989683210e-03  1.968874159474083e-03 -8.711801697908738e-04	1.000000000000000e+00	0	47
48	3.347968811232915e+02 1.092260586985068e+03 3.343091642902525e+02	 1.975541307880945e-03  5.079251899515406e-03 -3.103710591634461e-03	1.000000000000000e+00	0	48
55	1.387056922267115e+03 2.909510490887342e+02 6.888123672149298e+02	 6.748992430403652e-03  1.368614416737178e-02 -6.937151736968124e-03	1.000000000000000e+00	0	55
56	9.948565613768372e+01 3.027069026769363e+02 8.885516236127768e+02	 5.960298647204400e-03  1.337991277589460e-02 -7.419614128690205e-03	1.000000000000000e+00	0	56
59	3.779292602537437e+02 3.090830236669707e+02 1.160619106738802e+03	 6.715865713448239e-03  1.278944471247378e-02 -6.073578999025540e-03	1.000000000000000e+00	0	59
62	6.570933295638314e+02 2.960415144098997e+02 1.452824685305961e+03	 7.059665404508802e-03  1.379551076501392e-02 -6.735845360505120e-03	1.000000000000000e+00	0	62
63	8.864797573235066e+02 3.019830657563043e+02 1.772031856037511e+02	 6.346344135957208e-03  1.347863680331001e-02 -7.132292667352801e-03	1.000000000000000e+00	0	63
66	9.154745405054240e+02 8.768959211547226e+02 9.984728479505399e+01	 2.654766882771705e-03 -6.814298708668270e-03  4.159531825896563e-03	1.000000000000000e+00	0	66
69	1.239051131741252e+03 4.827930757202669e-13 6.531666147139488e+02	 3.401466756668364e-03 -7.462395344284545e-03  4.060928587616182e-03	1.000000000000000e+00	1	69
70	1.239051131741252e+03 2.998132752230965e+03 6.531666147139488e+02	 3.401466756668364e-03 -7.462395344284545e-03  4.060928587616182e-03	1.000000000000000e+00	1	70
72	2.430653483369301e+02 1.943616087013804e+03 1.204602687219948e+03	 4.114682877407398e-03 -8.345351046099365e-03  4.230668168691967e-03	1.000000000000000e+00	0	72
75	4.401960221307668e+02 1.942661610646222e+03 1.008426489793692e+03	 4.042943440514980e-03 -8.145800006578188e-03  4.102856566063207e-03	1.000000000000000e+00	0	75
76	6.934935691978109e+02 1.940080409621782e+03 7.577101437510890e+02	 3.947276121788154e-03 -8.040468023545178e-03  4.093191901757024e-03	1.000000000000000e+00	0	76
77	9.471438029549223e+02 1.940277913093212e+03 5.038624065225478e+02	 4.164451125489999e-03 -8.097414432947115e-03  3.932963307457116e-03	1.000000000000000e+00	0	77
78	1.177310360388477e+03 1.947120955485286e+03 2.668528066969184e+02	 4.205962067043469e-03 -8.076807929377051e-03  3.870845862333583e-03	1.000000000000000e+00	0	78
81	1.415611177009019e+03 1.949719508922055e+03 2.595343663960762e+01	 4.117099727783621e-03 -8.322745372894600e-03  4.205645645110979e-03	1.000000000000000e+00	0	81
88	8.144564033026891e+02 8.900009731818149e+02 1.877603699706968e+02	 2.799519852950177e-03 -6.717190019596964e-03  3.917670166646787e-03	1.000000000000000e+00	0	88
89	6.198560720551798e+02 8.939967808134307e+02 3.783648935865903e+02	 2.904167440160803e-03 -4.852131210796708e-03  1.947963770635905e-03	1.000000000000000e+00	0	89
90	3.887666265135900e+02 8.528199197076207e+02 6.506312002339901e+02	 2.779159102156507e-03 -5.846850874778582e-03  3.067691772622075e-03	1.000000000000000e+00	0	90
91	1.156672024903178e+02 8.971587011435404e+02 8.793918428213426e+02	 2.982931745206610e-03 -8.553720535642493e-03  5.570788790435884e-03	1.000000000000000e+00	0	91
94	1.366287737491466e+03 9.171880098514681e+02 1.107808375227748e+03	 4.331378796512823e-03 -7.247623892760579e-03  2.916245096247757e-03	1.000000000000000e+00	0	94
95	1.140831339325870e+03 8.559018502381341e+02 1.394550933006678e+03	 3.595605679780465e-03 -6.559777443377976e-03  2.964171763597511e-03	1.000000000000000e+00	0	95
126	9.919481092572794e+02 3.046591716599191e+02 2.799954316339089e+02	 6.546656063899337e-03  1.319085045472197e-02 -6.644194390822633e-03	1.000000000000000e+00	0	126
131	8.153340136848069e+00 1.061916627951630e+03 3.800958233724717e+01	 1.563176857250184e-03  2.965753448361459e-03 -1.402576591111275e-03	1.000000000000000e+00	0	131
132	1.276681754218368e+03 1.124073419434968e+03 1.244381204935429e+03	-9.901574089024119e-04 -1.128513234463104e-03  1.383558255606918e-04	1.000000000000000e+00	0	132
133	1.069809871092007e+03 1.152557992935553e+03 1.009024748308483e+03	-4.315570316142104e-04 -1.059330555491938e-03  6.277735238777275e-04	1.000000000000000e+00	0	133
134	7.942382725190598e+02 1.110693160758748e+03 7.753179819123415e+02	-1.435710217617057e-04 -3.766111350543684e-04  2.330401132926626e-04	1.000000000000000e+00	0	134
135	6.212772777866161e+02 1.092588906865915e+03 6.204612410727307e+02	 1.058546858740152e-04  1.211587571070640e-04 -1.530407123304426e-05	1.000000000000000e+00	0	135
136	4.173485563517738e+02 1.102599473310000e+03 4.065219531938029e+02	 1.825644961278429e-03  4.393356075942502e-03 -2.567711114664073e-03	1.000000000000000e+00	0	136
141	1.278894762655314e+03 2.930452678864963e+02 5.785559888053662e+02	 7.120898880530814e-03  1.342638935722694e-02 -6.305490476696128e-03	1.000000000000000e+00	0	141
142	1.498488990633403e+03 2.955650134896132e+02 7.956304711803386e+02	 5.887030912812649e-03  1.307739343590548e-02 -7.190362523092833e-03	1.000000000000000e+00	0	142
143	1.535276050325124e+02 3.063197029176053e+02 9.389807722669362e+02	 6.100201440996063e-03  1.327313067945949e-02 -7.172929238463431e-03	1.000000000000000e+00	0	143
144	3.020319332130876e+02 3.107738804116975e+02 1.083030922953419e+03	 6.500718548884283e-03  1.285443206469467e-02 -6.353713515810383e-03	1.000000000000000e+00	0	144
145	4.415871699319135e+02 3.059610580138482e+02 1.227398982070094e+03	 6.946435346599883e-03  1.289288731035186e-02 -5.946451963751980e-03	1.000000000000000e+00	0	145
146	5.777478224468289e+02 2.983283321495010e+02 1.371192360449357e+03	 7.104975302858972e-03  1.346233756555755e-02 -6.357362262698574e-03	1.000000000000000e+00	0	146
147	7.758383166250394e+02 2.974529305464189e+02 7.109188011516926e+01	 6.579971485245340e-03  1.382563702665468e-02 -7.245665541409343e-03	1.000000000000000e+00	0	147
148	1.082254165190067e+03 8.577682939592770e+02 1.451261663421337e+03	 2.968274859845507e-03 -6.416708477871178e-03  3.448433618025670e-03	1.000000000000000e+00	0	148
149	9.659265293935656e+02 8.699964152992744e+02 5.629480176236075e+01	 2.766005243936257e-03 -6.872554853481538e-03  4.106549609545281e-03	1.000000000000000e+00	0	149
156	5.665515221616857e+02 1.941701720296883e+03 8.830308801121125e+02	 3.960168464698089e-03 -8.051297499475165e-03  4.091129034777075e-03	1.000000000000000e+00	0	156
157	8.218255733302018e+02 1.939087288211493e+03 6.303712610289865e+02	 4.040199854700357e-03 -8.081117674479055e-03  4.040917819778698e-03	1.000000000000000e+00	0	157
158	1.063858263415218e+03 1.943474305371084e+03 3.839515537843797e+02	 4.231662307545380e-03 -8.081721789793175e-03  3.850059482247794e-03	1.000000000000000e+00	0	158
159	1.232909965129731e+03 1.948509405782860e+03 2.098647516580901e+02	 4.178343981492410e-03 -8.093022245606265e-03  3.914678264113855e-03	1.000000000000000e+00	0	159
160	1.353058728342579e+03 1.949876063678871e+03 8.834933054923151e+01	 4.111545404027968e-03 -8.184351101949369e-03  4.072805697921401e-03	1.000000000000000e+00	0	160
161	4.585258798041564e+01 1.947294716361201e+03 1.398136818229065e+03	 4.056336614698535e-03 -8.432077608990889e-03  4.375740994292353e-03	1.000000000000000e+00	0	161
165	7.361705935998542e+02 8.967506760465575e+02 2.592964768087890e+02	 2.876338703347488e-03 -6.339671393749680e-03  3.463332690402192e-03	1.000000000000000e+00	0	165
166	5.109994481730149e+02 8.645143581534406e+02 5.167039401287452e+02	 3.149561061572213e-03 -4.766774872616850e-03  1.617213811044637e-03	1.000000000000000e+00	0	166
167	2.543876228948876e+02 8.710145249069309e+02 7.668155986533823e+02	 2.688875689005759e-03 -7.523949193568504e-03  4.835073504562745e-03	1.000000000000000e+00	0	167
168	1.463329211835111e+03 9.185320307519069e+02 1.009422879983664e+03	 3.422586055793874e-03 -7.760647377355628e-03  4.338061321561754e-03	1.000000000000000e+00	0	168
169	1.274080171537734e+03 8.860033020915414e+02 1.231200648941406e+03	 4.133343980355529e-03 -5.612163126788342e-03  1.478819146432813e-03	1.000000000000000e+00	0	169
190	1.002369290399864e+03 1.144005195287772e+03 9.501369652641220e+02	-2.646212450460865e-04 -6.993483394187559e-04  4.347270943726694e-04	1.000000000000000e+00	0	190
204	1.128737589493252e+03 3.013746676290425e+02 4.200694159007581e+02	 6.925816612493659e-03  1.301045249466176e-02 -6.084635882168100e-03	1.000000000000000e+00	0	204
205	1.046292588122924e+03 3.043186614158849e+02 3.346804207435875e+02	 6.763847822507541e-03  1.305836876471979e-02 -6.294520942212253e-03	1.000000000000000e+00	0	205
214	1.463378453029175e+03 1.065413469053655e+03 1.489737854127549e+03	 8.333313058702645e-04  1.458666686969362e-03 -6.253353810990974e-04	1.000000000000000e+00	0	214
215	1.322726233990905e+03 1.099405581917992e+03 1.315093522224942e+03	-6.919466304733154e-04 -9.642111630289409e-04  2.722645325556253e-04	1.000000000000000e+00	0	215
217	1.127686716418108e+03 1.156635152040515e+03 1.062824434529622e+03	-6.751459970171664e-04 -1.427847651052019e-03  7.527016540348531e-04	1.000000000000000e+00	0	217
219	8.442375468195686e+02 1.118639219586418e+03 8.173711973851798e+02	-1.435827022908619e-04 -3.898123099351340e-04  2.462296076442721e-04	1.000000000000000e+00	0	219
220	7.459394204573655e+02 1.103724471019797e+03 7.339878195895973e+02	-1.832554343905342e-04 -4.720374433528216e-04  2.887820089622874e-04	1.000000000000000e+00	0	220
222	5.793130459652306e+02 1.093457595289238e+03 5.776283208280217e+02	 4.016366881604883e-04  7.455899264678988e-04 -3.439532383074105e-04	1.000000000000000e+00	0	222
223	4.626921078440628e+02 1.104415027599500e+03 4.500499503965924e+02	 7.193159155287157e-04  1.351685940714562e-03 -6.323700251858467e-04	1.000000000000000e+00	0	223
231	1.232834814749074e+03 2.953793880428593e+02 5.301619207427640e+02	 7.156297762820320e-03  1.325442280744886e-02 -6.098125044628535e-03	1.000000000000000e+00	0	231
232	1.331870965272471e+03 2.912973354031846e+02 6.332801239058352e+02	 6.987659468345233e-03  1.358273972678564e-02 -6.595080258440409e-03	1.000000000000000e+00	0	232
233	1.443678464996273e+03 2.923176273860850e+02 7.440673316467369e+02	 6.558211650062385e-03  1.400311423263225e-02 -7.444902582569860e-03	1.000000000000000e+00	0	233
234	5.031545110203615e+01 2.990768626292429e+02 8.430114586248225e+02	 6.223487246940780e-03  1.400168521113922e-02 -7.778197964198445e-03	1.000000000000000e+00	0	234
235	7.176009919331225e+02 2.960840597893552e+02 1.422342618031605e+01	 6.727636824828434e-03  1.370168886867854e-02 -6.974052043850110e-03	1.000000000000000e+00	0	235
236	9.397425608432034e+02 3.037960328655727e+02 2.286530220141794e+02	 6.412135490674580e-03  1.333753321821172e-02 -6.925397727537135e-03	1.000000000000000e+00	0	236
237	8.322402177113028e+02 2.996917157652898e+02 1.252549959825619e+02	 6.376634945403434e-03  1.360673469875084e-02 -7.230099753347401e-03	1.000000000000000e+00	0	237
238	8.734356283893547e+02 8.826797665441201e+02 1.361023515217260e+02	 2.793141320832529e-03 -7.061378874348073e-03  4.268237553515544e-03	1.000000000000000e+00	0	238
246	3.109475132424720e+02 1.943138394810466e+03 1.137198214517743e+03	 4.106727903272040e-03 -8.278777427709088e-03  4.172049524437049e-03	1.000000000000000e+00	0	246
247	3.938170568811713e+02 1.942827392376453e+03 1.054639673313058e+03	 4.069590196978169e-03 -8.184561088110220e-03  4.114970891132051e-03	1.000000000000000e+00	0	247
248	5.021063249396548e+02 1.942296955288854e+03 9.468808423421725e+02	 3.996318036369382e-03 -8.085023980313475e-03  4.088705943944094e-03	1.000000000000000e+00	0	248
249	6.309981082435921e+02 1.940907267719081e+03 8.193787466080082e+02	 3.940644276514509e-03 -8.036277601670300e-03  4.095633325155789e-03	1.000000000000000e+00	0	249
250	7.567506249939318e+02 1.939393569339712e+03 6.951399282370381e+02	 3.982304008757248e-03 -8.058106435356874e-03  4.075802426599626e-03	1.000000000000000e+00	0	250
251	8.861501503834809e+02 1.939382294560380e+03 5.657516776268205e+02	 4.104309674414114e-03 -8.094022364999696e-03  3.989712690585583e-03	1.000000000000000e+00	0	251
252	1.005634657697443e+03 1.941681125735231e+03 4.439683391380078e+02	 4.210512119866774e-03 -8.093362418419587e-03  3.882850298552813e-03	1.000000000000000e+00	0	252
253	1.121194759670736e+03 1.945378233634454e+03 3.247111292654910e+02	 4.228888307902023e-03 -8.074529200345159e-03  3.845640892443137e-03	1.000000000000000e+00	0	253
254	1.479266782315437e+03 1.948976632908087e+03 1.462107083462638e+03	 4.056243435043893e-03 -8.352863697599988e-03  4.296620262556095e-03	1.000000000000000e+00	0	254
255	1.070491458016968e+02 1.945812880534433e+03 1.338422096234551e+03	 4.069449254994745e-03 -8.408096333042887e-03  4.338647078048141e-03	1.000000000000000e+00	0	255
256	1.892468430758420e+02 1.944260560576271e+03 1.257776718918568e+03	 4.088117291087967e-03 -8.381480733406223e-03  4.293363442318257e-03	1.000000000000000e+00	0	256
265	6.778145583760269e+02 8.980160095058459e+02 3.163871785733280e+02	 2.748509592008067e-03 -5.370101826109417e-03  2.621592234101350e-03	1.000000000000000e+00	0	265
266	5.596101772154130e+02 8.808719085265274e+02 4.517356607132604e+02	 3.442649909843019e-03 -4.976834459064196e-03  1.534184549221176e-03	1.000000000000000e+00	0	266
267	4.581357942969235e+02 8.536483380765482e+02 5.804336140817292e+02	 2.950985695501515e-03 -5.226889118362083e-03  2.275903422860568e-03	1.000000000000000e+00	0	267
268	3.218577064790231e+02 8.599813204207090e+02 7.103787195554687e+02	 2.635032426110230e-03 -6.697995963432902e-03  4.062963537322672e-03	1.000000000000000e+00	0	268
269	1.859724672710137e+02 8.836894376600666e+02 8.225558415241204e+02	 2.437610127953257e-03 -7.083223617031380e-03  4.645613489078122e-03	1.000000000000000e+00	0	269
270	2.059516465371508e+01 9.124279678857177e+02 9.591946139157679e+02	 3.163391793355546e-03 -8.006874984921936e-03  4.843483191566390e-03	1.000000000000000e+00	0	270
271	1.412812365739361e+03 9.204095888652505e+02 1.058062167966070e+03	 4.039153772501508e-03 -7.950276997671963e-03  3.911123225170456e-03	1.000000000000000e+00	0	271
272	1.322075797573231e+03 9.067119010950845e+02 1.162496423902366e+03	 4.670973348198924e-03 -6.441927070895422e-03  1.770953722696498e-03	1.000000000000000e+00	0	272
273	1.213417434962602e+03 8.638396181563054e+02 1.314027069451774e+03	 3.725453503842247e-03 -5.798119203201929e-03  2.072665699359683e-03	1.000000000000000e+00	0	273
314	5.271550136542279e+02 3.009122380434288e+02 1.318015645762828e+03	 7.136179475979138e-03  1.321823659662662e-02 -6.082057120647479e-03	1.000000000000000e+00	0	314
320	4.436827039601733e+02 1.535455574112204e+03 1.499066376115482e+03	 3.288195028698019e-03  7.546624046901032e-03 -4.258429018203011e-03	1.000000000000000e+00	1	320
321	 4.436827039601733e+02  1.535455574112204e+03 -1.818989403545856e-12	 3.288195028698019e-03  7.546624046901030e-03 -4.258429018203011e-03	1.000000000000000e+00	1	321
344	1.499066376115483e+03 2.453109922140276e+03 9.381742004304076e+02	 3.770089730029757e-03 -7.918747558830838e-03  4.148657828801081e-03	1.000000000000000e+00	1	344
345	-1.477928890381008e-12  2.453109922140276e+03  9.381742004304067e+02	 3.770089730029757e-03 -7.918747558830838e-03  4.148657828801081e-03	1.000000000000000e+00	1	345
366	1.041804521713603e+03 8.612800043452743e+02 1.488199596511804e+03	 3.062565835972111e-03 -7.372220856575953e-03  4.309655020603842e-03	1.000000000000000e+00	0	366
387	8.212293889479818e+01 1.061230690800603e+03 1.126651182462244e+02	 2.367865036688226e-03  4.952183899754208e-03 -2.584318863065981e-03	1.000000000000000e+00	0	387
389	1.215972136080442e+03 1.148972557601331e+03 1.158772448631140e+03	-1.004957564048767e-03 -1.643011272462682e-03  6.380537084139152e-04	1.000000000000000e+00	0	389
398	2.393363532440064e+02 3.101051426728159e+02 1.021004080723220e+03	 6.205522770381662e-03  1.301689179918424e-02 -6.811369028802578e-03	1.000000000000000e+00	0	398
406	1.274373860554594e+03 1.949255882405934e+03 1.676543796101535e+02	 4.125557540548427e-03 -8.112019671537586e-03  3.986462130989158e-03	1.000000000000000e+00	0	406
412	1.401181108173675e+02 1.064689003035420e+03 1.672019779339762e+02	 2.838809175133621e-03  6.548350442765274e-03 -3.709541267631652e-03	1.000000000000000e+00	0	412
433	 1.060563101691685e+03 -2.273736754432321e-12  6.532695957282364e+02	 6.459307720040513e-03  1.216849215020423e-02 -5.709184430163721e-03	1.000000000000000e+00	1	433
434	1.060563101691685e+03 2.998132752230962e+03 6.532695957282361e+02	 6.459307720040512e-03  1.216849215020423e-02 -5.709184430163721e-03	1.000000000000000e+00	1	434
482	1.414975022968226e+03 1.072027244418334e+03 1.434720648701920e+03	 1.247922231766803e-04  2.121628309919880e-04 -8.737060781530769e-05	7.500000000000000e-01	0	482
484	4.851401354888393e+02 3.033843811433899e+02 1.273528624497479e+03	 7.078222589538168e-03  1.303576026428515e-02 -5.957537674746988e-03	1.000000000000000e+00	0	484
488	1.499066376115482e+03 1.948469395166237e+03 1.442814727404446e+03	 4.056271536460515e-03 -8.376753280951494e-03  4.320481744490978e-03	1.000000000000000e+00	1	488
489	-2.273736754432321e-12  1.948469395166237e+03  1.442814727404446e+03	 4.056271536460515e-03 -8.376753280951494e-03  4.320481744490978e-03	1.000000000000000e+00	1	489
495	1.029527422179311e+03 8.626903242758908e+02 1.499066376115483e+03	 3.014582174372099e-03 -7.291374631388304e-03  4.276792457016205e-03	1.000000000000000e+00	1	495
496	 1.029527422179311e+03  8.626903242758909e+02 -1.136868377216160e-12	 3.014582174372098e-03 -7.291374631388303e-03  4.276792457016205e-03	1.000000000000000e+00	1	496
497	7.050906196099538e+01 9.048452806786045e+02 9.168634038156009e+02	 2.716122888838437e-03 -7.369021367121267e-03  4.652898478282830e-03	1.000000000000000e+00	0	497
499	1.863334559432660e+02 1.069757692212527e+03 2.083486338827683e+02	 2.418237258576871e-03  6.069475593131152e-03 -3.651238334554281e-03	1.000000000000000e+00	0	499
500	1.499066376115481e+03 2.956048558494526e+02 7.961680143025766e+02	 5.890848051249366e-03  1.308787963962380e-02 -7.197031588374433e-03	1.000000000000000e+00	1	500
501	-2.955857780762017e-12  2.956048558494526e+02  7.961680143025766e+02	 5.890848051249366e-03  1.308787963962380e-02 -7.197031588374433e-03	1.000000000000000e+00	1	501
504	-6.007432246020320e-13  9.146596203340465e+02  9.775581261211549e+02	 3.258153515677764e-03 -7.916853886627702e-03  4.658700370949937e-03	1.000000000000000e+00	1	504
505	1.499066376115483e+03 9.146596203340466e+02 9.775581261211548e+02	 3.258153515677765e-03 -7.916853886627702e-03  4.658700370949937e-03	1.000000000000000e+00	1	505
506	-1.591615728102624e-12  1.062566949881548e+03  2.920592027047951e+01	 1.427444476605096e-03  2.685474321393181e-03 -1.258029844788085e-03	1.000000000000000e+00	1	506
507	1.499066376115482e+03 1.062566949881548e+03 2.920592027047928e+01	 1.427444476605096e-03  2.685474321393181e-03 -1.258029844788085e-03	1.000000000000000e+00	1	507
508	 1.472017881958280e+03  1.064724375994827e+03 -2.501110429875553e-12	 9.771558288607380e-04  1.755655596681362e-03 -7.784997678206241e-04	1.000000000000000e+00	1	508
509	1.472017881958280e+03 1.064724375994827e+03 1.499066376115482e+03	 9.771558288607380e-04  1.755655596681362e-03 -7.784997678206241e-04	1.000000000000000e+00	1	509
512	7.033675576507123e+02 2.960740516872602e+02 1.499066376115485e+03	 6.805741097638035e-03  1.372375892961711e-02 -6.918017831979079e-03	1.000000000000000e+00	1	512
513	7.033675576507123e+02 2.960740516872602e+02 7.879939902210063e-13	 6.805741097638035e-03  1.372375892961711e-02 -6.918017831979079e-03	1.000000000000000e+00	1	513
515	1.441871072862467e+03 1.949413049708214e+03 6.821210263296962e-13	 4.091994634497970e-03 -8.335170108567706e-03  4.243175474069736e-03	1.000000000000000e+00	1	515
516	1.441871072862467e+03 1.949413049708214e+03 1.499066376115485e+03	 4.091994634497970e-03 -8.335170108567706e-03  4.243175474069736e-03	1.000000000000000e+00	1	516
1	7.071067811865475e-01 7.071067811865475e-01 0.000000000000000e+00	 5.773502691896257e-01 -5.773502691896257e-01 -5.773502691896257e-01	-3.639242900506764e+02  3.639242900506764e+02  3.639242900506764e+02	1	0	0.000000000000000e+00	0.000000000000000e+00	0.000000000000000e+00
2	-7.071067811865475e-01  7.071067811865475e-01  0.000000000000000e+00	5.773502691896257e-01 5.773502691896257e-01 5.773502691896257e-01	6.307392488184003e+02 6.307392488184003e+02 6.307392488184003e+02	1	0	0.000000000000000e+00	0.000000000000000e+00	0.000000000000000e+00
1	204	37	1	0
1	37	437	1	0
1	43	215	1	0
1	488	43	1	0
1	44	217	1	0
1	393	44	1	0
1	218	45	1	0
1	45	219	1	0
1	46	135	1	0
1	220	46	1	0
1	222	47	1	0
1	47	223	1	0
1	136	48	1	0
1	48	138	1	0
1	232	55	1	0
1	55	233	1	0
1	56	143	1	0
1	234	56	1	0
1	144	59	1	0
1	59	145	1	0
1	146	62	1	0
1	62	520	1	0
1	63	236	1	0
1	237	63	1	0
1	98	231	1	0
1	440	98	1	0
1	126	205	1	0
1	236	126	1	0
1	391	131	1	0
1	131	514	1	0
1	215	132	1	0
1	132	393	1	0
1	217	133	1	0
1	133	218	1	0
1	219	134	1	0
1	134	220	1	0
1	135	222	1	0
1	223	136	1	0
1	138	324	1	0
1	231	141	1	0
1	141	232	1	0
1	233	142	1	0
1	142	508	1	0
1	143	402	1	0
1	402	144	1	0
1	145	490	1	0
1	314	146	1	0
1	235	147	1	0
1	147	237	1	0
1	205	204	1	0
1	214	488	1	0
1	517	214	1	0
1	509	234	1	0
1	521	235	1	0
1	321	280	1	0
1	280	507	1	0
1	490	314	1	0
1	320	321	0	1
1	438	320	1	0
1	324	325	0	1
1	325	439	1	0
1	416	391	1	0
1	507	416	1	0
1	437	438	0	1
1	439	440	0	1
1	508	509	0	1
1	514	515	0	1
1	515	516	1	0
1	516	517	0	1
1	520	521	0	1
2	149	66	1	0
2	66	238	1	0
2	69	70	0	1
2	239	69	1	0
2	70	346	1	0
2	72	246	1	0
2	347	72	1	0
2	247	75	1	0
2	75	248	1	0
2	249	76	1	0
2	76	250	1	0
2	251	77	1	0
2	77	252	1	0
2	78	159	1	0
2	253	78	1	0
2	160	81	1	0
2	81	523	1	0
2	256	83	1	0
2	83	350	1	0
2	84	85	0	1
2	351	84	1	0
2	85	88	1	0
2	88	165	1	0
2	265	89	1	0
2	89	266	1	0
2	267	90	1	0
2	90	268	1	0
2	269	91	1	0
2	91	505	1	0
2	271	94	1	0
2	94	272	1	0
2	95	148	1	0
2	273	95	1	0
2	148	370	1	0
2	504	149	1	0
2	248	156	1	0
2	156	249	1	0
2	250	157	1	0
2	157	251	1	0
2	252	158	1	0
2	158	253	1	0
2	159	410	1	0
2	410	160	1	0
2	161	255	1	0
2	495	161	1	0
2	165	265	1	0
2	266	166	1	0
2	166	267	1	0
2	268	167	1	0
2	167	269	1	0
2	168	271	1	0
2	513	168	1	0
2	272	169	1	0
2	169	273	1	0
2	238	239	1	0
2	246	247	1	0
2	254	494	1	0
2	524	254	1	0
2	255	256	1	0
2	505	270	1	0
2	270	512	1	0
2	346	347	0	1
2	350	351	0	1
2	370	503	1	0
2	494	495	0	1
2	503	504	0	1
2	512	513	0	1
2	523	524	0	1
1	37	2.685355263950265e+03 3.296239546949676e+03 4.808885871526190e+02	37	-1.499066376115484e+03 -2.998132752230965e+03 -7.813873830305873e-15	-1
1	43	1.375082303693346e+03 1.080520463838885e+03 1.386334710006490e+03	43	0.000000000000000e+00 2.629596998832196e-14 2.301162899144159e-14	-1
1	44	1.176737577971698e+03 1.155295750415586e+03 1.113214697708142e+03	44	0.000000000000000e+00 2.629596998832196e-14 2.301162899144159e-14	-1
1	45	9.336220656714939e+02 1.133350805915258e+03 8.920441299082659e+02	45	0.000000000000000e+00 2.629596998832196e-14 2.301162899144159e-14	-1
1	46	7.018111176814039e+02 1.098197600129267e+03 6.953863877041658e+02	46	0.000000000000000e+00 2.629596998832196e-14 2.301162899144159e-14	-1
1	47	5.246497579577734e+02 1.099108585749964e+03 5.173140423598392e+02	47	0.000000000000000e+00 2.629596998832196e-14 2.301162899144159e-14	-1
1	48	3.347968811232915e+02 1.092260586985068e+03 3.343091642902525e+02	48	0.000000000000000e+00 2.629596998832196e-14 2.301162899144159e-14	-1
1	55	 1.387056922267115e+03  3.289083801319699e+03 -8.102540089005541e+02	55	 5.357148449523283e-14 -2.998132752230965e+03  1.499066376115484e+03	-1
1	56	 1.598552032253168e+03  3.300839654907901e+03 -6.105147525027072e+02	56	-1.499066376115484e+03 -2.998132752230965e+03  1.499066376115484e+03	-1
1	59	 1.876995636369228e+03  3.307215775897936e+03 -3.384472693766818e+02	59	-1.499066376115484e+03 -2.998132752230965e+03  1.499066376115484e+03	-1
1	62	 2.156159705679315e+03  3.294174266640865e+03 -4.624169080952333e+01	62	-1.499066376115484e+03 -2.998132752230965e+03  1.499066376115484e+03	-1
1	63	2.385546133438991e+03 3.300115817987269e+03 1.772031856037512e+02	63	-1.499066376115484e+03 -2.998132752230965e+03 -7.813873830305873e-15	-1
2	66	-5.835918356100599e+02  8.768959211547227e+02  1.598913660910538e+03	66	 1.499066376115484e+03  2.804572483380277e-14 -1.499066376115484e+03	-1
2	69	-2.600152443742326e+02  4.547473508864641e-13  2.152232990829433e+03	69	 1.499066376115484e+03  2.804572483380277e-14 -1.499066376115484e+03	0
2	70	-2.600152443742326e+02  4.547473508864641e-13  2.152232990829433e+03	70	 1.499066376115484e+03  2.998132752230965e+03 -1.499066376115484e+03	1
2	72	 2.430653483369301e+02 -1.054516665217161e+03  2.703669063335432e+03	72	 0.000000000000000e+00  2.998132752230965e+03 -1.499066376115484e+03	-1
2	75	 4.401960221307668e+02 -1.055471141584742e+03  2.507492865909177e+03	75	 0.000000000000000e+00  2.998132752230965e+03 -1.499066376115484e+03	-1
2	76	 6.934935691978108e+02 -1.058052342609183e+03  2.256776519866573e+03	76	 0.000000000000000e+00  2.998132752230965e+03 -1.499066376115484e+03	-1
2	77	 9.471438029549223e+02 -1.057854839137753e+03  2.002928782638032e+03	77	 0.000000000000000e+00  2.998132752230965e+03 -1.499066376115484e+03	-1
2	78	 1.177310360388477e+03 -1.051011796745679e+03  1.765919182812402e+03	78	 0.000000000000000e+00  2.998132752230965e+03 -1.499066376115484e+03	-1
2	81	 1.415611177009019e+03 -1.048413243308910e+03  1.525019812755092e+03	81	 0.000000000000000e+00  2.998132752230965e+03 -1.499066376115484e+03	-1
2	83	 1.742131724452414e+03 -1.054516665217161e+03  1.204602687219948e+03	72	-1.499066376115484e+03  2.998132752230965e+03  6.516875392707817e-15	-1
2	84	 1.239051131741252e+03 -2.273736754432321e-13  6.531666147139495e+02	70	2.881180732755041e-14 2.998132752230965e+03 0.000000000000000e+00	1
2	85	1.239051131741252e+03 0.000000000000000e+00 6.531666147139492e+02	69	8.137780172766422e-14 0.000000000000000e+00 4.030010838596754e-14	0
2	88	8.144564033026890e+02 8.900009731818149e+02 1.877603699706968e+02	88	8.137780172766422e-14 0.000000000000000e+00 4.030010838596754e-14	-1
2	89	6.198560720551797e+02 8.939967808134307e+02 3.783648935865902e+02	89	8.137780172766422e-14 0.000000000000000e+00 4.030010838596754e-14	-1
2	90	3.887666265135899e+02 8.528199197076207e+02 6.506312002339901e+02	90	8.137780172766422e-14 0.000000000000000e+00 4.030010838596754e-14	-1
2	91	1.156672024903177e+02 8.971587011435404e+02 8.793918428213426e+02	91	8.137780172766422e-14 0.000000000000000e+00 4.030010838596754e-14	-1
2	94	-1.327786386240180e+02  9.171880098514681e+02  1.107808375227748e+03	94	1.499066376115484e+03 1.522937239157407e-14 1.560815019424493e-14	-1
2	95	-3.582350367896142e+02  8.559018502381341e+02  1.394550933006678e+03	95	1.499066376115484e+03 1.522937239157407e-14 1.560815019424493e-14	-1
1	98	 1.186288887834781e+03  3.296239546949676e+03 -1.018177788962865e+03	37	 5.357148449523283e-14 -2.998132752230965e+03  1.499066376115484e+03	-1
1	126	2.491014485372763e+03 3.302791923890884e+03 2.799954316339089e+02	126	-1.499066376115484e+03 -2.998132752230965e+03 -7.813873830305873e-15	-1
1	131	1.507219716252332e+03 1.061916627951630e+03 1.537075958452731e+03	131	-1.499066376115484e+03  2.332622365846862e-14 -1.499066376115484e+03	-1
1	132	1.276681754218368e+03 1.124073419434968e+03 1.244381204935429e+03	132	0.000000000000000e+00 2.629596998832196e-14 2.301162899144159e-14	-1
1	133	1.069809871092007e+03 1.152557992935553e+03 1.009024748308483e+03	133	0.000000000000000e+00 2.629596998832196e-14 2.301162899144159e-14	-1
1	134	7.942382725190598e+02 1.110693160758748e+03 7.753179819123415e+02	134	0.000000000000000e+00 2.629596998832196e-14 2.301162899144159e-14	-1
1	135	6.212772777866161e+02 1.092588906865915e+03 6.204612410727307e+02	135	0.000000000000000e+00 2.629596998832196e-14 2.301162899144159e-14	-1
1	136	4.173485563517738e+02 1.102599473310000e+03 4.065219531938029e+02	136	0.000000000000000e+00 2.629596998832196e-14 2.301162899144159e-14	-1
1	138	2.510926557408297e+02 1.078807787443790e+03 2.640577384490687e+02	16	0.000000000000000e+00 2.629596998832196e-14 2.301162899144159e-14	-1
1	141	 1.278894762655314e+03  3.291178020117461e+03 -9.205103873101178e+02	141	 5.357148449523283e-14 -2.998132752230965e+03  1.499066376115484e+03	-1
1	142	 1.498488990633403e+03  3.293697765720578e+03 -7.034359049351455e+02	142	 5.357148449523283e-14 -2.998132752230965e+03  1.499066376115484e+03	-1
1	143	 1.652593981147996e+03  3.304452455148570e+03 -5.600856038485476e+02	143	-1.499066376115484e+03 -2.998132752230965e+03  1.499066376115484e+03	-1
1	144	 1.801098309328572e+03  3.308906632642662e+03 -4.160354531620646e+02	144	-1.499066376115484e+03 -2.998132752230965e+03  1.499066376115484e+03	-1
1	145	 1.940653546047397e+03  3.304093810244813e+03 -2.716673940453895e+02	145	-1.499066376115484e+03 -2.998132752230965e+03  1.499066376115484e+03	-1
1	146	 2.076814198562313e+03  3.296461084380466e+03 -1.278740156661270e+02	146	-1.499066376115484e+03 -2.998132752230965e+03  1.499066376115484e+03	-1
1	147	2.274904692740523e+03 3.295585682777384e+03 7.109188011516927e+01	147	-1.499066376115484e+03 -2.998132752230965e+03 -7.813873830305873e-15	-1
2	148	-4.168122109254166e+02  8.577682939592770e+02  1.451261663421337e+03	148	1.499066376115484e+03 1.522937239157407e-14 1.560815019424493e-14	-1
2	149	-5.331398467219184e+02  8.699964152992744e+02  1.555361177877845e+03	149	 1.499066376115484e+03  2.804572483380277e-14 -1.499066376115484e+03	-1
2	156	 5.665515221616857e+02 -1.056431031934082e+03  2.382097256227597e+03	156	 0.000000000000000e+00  2.998132752230965e+03 -1.499066376115484e+03	-1
2	157	 8.218255733302018e+02 -1.059045464019471e+03  2.129437637144471e+03	157	 0.000000000000000e+00  2.998132752230965e+03 -1.499066376115484e+03	-1
2	158	 1.063858263415218e+03 -1.054658446859881e+03  1.883017929899864e+03	158	 0.000000000000000e+00  2.998132752230965e+03 -1.499066376115484e+03	-1
2	159	 1.232909965129731e+03 -1.049623346448104e+03  1.708931127773574e+03	159	 0.000000000000000e+00  2.998132752230965e+03 -1.499066376115484e+03	-1
2	160	 1.353058728342579e+03 -1.048256688552094e+03  1.587415706664716e+03	160	 0.000000000000000e+00  2.998132752230965e+03 -1.499066376115484e+03	-1
2	161	 1.544918964095900e+03 -1.050838035869764e+03  1.398136818229065e+03	161	-1.499066376115484e+03  2.998132752230965e+03  6.516875392707817e-15	-1
2	165	7.361705935998541e+02 8.967506760465575e+02 2.592964768087890e+02	165	8.137780172766422e-14 0.000000000000000e+00 4.030010838596754e-14	-1
2	166	5.109994481730148e+02 8.645143581534406e+02 5.167039401287452e+02	166	8.137780172766422e-14 0.000000000000000e+00 4.030010838596754e-14	-1
2	167	2.543876228948875e+02 8.710145249069309e+02 7.668155986533823e+02	167	8.137780172766422e-14 0.000000000000000e+00 4.030010838596754e-14	-1
2	168	-3.573716428037278e+01  9.185320307519069e+02  1.009422879983664e+03	168	1.499066376115484e+03 1.522937239157407e-14 1.560815019424493e-14	-1
2	169	-2.249862045777495e+02  8.860033020915414e+02  1.231200648941406e+03	169	1.499066376115484e+03 1.522937239157407e-14 1.560815019424493e-14	-1
1	204	2.627803965608736e+03 3.299507419860007e+03 4.200694159007581e+02	204	-1.499066376115484e+03 -2.998132752230965e+03 -7.813873830305873e-15	-1
1	205	2.545358964238408e+03 3.302451413646850e+03 3.346804207435875e+02	205	-1.499066376115484e+03 -2.998132752230965e+03 -7.813873830305873e-15	-1
1	214	1.463378453029175e+03 1.065413469053655e+03 1.489737854127549e+03	214	0.000000000000000e+00 2.629596998832196e-14 2.301162899144159e-14	-1
1	215	1.322726233990905e+03 1.099405581917992e+03 1.315093522224942e+03	215	0.000000000000000e+00 2.629596998832196e-14 2.301162899144159e-14	-1
1	217	1.127686716418108e+03 1.156635152040515e+03 1.062824434529622e+03	217	0.000000000000000e+00 2.629596998832196e-14 2.301162899144159e-14	-1
1	218	1.002369290399864e+03 1.144005195287772e+03 9.501369652641220e+02	190	0.000000000000000e+00 2.629596998832196e-14 2.301162899144159e-14	-1
1	219	8.442375468195686e+02 1.118639219586418e+03 8.173711973851798e+02	219	0.000000000000000e+00 2.629596998832196e-14 2.301162899144159e-14	-1
1	220	7.459394204573655e+02 1.103724471019797e+03 7.339878195895973e+02	220	0.000000000000000e+00 2.629596998832196e-14 2.301162899144159e-14	-1
1	222	5.793130459652306e+02 1.093457595289238e+03 5.776283208280217e+02	222	0.000000000000000e+00 2.629596998832196e-14 2.301162899144159e-14	-1
1	223	4.626921078440628e+02 1.104415027599500e+03 4.500499503965924e+02	223	0.000000000000000e+00 2.629596998832196e-14 2.301162899144159e-14	-1
1	231	 1.232834814749074e+03  3.293512140273824e+03 -9.689044553727199e+02	231	 5.357148449523283e-14 -2.998132752230965e+03  1.499066376115484e+03	-1
1	232	 1.331870965272471e+03  3.289430087634149e+03 -8.657862522096488e+02	232	 5.357148449523283e-14 -2.998132752230965e+03  1.499066376115484e+03	-1
1	233	 1.443678464996273e+03  3.290450379617050e+03 -7.549990444687472e+02	233	 5.357148449523283e-14 -2.998132752230965e+03  1.499066376115484e+03	-1
1	234	 1.549381827217520e+03  3.297209614860208e+03 -6.560549174906615e+02	234	-1.499066376115484e+03 -2.998132752230965e+03  1.499066376115484e+03	-1
1	235	2.216667368048606e+03 3.294216812020320e+03 1.422342618031609e+01	235	-1.499066376115484e+03 -2.998132752230965e+03 -7.813873830305873e-15	-1
1	236	2.438808936958687e+03 3.301928785096537e+03 2.286530220141793e+02	236	-1.499066376115484e+03 -2.998132752230965e+03 -7.813873830305873e-15	-1
1	237	2.331306593826787e+03 3.297824467996254e+03 1.252549959825618e+02	237	-1.499066376115484e+03 -2.998132752230965e+03 -7.813873830305873e-15	-1
2	238	-6.256307477261292e+02  8.826797665441201e+02  1.635168727637210e+03	238	 1.499066376115484e+03  2.804572483380277e-14 -1.499066376115484e+03	-1
2	239	-6.846099728127949e+02  8.900009731818149e+02  1.686826746086181e+03	88	 1.499066376115484e+03  2.804572483380277e-14 -1.499066376115484e+03	-1
2	246	 3.109475132424719e+02 -1.054994357420499e+03  2.636264590633227e+03	246	 0.000000000000000e+00  2.998132752230965e+03 -1.499066376115484e+03	-1
2	247	 3.938170568811714e+02 -1.055305359854512e+03  2.553706049428542e+03	247	 0.000000000000000e+00  2.998132752230965e+03 -1.499066376115484e+03	-1
2	248	 5.021063249396549e+02 -1.055835796942111e+03  2.445947218457657e+03	248	 0.000000000000000e+00  2.998132752230965e+03 -1.499066376115484e+03	-1
2	249	 6.309981082435921e+02 -1.057225484511884e+03  2.318445122723492e+03	249	 0.000000000000000e+00  2.998132752230965e+03 -1.499066376115484e+03	-1
2	250	 7.567506249939319e+02 -1.058739182891253e+03  2.194206304352522e+03	250	 0.000000000000000e+00  2.998132752230965e+03 -1.499066376115484e+03	-1
2	251	 8.861501503834809e+02 -1.058750457670585e+03  2.064818053742305e+03	251	 0.000000000000000e+00  2.998132752230965e+03 -1.499066376115484e+03	-1
2	252	 1.005634657697443e+03 -1.056451626495734e+03  1.943034715253492e+03	252	 0.000000000000000e+00  2.998132752230965e+03 -1.499066376115484e+03	-1
2	253	 1.121194759670736e+03 -1.052754518596510e+03  1.823777505380975e+03	253	 0.000000000000000e+00  2.998132752230965e+03 -1.499066376115484e+03	-1
2	254	 1.479266782315437e+03 -1.049156119322878e+03  1.462107083462638e+03	254	2.881180732755041e-14 2.998132752230965e+03 0.000000000000000e+00	-1
2	255	 1.606115521917181e+03 -1.052319871696531e+03  1.338422096234551e+03	255	-1.499066376115484e+03  2.998132752230965e+03  6.516875392707817e-15	-1
2	256	 1.688313219191326e+03 -1.053872191654693e+03  1.257776718918568e+03	256	-1.499066376115484e+03  2.998132752230965e+03  6.516875392707817e-15	-1
2	265	6.778145583760268e+02 8.980160095058459e+02 3.163871785733280e+02	265	8.137780172766422e-14 0.000000000000000e+00 4.030010838596754e-14	-1
2	266	5.596101772154129e+02 8.808719085265274e+02 4.517356607132604e+02	266	8.137780172766422e-14 0.000000000000000e+00 4.030010838596754e-14	-1
2	267	4.581357942969234e+02 8.536483380765482e+02 5.804336140817292e+02	267	8.137780172766422e-14 0.000000000000000e+00 4.030010838596754e-14	-1
2	268	3.218577064790230e+02 8.599813204207090e+02 7.103787195554687e+02	268	8.137780172766422e-14 0.000000000000000e+00 4.030010838596754e-14	-1
2	269	1.859724672710136e+02 8.836894376600666e+02 8.225558415241204e+02	269	8.137780172766422e-14 0.000000000000000e+00 4.030010838596754e-14	-1
2	270	2.059516465371500e+01 9.124279678857177e+02 9.591946139157679e+02	270	8.137780172766422e-14 0.000000000000000e+00 4.030010838596754e-14	-1
2	271	-8.625401037612255e+01  9.204095888652505e+02  1.058062167966070e+03	271	1.499066376115484e+03 1.522937239157407e-14 1.560815019424493e-14	-1
2	272	-1.769905785422527e+02  9.067119010950845e+02  1.162496423902366e+03	272	1.499066376115484e+03 1.522937239157407e-14 1.560815019424493e-14	-1
2	273	-2.856489411528817e+02  8.638396181563054e+02  1.314027069451774e+03	273	1.499066376115484e+03 1.522937239157407e-14 1.560815019424493e-14	-1
1	280	1.750159031856314e+03 1.078807787443790e+03 1.763124114564553e+03	16	-1.499066376115484e+03  2.332622365846862e-14 -1.499066376115484e+03	-1
1	314	 2.026221389769712e+03  3.299044990274394e+03 -1.810507303526558e+02	314	-1.499066376115484e+03 -2.998132752230965e+03  1.499066376115484e+03	-1
1	320	1.942749080075657e+03 1.535455574112204e+03 1.499066376115482e+03	320	-1.499066376115484e+03  1.106659759674790e-14  7.403478797196665e-15	0
1	321	1.942749080075657e+03 1.535455574112204e+03 1.499066376115482e+03	321	-1.499066376115484e+03  2.332622365846862e-14 -1.499066376115484e+03	2
1	324	4.436827039601731e+02 1.535455574112202e+03 5.684341886080801e-14	321	0.000000000000000e+00 2.629596998832196e-14 2.301162899144159e-14	2
1	325	4.436827039601727e+02 1.535455574112202e+03 4.547473508864641e-13	320	2.881180732755041e-14 3.860184542213733e-14 1.499066376115484e+03	0
2	346	-1.364242052659392e-12 -5.450228300906890e+02  2.437240576545892e+03	344	 1.499066376115484e+03  2.998132752230965e+03 -1.499066376115484e+03	0
2	347	-1.477928890381008e-12 -5.450228300906886e+02  2.437240576545891e+03	345	 0.000000000000000e+00  2.998132752230965e+03 -1.499066376115484e+03	3
2	350	 1.499066376115483e+03 -5.450228300906892e+02  9.381742004304072e+02	345	-1.499066376115484e+03  2.998132752230965e+03  6.516875392707817e-15	3
2	351	 1.499066376115483e+03 -5.450228300906899e+02  9.381742004304078e+02	344	2.881180732755041e-14 2.998132752230965e+03 0.000000000000000e+00	0
2	370	-4.572618544018808e+02  8.612800043452743e+02  1.488199596511804e+03	366	1.499066376115484e+03 1.522937239157407e-14 1.560815019424493e-14	-1
1	391	1.581189315010282e+03 1.061230690800603e+03 1.611731494361709e+03	387	-1.499066376115484e+03  2.332622365846862e-14 -1.499066376115484e+03	-1
1	393	1.215972136080442e+03 1.148972557601331e+03 1.158772448631140e+03	389	0.000000000000000e+00 2.629596998832196e-14 2.301162899144159e-14	-1
1	402	 1.738402729359490e+03  3.308237894903781e+03 -4.780622953922643e+02	398	-1.499066376115484e+03 -2.998132752230965e+03  1.499066376115484e+03	-1
2	410	 1.274373860554594e+03 -1.048876869825030e+03  1.666720755725637e+03	406	 0.000000000000000e+00  2.998132752230965e+03 -1.499066376115484e+03	-1
1	416	1.639184486932852e+03 1.064689003035420e+03 1.666268354049460e+03	412	-1.499066376115484e+03  2.332622365846862e-14 -1.499066376115484e+03	-1
1	437	2.559629477807169e+03 2.998132752230963e+03 6.532695957282364e+02	433	-1.499066376115484e+03 -2.998132752230965e+03 -7.813873830305873e-15	2
1	438	2.559629477807169e+03 2.998132752230962e+03 6.532695957282361e+02	434	-1.499066376115484e+03  1.106659759674790e-14  7.403478797196665e-15	2
1	439	 1.060563101691685e+03  2.998132752230962e+03 -8.457967803872476e+02	434	2.881180732755041e-14 3.860184542213733e-14 1.499066376115484e+03	2
1	440	 1.060563101691685e+03  2.998132752230963e+03 -8.457967803872481e+02	433	 5.357148449523283e-14 -2.998132752230965e+03  1.499066376115484e+03	2
1	488	1.414975022968226e+03 1.072027244418334e+03 1.434720648701920e+03	482	0.000000000000000e+00 2.629596998832196e-14 2.301162899144159e-14	-1
1	490	 1.984206511604323e+03  3.301517133374355e+03 -2.255377516180054e+02	484	-1.499066376115484e+03 -2.998132752230965e+03  1.499066376115484e+03	-1
2	494	 1.499066376115482e+03 -1.049663357064728e+03  1.442814727404446e+03	488	2.881180732755041e-14 2.998132752230965e+03 0.000000000000000e+00	0
2	495	 1.499066376115482e+03 -1.049663357064728e+03  1.442814727404446e+03	489	-1.499066376115484e+03  2.998132752230965e+03  6.516875392707817e-15	3
2	503	-4.695389539361727e+02  8.626903242758908e+02  1.499066376115483e+03	495	1.499066376115484e+03 1.522937239157407e-14 1.560815019424493e-14	4
2	504	-4.695389539361729e+02  8.626903242758909e+02  1.499066376115483e+03	496	 1.499066376115484e+03  2.804572483380277e-14 -1.499066376115484e+03	2
2	505	7.050906196099530e+01 9.048452806786045e+02 9.168634038156009e+02	497	8.137780172766422e-14 0.000000000000000e+00 4.030010838596754e-14	-1
1	507	1.685399832058750e+03 1.069757692212527e+03 1.707415009998253e+03	499	-1.499066376115484e+03  2.332622365846862e-14 -1.499066376115484e+03	-1
1	508	 1.499066376115481e+03  3.293737608080417e+03 -7.028983618129074e+02	500	 5.357148449523283e-14 -2.998132752230965e+03  1.499066376115484e+03	0
1	509	 1.499066376115481e+03  3.293737608080417e+03 -7.028983618129074e+02	501	-1.499066376115484e+03 -2.998132752230965e+03  1.499066376115484e+03	3
2	512	-6.821210263296962e-13  9.146596203340465e+02  9.775581261211549e+02	504	8.137780172766422e-14 0.000000000000000e+00 4.030010838596754e-14	3
2	513	-6.821210263296962e-13  9.146596203340466e+02  9.775581261211548e+02	505	1.499066376115484e+03 1.522937239157407e-14 1.560815019424493e-14	0
1	514	1.499066376115482e+03 1.062566949881548e+03 1.528272296385964e+03	506	-1.499066376115484e+03  2.332622365846862e-14 -1.499066376115484e+03	3
1	515	1.499066376115482e+03 1.062566949881548e+03 1.528272296385964e+03	507	 0.000000000000000e+00  3.578147120611488e-14 -1.499066376115484e+03	0
1	516	1.472017881958280e+03 1.064724375994827e+03 1.499066376115482e+03	508	 0.000000000000000e+00  3.578147120611488e-14 -1.499066376115484e+03	1
1	517	1.472017881958280e+03 1.064724375994827e+03 1.499066376115482e+03	509	0.000000000000000e+00 2.629596998832196e-14 2.301162899144159e-14	0
1	520	2.202433933766196e+03 3.294206803918225e+03 7.958078640513122e-13	512	-1.499066376115484e+03 -2.998132752230965e+03  1.499066376115484e+03	0
1	521	2.202433933766196e+03 3.294206803918225e+03 7.958078640513122e-13	513	-1.499066376115484e+03 -2.998132752230965e+03 -7.813873830305873e-15	1
2	523	 1.441871072862467e+03 -1.048719702522751e+03  1.499066376115485e+03	515	 0.000000000000000e+00  2.998132752230965e+03 -1.499066376115484e+03	1
2	524	 1.441871072862467e+03 -1.048719702522751e+03  1.499066376115485e+03	516	2.881180732755041e-14 2.998132752230965e+03 0.000000000000000e+00	2
