76
2
95
95
16	1.959903953731528e+02 8.482260992443717e+02 4.395371662808104e+02	0.000000000000000e+00 0.000000000000000e+00 0.000000000000000e+00	1.000000000000000e+00	0	16
37	1.278760930784382e+01 8.610269860001378e+02 2.435334934597353e+02	 2.391361929125384e-14  5.228037995843378e-14 -2.836680116961406e-14	1.000000000000000e+00	0	37
69	1.230846583351821e+03 2.554194002770348e-13 6.613711631033791e+02	-2.010239575707118e-03  3.785178341328585e-03 -1.774938765621466e-03	1.000000000000000e+00	1	69
70	1.230846583351821e+03 2.998132752230965e+03 6.613711631033791e+02	-2.010239575707119e-03  3.785178341328586e-03 -1.774938765621467e-03	1.000000000000000e+00	1	70
72	4.624074014857491e+02 1.505855097104626e+03 1.423021623980306e+03	 7.601226451099367e-03 -1.521574768331285e-02  7.614521232213476e-03	1.000000000000000e+00	0	72
75	6.595817096954061e+02 1.505892133433813e+03 1.225810279441462e+03	 7.562862709106204e-03 -1.507113698175211e-02  7.508274272645902e-03	1.000000000000000e+00	0	75
76	9.085656569604726e+02 1.507150412799337e+03 9.755680528108722e+02	 7.695964386731979e-03 -1.522493284392186e-02  7.528968457189878e-03	1.000000000000000e+00	0	76
77	1.166936135298920e+03 1.509231402866273e+03 7.151165844054882e+02	 7.751493434467899e-03 -1.534364207459536e-02  7.592148640127466e-03	1.000000000000000e+00	0	77
78	1.400232308690011e+03 1.510049521219478e+03 4.810022926611921e+02	 8.180146899137134e-03 -1.654082657500091e-02  8.360679675863777e-03	1.000000000000000e+00	0	78
81	1.307464137884809e+02 1.507552049971447e+03 2.539192826952729e+02	 7.578165667024795e-03 -1.539847504783353e-02  7.820309380808736e-03	1.000000000000000e+00	0	81
88	7.463761722356736e+02 9.895119902034492e+02 1.563295840160779e+02	-8.383491124630786e-03  1.638447181849297e-02 -8.000980693862181e-03	1.000000000000000e+00	0	88
89	5.878724327108594e+02 9.876761474994105e+02 3.166691662449309e+02	-5.655119448768181e-03  1.128068413900953e-02 -5.625564690241351e-03	1.000000000000000e+00	0	89
91	4.711546477272253e+01 9.905037703759044e+02 8.545985113065738e+02	-7.359098359555168e-03  1.527093626927581e-02 -7.911837909720644e-03	1.000000000000000e+00	0	91
126	1.047413011826150e+03 9.960149000670124e+02 1.347856210677519e+03	-7.762135701742229e-03  1.531976056239144e-02 -7.557624860649208e-03	1.000000000000000e+00	0	126
149	8.768423860226635e+02 9.927269253637737e+02 2.264843506876355e+01	-7.890851919272652e-03  1.525523062422458e-02 -7.364378704951928e-03	1.000000000000000e+00	0	149
156	7.835623769883074e+02 1.506354580884949e+03 1.101367164697425e+03	 7.637096545458697e-03 -1.516348147666373e-02  7.526384931205030e-03	1.000000000000000e+00	0	156
157	1.037883926051644e+03 1.508202217045163e+03 8.451979794738751e+02	 7.735118951552745e-03 -1.528027525450416e-02  7.545156302951418e-03	1.000000000000000e+00	0	157
158	1.286724626208021e+03 1.509877124611404e+03 5.946823717512564e+02	 7.758969181776450e-03 -1.546310559751823e-02  7.704136415741782e-03	1.000000000000000e+00	0	158
159	1.453756010345119e+03 1.509083903870778e+03 4.284442083547843e+02	 6.500246745990622e-03 -1.314327369983401e-02  6.643026953843385e-03	1.000000000000000e+00	0	159
160	6.946182245017712e+01 1.508184861969300e+03 3.145710620357240e+02	 7.404589503262848e-03 -1.511537298697573e-02  7.710783483712878e-03	1.000000000000000e+00	0	160
161	2.617522867409361e+02 1.506333998708088e+03 1.241314610061766e+02	 7.541616395235345e-03 -1.524070863956669e-02  7.699092244331345e-03	1.000000000000000e+00	0	161
165	6.802065572934209e+02 9.890402923743600e+02 2.229708967874199e+02	-6.248006615548749e-03  1.197291110960326e-02 -5.724904494054515e-03	1.000000000000000e+00	0	165
166	4.774599535618099e+02 9.856404713338379e+02 4.291173215595530e+02	-8.410075966627198e-03  1.700983836180344e-02 -8.599762395176241e-03	1.000000000000000e+00	0	166
167	1.729285458875634e+02 9.879319958422889e+02 7.313572047253485e+02	-7.522695934723416e-03  1.545800371301978e-02 -7.935307778296367e-03	1.000000000000000e+00	0	167
169	1.254720104047944e+03 9.963118928880192e+02 1.140252125634719e+03	-7.422534122191464e-03  1.502037465378040e-02 -7.597840531588938e-03	1.000000000000000e+00	0	169
238	7.946563344480933e+02 9.908129519407843e+02 1.067484600663231e+02	-7.822781866875926e-03  1.509406163490962e-02 -7.271279768033693e-03	1.000000000000000e+00	0	238
246	5.311887458729956e+02 1.505811653508026e+03 1.354283723189660e+03	 7.597240712481143e-03 -1.519356295862364e-02  7.596322246142501e-03	1.000000000000000e+00	0	246
247	6.140804119131989e+02 1.505861059933932e+03 1.271342650723551e+03	 7.644705649450162e-03 -1.527505475275062e-02  7.630349103300457e-03	1.000000000000000e+00	0	247
248	7.203669314284665e+02 1.506117905020107e+03 1.164799286122108e+03	 7.699094672014299e-03 -1.531267426125951e-02  7.613579589245207e-03	1.000000000000000e+00	0	248
249	8.467938570050216e+02 1.506734838576478e+03 1.037755426989182e+03	 7.705436904329337e-03 -1.526555314349547e-02  7.560116239166130e-03	1.000000000000000e+00	0	249
250	9.718633935643226e+02 1.507652770740512e+03 9.117679582658473e+02	 7.727190782129381e-03 -1.526885373354800e-02  7.541662951418613e-03	1.000000000000000e+00	0	250
251	1.104003402063797e+03 1.508752494352439e+03 7.785282261544459e+02	 7.747181241737302e-03 -1.531192124313441e-02  7.564740001397105e-03	1.000000000000000e+00	0	251
252	1.227392854515044e+03 1.509609730655205e+03 6.542815374004329e+02	 7.742879680224832e-03 -1.536187839689214e-02  7.618998716667305e-03	1.000000000000000e+00	0	252
253	1.344622777155265e+03 1.509886605511319e+03 5.367747399040979e+02	 7.577035029428056e-03 -1.511940810436785e-02  7.542373074939793e-03	1.000000000000000e+00	0	253
254	1.947959610855541e+02 1.506877804522980e+03 1.905439808466664e+02	 7.520626130604125e-03 -1.525500353333124e-02  7.734377402727117e-03	1.000000000000000e+00	0	254
255	3.243126577308137e+02 1.505988804845227e+03 6.191628387916035e+01	 7.563112286272678e-03 -1.519672637256296e-02  7.633614086290277e-03	1.000000000000000e+00	0	255
256	4.071280988605020e+02 1.505883889249633e+03 1.478272134460547e+03	 7.602712691486799e-03 -1.522760198969974e-02  7.624889298212946e-03	1.000000000000000e+00	0	256
265	6.346526012160083e+02 9.863252659668615e+02 2.712398792723310e+02	-1.115098145765754e-02  2.182735756953323e-02 -1.067637611187569e-02	1.000000000000000e+00	0	265
266	5.335284994125306e+02 9.860728307581971e+02 3.726164162844730e+02	-8.525737561312341e-03  1.660694077590586e-02 -8.081203214593524e-03	1.000000000000000e+00	0	266
267	4.103438878116543e+02 9.870563762534244e+02 4.948174823901220e+02	-4.247041403076144e-03  8.379962986269151e-03 -4.132921583193007e-03	1.000000000000000e+00	0	267
268	3.015358529025579e+02 9.863880934569946e+02 6.042938000956482e+02	-7.145332282813360e-03  1.465682321432183e-02 -7.511490931508471e-03	1.000000000000000e+00	0	268
269	1.081090052652908e+02 9.891813183170932e+02 7.949274228728168e+02	-7.397752990135192e-03  1.526848591519613e-02 -7.870732925060936e-03	1.000000000000000e+00	0	269
270	1.466513794375641e+03 9.925362291287164e+02 9.322340990663245e+02	-7.305109314900736e-03  1.516073576179727e-02 -7.855626446896536e-03	1.000000000000000e+00	0	270
271	1.382130122188889e+03 9.944287512733529e+02 1.014725249108440e+03	-7.312767970251540e-03  1.507856636637240e-02 -7.765798396120861e-03	1.000000000000000e+00	0	271
272	1.306582352347420e+03 9.957072165000744e+02 1.088994553723187e+03	-7.350724213716691e-03  1.503752563900277e-02 -7.686801425286076e-03	1.000000000000000e+00	0	272
273	1.175169257039473e+03 9.967281536187820e+02 1.219386711912426e+03	-7.485244440450562e-03  1.504461756091353e-02 -7.559373120462966e-03	1.000000000000000e+00	0	273
320	5.371980958723746e+02 1.628970966024403e+03 1.499066376115484e+03	 6.200879111391384e-15  1.355647223749288e-14 -7.355603628514140e-15	1.000000000000000e+00	1	320
321	5.371980958723746e+02 1.628970966024403e+03 1.935418855738656e-13	 6.200879111391384e-15  1.355647223749288e-14 -7.355603628514140e-15	1.000000000000000e+00	1	321
344	1.499066376115483e+03 2.450304247414603e+03 9.409798751560800e+02	 1.518215765341914e-03 -3.190231937346632e-03  1.672016172004718e-03	1.000000000000000e+00	1	344
345	-1.705302565824240e-12  2.450304247414604e+03  9.409798751560791e+02	 1.518215765341908e-03 -3.190231937346620e-03  1.672016172004712e-03	1.000000000000000e+00	1	345
366	9.565560491133400e+02 9.945811981641452e+02 1.440146875293196e+03	-7.948564018477274e-03  1.538263984155486e-02 -7.434075823077587e-03	1.000000000000000e+00	0	366
406	1.492183286389413e+03 1.509394387809839e+03 3.897064483714291e+02	 8.246594932605756e-03 -1.669145370911837e-02  8.444858776512609e-03	1.000000000000000e+00	0	406
433	 1.135560716698376e+03 -2.728484105318785e-12  7.282672107349273e+02	 1.707511867599871e-14  3.732992824482469e-14 -2.025483848890959e-14	1.000000000000000e+00	1	433
434	1.135560716698376e+03 2.998132752230962e+03 7.282672107349273e+02	 1.707511867599871e-14  3.732992824482469e-14 -2.025483848890959e-14	1.000000000000000e+00	1	434
580	3.770575061371849e+02 9.846417597493673e+02 5.305184805686486e+02	-1.086460388842713e-02  2.150231344636335e-02 -1.063770955793622e-02	1.000000000000000e+00	0	580
583	2.197981084951985e+02 9.872103909377738e+02 6.852092470222284e+02	-7.565752170320852e-03  1.541137233275891e-02 -7.845620162438059e-03	1.000000000000000e+00	0	583
599	-1.136868377216160e-12  8.603297863600317e+02  2.314430837919963e+02	 3.243800388175704e-14  7.085761256950758e-14 -3.841966402351616e-14	1.000000000000000e+00	1	599
600	1.499066376115483e+03 8.603297863600317e+02 2.314430837919961e+02	 3.243800388175704e-14  7.085761256950758e-14 -3.841966402351616e-14	1.000000000000000e+00	1	600
602	-2.501110429875553e-12  8.317666254898659e+02  2.600062446621644e+02	 2.368122588593020e-14  5.177231736104192e-14 -2.809113158394175e-14	1.000000000000000e+00	1	602
603	1.499066376115482e+03 8.317666254898677e+02 2.600062446621625e+02	 2.368122588593018e-14  5.177231736104189e-14 -2.809113158394173e-14	1.000000000000000e+00	1	603
604	1.499066376115478e+03 8.603297863600324e+02 2.314430837919946e+02	 3.243800388175945e-14  7.085761256951283e-14 -3.841966402351901e-14	1.000000000000000e+00	1	604
605	-6.366462912410498e-12  8.603297863600314e+02  2.314430837919950e+02	 3.243800388175932e-14  7.085761256951255e-14 -3.841966402351885e-14	1.000000000000000e+00	1	605
606	1.449658815539235e+03 8.576360120490569e+02 1.847292975267272e+02	 4.903028871181914e-14  1.069759308221828e-13 -5.794572659590984e-14	7.500000000000000e-01	0	606
616	 1.263532471842509e+03  8.562389658790571e+02 -2.955857780762017e-12	 5.566798512201319e-14  1.214582798079109e-13 -6.579039060905563e-14	1.000000000000000e+00	1	616
617	1.263532471842509e+03 8.562389658790571e+02 1.499066376115481e+03	 5.566798512201319e-14  1.214582798079109e-13 -6.579039060905563e-14	1.000000000000000e+00	1	617
631	1.499066376115482e+03 1.509285339614628e+03 3.829324068405717e+02	 8.170681571062750e-03 -1.654935773026660e-02  8.378676159203857e-03	1.000000000000000e+00	1	631
632	-2.273736754432321e-12  1.509285339614628e+03  3.829324068405713e+02	 8.170681571062750e-03 -1.654935773026660e-02  8.378676159203857e-03	1.000000000000000e+00	1	632
633	1.131868481444355e+03 9.967118007435328e+02 1.262703840382794e+03	-7.433968377076222e-03  1.477326038987881e-02 -7.339292012802590e-03	1.000000000000000e+00	0	633
634	1.004302143989900e+03 9.955999869986364e+02 1.391381991582145e+03	-7.432909376295907e-03  1.452438214757282e-02 -7.091472771276914e-03	1.000000000000000e+00	0	634
635	 3.863074803903521e+02  1.505910266064845e+03 -4.547473508864641e-13	 7.592756759151242e-03 -1.521983955511428e-02  7.627082795963041e-03	1.000000000000000e+00	1	635
636	3.863074803903519e+02 1.505910266064846e+03 1.499066376115484e+03	 7.592756759151242e-03 -1.521983955511428e-02  7.627082795963041e-03	1.000000000000000e+00	1	636
637	8.989759572952539e+02 9.932417891599483e+02 1.499066376115482e+03	-7.906876460254831e-03  1.529060750797608e-02 -7.383731047721242e-03	1.000000000000000e+00	1	637
638	 8.989759572952535e+02  9.932417891599487e+02 -1.364242052659392e-12	-7.906876460254831e-03  1.529060750797608e-02 -7.383731047721242e-03	1.000000000000000e+00	1	638
639	-6.007432246020320e-13  9.917057609224539e+02  9.005119855327475e+02	-7.327169386235511e-03  1.520576399061046e-02 -7.878594604374947e-03	1.000000000000000e+00	1	639
640	1.499066376115483e+03 9.917057609224539e+02 9.005119855327475e+02	-7.327169386235511e-03  1.520576399061046e-02 -7.878594604374947e-03	1.000000000000000e+00	1	640
641	1.089640746635253e+03 9.963633504052725e+02 1.305280025530156e+03	-7.834778123774786e-03  1.547875455128329e-02 -7.643976427508498e-03	1.000000000000000e+00	0	641
2	-7.071067811865475e-01  7.071067811865475e-01  0.000000000000000e+00	5.773502691896257e-01 5.773502691896257e-01 5.773502691896257e-01	6.307392488184003e+02 6.307392488184003e+02 6.307392488184003e+02	1	0	0.000000000000000e+00	0.000000000000000e+00	0.000000000000000e+00
22	7.071067811865475e-01 7.071067811865475e-01 0.000000000000000e+00	 5.773502691896257e-01 -5.773502691896257e-01 -5.773502691896257e-01	-3.639242900506764e+02  3.639242900506764e+02  3.639242900506764e+02	1	0	0.000000000000000e+00	0.000000000000000e+00	0.000000000000000e+00
2	69	70	0	1
2	239	69	1	0
2	70	346	1	0
2	72	246	1	0
2	347	72	1	0
2	247	75	1	0
2	75	248	1	0
2	249	76	1	0
2	76	250	1	0
2	251	77	1	0
2	77	252	1	0
2	78	159	1	0
2	253	78	1	0
2	160	81	1	0
2	81	254	1	0
2	256	83	1	0
2	83	350	1	0
2	84	85	0	1
2	351	84	1	0
2	85	88	1	0
2	88	165	1	0
2	265	89	1	0
2	89	266	1	0
2	269	91	1	0
2	91	693	1	0
2	148	688	1	0
2	695	148	1	0
2	149	238	1	0
2	692	149	1	0
2	248	156	1	0
2	156	249	1	0
2	250	157	1	0
2	157	251	1	0
2	252	158	1	0
2	158	253	1	0
2	159	410	1	0
2	686	160	1	0
2	254	161	1	0
2	161	255	1	0
2	165	265	1	0
2	266	166	1	0
2	166	267	1	0
2	167	269	1	0
2	629	167	1	0
2	272	169	1	0
2	169	273	1	0
2	238	239	1	0
2	246	247	1	0
2	255	689	1	0
2	690	256	1	0
2	267	626	1	0
2	626	268	1	0
2	268	629	1	0
2	270	271	1	0
2	694	270	1	0
2	271	272	1	0
2	273	687	1	0
2	346	347	0	1
2	350	351	0	1
2	688	370	1	0
2	370	691	1	0
2	410	685	1	0
2	685	686	0	1
2	687	695	1	0
2	689	690	0	1
2	691	692	0	1
2	693	694	0	1
22	37	648	1	0
22	653	37	1	0
22	98	55	1	0
22	55	666	1	0
22	651	98	1	0
22	138	324	1	0
22	665	138	1	0
22	321	280	1	0
22	280	656	1	0
22	320	321	0	1
22	438	320	1	0
22	324	325	0	1
22	325	439	1	0
22	437	438	0	1
22	649	437	1	0
22	439	440	0	1
22	440	650	1	0
22	645	646	0	1
22	656	645	1	0
22	646	654	1	0
22	648	649	0	1
22	650	651	0	1
22	652	653	0	1
22	655	652	1	0
22	654	664	1	0
22	667	655	1	0
22	664	665	0	1
22	666	667	0	1
22	37	3.010920361538812e+03 3.859159738231102e+03 2.435334934597352e+02	37	-2.998132752230968e+03 -2.998132752230965e+03 -1.296998437598056e-15	-1
22	55	 1.695056771488637e+03  3.846358851475336e+03 -1.059529209834674e+03	16	-1.499066376115484e+03 -2.998132752230965e+03  1.499066376115484e+03	-1
2	69	-2.682197927636628e+02  2.273736754432321e-13  2.160437539218863e+03	69	 1.499066376115484e+03  2.804572483380277e-14 -1.499066376115484e+03	0
2	70	-2.682197927636630e+02  3.410605131648481e-13  2.160437539218863e+03	70	 1.499066376115484e+03  2.998132752230965e+03 -1.499066376115484e+03	1
2	72	 4.624074014857489e+02 -1.492277655126339e+03  2.922088000095790e+03	72	 0.000000000000000e+00  2.998132752230965e+03 -1.499066376115484e+03	-1
2	75	 6.595817096954059e+02 -1.492240618797152e+03  2.724876655556946e+03	75	 0.000000000000000e+00  2.998132752230965e+03 -1.499066376115484e+03	-1
2	76	 9.085656569604724e+02 -1.490982339431628e+03  2.474634428926356e+03	76	 0.000000000000000e+00  2.998132752230965e+03 -1.499066376115484e+03	-1
2	77	 1.166936135298920e+03 -1.488901349364692e+03  2.214182960520972e+03	77	 0.000000000000000e+00  2.998132752230965e+03 -1.499066376115484e+03	-1
2	78	 1.400232308690011e+03 -1.488083231011486e+03  1.980068668776676e+03	78	 0.000000000000000e+00  2.998132752230965e+03 -1.499066376115484e+03	-1
2	81	 1.629812789903965e+03 -1.490580702259518e+03  1.752985658810757e+03	81	-1.499066376115484e+03  2.998132752230965e+03 -1.499066376115484e+03	-1
2	83	 1.961473777601233e+03 -1.492277655126339e+03  1.423021623980307e+03	72	-1.499066376115484e+03  2.998132752230965e+03  6.516875392707817e-15	-1
2	84	 1.230846583351821e+03 -4.547473508864641e-13  6.613711631033802e+02	70	2.881180732755041e-14 2.998132752230965e+03 0.000000000000000e+00	1
2	85	 1.230846583351821e+03 -2.273736754432321e-13  6.613711631033800e+02	69	8.137780172766422e-14 0.000000000000000e+00 4.030010838596754e-14	0
2	88	7.463761722356735e+02 9.895119902034492e+02 1.563295840160780e+02	88	8.137780172766422e-14 0.000000000000000e+00 4.030010838596754e-14	-1
2	89	5.878724327108592e+02 9.876761474994105e+02 3.166691662449309e+02	89	8.137780172766422e-14 0.000000000000000e+00 4.030010838596754e-14	-1
2	91	4.711546477272245e+01 9.905037703759044e+02 8.545985113065738e+02	91	8.137780172766422e-14 0.000000000000000e+00 4.030010838596754e-14	-1
22	98	 1.511853985423328e+03  3.859159738231102e+03 -1.255532882655749e+03	37	-1.499066376115484e+03 -2.998132752230965e+03  1.499066376115484e+03	-1
22	138	1.959903953731528e+02 8.482260992443718e+02 4.395371662808104e+02	16	0.000000000000000e+00 2.629596998832196e-14 2.301162899144159e-14	-1
2	148	-4.516533642893339e+02  9.960149000670124e+02  1.347856210677519e+03	126	1.499066376115484e+03 1.522937239157407e-14 1.560815019424493e-14	-1
2	149	-6.222239900928205e+02  9.927269253637737e+02  1.521714811184248e+03	149	 1.499066376115484e+03  2.804572483380277e-14 -1.499066376115484e+03	-1
2	156	 7.835623769883073e+02 -1.491778171346016e+03  2.600433540812909e+03	156	 0.000000000000000e+00  2.998132752230965e+03 -1.499066376115484e+03	-1
2	157	 1.037883926051644e+03 -1.489930535185802e+03  2.344264355589359e+03	157	 0.000000000000000e+00  2.998132752230965e+03 -1.499066376115484e+03	-1
2	158	 1.286724626208021e+03 -1.488255627619561e+03  2.093748747866740e+03	158	 0.000000000000000e+00  2.998132752230965e+03 -1.499066376115484e+03	-1
2	159	 1.453756010345119e+03 -1.489048848360186e+03  1.927510584470268e+03	159	 0.000000000000000e+00  2.998132752230965e+03 -1.499066376115484e+03	-1
2	160	 1.568528198565661e+03 -1.489947890261665e+03  1.813637438151208e+03	160	-1.499066376115484e+03  2.998132752230965e+03 -1.499066376115484e+03	-1
2	161	 1.760818662856420e+03 -1.491798753522877e+03  1.623197837121661e+03	161	-1.499066376115484e+03  2.998132752230965e+03 -1.499066376115484e+03	-1
2	165	6.802065572934208e+02 9.890402923743600e+02 2.229708967874199e+02	165	8.137780172766422e-14 0.000000000000000e+00 4.030010838596754e-14	-1
2	166	4.774599535618098e+02 9.856404713338379e+02 4.291173215595529e+02	166	8.137780172766422e-14 0.000000000000000e+00 4.030010838596754e-14	-1
2	167	1.729285458875633e+02 9.879319958422889e+02 7.313572047253485e+02	167	8.137780172766422e-14 0.000000000000000e+00 4.030010838596754e-14	-1
2	169	-2.443462720675404e+02  9.963118928880192e+02  1.140252125634719e+03	169	1.499066376115484e+03 1.522937239157407e-14 1.560815019424493e-14	-1
2	238	-7.044100416673907e+02  9.908129519407843e+02  1.605814836181807e+03	238	 1.499066376115484e+03  2.804572483380277e-14 -1.499066376115484e+03	-1
2	239	-7.526902038798104e+02  9.895119902034492e+02  1.655395960131562e+03	88	 1.499066376115484e+03  2.804572483380277e-14 -1.499066376115484e+03	-1
2	246	 5.311887458729956e+02 -1.492321098722939e+03  2.853350099305144e+03	246	 0.000000000000000e+00  2.998132752230965e+03 -1.499066376115484e+03	-1
2	247	 6.140804119131989e+02 -1.492271692297033e+03  2.770409026839035e+03	247	 0.000000000000000e+00  2.998132752230965e+03 -1.499066376115484e+03	-1
2	248	 7.203669314284666e+02 -1.492014847210858e+03  2.663865662237592e+03	248	 0.000000000000000e+00  2.998132752230965e+03 -1.499066376115484e+03	-1
2	249	 8.467938570050216e+02 -1.491397913654487e+03  2.536821803104666e+03	249	 0.000000000000000e+00  2.998132752230965e+03 -1.499066376115484e+03	-1
2	250	 9.718633935643226e+02 -1.490479981490453e+03  2.410834334381331e+03	250	 0.000000000000000e+00  2.998132752230965e+03 -1.499066376115484e+03	-1
2	251	 1.104003402063797e+03 -1.489380257878526e+03  2.277594602269930e+03	251	 0.000000000000000e+00  2.998132752230965e+03 -1.499066376115484e+03	-1
2	252	 1.227392854515044e+03 -1.488523021575760e+03  2.153347913515917e+03	252	 0.000000000000000e+00  2.998132752230965e+03 -1.499066376115484e+03	-1
2	253	 1.344622777155265e+03 -1.488246146719646e+03  2.035841116019582e+03	253	 0.000000000000000e+00  2.998132752230965e+03 -1.499066376115484e+03	-1
2	254	 1.693862337201038e+03 -1.491254947707984e+03  1.689610356962151e+03	254	-1.499066376115484e+03  2.998132752230965e+03 -1.499066376115484e+03	-1
2	255	 1.823379033846298e+03 -1.492143947385738e+03  1.560982659994645e+03	255	-1.499066376115484e+03  2.998132752230965e+03 -1.499066376115484e+03	-1
2	256	 1.906194474975986e+03 -1.492248862981332e+03  1.478272134460547e+03	256	-1.499066376115484e+03  2.998132752230965e+03  6.516875392707817e-15	-1
2	265	6.346526012160082e+02 9.863252659668615e+02 2.712398792723309e+02	265	8.137780172766422e-14 0.000000000000000e+00 4.030010838596754e-14	-1
2	266	5.335284994125304e+02 9.860728307581971e+02 3.726164162844730e+02	266	8.137780172766422e-14 0.000000000000000e+00 4.030010838596754e-14	-1
2	267	4.103438878116543e+02 9.870563762534244e+02 4.948174823901219e+02	267	8.137780172766422e-14 0.000000000000000e+00 4.030010838596754e-14	-1
2	268	3.015358529025578e+02 9.863880934569946e+02 6.042938000956482e+02	268	8.137780172766422e-14 0.000000000000000e+00 4.030010838596754e-14	-1
2	269	1.081090052652907e+02 9.891813183170932e+02 7.949274228728168e+02	269	8.137780172766422e-14 0.000000000000000e+00 4.030010838596754e-14	-1
2	270	-3.255258173984339e+01  9.925362291287164e+02  9.322340990663245e+02	270	1.499066376115484e+03 1.522937239157407e-14 1.560815019424493e-14	-1
2	271	-1.169362539265951e+02  9.944287512733529e+02  1.014725249108440e+03	271	1.499066376115484e+03 1.522937239157407e-14 1.560815019424493e-14	-1
2	272	-1.924840237680642e+02  9.957072165000744e+02  1.088994553723187e+03	272	1.499066376115484e+03 1.522937239157407e-14 1.560815019424493e-14	-1
2	273	-3.238971190760105e+02  9.967281536187820e+02  1.219386711912426e+03	273	1.499066376115484e+03 1.522937239157407e-14 1.560815019424493e-14	-1
22	280	1.695056771488637e+03 8.482260992443718e+02 1.938603542396295e+03	16	-1.499066376115484e+03  2.332622365846862e-14 -1.499066376115484e+03	-1
22	320	2.036264471987860e+03 1.628970966024408e+03 1.499066376115482e+03	320	-1.499066376115484e+03  1.106659759674790e-14  7.403478797196665e-15	0
22	321	2.036264471987860e+03 1.628970966024408e+03 1.499066376115482e+03	321	-1.499066376115484e+03  2.332622365846862e-14 -1.499066376115484e+03	2
22	324	5.371980958723746e+02 1.628970966024403e+03 1.705302565824240e-13	321	0.000000000000000e+00 2.629596998832196e-14 2.301162899144159e-14	2
22	325	5.371980958723746e+02 1.628970966024403e+03 5.115907697472721e-13	320	2.881180732755041e-14 3.860184542213733e-14 1.499066376115484e+03	0
2	346	-1.364242052659392e-12 -5.478285048163618e+02  2.440046251271564e+03	344	 1.499066376115484e+03  2.998132752230965e+03 -1.499066376115484e+03	0
2	347	-1.705302565824240e-12 -5.478285048163609e+02  2.440046251271563e+03	345	 0.000000000000000e+00  2.998132752230965e+03 -1.499066376115484e+03	3
2	350	 1.499066376115483e+03 -5.478285048163636e+02  9.409798751560812e+02	345	-1.499066376115484e+03  2.998132752230965e+03  6.516875392707817e-15	3
2	351	 1.499066376115483e+03 -5.478285048163636e+02  9.409798751560812e+02	344	2.881180732755041e-14 2.998132752230965e+03 0.000000000000000e+00	0
2	370	-5.425103270021440e+02  9.945811981641452e+02  1.440146875293196e+03	366	1.499066376115484e+03 1.522937239157407e-14 1.560815019424493e-14	-1
2	410	 1.492183286389413e+03 -1.488738364421126e+03  1.888772824486913e+03	406	 0.000000000000000e+00  2.998132752230965e+03 -1.499066376115484e+03	-1
22	437	2.634627092813860e+03 2.998132752230963e+03 7.282672107349273e+02	433	-1.499066376115484e+03 -2.998132752230965e+03 -7.813873830305873e-15	2
22	438	2.634627092813860e+03 2.998132752230963e+03 7.282672107349273e+02	434	-1.499066376115484e+03  1.106659759674790e-14  7.403478797196665e-15	2
22	439	 1.135560716698376e+03  2.998132752230962e+03 -7.707991653805567e+02	434	2.881180732755041e-14 3.860184542213733e-14 1.499066376115484e+03	2
22	440	 1.135560716698376e+03  2.998132752230962e+03 -7.707991653805567e+02	433	 5.357148449523283e-14 -2.998132752230965e+03  1.499066376115484e+03	2
2	626	3.770575061371849e+02 9.846417597493673e+02 5.305184805686486e+02	580	8.137780172766422e-14 0.000000000000000e+00 4.030010838596754e-14	-1
2	629	2.197981084951984e+02 9.872103909377738e+02 6.852092470222284e+02	583	8.137780172766422e-14 0.000000000000000e+00 4.030010838596754e-14	-1
22	645	1.499066376115483e+03 8.603297863600317e+02 1.730509459907481e+03	599	-1.499066376115484e+03  2.332622365846862e-14 -1.499066376115484e+03	3
22	646	1.499066376115483e+03 8.603297863600317e+02 1.730509459907481e+03	600	 0.000000000000000e+00  3.578147120611488e-14 -1.499066376115484e+03	0
22	648	2.998132752230963e+03 3.829899377720825e+03 2.600062446621679e+02	602	-2.998132752230968e+03 -2.998132752230965e+03 -1.296998437598056e-15	3
22	649	2.998132752230962e+03 3.829899377720823e+03 2.600062446621681e+02	603	-1.499066376115484e+03 -2.998132752230965e+03 -7.813873830305873e-15	0
22	650	 1.499066376115482e+03  3.829899377720832e+03 -1.239060131453321e+03	603	 5.357148449523283e-14 -2.998132752230965e+03  1.499066376115484e+03	0
22	651	 1.499066376115481e+03  3.829899377720831e+03 -1.239060131453320e+03	602	-1.499066376115484e+03 -2.998132752230965e+03  1.499066376115484e+03	3
22	652	2.998132752230962e+03 3.858462538590997e+03 2.314430837919946e+02	604	-1.499066376115484e+03 -2.998132752230965e+03 -7.813873830305873e-15	0
22	653	2.998132752230962e+03 3.858462538590996e+03 2.314430837919950e+02	605	-2.998132752230968e+03 -2.998132752230965e+03 -1.296998437598056e-15	3
22	654	1.449658815539235e+03 8.576360120490569e+02 1.683795673642212e+03	606	 0.000000000000000e+00  3.578147120611488e-14 -1.499066376115484e+03	-1
22	655	2.948725191654719e+03 3.855768764280022e+03 1.847292975267272e+02	606	-1.499066376115484e+03 -2.998132752230965e+03 -7.813873830305873e-15	-1
22	656	1.511853985423328e+03 8.610269860001378e+02 1.742599869575219e+03	37	-1.499066376115484e+03  2.332622365846862e-14 -1.499066376115484e+03	-1
22	664	1.263532471842509e+03 8.562389658790571e+02 1.499066376115481e+03	616	 0.000000000000000e+00  3.578147120611488e-14 -1.499066376115484e+03	1
22	665	1.263532471842509e+03 8.562389658790571e+02 1.499066376115481e+03	617	0.000000000000000e+00 2.629596998832196e-14 2.301162899144159e-14	0
22	666	 2.762598847957992e+03  3.854371718110022e+03 -5.684341886080801e-13	617	-1.499066376115484e+03 -2.998132752230965e+03  1.499066376115484e+03	0
22	667	 2.762598847957992e+03  3.854371718110022e+03 -5.684341886080801e-13	616	-1.499066376115484e+03 -2.998132752230965e+03 -7.813873830305873e-15	1
2	685	 1.499066376115482e+03 -1.488847412616337e+03  1.881998782956056e+03	631	 0.000000000000000e+00  2.998132752230965e+03 -1.499066376115484e+03	0
2	686	 1.499066376115482e+03 -1.488847412616337e+03  1.881998782956056e+03	632	-1.499066376115484e+03  2.998132752230965e+03 -1.499066376115484e+03	3
2	687	-3.671978946711290e+02  9.967118007435328e+02  1.262703840382794e+03	633	1.499066376115484e+03 1.522937239157407e-14 1.560815019424493e-14	-1
2	688	-4.947642321255836e+02  9.955999869986364e+02  1.391381991582145e+03	634	1.499066376115484e+03 1.522937239157407e-14 1.560815019424493e-14	-1
2	689	 1.885373856505836e+03 -1.492222486166120e+03  1.499066376115484e+03	635	-1.499066376115484e+03  2.998132752230965e+03 -1.499066376115484e+03	2
2	690	 1.885373856505836e+03 -1.492222486166119e+03  1.499066376115484e+03	636	-1.499066376115484e+03  2.998132752230965e+03  6.516875392707817e-15	4
2	691	-6.000904188202301e+02  9.932417891599483e+02  1.499066376115482e+03	637	1.499066376115484e+03 1.522937239157407e-14 1.560815019424493e-14	4
2	692	-6.000904188202305e+02  9.932417891599487e+02  1.499066376115483e+03	638	 1.499066376115484e+03  2.804572483380277e-14 -1.499066376115484e+03	2
2	693	-6.821210263296962e-13  9.917057609224539e+02  9.005119855327475e+02	639	8.137780172766422e-14 0.000000000000000e+00 4.030010838596754e-14	3
2	694	-6.821210263296962e-13  9.917057609224539e+02  9.005119855327475e+02	640	1.499066376115484e+03 1.522937239157407e-14 1.560815019424493e-14	0
2	695	-4.094256294802315e+02  9.963633504052725e+02  1.305280025530156e+03	641	1.499066376115484e+03 1.522937239157407e-14 1.560815019424493e-14	-1
