124
2
138
138
16	2.298954029128689e+02 1.026767791851667e+03 2.949004812132311e+02	-6.433452008028804e-03 -1.622840703498579e-02  9.794955026956981e-03	1.000000000000000e+00	0	16
37	1.411055266541163e+03 6.842932156173251e+02 3.194685449603863e+02	 1.623593540709172e-02  2.721213779463859e-02 -1.097620238754687e-02	1.000000000000000e+00	0	37
43	1.334290912489038e+03 1.019612173245264e+03 1.406451609395803e+03	-9.620316774922665e-03 -1.418200596455830e-02  4.561689189635632e-03	1.000000000000000e+00	0	43
45	8.936862708515415e+02 1.033212330382470e+03 9.522468106211004e+02	-6.693047278939965e-03 -1.662283820827732e-02  9.929790929337358e-03	1.000000000000000e+00	0	45
46	6.581050282424003e+02 1.017424015373075e+03 7.324538830213546e+02	-8.823806393329203e-03 -1.572450267887721e-02  6.900696285548005e-03	1.000000000000000e+00	0	46
47	4.907771777697715e+02 1.041013415373891e+03 5.415366325479098e+02	-8.212362847184346e-03 -1.452239884839040e-02  6.310036001206058e-03	1.000000000000000e+00	0	47
48	3.111250170911250e+02 1.036807464207145e+03 3.660904230360090e+02	-6.631061995860508e-03 -1.586413258201428e-02  9.233070586153771e-03	1.000000000000000e+00	0	48
55	7.783844581176704e+01 6.710426673983357e+02 4.985686485654606e+02	 1.448966923235722e-02  2.842827819169266e-02 -1.393860895933544e-02	1.000000000000000e+00	0	55
56	2.525242201834609e+02 6.774117980687087e+02 6.668852922667814e+02	 9.760735665266123e-03  2.149241183961846e-02 -1.173167617435234e-02	1.000000000000000e+00	0	56
59	6.039206150599782e+02 7.020560977048726e+02 9.936373875071350e+02	 1.493084691707965e-02  2.398673443230925e-02 -9.055887515229599e-03	1.000000000000000e+00	0	59
62	8.525651459760719e+02 6.695669576320437e+02 1.274771058496057e+03	 1.464889102378786e-02  2.769619496429208e-02 -1.304730394050422e-02	1.000000000000000e+00	0	62
63	1.039912029655466e+03 6.745958940383634e+02 1.457089005769132e+03	 9.356390201935117e-03  2.053071264754731e-02 -1.117432244561220e-02	1.000000000000000e+00	0	63
69	1.233968061148600e+03 4.827930757202669e-13 6.582496853066007e+02	 2.923412245591527e-03 -6.530764600472013e-03  3.607352354880486e-03	1.000000000000000e+00	1	69
70	1.233968061148600e+03 2.998132752230965e+03 6.582496853066002e+02	 2.923412245591527e-03 -6.530764600472013e-03  3.607352354880486e-03	1.000000000000000e+00	1	70
72	3.236550084843370e+02 1.782756141199100e+03 1.284872972887244e+03	 3.100029747813637e-03 -6.093598905532596e-03  2.993569157718958e-03	1.000000000000000e+00	0	72
75	5.190796691615475e+02 1.785890711309333e+03 1.086313742099801e+03	 3.129065231560575e-03 -6.162330077828430e-03  3.033264846267855e-03	1.000000000000000e+00	0	75
76	7.694661915191061e+02 1.784627043323171e+03 8.371908877284047e+02	 2.988089293759823e-03 -6.116851616384203e-03  3.128762322624380e-03	1.000000000000000e+00	0	76
77	1.027464920218460e+03 1.784060362273261e+03 5.797588400789607e+02	 3.065900122658456e-03 -5.966783227514523e-03  2.900883104856066e-03	1.000000000000000e+00	0	77
78	1.258749221490865e+03 1.790100617756316e+03 3.424342833235003e+02	 3.224483617523650e-03 -6.289764999942118e-03  3.065281382418468e-03	1.000000000000000e+00	0	78
81	1.493889354853801e+03 1.787631637079385e+03 1.097631306374959e+02	 3.081104856079223e-03 -6.499319785471793e-03  3.418214929392570e-03	1.000000000000000e+00	0	81
88	8.730930687712884e+02 7.449622919674696e+02 2.741623857164429e+02	 2.815154954754537e-03 -6.798724305402588e-03  3.983569350648051e-03	1.000000000000000e+00	0	88
89	7.083317753584895e+02 7.483839435583999e+02 4.355020275383114e+02	 4.237970691783547e-03 -7.225126905077662e-03  2.987156213294116e-03	1.000000000000000e+00	0	89
90	4.743990484971962e+02 6.821776383904046e+02 7.356410595676000e+02	-2.833847221404065e-03  2.428984841076697e-03  4.048623803273681e-04	1.000000000000000e+00	0	90
91	1.673818756624099e+02 7.446659207678867e+02 9.801699500249041e+02	 1.974017330029796e-03 -5.218367636811384e-03  3.244350306781588e-03	1.000000000000000e+00	0	91
95	1.240226109816661e+03 6.833167239367355e+02 1.467741288817286e+03	-2.178209654469235e-03  1.468324937391752e-03  7.098847170774830e-04	1.000000000000000e+00	0	95
126	1.149755626209326e+03 6.898421525830910e+02 5.261996766278372e+01	 4.336808689942018e-19  1.000148118218613e-02 -1.000148118218613e-02	1.000000000000000e+00	0	126
131	1.478874385425870e+03 1.000642386570204e+03 7.093849289221426e+01	-7.831374141614221e-03 -1.630336756746432e-02  8.471993425850099e-03	1.000000000000000e+00	0	131
132	1.225978173767688e+03 1.047574824934041e+03 1.270176218985676e+03	-8.814327471253845e-03 -1.440693028711920e-02  5.592602815865356e-03	1.000000000000000e+00	0	132
133	1.025235161181493e+03 1.048835723606152e+03 1.068172307727369e+03	-6.869300005492076e-03 -1.625744606555227e-02  9.388146060060189e-03	1.000000000000000e+00	0	133
134	7.541980803270258e+02 1.018289294622642e+03 8.276816558564129e+02	-7.455929422049160e-03 -1.653794709320445e-02  9.082017671155291e-03	1.000000000000000e+00	0	134
135	5.840473523528915e+02 1.026347901628596e+03 6.494723208763248e+02	-8.748577728789118e-03 -1.465185459801397e-02  5.903276869224854e-03	1.000000000000000e+00	0	135
136	3.889253976616897e+02 1.043073618783932e+03 4.376246490297866e+02	-6.998914305655817e-03 -1.539213320521266e-02  8.393218899556845e-03	1.000000000000000e+00	0	136
141	1.490051179828426e+03 6.747931503918531e+02 4.079645234731219e+02	 1.626968142959228e-02  2.857513530504610e-02 -1.230545387545382e-02	1.000000000000000e+00	0	141
142	1.668946000337116e+02 6.723563752279124e+02 5.863110949578285e+02	 1.211043803979416e-02  2.612860796528349e-02 -1.401816992548933e-02	1.000000000000000e+00	0	142
143	3.016466689081488e+02 6.803537362806464e+02 7.130658027795316e+02	 7.876439867378682e-03  1.681395278190495e-02 -8.937512914526265e-03	1.000000000000000e+00	0	143
144	5.149237848261175e+02 7.134649424150016e+02 8.932317125631452e+02	 1.063344681656344e-02  1.930623761161940e-02 -8.672790795055960e-03	1.000000000000000e+00	0	144
145	6.661770917201305e+02 6.903655819514760e+02 1.067584379920684e+03	 1.632927523372933e-02  2.636928840031491e-02 -1.004001316658558e-02	1.000000000000000e+00	0	145
146	7.835713043878461e+02 6.736493087893332e+02 1.201694865750542e+03	 1.558999525292332e-02  2.802003424235450e-02 -1.243003898943118e-02	1.000000000000000e+00	0	146
147	9.464774638922978e+02 6.699686912830140e+02 1.368281642761313e+03	 1.207548242018263e-02  2.536036298873805e-02 -1.328488056855542e-02	1.000000000000000e+00	0	147
149	1.016837094775813e+03 7.220062667551432e+02 1.533743849242446e+02	 2.435062305640301e-04 -6.822657026371875e-04  4.387594720731574e-04	1.000000000000000e+00	0	149
156	6.433391039533514e+02 1.786240861960287e+03 9.617041566570434e+02	 3.067012030336589e-03 -6.190184253032297e-03  3.123172222695709e-03	1.000000000000000e+00	0	156
157	8.994397094343334e+02 1.783067794335868e+03 7.087766188004804e+02	 2.980583545916856e-03 -5.993159418738952e-03  3.012575872822095e-03	1.000000000000000e+00	0	157
158	1.145791136226944e+03 1.787186040749598e+03 4.583069455941397e+02	 3.176268590316803e-03 -6.090324362706059e-03  2.914055772389256e-03	1.000000000000000e+00	0	158
159	1.313733105937869e+03 1.790725236346808e+03 2.868257802860046e+02	 3.220013145813284e-03 -6.378190277705313e-03  3.158177131892029e-03	1.000000000000000e+00	0	159
160	1.432063882800165e+03 1.789568111930100e+03 1.696521278404173e+02	 3.133425283506548e-03 -6.487329107748297e-03  3.353903824241749e-03	1.000000000000000e+00	0	160
161	1.245304116923506e+02 1.783735858529519e+03 1.483017852348812e+03	 3.061258782085987e-03 -6.317006518838506e-03  3.255747736752519e-03	1.000000000000000e+00	0	161
165	8.027134061112865e+02 7.509169149263321e+02 3.385874254175822e+02	 3.544991011728537e-03 -7.717552350954458e-03  4.172561339225922e-03	1.000000000000000e+00	0	165
166	6.100485081133627e+02 7.226964362537731e+02 5.594728020880649e+02	 3.048507693758417e-03 -4.125410103658011e-03  1.076902409899594e-03	1.000000000000000e+00	0	166
167	3.044338034438654e+02 7.208984386517502e+02 8.668855043595852e+02	 6.255043914678415e-05 -1.767454197739931e-04  1.141949806272090e-04	4.218750000000000e-01	0	167
169	1.380561869765822e+03 7.428401086668002e+02 1.267882144138059e+03	 4.169515161881358e-03 -5.716550534950049e-03  1.547035373068691e-03	1.000000000000000e+00	0	169
190	9.607317642859791e+02 1.041675272518426e+03 1.010829361919582e+03	-6.676308367662359e-03 -1.647977985890289e-02  9.803471491240535e-03	1.000000000000000e+00	0	190
204	1.356735869163860e+03 6.931306951630587e+02 2.563116680373503e+02	 1.528665430708421e-02  2.506149153987024e-02 -9.774837232786028e-03	1.000000000000000e+00	0	204
205	1.259810983234595e+03 7.051846753106016e+02 1.473328019605422e+02	 1.039865202218289e-02  1.906093264405095e-02 -8.662280621868065e-03	1.000000000000000e+00	0	205
214	1.429034580588803e+03 1.002085389167279e+03 1.965568545807312e+01	-8.830072485347859e-03 -1.577840229147257e-02  6.948329806124712e-03	1.000000000000000e+00	0	214
215	1.279751543145605e+03 1.035483438801233e+03 1.336040974496401e+03	-9.295421072391865e-03 -1.380861302448871e-02  4.513191952096849e-03	1.000000000000000e+00	0	215
217	1.078787306748401e+03 1.053248108072333e+03 1.117312068828097e+03	-7.470008862445389e-03 -1.599782208636406e-02  8.527813223918670e-03	1.000000000000000e+00	0	217
219	8.052718378679835e+02 1.022698800937253e+03 8.743459070827600e+02	-6.905876390614261e-03 -1.663475905712204e-02  9.728882666507772e-03	1.000000000000000e+00	0	219
220	7.051436197272728e+02 1.016303496071756e+03 7.806129938075456e+02	-8.022537997155721e-03 -1.626638619755763e-02  8.243848200401914e-03	1.000000000000000e+00	0	220
222	5.429229305807877e+02 1.033837565429919e+03 6.008582353028979e+02	-8.722833723009254e-03 -1.429436279009454e-02  5.571529067085292e-03	1.000000000000000e+00	0	222
223	4.311424691289453e+02 1.043998654114008e+03 4.789166851669669e+02	-7.722164331525874e-03 -1.505062108614166e-02  7.328456754615784e-03	1.000000000000000e+00	0	223
232	3.401091953016336e+01 6.723233138200294e+02 4.534604758621632e+02	 1.536249099310477e-02  2.888572828898494e-02 -1.352323729588017e-02	1.000000000000000e+00	0	232
233	1.232197121158042e+02 6.711741031296219e+02 5.438184791382114e+02	 1.346626462608073e-02  2.754524987827977e-02 -1.407898525219905e-02	1.000000000000000e+00	0	233
235	8.998045114714949e+02 6.690468533620086e+02 1.322530528261515e+03	 1.330950311451901e-02  2.678480819280650e-02 -1.347530507828749e-02	1.000000000000000e+00	0	235
236	1.094964882418778e+03 6.778402487202596e+02 9.831127735066790e+00	 6.557203032874534e-03  1.453157026534524e-02 -7.974367232470700e-03	1.000000000000000e+00	0	236
237	9.927459124367195e+02 6.719764705190327e+02 1.412542312069716e+03	 1.060023095819286e-02  2.294077250991530e-02 -1.234054155172244e-02	1.000000000000000e+00	0	237
238	9.258702870858824e+02 7.378433353099105e+02 2.285041240594078e+02	 1.965363095104063e-03 -5.258435166431036e-03  3.293072071326974e-03	1.000000000000000e+00	0	238
246	3.914058312320316e+02 1.783774853066230e+03 1.216103438272420e+03	 3.124254862856926e-03 -6.098256077323669e-03  2.974001214466744e-03	1.000000000000000e+00	0	246
247	4.735262623836999e+02 1.785242239588310e+03 1.132515620598672e+03	 3.142512135225093e-03 -6.133775257563304e-03  2.991263122338211e-03	1.000000000000000e+00	0	247
248	5.799321413157613e+02 1.786346702619133e+03 1.025005278635788e+03	 3.106618633813328e-03 -6.186924354025627e-03  3.080305720212299e-03	1.000000000000000e+00	0	248
249	7.070958245602385e+02 1.785583497952927e+03 8.986048000575158e+02	 3.023186048876703e-03 -6.165805788096591e-03  3.142619739219889e-03	1.000000000000000e+00	0	249
250	8.332607164202835e+02 1.783663651782136e+03 7.743597543682620e+02	 2.972160091790818e-03 -6.053445253847907e-03  3.081285162057089e-03	1.000000000000000e+00	0	250
251	9.651373635451129e+02 1.783189902153229e+03 6.429568568723396e+02	 3.014252466827983e-03 -5.959793618813615e-03  2.945541151985631e-03	1.000000000000000e+00	0	251
252	1.087007911888051e+03 1.785465594953677e+03 5.188106157289528e+02	 3.123393038458727e-03 -6.011842550612426e-03  2.888449512153700e-03	1.000000000000000e+00	0	252
253	1.203124202920879e+03 1.788846768424205e+03 3.993131512255973e+02	 3.212903022399896e-03 -6.189112851731269e-03  2.976209829331374e-03	1.000000000000000e+00	0	253
254	5.863644444604967e+01 1.785325578243097e+03 4.825572376605380e+01	 3.067750639279864e-03 -6.429139942580572e-03  3.361389303300708e-03	1.000000000000000e+00	0	254
255	1.864541718632804e+02 1.782746751920759e+03 1.422083198786642e+03	 3.062024989626906e-03 -6.212876744575271e-03  3.150851754948366e-03	1.000000000000000e+00	0	255
256	2.690799041075384e+02 1.782340401692977e+03 1.339863816770166e+03	 3.057795157120243e-03 -6.116842852731151e-03  3.059047695610908e-03	1.000000000000000e+00	0	256
265	7.545831138294451e+02 7.515189641261057e+02 3.861156684996499e+02	 4.014473072006922e-03 -7.739228636224873e-03  3.724755564217952e-03	1.000000000000000e+00	0	265
266	6.572129290970006e+02 7.387494049186022e+02 4.962554124395980e+02	 3.990155752711848e-03 -5.935342928363966e-03  1.945187175652117e-03	1.000000000000000e+00	0	266
267	5.540728612922072e+02 7.002675982230344e+02 6.378772869399592e+02	 1.112275063172956e-03 -1.526220962620368e-03  4.139458994474118e-04	1.000000000000000e+00	0	267
268	4.002224381515857e+02 6.957149877510208e+02 7.962803205525940e+02	 8.673617379884035e-19  6.843664194169118e-03 -6.843664194169119e-03	1.000000000000000e+00	0	268
269	2.330733524077642e+02 7.334619583120824e+02 9.256824357353541e+02	 5.673194862722695e-04 -1.582125110933627e-03  1.014805624661358e-03	1.000000000000000e+00	0	269
270	8.274677001892226e+01 7.559082040848411e+02 1.053562772351437e+03	 3.135522958545426e-03 -7.355357856854719e-03  4.219834898309293e-03	1.000000000000000e+00	0	270
271	1.495996487596042e+03 7.604411371937122e+02 1.134846497780927e+03	 4.179758568221454e-03 -8.346392792943583e-03  4.166634224722130e-03	1.000000000000000e+00	0	271
272	1.424111209987741e+03 7.542988818419387e+02 1.212874030741002e+03	 4.439776807692631e-03 -7.248792977585776e-03  2.809016169893145e-03	1.000000000000000e+00	0	272
273	1.318035111348885e+03 7.147259816320421e+02 1.358523029589754e+03	 2.687809343753041e-03 -3.456461532588097e-03  7.686521888350553e-04	1.000000000000000e+00	0	273
314	7.428776084167629e+02 6.780651172220640e+02 1.156585361346728e+03	 1.660252574244908e-02  2.770731554848889e-02 -1.110478980603980e-02	1.000000000000000e+00	0	314
320	4.661280314970707e+02 1.557900901649102e+03 1.499066376115482e+03	-1.899561937452524e-03 -7.540273947980153e-03  5.640712010527628e-03	1.000000000000000e+00	1	320
321	 4.661280314970707e+02  1.557900901649102e+03 -1.818989403545856e-12	-1.899561937452525e-03 -7.540273947980156e-03  5.640712010527631e-03	1.000000000000000e+00	1	321
344	1.499066376115483e+03 2.450884390648846e+03 9.403997319218377e+02	 3.002937915116891e-03 -6.333921738659500e-03  3.330983823542610e-03	1.000000000000000e+00	1	344
345	-1.136868377216160e-12  2.450884390648846e+03  9.403997319218367e+02	 3.002937915116891e-03 -6.333921738659502e-03  3.330983823542611e-03	1.000000000000000e+00	1	345
366	1.101022640733320e+03 7.071779940454768e+02 8.401711167640380e+01	 3.785812633512349e-04  4.493124404694388e-03 -4.871705668045624e-03	1.000000000000000e+00	0	366
387	5.788098312196784e+01 1.005114392272859e+03 1.445394610011385e+02	-7.347402678865195e-03 -1.677206326128690e-02  9.424660582421709e-03	1.000000000000000e+00	0	387
389	1.162134882451639e+03 1.054235900209118e+03 1.199671852394551e+03	-8.072731050261512e-03 -1.527040487940717e-02  7.197673829145656e-03	1.000000000000000e+00	0	389
406	1.353897821177613e+03 1.790733174984622e+03 2.466531264084459e+02	 3.169383477175023e-03 -6.429905063806113e-03  3.260521586631089e-03	1.000000000000000e+00	0	406
412	1.189196903789095e+02 1.011943132977776e+03 1.987494275531626e+02	-6.730199511633877e-03 -1.664288146830410e-02  9.912681956670218e-03	1.000000000000000e+00	0	412
433	 1.106701457551041e+03 -2.728484105318785e-12  6.994079515875923e+02	 1.039463092348806e-02  1.601865273759556e-02 -5.624021814107507e-03	1.000000000000000e+00	1	433
434	1.106701457551041e+03 2.998132752230962e+03 6.994079515875923e+02	 1.039463092348806e-02  1.601865273759556e-02 -5.624021814107507e-03	1.000000000000000e+00	1	434
482	1.377286001765977e+03 1.008962435438188e+03 1.460096436479818e+03	-9.456074263921446e-03 -1.513891156316536e-02  5.682837299243920e-03	1.000000000000000e+00	0	482
499	1.658501697250168e+02 1.018083560333214e+03 2.395394795438319e+02	-6.476529486663723e-03 -1.649344937471519e-02  1.001691988805147e-02	1.000000000000000e+00	0	499
548	3.469455020962652e+02 6.813888714539771e+02 7.573295007943173e+02	 8.891885799412448e-03  1.881598834873698e-02 -9.924102549324533e-03	1.000000000000000e+00	0	548
549	1.313617982967183e+03 6.997013862677572e+02 2.066230907359749e+02	 1.333541157825359e-02  2.268713085598299e-02 -9.351719277729395e-03	1.000000000000000e+00	0	549
552	1.499066376115482e+03 1.787444552496316e+03 1.047731939588841e+02	 3.080021463043966e-03 -6.493626276511578e-03  3.413604813467612e-03	1.000000000000000e+00	1	552
553	-2.273736754432321e-12  1.787444552496316e+03  1.047731939588837e+02	 3.080021463043966e-03 -6.493626276511578e-03  3.413604813467612e-03	1.000000000000000e+00	1	553
558	1.080851387903631e+02 1.784132607664834e+03 0.000000000000000e+00	 3.062878966264533e-03 -6.344991853944824e-03  3.282112887680291e-03	1.000000000000000e+00	1	558
559	1.080851387903631e+02 1.784132607664834e+03 1.499066376115485e+03	 3.062878966264532e-03 -6.344991853944823e-03  3.282112887680291e-03	1.000000000000000e+00	1	559
562	-7.144300623236480e-13  7.602789822048412e+02  1.131938764250360e+03	 4.142403502616073e-03 -8.310940855936465e-03  4.168537353320391e-03	1.000000000000000e+00	1	562
563	1.499066376115483e+03 7.602789822048412e+02 1.131938764250360e+03	 4.142403502616073e-03 -8.310940855936465e-03  4.168537353320392e-03	1.000000000000000e+00	1	563
564	1.206465981858831e+03 6.857517645963705e+02 1.499066376115483e+03	 2.171438478923449e-03  2.884161073699001e-03 -5.055599552622449e-03	1.000000000000000e+00	1	564
565	 1.206465981858832e+03  6.857517645963704e+02 -1.136868377216160e-12	 2.171438478923440e-03  2.884161073698998e-03 -5.055599552622438e-03	1.000000000000000e+00	1	565
566	1.282982582172576e+03 6.986568797150002e+02 1.409644660683105e+03	 1.266815182419208e-03 -1.644455382477833e-03  3.776402000586254e-04	1.000000000000000e+00	0	566
571	5.635839481728198e+02 7.085800738899133e+02 9.467767444349357e+02	 1.289967918907105e-02  2.185486129882301e-02 -8.955182109751965e-03	1.000000000000000e+00	0	571
572	 1.411684594356376e+03  1.004391088392923e+03 -2.955857780762017e-12	-9.039955007473018e-03 -1.556399726655619e-02  6.524042259083169e-03	1.000000000000000e+00	1	572
573	1.411684594356376e+03 1.004391088392923e+03 1.499066376115481e+03	-9.039955007473018e-03 -1.556399726655619e-02  6.524042259083169e-03	1.000000000000000e+00	1	573
574	-1.591615728102624e-12  1.001798980114722e+03  8.997389003730541e+01	-7.706204741849196e-03 -1.642458619951959e-02  8.718381457670392e-03	1.000000000000000e+00	1	574
575	1.499066376115482e+03 1.001798980114722e+03 8.997389003730518e+01	-7.706204741849199e-03 -1.642458619951959e-02  8.718381457670394e-03	1.000000000000000e+00	1	575
576	1.084518109249530e+03 6.772246032860789e+02 1.499066376115484e+03	 7.088373934029583e-03  1.566996140279145e-02 -8.581587468761866e-03	1.000000000000000e+00	1	576
577	 1.084518109249530e+03  6.772246032860789e+02 -3.488743869951540e-13	 7.088373934029583e-03  1.566996140279145e-02 -8.581587468761866e-03	1.000000000000000e+00	1	577
578	1.499066376115481e+03 6.742756493098000e+02 4.174972208422303e+02	 1.607959920396406e-02  2.864021337826762e-02 -1.256061417430357e-02	1.000000000000000e+00	1	578
579	-2.501110429875553e-12  6.742756493098000e+02  4.174972208422303e+02	 1.607959920396406e-02  2.864021337826762e-02 -1.256061417430357e-02	1.000000000000000e+00	1	579
580	5.174000150223001e+02 6.894806447786282e+02 6.853370866542725e+02	-3.634398021592873e-04  6.144945446010155e-04 -2.510547424417283e-04	7.500000000000000e-01	0	580
581	4.661843581288993e+02 7.150281858952867e+02 8.429290423856419e+02	 2.758238976105138e-03  1.298947339309978e-02 -1.023123441699464e-02	1.000000000000000e+00	0	581
582	1.207920119266870e+03 7.059044927509848e+02 9.472212055243367e+01	 4.321372944788074e-03  1.550033789463498e-02 -1.117896494984691e-02	1.000000000000000e+00	0	582
583	3.518822309664910e+02 7.120192182474710e+02 8.283162972412388e+02	-9.918111834621608e-04  7.260731720530206e-03 -6.268920537068045e-03	5.625000000000000e-01	0	583
1	7.071067811865475e-01 7.071067811865475e-01 0.000000000000000e+00	 5.773502691896257e-01 -5.773502691896257e-01 -5.773502691896257e-01	-3.639242900506764e+02  3.639242900506764e+02  3.639242900506764e+02	1	0	0.000000000000000e+00	0.000000000000000e+00	0.000000000000000e+00
2	-7.071067811865475e-01  7.071067811865475e-01  0.000000000000000e+00	5.773502691896257e-01 5.773502691896257e-01 5.773502691896257e-01	6.307392488184003e+02 6.307392488184003e+02 6.307392488184003e+02	1	0	0.000000000000000e+00	0.000000000000000e+00	0.000000000000000e+00
1	204	37	1	0
1	37	437	1	0
1	43	215	1	0
1	488	43	1	0
1	218	45	1	0
1	45	219	1	0
1	46	135	1	0
1	220	46	1	0
1	222	47	1	0
1	47	223	1	0
1	136	48	1	0
1	48	138	1	0
1	232	55	1	0
1	55	233	1	0
1	142	56	1	0
1	56	143	1	0
1	59	145	1	0
1	617	59	1	0
1	146	62	1	0
1	62	235	1	0
1	237	63	1	0
1	63	622	1	0
1	98	141	1	0
1	440	98	1	0
1	236	126	1	0
1	126	628	1	0
1	131	214	1	0
1	621	131	1	0
1	215	132	1	0
1	132	393	1	0
1	217	133	1	0
1	133	218	1	0
1	219	134	1	0
1	134	220	1	0
1	135	222	1	0
1	223	136	1	0
1	138	324	1	0
1	141	624	1	0
1	233	142	1	0
1	143	594	1	0
1	144	617	1	0
1	627	144	1	0
1	145	314	1	0
1	314	146	1	0
1	235	147	1	0
1	147	237	1	0
1	595	204	1	0
1	205	595	1	0
1	628	205	1	0
1	214	618	1	0
1	393	217	1	0
1	625	232	1	0
1	623	236	1	0
1	321	280	1	0
1	280	507	1	0
1	320	321	0	1
1	438	320	1	0
1	324	325	0	1
1	325	439	1	0
1	416	391	1	0
1	391	620	1	0
1	594	402	1	0
1	402	627	1	0
1	507	416	1	0
1	437	438	0	1
1	439	440	0	1
1	619	488	1	0
1	618	619	0	1
1	620	621	0	1
1	622	623	0	1
1	624	625	0	1
2	69	70	0	1
2	239	69	1	0
2	70	346	1	0
2	72	246	1	0
2	347	72	1	0
2	247	75	1	0
2	75	248	1	0
2	249	76	1	0
2	76	250	1	0
2	251	77	1	0
2	77	252	1	0
2	78	159	1	0
2	253	78	1	0
2	160	81	1	0
2	81	598	1	0
2	256	83	1	0
2	83	350	1	0
2	84	85	0	1
2	351	84	1	0
2	85	88	1	0
2	88	165	1	0
2	265	89	1	0
2	89	266	1	0
2	90	268	1	0
2	626	90	1	0
2	269	91	1	0
2	91	270	1	0
2	95	610	1	0
2	612	95	1	0
2	148	370	1	0
2	611	148	1	0
2	149	238	1	0
2	370	149	1	0
2	248	156	1	0
2	156	249	1	0
2	250	157	1	0
2	157	251	1	0
2	252	158	1	0
2	158	253	1	0
2	159	410	1	0
2	410	160	1	0
2	161	255	1	0
2	605	161	1	0
2	165	265	1	0
2	266	166	1	0
2	166	267	1	0
2	167	269	1	0
2	629	167	1	0
2	272	169	1	0
2	169	273	1	0
2	238	239	1	0
2	246	247	1	0
2	599	254	1	0
2	254	604	1	0
2	255	256	1	0
2	267	626	1	0
2	268	629	1	0
2	270	608	1	0
2	271	272	1	0
2	609	271	1	0
2	273	612	1	0
2	346	347	0	1
2	350	351	0	1
2	598	599	0	1
2	604	605	0	1
2	608	609	0	1
2	610	611	0	1
1	37	2.910121642656647e+03 3.682425967848290e+03 3.194685449603863e+02	37	-1.499066376115484e+03 -2.998132752230965e+03 -7.813873830305873e-15	-1
1	43	1.334290912489038e+03 1.019612173245264e+03 1.406451609395803e+03	43	0.000000000000000e+00 2.629596998832196e-14 2.301162899144159e-14	-1
1	45	8.936862708515415e+02 1.033212330382470e+03 9.522468106211004e+02	45	0.000000000000000e+00 2.629596998832196e-14 2.301162899144159e-14	-1
1	46	6.581050282424003e+02 1.017424015373075e+03 7.324538830213546e+02	46	0.000000000000000e+00 2.629596998832196e-14 2.301162899144159e-14	-1
1	47	4.907771777697715e+02 1.041013415373891e+03 5.415366325479098e+02	47	0.000000000000000e+00 2.629596998832196e-14 2.301162899144159e-14	-1
1	48	3.111250170911250e+02 1.036807464207145e+03 3.660904230360090e+02	48	0.000000000000000e+00 2.629596998832196e-14 2.301162899144159e-14	-1
1	55	 1.576904821927251e+03  3.669175419629300e+03 -1.000497727550023e+03	55	-1.499066376115484e+03 -2.998132752230965e+03  1.499066376115484e+03	-1
1	56	 1.751590596298945e+03  3.675544550299674e+03 -8.321810838487024e+02	56	-1.499066376115484e+03 -2.998132752230965e+03  1.499066376115484e+03	-1
1	59	 2.102986991175462e+03  3.700188849935837e+03 -5.054289886083490e+02	59	-1.499066376115484e+03 -2.998132752230965e+03  1.499066376115484e+03	-1
1	62	 2.351631522091556e+03  3.667699709863009e+03 -2.242953176194267e+02	62	-1.499066376115484e+03 -2.998132752230965e+03  1.499066376115484e+03	-1
1	63	 2.538978405770950e+03  3.672728646269328e+03 -4.197737034635202e+01	63	-1.499066376115484e+03 -2.998132752230965e+03  1.499066376115484e+03	-1
2	69	-2.650983149668843e+02  4.547473508864641e-13  2.157316061422085e+03	69	 1.499066376115484e+03  2.804572483380277e-14 -1.499066376115484e+03	0
2	70	-2.650983149668841e+02  3.410605131648481e-13  2.157316061422084e+03	70	 1.499066376115484e+03  2.998132752230965e+03 -1.499066376115484e+03	1
2	72	 3.236550084843370e+02 -1.215376611031865e+03  2.783939349002728e+03	72	 0.000000000000000e+00  2.998132752230965e+03 -1.499066376115484e+03	-1
2	75	 5.190796691615476e+02 -1.212242040921631e+03  2.585380118215285e+03	75	 0.000000000000000e+00  2.998132752230965e+03 -1.499066376115484e+03	-1
2	76	 7.694661915191061e+02 -1.213505708907794e+03  2.336257263843889e+03	76	 0.000000000000000e+00  2.998132752230965e+03 -1.499066376115484e+03	-1
2	77	 1.027464920218460e+03 -1.214072389957704e+03  2.078825216194445e+03	77	 0.000000000000000e+00  2.998132752230965e+03 -1.499066376115484e+03	-1
2	78	 1.258749221490865e+03 -1.208032134474649e+03  1.841500659438984e+03	78	 0.000000000000000e+00  2.998132752230965e+03 -1.499066376115484e+03	-1
2	81	 1.493889354853801e+03 -1.210501115151580e+03  1.608829506752980e+03	81	 0.000000000000000e+00  2.998132752230965e+03 -1.499066376115484e+03	-1
2	83	 1.822721384599821e+03 -1.215376611031865e+03  1.284872972887244e+03	72	-1.499066376115484e+03  2.998132752230965e+03  6.516875392707817e-15	-1
2	84	 1.233968061148600e+03 -4.547473508864641e-13  6.582496853066012e+02	70	2.881180732755041e-14 2.998132752230965e+03 0.000000000000000e+00	1
2	85	 1.233968061148600e+03 -2.273736754432321e-13  6.582496853066011e+02	69	8.137780172766422e-14 0.000000000000000e+00 4.030010838596754e-14	0
2	88	8.730930687712882e+02 7.449622919674696e+02 2.741623857164428e+02	88	8.137780172766422e-14 0.000000000000000e+00 4.030010838596754e-14	-1
2	89	7.083317753584894e+02 7.483839435583999e+02 4.355020275383114e+02	89	8.137780172766422e-14 0.000000000000000e+00 4.030010838596754e-14	-1
2	90	4.743990484971962e+02 6.821776383904046e+02 7.356410595676000e+02	90	8.137780172766422e-14 0.000000000000000e+00 4.030010838596754e-14	-1
2	91	1.673818756624099e+02 7.446659207678867e+02 9.801699500249041e+02	91	8.137780172766422e-14 0.000000000000000e+00 4.030010838596754e-14	-1
2	95	-2.588402662988233e+02  6.833167239367355e+02  1.467741288817286e+03	95	1.499066376115484e+03 1.522937239157407e-14 1.560815019424493e-14	-1
1	98	 1.411055266541163e+03  3.682425967848290e+03 -1.179597831155098e+03	37	 5.357148449523283e-14 -2.998132752230965e+03  1.499066376115484e+03	-1
1	126	2.648822002324810e+03 3.687974904814056e+03 5.261996766278367e+01	126	-1.499066376115484e+03 -2.998132752230965e+03 -7.813873830305873e-15	-1
1	131	1.478874385425870e+03 1.000642386570204e+03 1.570004869007699e+03	131	 0.000000000000000e+00  3.578147120611488e-14 -1.499066376115484e+03	-1
1	132	1.225978173767688e+03 1.047574824934041e+03 1.270176218985676e+03	132	0.000000000000000e+00 2.629596998832196e-14 2.301162899144159e-14	-1
1	133	1.025235161181493e+03 1.048835723606152e+03 1.068172307727369e+03	133	0.000000000000000e+00 2.629596998832196e-14 2.301162899144159e-14	-1
1	134	7.541980803270258e+02 1.018289294622642e+03 8.276816558564129e+02	134	0.000000000000000e+00 2.629596998832196e-14 2.301162899144159e-14	-1
1	135	5.840473523528915e+02 1.026347901628596e+03 6.494723208763248e+02	135	0.000000000000000e+00 2.629596998832196e-14 2.301162899144159e-14	-1
1	136	3.889253976616897e+02 1.043073618783932e+03 4.376246490297866e+02	136	0.000000000000000e+00 2.629596998832196e-14 2.301162899144159e-14	-1
1	138	2.298954029128689e+02 1.026767791851667e+03 2.949004812132311e+02	16	0.000000000000000e+00 2.629596998832196e-14 2.301162899144159e-14	-1
1	141	 1.490051179828426e+03  3.672925902622818e+03 -1.091101852642362e+03	141	 5.357148449523283e-14 -2.998132752230965e+03  1.499066376115484e+03	-1
1	142	 1.665960976149196e+03  3.670489127458877e+03 -9.127552811576555e+02	142	-1.499066376115484e+03 -2.998132752230965e+03  1.499066376115484e+03	-1
1	143	 1.800713045023633e+03  3.678486488511611e+03 -7.860005733359524e+02	143	-1.499066376115484e+03 -2.998132752230965e+03  1.499066376115484e+03	-1
1	144	 2.013990160941602e+03  3.711597694645966e+03 -6.058346635523388e+02	144	-1.499066376115484e+03 -2.998132752230965e+03  1.499066376115484e+03	-1
1	145	 2.165243467835614e+03  3.688498334182441e+03 -4.314819961948003e+02	145	-1.499066376115484e+03 -2.998132752230965e+03  1.499066376115484e+03	-1
1	146	 2.282637680503330e+03  3.671782061020298e+03 -2.973715103649420e+02	146	-1.499066376115484e+03 -2.998132752230965e+03  1.499066376115484e+03	-1
1	147	 2.445543840007782e+03  3.668101443513979e+03 -1.307847333541711e+02	147	-1.499066376115484e+03 -2.998132752230965e+03  1.499066376115484e+03	-1
2	148	-3.493107499061580e+02  6.898421525830909e+02  1.551686343778268e+03	126	 1.499066376115484e+03  2.804572483380277e-14 -1.499066376115484e+03	-1
2	149	-4.822292813396709e+02  7.220062667551432e+02  1.652440761039729e+03	149	 1.499066376115484e+03  2.804572483380277e-14 -1.499066376115484e+03	-1
2	156	 6.433391039533515e+02 -1.211891890270678e+03  2.460770532772528e+03	156	 0.000000000000000e+00  2.998132752230965e+03 -1.499066376115484e+03	-1
2	157	 8.994397094343335e+02 -1.215064957895097e+03  2.207842994915964e+03	157	 0.000000000000000e+00  2.998132752230965e+03 -1.499066376115484e+03	-1
2	158	 1.145791136226944e+03 -1.210946711481367e+03  1.957373321709624e+03	158	 0.000000000000000e+00  2.998132752230965e+03 -1.499066376115484e+03	-1
2	159	 1.313733105937869e+03 -1.207407515884157e+03  1.785892156401489e+03	159	 0.000000000000000e+00  2.998132752230965e+03 -1.499066376115484e+03	-1
2	160	 1.432063882800165e+03 -1.208564640300865e+03  1.668718503955901e+03	160	 0.000000000000000e+00  2.998132752230965e+03 -1.499066376115484e+03	-1
2	161	 1.623596787807835e+03 -1.214396893701446e+03  1.483017852348812e+03	161	-1.499066376115484e+03  2.998132752230965e+03  6.516875392707817e-15	-1
2	165	8.027134061112864e+02 7.509169149263321e+02 3.385874254175822e+02	165	8.137780172766422e-14 0.000000000000000e+00 4.030010838596754e-14	-1
2	166	6.100485081133626e+02 7.226964362537731e+02 5.594728020880649e+02	166	8.137780172766422e-14 0.000000000000000e+00 4.030010838596754e-14	-1
2	167	3.044338034438654e+02 7.208984386517502e+02 8.668855043595852e+02	167	8.137780172766422e-14 0.000000000000000e+00 4.030010838596754e-14	-1
2	169	-1.185045063496616e+02  7.428401086668002e+02  1.267882144138059e+03	169	1.499066376115484e+03 1.522937239157407e-14 1.560815019424493e-14	-1
1	204	2.855802245279344e+03 3.691263447394023e+03 2.563116680373502e+02	204	-1.499066376115484e+03 -2.998132752230965e+03 -7.813873830305873e-15	-1
1	205	2.758877359350079e+03 3.703317427541566e+03 1.473328019605421e+02	205	-1.499066376115484e+03 -2.998132752230965e+03 -7.813873830305873e-15	-1
1	214	1.429034580588803e+03 1.002085389167279e+03 1.518722061573558e+03	214	 0.000000000000000e+00  3.578147120611488e-14 -1.499066376115484e+03	-1
1	215	1.279751543145604e+03 1.035483438801233e+03 1.336040974496401e+03	215	0.000000000000000e+00 2.629596998832196e-14 2.301162899144159e-14	-1
1	217	1.078787306748401e+03 1.053248108072333e+03 1.117312068828097e+03	217	0.000000000000000e+00 2.629596998832196e-14 2.301162899144159e-14	-1
1	218	9.607317642859791e+02 1.041675272518426e+03 1.010829361919582e+03	190	0.000000000000000e+00 2.629596998832196e-14 2.301162899144159e-14	-1
1	219	8.052718378679835e+02 1.022698800937253e+03 8.743459070827600e+02	219	0.000000000000000e+00 2.629596998832196e-14 2.301162899144159e-14	-1
1	220	7.051436197272728e+02 1.016303496071756e+03 7.806129938075456e+02	220	0.000000000000000e+00 2.629596998832196e-14 2.301162899144159e-14	-1
1	222	5.429229305807877e+02 1.033837565429919e+03 6.008582353028979e+02	222	0.000000000000000e+00 2.629596998832196e-14 2.301162899144159e-14	-1
1	223	4.311424691289453e+02 1.043998654114008e+03 4.789166851669669e+02	223	0.000000000000000e+00 2.629596998832196e-14 2.301162899144159e-14	-1
1	232	 1.533077295645647e+03  3.670456066050994e+03 -1.045605900253321e+03	232	-1.499066376115484e+03 -2.998132752230965e+03  1.499066376115484e+03	-1
1	233	 1.622286088231288e+03  3.669306855360587e+03 -9.552478969772726e+02	233	-1.499066376115484e+03 -2.998132752230965e+03  1.499066376115484e+03	-1
1	235	 2.398870887586979e+03  3.667179605592974e+03 -1.765358478539683e+02	235	-1.499066376115484e+03 -2.998132752230965e+03  1.499066376115484e+03	-1
1	236	2.594031258534262e+03 3.675973000951225e+03 9.831127735066888e+00	236	-1.499066376115484e+03 -2.998132752230965e+03 -7.813873830305873e-15	-1
1	237	 2.491812288552203e+03  3.670109222749998e+03 -8.652406404576800e+01	237	-1.499066376115484e+03 -2.998132752230965e+03  1.499066376115484e+03	-1
2	238	-5.731960890296016e+02  7.378433353099105e+02  1.727570500174892e+03	238	 1.499066376115484e+03  2.804572483380277e-14 -1.499066376115484e+03	-1
2	239	-6.259733073441956e+02  7.449622919674696e+02  1.773228761831927e+03	88	 1.499066376115484e+03  2.804572483380277e-14 -1.499066376115484e+03	-1
2	246	 3.914058312320316e+02 -1.214357899164735e+03  2.715169814387904e+03	246	 0.000000000000000e+00  2.998132752230965e+03 -1.499066376115484e+03	-1
2	247	 4.735262623836999e+02 -1.212890512642655e+03  2.631581996714156e+03	247	 0.000000000000000e+00  2.998132752230965e+03 -1.499066376115484e+03	-1
2	248	 5.799321413157613e+02 -1.211786049611832e+03  2.524071654751272e+03	248	 0.000000000000000e+00  2.998132752230965e+03 -1.499066376115484e+03	-1
2	249	 7.070958245602385e+02 -1.212549254278038e+03  2.397671176173000e+03	249	 0.000000000000000e+00  2.998132752230965e+03 -1.499066376115484e+03	-1
2	250	 8.332607164202835e+02 -1.214469100448829e+03  2.273426130483746e+03	250	 0.000000000000000e+00  2.998132752230965e+03 -1.499066376115484e+03	-1
2	251	 9.651373635451129e+02 -1.214942850077736e+03  2.142023232987824e+03	251	 0.000000000000000e+00  2.998132752230965e+03 -1.499066376115484e+03	-1
2	252	 1.087007911888051e+03 -1.212667157277288e+03  2.017876991844437e+03	252	 0.000000000000000e+00  2.998132752230965e+03 -1.499066376115484e+03	-1
2	253	 1.203124202920879e+03 -1.209285983806760e+03  1.898379527341081e+03	253	 0.000000000000000e+00  2.998132752230965e+03 -1.499066376115484e+03	-1
2	254	 1.557702820561534e+03 -1.212807173987868e+03  1.547322099881538e+03	254	-1.499066376115484e+03  2.998132752230965e+03 -1.499066376115484e+03	-1
2	255	 1.685520547978765e+03 -1.215386000310205e+03  1.422083198786642e+03	255	-1.499066376115484e+03  2.998132752230965e+03  6.516875392707817e-15	-1
2	256	 1.768146280223023e+03 -1.215792350537988e+03  1.339863816770166e+03	256	-1.499066376115484e+03  2.998132752230965e+03  6.516875392707817e-15	-1
2	265	7.545831138294450e+02 7.515189641261057e+02 3.861156684996498e+02	265	8.137780172766422e-14 0.000000000000000e+00 4.030010838596754e-14	-1
2	266	6.572129290970005e+02 7.387494049186022e+02 4.962554124395980e+02	266	8.137780172766422e-14 0.000000000000000e+00 4.030010838596754e-14	-1
2	267	5.540728612922071e+02 7.002675982230344e+02 6.378772869399592e+02	267	8.137780172766422e-14 0.000000000000000e+00 4.030010838596754e-14	-1
2	268	4.002224381515855e+02 6.957149877510208e+02 7.962803205525943e+02	268	8.137780172766422e-14 0.000000000000000e+00 4.030010838596754e-14	-1
2	269	2.330733524077641e+02 7.334619583120824e+02 9.256824357353541e+02	269	8.137780172766422e-14 0.000000000000000e+00 4.030010838596754e-14	-1
2	270	8.274677001892222e+01 7.559082040848411e+02 1.053562772351437e+03	270	8.137780172766422e-14 0.000000000000000e+00 4.030010838596754e-14	-1
2	271	-3.069888519441974e+00  7.604411371937122e+02  1.134846497780927e+03	271	1.499066376115484e+03 1.522937239157407e-14 1.560815019424493e-14	-1
2	272	-7.495516612774304e+01  7.542988818419387e+02  1.212874030741002e+03	272	1.499066376115484e+03 1.522937239157407e-14 1.560815019424493e-14	-1
2	273	-1.810312647665985e+02  7.147259816320421e+02  1.358523029589754e+03	273	1.499066376115484e+03 1.522937239157407e-14 1.560815019424493e-14	-1
1	280	1.728961779028353e+03 1.026767791851667e+03 1.793966857328715e+03	16	-1.499066376115484e+03  2.332622365846862e-14 -1.499066376115484e+03	-1
1	314	 2.241943984532247e+03  3.676197869453029e+03 -3.424810147687558e+02	314	-1.499066376115484e+03 -2.998132752230965e+03  1.499066376115484e+03	-1
1	320	1.965194407612555e+03 1.557900901649102e+03 1.499066376115482e+03	320	-1.499066376115484e+03  1.106659759674790e-14  7.403478797196665e-15	0
1	321	1.965194407612555e+03 1.557900901649102e+03 1.499066376115482e+03	321	-1.499066376115484e+03  2.332622365846862e-14 -1.499066376115484e+03	2
1	324	4.661280314970693e+02 1.557900901649098e+03 2.842170943040401e-13	321	0.000000000000000e+00 2.629596998832196e-14 2.301162899144159e-14	2
1	325	4.661280314970692e+02 1.557900901649098e+03 2.273736754432321e-13	320	2.881180732755041e-14 3.860184542213733e-14 1.499066376115484e+03	0
2	346	-1.136868377216160e-12 -5.472483615821195e+02  2.439466108037322e+03	344	 1.499066376115484e+03  2.998132752230965e+03 -1.499066376115484e+03	0
2	347	-1.136868377216160e-12 -5.472483615821188e+02  2.439466108037321e+03	345	 0.000000000000000e+00  2.998132752230965e+03 -1.499066376115484e+03	3
2	350	 1.499066376115483e+03 -5.472483615821184e+02  9.403997319218363e+02	345	-1.499066376115484e+03  2.998132752230965e+03  6.516875392707817e-15	3
2	351	 1.499066376115483e+03 -5.472483615821188e+02  9.403997319218370e+02	344	2.881180732755041e-14 2.998132752230965e+03 0.000000000000000e+00	0
2	370	-3.980437353821637e+02  7.071779940454768e+02  1.583083487791888e+03	366	 1.499066376115484e+03  2.804572483380277e-14 -1.499066376115484e+03	-1
1	391	1.556947359237452e+03 1.005114392272859e+03 1.643605837116623e+03	387	-1.499066376115484e+03  2.332622365846862e-14 -1.499066376115484e+03	-1
1	393	1.162134882451639e+03 1.054235900209118e+03 1.199671852394551e+03	389	0.000000000000000e+00 2.629596998832196e-14 2.301162899144159e-14	-1
1	402	 1.899288814267069e+03  3.693847739981986e+03 -7.027860555628897e+02	268	-1.499066376115484e+03 -2.998132752230965e+03  1.499066376115484e+03	-1
2	410	 1.353897821177613e+03 -1.207399577246343e+03  1.745719502523930e+03	406	 0.000000000000000e+00  2.998132752230965e+03 -1.499066376115484e+03	-1
1	416	1.617986066494394e+03 1.011943132977776e+03 1.697815803668647e+03	412	-1.499066376115484e+03  2.332622365846862e-14 -1.499066376115484e+03	-1
1	437	2.605767833666525e+03 2.998132752230962e+03 6.994079515875923e+02	433	-1.499066376115484e+03 -2.998132752230965e+03 -7.813873830305873e-15	2
1	438	2.605767833666525e+03 2.998132752230962e+03 6.994079515875923e+02	434	-1.499066376115484e+03  1.106659759674790e-14  7.403478797196665e-15	2
1	439	 1.106701457551042e+03  2.998132752230963e+03 -7.996584245278913e+02	434	2.881180732755041e-14 3.860184542213733e-14 1.499066376115484e+03	2
1	440	 1.106701457551042e+03  2.998132752230962e+03 -7.996584245278915e+02	433	 5.357148449523283e-14 -2.998132752230965e+03  1.499066376115484e+03	2
1	488	1.377286001765977e+03 1.008962435438188e+03 1.460096436479818e+03	482	0.000000000000000e+00 2.629596998832196e-14 2.301162899144159e-14	-1
1	507	1.664916545840501e+03 1.018083560333214e+03 1.738605855659316e+03	499	-1.499066376115484e+03  2.332622365846862e-14 -1.499066376115484e+03	-1
1	594	 1.846011878211749e+03  3.679521623684942e+03 -7.417368753211667e+02	548	-1.499066376115484e+03 -2.998132752230965e+03  1.499066376115484e+03	-1
1	595	2.812684359082667e+03 3.697834138498722e+03 2.066230907359749e+02	549	-1.499066376115484e+03 -2.998132752230965e+03 -7.813873830305873e-15	-1
2	598	 1.499066376115482e+03 -1.210688199734649e+03  1.603839570074368e+03	552	 0.000000000000000e+00  2.998132752230965e+03 -1.499066376115484e+03	0
2	599	 1.499066376115482e+03 -1.210688199734649e+03  1.603839570074368e+03	553	-1.499066376115484e+03  2.998132752230965e+03 -1.499066376115484e+03	3
2	604	 1.607151514905847e+03 -1.214000144566131e+03  1.499066376115484e+03	558	-1.499066376115484e+03  2.998132752230965e+03 -1.499066376115484e+03	2
2	605	 1.607151514905847e+03 -1.214000144566131e+03  1.499066376115485e+03	559	-1.499066376115484e+03  2.998132752230965e+03  6.516875392707817e-15	4
2	608	-7.958078640513122e-13  7.602789822048412e+02  1.131938764250360e+03	562	8.137780172766422e-14 0.000000000000000e+00 4.030010838596754e-14	3
2	609	-6.821210263296962e-13  7.602789822048412e+02  1.131938764250360e+03	563	1.499066376115484e+03 1.522937239157407e-14 1.560815019424493e-14	0
2	610	-2.926003942566526e+02  6.857517645963705e+02  1.499066376115483e+03	564	1.499066376115484e+03 1.522937239157407e-14 1.560815019424493e-14	4
2	611	-2.926003942566525e+02  6.857517645963704e+02  1.499066376115483e+03	565	 1.499066376115484e+03  2.804572483380277e-14 -1.499066376115484e+03	2
2	612	-2.160837939429075e+02  6.986568797150002e+02  1.409644660683105e+03	566	1.499066376115484e+03 1.522937239157407e-14 1.560815019424493e-14	-1
1	617	 2.062650324288304e+03  3.706712826120878e+03 -5.522896316805482e+02	571	-1.499066376115484e+03 -2.998132752230965e+03  1.499066376115484e+03	-1
1	618	1.411684594356376e+03 1.004391088392923e+03 1.499066376115481e+03	572	 0.000000000000000e+00  3.578147120611488e-14 -1.499066376115484e+03	1
1	619	1.411684594356376e+03 1.004391088392923e+03 1.499066376115481e+03	573	0.000000000000000e+00 2.629596998832196e-14 2.301162899144159e-14	0
1	620	1.499066376115482e+03 1.001798980114722e+03 1.589040266152790e+03	574	-1.499066376115484e+03  2.332622365846862e-14 -1.499066376115484e+03	3
1	621	1.499066376115482e+03 1.001798980114722e+03 1.589040266152790e+03	575	 0.000000000000000e+00  3.578147120611488e-14 -1.499066376115484e+03	0
1	622	 2.583584485365014e+03  3.675357355517044e+03 -3.410605131648481e-13	576	-1.499066376115484e+03 -2.998132752230965e+03  1.499066376115484e+03	0
1	623	 2.583584485365014e+03  3.675357355517044e+03 -3.410605131648481e-13	577	-1.499066376115484e+03 -2.998132752230965e+03 -7.813873830305873e-15	1
1	624	 1.499066376115481e+03  3.672408401540765e+03 -1.081569155273254e+03	578	 5.357148449523283e-14 -2.998132752230965e+03  1.499066376115484e+03	0
1	625	 1.499066376115481e+03  3.672408401540765e+03 -1.081569155273254e+03	579	-1.499066376115484e+03 -2.998132752230965e+03  1.499066376115484e+03	3
2	626	5.174000150223000e+02 6.894806447786282e+02 6.853370866542725e+02	580	8.137780172766422e-14 0.000000000000000e+00 4.030010838596754e-14	-1
1	627	 1.965250734244383e+03  3.713160938126251e+03 -6.561373337298421e+02	581	-1.499066376115484e+03 -2.998132752230965e+03  1.499066376115484e+03	-1
1	628	2.706986495382353e+03 3.704037244981950e+03 9.472212055243381e+01	582	-1.499066376115484e+03 -2.998132752230965e+03 -7.813873830305873e-15	-1
2	629	3.518822309664910e+02 7.120192182474710e+02 8.283162972412388e+02	583	8.137780172766422e-14 0.000000000000000e+00 4.030010838596754e-14	-1
