191
3
208
208
4	9.060175472209838e+01 4.800135350043868e+02 9.638064254483227e+02	-5.473905656444043e-03  1.761805777101050e-02 -1.214415211456645e-02	1.000000000000000e+00	0	4
5	2.352561374713839e+02 4.455917428679430e+02 8.535738348354810e+02	-6.674429102254350e-03  1.801182896759306e-02 -1.133739986533871e-02	1.000000000000000e+00	0	5
6	4.158142674389128e+02 4.434493938018625e+02 6.751580539340325e+02	-9.746702129822479e-03  1.676361654971649e-02 -7.016914419894007e-03	1.000000000000000e+00	0	6
9	6.987607843482009e+02 4.873348943066208e+02 3.483260365199862e+02	-8.164827773695538e-03  1.521929644165932e-02 -7.054468667963785e-03	1.000000000000000e+00	0	9
10	9.340997584323243e+02 4.609794938159375e+02 1.393424629265461e+02	-6.619276076847477e-03  1.869469887620152e-02 -1.207542279935404e-02	1.000000000000000e+00	0	10
15	6.958112483357517e+02 9.183388045257624e+02 1.419338038428775e+03	 9.020225224157935e-03 -1.556909510157956e-02  6.548869877421628e-03	1.000000000000000e+00	0	15
16	2.213244225113892e+02 1.036664294563278e+03 2.764329981001410e+02	 3.469446951953614e-18 -6.931936683109443e-03  6.931936683109445e-03	1.000000000000000e+00	0	16
22	9.867155272798553e+01 9.810779130346230e+02 4.546722494121993e+02	 5.093826571095561e-03 -6.797219062707232e-03  1.703392491611671e-03	1.000000000000000e+00	0	22
23	1.425417676764740e+03 9.214581990368013e+02 6.866122154887468e+02	 7.588178887054085e-03 -1.088575485473012e-02  3.297575967676034e-03	1.000000000000000e+00	0	23
35	1.236784058759464e+03 4.720868057065270e+02 1.324617226824297e+03	-1.125107285421516e-02  1.819479548569630e-02 -6.943722631481134e-03	1.000000000000000e+00	0	35
37	1.124731183711137e+03 1.891258422994720e+02 5.283118354482140e+02	 6.775602476247903e-03  1.190270244266201e-02 -5.127099966414108e-03	1.000000000000000e+00	0	37
43	1.396284452602626e+03 1.110857840767850e+03 1.377199481986806e+03	-2.265824788574087e-03 -3.570190914699743e-03  1.304366126125657e-03	1.000000000000000e+00	0	43
44	1.180932153762783e+03 1.162187751244330e+03 1.110517272670482e+03	 1.189711680378197e-03  2.697211334690826e-03 -1.507499654312628e-03	1.000000000000000e+00	0	44
45	9.274012821138202e+02 1.116932740291837e+03 9.022414119740120e+02	 1.882780911462057e-03  4.712793966623116e-03 -2.830013055161059e-03	1.000000000000000e+00	0	45
46	7.071577147247672e+02 1.108558781855207e+03 6.903718030215891e+02	-8.967929555197225e-04 -1.616719228325796e-03  7.199262728060733e-04	1.000000000000000e+00	0	46
47	5.424509670979446e+02 1.128671389634975e+03 5.055524476149987e+02	-3.300578191373299e-03 -5.226884137357693e-03  1.926305945984394e-03	1.000000000000000e+00	0	47
48	3.251747453510594e+02 1.097866873314783e+03 3.190807421883054e+02	-5.269046006088827e-06 -1.922736722493865e-04  1.870046262432766e-04	1.000000000000000e+00	0	48
55	1.324272250515155e+03 1.696236443260983e+02 7.473551002256056e+02	 6.274101460598373e-03  1.170877999795155e-02 -5.434678537353172e-03	1.000000000000000e+00	0	55
56	5.227961935412512e+01 1.841788732678542e+02 9.598736162383002e+02	 4.608395254908374e-03  1.233699561977943e-02 -7.728600364871060e-03	1.000000000000000e+00	0	56
59	3.225703147686990e+02 2.048668342751521e+02 1.209476350645576e+03	 6.193922051509082e-03  1.170588377310320e-02 -5.511961721594122e-03	1.000000000000000e+00	0	59
62	5.932225102115550e+02 1.774743005038600e+02 8.454703744243778e+00	 6.411155609593624e-03  1.146798162563431e-02 -5.056826016040686e-03	1.000000000000000e+00	0	62
63	8.367530271333433e+02 1.861507553436759e+02 2.433087658262160e+02	 5.218695112549413e-03  1.275704220476077e-02 -7.538347092211354e-03	1.000000000000000e+00	0	63
66	8.853953631297063e+02 9.516197393479401e+02 5.520264397755442e+01	 3.528443831308163e-03 -7.937984982524991e-03  4.409541151216828e-03	1.000000000000000e+00	0	66
69	1.240131104192771e+03 3.691062379986508e-13 6.520866422624292e+02	 3.156196957350504e-03 -6.553617354967668e-03  3.397420397617164e-03	1.000000000000000e+00	1	69
70	1.240131104192771e+03 2.998132752230965e+03 6.520866422624297e+02	 3.156196957350504e-03 -6.553617354967668e-03  3.397420397617164e-03	1.000000000000000e+00	1	70
72	2.101753054076159e+02 2.010251367271268e+03 1.170857449891798e+03	 3.240333026889182e-03 -6.533394589199825e-03  3.293061562310643e-03	1.000000000000000e+00	0	72
75	4.070260568882824e+02 2.009620248249242e+03 9.746378174331570e+02	 3.269765581897584e-03 -6.598851398026536e-03  3.329085816128952e-03	1.000000000000000e+00	0	75
76	6.610360031359123e+02 2.006335578429318e+03 7.239125410054514e+02	 3.177322965859315e-03 -6.512456898535910e-03  3.335133932676594e-03	1.000000000000000e+00	0	76
77	9.139496496798789e+02 2.005100490518966e+03 4.722339823718365e+02	 3.233966261653554e-03 -6.354842694808597e-03  3.120876433155043e-03	1.000000000000000e+00	0	77
78	1.144346571651766e+03 2.010503269449323e+03 2.364342814695931e+02	 3.221596413076799e-03 -6.210529001707430e-03  2.988932588630631e-03	1.000000000000000e+00	0	78
81	1.383414121316539e+03 2.014246260401700e+03 1.492690116967922e+03	 3.166992015471492e-03 -6.301732699224856e-03  3.134740683753363e-03	1.000000000000000e+00	0	81
88	7.854336555326699e+02 9.575293481470168e+02 1.492547427755141e+02	 3.074645915851419e-03 -6.573218788923428e-03  3.498572873072010e-03	1.000000000000000e+00	0	88
89	5.828645140136553e+02 9.564217134582486e+02 3.529315189832968e+02	 2.970069339691881e-03 -5.156955108266096e-03  2.186885768574216e-03	1.000000000000000e+00	0	89
90	3.503868347594441e+02 9.382452366751278e+02 6.035856750206289e+02	 2.877256324035547e-03 -6.501875745332232e-03  3.624619421296686e-03	1.000000000000000e+00	0	90
91	9.220846687659107e+01 9.577943689842342e+02 8.422149105943755e+02	 2.597999042331818e-03 -5.698505621891711e-03  3.100506579559893e-03	1.000000000000000e+00	0	91
92	-7.144300623236480e-13  9.623489752040178e+02  9.298687712511837e+02	 2.319818059561149e-03 -4.916026348483375e-03  2.596208288922226e-03	1.000000000000000e+00	1	92
93	1.499066376115483e+03 9.623489752040180e+02 9.298687712511835e+02	 2.319818059561150e-03 -4.916026348483377e-03  2.596208288922227e-03	1.000000000000000e+00	1	93
94	1.340592047613985e+03 9.586555131716790e+02 1.092036561785017e+03	 3.159143981518820e-03 -5.194200976321755e-03  2.035056994802934e-03	1.000000000000000e+00	0	94
95	1.104423926321442e+03 9.303852603744111e+02 1.356474935874829e+03	 4.275580868615000e-03 -9.655479456375163e-03  5.379898587760164e-03	1.000000000000000e+00	0	95
102	1.313876444981337e+03 4.852408810923415e+02 1.234370765216610e+03	-1.110295560072994e-02  1.832087898041969e-02 -7.217923379689751e-03	1.000000000000000e+00	0	102
103	2.511868734974230e+01 4.926116006628039e+02 1.016691427162262e+03	-7.268342299351558e-03  1.786657828740172e-02 -1.059823598805016e-02	1.000000000000000e+00	0	103
104	1.644185647091331e+02 4.611638314323183e+02 9.088393190333566e+02	-5.319408407587671e-03  1.799152492624079e-02 -1.267211651865312e-02	1.000000000000000e+00	0	104
105	3.165053918152021e+02 4.378562757947032e+02 7.800600475649027e+02	-8.141988017342543e-03  1.755221320280727e-02 -9.410225185464730e-03	1.000000000000000e+00	0	105
106	4.583848090957797e+02 4.495490348177604e+02 6.264878712612677e+02	-1.017055799978553e-02  1.667313135166037e-02 -6.502573351874842e-03	1.000000000000000e+00	0	106
107	5.987541458775655e+02 4.748967886977473e+02 4.607707805994950e+02	-1.045883853311902e-02  1.697669548573566e-02 -6.517856952616636e-03	1.000000000000000e+00	0	107
108	8.581244264439443e+02 4.755661658534945e+02 2.007311228773690e+02	-6.712614768578472e-03  1.843163999271377e-02 -1.171902522413530e-02	1.000000000000000e+00	0	108
112	6.343696774641705e+02 9.113102770791739e+02 1.487808136746944e+03	 8.302503660902783e-03 -1.438419638235953e-02  6.081692721456749e-03	1.000000000000000e+00	0	112
117	1.584709833860734e+01 9.509517014974313e+02 5.676229153387693e+02	 6.400226640107013e-03 -8.847364129076073e-03  2.447137488969060e-03	1.000000000000000e+00	0	117
118	1.320001167094128e+03 8.929377906607198e+02 8.205491335354405e+02	 9.075868759567477e-03 -1.411909844574224e-02  5.043229686174767e-03	1.000000000000000e+00	0	118
120	8.553707956097086e+02 9.289033180042429e+02 1.249213977676337e+03	 9.786868616566458e-03 -2.016935152502764e-02  1.038248290846119e-02	1.000000000000000e+00	0	120
124	1.105924869096927e+03 4.530711060514364e+02 1.474492116141925e+03	-1.037178861966285e-02  1.837657903535477e-02 -8.004790415691918e-03	1.000000000000000e+00	0	124
126	9.400527684939645e+02 1.958894735018707e+02 3.368697890286426e+02	 5.765867069477509e-03  1.247762950454203e-02 -6.711762435064518e-03	1.000000000000000e+00	0	126
131	2.700941496554677e+01 1.091787297275313e+03 2.699498784226259e+01	-3.592809618758187e-03 -5.951197805866380e-03  2.358388187108193e-03	1.000000000000000e+00	0	131
132	1.290320678167280e+03 1.140258964811107e+03 1.241834583508203e+03	 4.842608580822836e-04  7.746016145894665e-04 -2.903407565071829e-04	1.000000000000000e+00	0	132
133	1.066451828462627e+03 1.142739135865506e+03 1.015485562749150e+03	 1.435928002386266e-03  4.460859629592015e-03 -3.024931627205748e-03	1.000000000000000e+00	0	133
134	7.930298879315136e+02 1.107840701084068e+03 7.769620569994745e+02	 5.403721834136840e-04  1.129452232449076e-03 -5.890800490353920e-04	1.000000000000000e+00	0	134
135	6.320577284946719e+02 1.113827909850347e+03 6.100026887963538e+02	-2.053611998560401e-03 -3.657654059042502e-03  1.604042060482101e-03	1.000000000000000e+00	0	135
136	4.271683708161091e+02 1.135438479886971e+03 3.835027610811678e+02	-2.783410527992363e-03 -8.722391360807864e-03  5.938980832815501e-03	1.000000000000000e+00	0	136
137	2.456504172451698e+02 1.057143601908901e+03 2.802796854882974e+02	 2.026402428923888e-03 -2.475433318731885e-02  2.678073561624274e-02	1.000000000000000e+00	0	137
141	1.214614640209609e+03 1.792633728346964e+02 6.280577614114612e+02	 6.744448865557721e-03  1.169903313594596e-02 -4.954584270388235e-03	1.000000000000000e+00	0	141
142	1.443984273893000e+03 1.704012211652966e+02 8.662895467642523e+02	 5.321768885522432e-03  1.198999475037080e-02 -6.668225864848372e-03	1.000000000000000e+00	0	142
143	1.060828067889153e+02 1.927624467889268e+02 1.005093230152018e+03	 4.889979247782201e-03  1.248116658376196e-02 -7.591187335979761e-03	1.000000000000000e+00	0	143
144	2.498456742003684e+02 2.061477618756380e+02 1.135470782476760e+03	 5.854469162245551e-03  1.192270575980902e-02 -6.068236597563468e-03	1.000000000000000e+00	0	144
145	3.829504055169232e+02 2.006454091623063e+02 1.274077866506646e+03	 6.457566994388537e-03  1.156010622681056e-02 -5.102539232422025e-03	1.000000000000000e+00	0	145
146	5.143575338141721e+02 1.858836301215397e+02 1.420246773844661e+03	 6.536585147743082e-03  1.126997760910206e-02 -4.733392461358979e-03	1.000000000000000e+00	0	146
147	7.199167539610631e+02 1.749126008180689e+02 1.377106471795429e+02	 5.739523716186760e-03  1.231516899951993e-02 -6.575645283333174e-03	1.000000000000000e+00	0	147
148	1.048646101220057e+03 9.364666175801402e+02 1.406171403770484e+03	 3.974194769726162e-03 -9.635379917004604e-03  5.661185147278442e-03	1.000000000000000e+00	0	148
149	9.344505953970585e+02 9.479367148684144e+02 9.830436189728029e+00	 3.729606393472422e-03 -8.623080673577189e-03  4.893474280104766e-03	1.000000000000000e+00	0	149
156	5.338179829731688e+02 2.008397545145817e+03 8.490685944516961e+02	 3.218323469894361e-03 -6.572246177436365e-03  3.353922707542003e-03	1.000000000000000e+00	0	156
157	7.891021531137669e+02 2.004739448987026e+03 5.974425204698889e+02	 3.191673983259541e-03 -6.438742905363631e-03  3.247068922104090e-03	1.000000000000000e+00	0	157
158	1.030503636691088e+03 2.007429748947603e+03 3.533507369319912e+02	 3.254424567616792e-03 -6.273968056819192e-03  3.019543489202399e-03	1.000000000000000e+00	0	158
159	1.200204765438887e+03 2.011822842923760e+03 1.792565142080342e+02	 3.197301547742777e-03 -6.194035798600753e-03  2.996734250857975e-03	1.000000000000000e+00	0	159
160	1.320799578173371e+03 2.013691667763240e+03 5.679287663407013e+01	 3.165000502183614e-03 -6.224826863486483e-03  3.059826361302869e-03	1.000000000000000e+00	0	160
161	1.416363451900452e+01 2.012897890650819e+03 1.364222597400858e+03	 3.103820845058738e-03 -6.387244923814113e-03  3.283424078755376e-03	1.000000000000000e+00	0	161
165	7.068999694887109e+02 9.600194333353675e+02 2.252983436311224e+02	 2.813642212307079e-03 -5.787615114759759e-03  2.973972902452679e-03	1.000000000000000e+00	0	165
166	4.671462441163773e+02 9.359306977705536e+02 4.891408045682699e+02	 3.203866876367935e-03 -5.595548348491628e-03  2.391681472123693e-03	1.000000000000000e+00	0	166
167	2.236266846201494e+02 9.493090437214773e+02 7.192820181135741e+02	 2.843184838899654e-03 -6.463623562790198e-03  3.620438723890545e-03	1.000000000000000e+00	0	167
168	1.442522414056685e+03 9.638942802072187e+02 9.848674283067778e+02	 2.301109899530216e-03 -4.668735295257516e-03  2.367625395727300e-03	1.000000000000000e+00	0	168
169	1.242055985130855e+03 9.333525825044043e+02 1.215875554935422e+03	 4.572497630941438e-03 -7.538101503987369e-03  2.965603873045931e-03	1.000000000000000e+00	0	169
173	3.633774510214171e+02 4.387419647807992e+02 7.323022993725915e+02	-9.292297068371798e-03  1.719216153903765e-02 -7.899864470665856e-03	1.000000000000000e+00	0	173
174	7.842351082237421e+02 4.862131945600668e+02 2.639734123909989e+02	-6.874190709428673e-03  1.629993752630063e-02 -9.425746816871959e-03	1.000000000000000e+00	0	174
183	5.386550486887352e+02 9.027754041701805e+02 9.299126231589204e+01	 6.975041732141517e-03 -1.286842117806067e-02  5.893379445919156e-03	1.000000000000000e+00	0	183
186	5.936396759474336e+01 9.664949588890604e+02 5.085627886910041e+02	 6.085364917976168e-03 -8.328167080085732e-03  2.242802162109565e-03	1.000000000000000e+00	0	186
187	1.470519694800901e+03 9.357098468836898e+02 6.272585496056978e+02	 6.745505766626817e-03 -9.474204202434505e-03  2.728698435807687e-03	1.000000000000000e+00	0	187
188	1.376817758871348e+03 9.073025515249019e+02 7.493677808940389e+02	 8.308565600835455e-03 -1.225406844470981e-02  3.945502843874355e-03	1.000000000000000e+00	0	188
189	1.250827771168627e+03 8.802585580755706e+02 9.024017620460905e+02	 9.398191973966758e-03 -1.612925503015433e-02  6.731063056187575e-03	1.000000000000000e+00	0	189
190	9.967056432264194e+02 1.127920930893661e+03 9.605575824847879e+02	 1.779546794819676e-03  5.172400287569368e-03 -3.392853492749692e-03	1.000000000000000e+00	0	190
192	9.207632489794886e+02 9.243519721657018e+02 1.188372870145098e+03	 8.586225353674549e-03 -2.153274584873688e-02  1.294652049506233e-02	1.000000000000000e+00	0	192
193	7.847410007979878e+02 9.268629621723995e+02 1.321884128319901e+03	 9.663755473705841e-03 -1.798460852955331e-02  8.320853055847474e-03	1.000000000000000e+00	0	193
201	9.803638023747059e+02 4.539407213544736e+02 1.001171914456284e+02	-8.128112288773566e-03  1.891337056486305e-02 -1.078525827608949e-02	1.000000000000000e+00	0	201
202	1.060757489828928e+03 4.503720142840950e+02 2.329221106178466e+01	-9.173396992437004e-03  1.839640422092909e-02 -9.223007228492092e-03	1.000000000000000e+00	0	202
203	1.157789438199777e+03 4.591047373053169e+02 1.416593915785194e+03	-1.081678402042069e-02  1.820214016530630e-02 -7.385356144885607e-03	1.000000000000000e+00	0	203
204	1.070421875267898e+03 1.939399801274494e+02 4.691883891769971e+02	 6.530260088443689e-03  1.204602398044361e-02 -5.515763891999924e-03	1.000000000000000e+00	0	204
205	9.908279591213096e+02 1.970877975438548e+02 3.864466556140035e+02	 6.288168240549351e-03  1.228365613916832e-02 -5.995487898618971e-03	1.000000000000000e+00	0	205
214	1.483783698631956e+03 1.097767749834795e+03 1.477788818949190e+03	-3.283503898714870e-03 -5.483333513243501e-03  2.199829614528632e-03	1.000000000000000e+00	0	214
215	1.340357554924942e+03 1.123010216098593e+03 1.309120208978379e+03	-9.753512048871692e-04 -1.451827621401698e-03  4.764764165145283e-04	1.000000000000000e+00	0	215
217	1.127487773623997e+03 1.155689874903282e+03 1.063570768872744e+03	 1.301467116450451e-03  3.440634051024069e-03 -2.139166934573617e-03	1.000000000000000e+00	0	217
219	8.404813276765225e+02 1.109516090900840e+03 8.227381069277113e+02	 1.176479544577730e-03  2.598537238418879e-03 -1.422057693841148e-03	1.000000000000000e+00	0	219
220	7.477008510902662e+02 1.107661346341105e+03 7.318123749011900e+02	-1.745878805595721e-04 -3.433380370643127e-04  1.687501565047406e-04	1.000000000000000e+00	0	220
222	5.939442403925619e+02 1.118429573854770e+03 5.672875366898209e+02	-2.750481765701317e-03 -4.415551301994149e-03  1.665069536292831e-03	1.000000000000000e+00	0	222
223	4.794430397060760e+02 1.139371332553037e+03 4.318445773050682e+02	-3.369614839704658e-03 -5.975823133969323e-03  2.606208294264665e-03	1.000000000000000e+00	0	223
224	3.786665163900844e+02 1.121782844989815e+03 3.486565415522986e+02	-2.046914980866833e-03 -1.240488201170236e-02  1.035796703083553e-02	1.000000000000000e+00	0	224
231	1.169502546459735e+03 1.843266013980092e+02 5.778824390982739e+02	 6.814822165162601e-03  1.179061735011654e-02 -4.975795184953942e-03	1.000000000000000e+00	0	231
232	1.267489561052770e+03 1.738056971933779e+02 6.863903578959405e+02	 6.560712173428060e-03  1.164303717805959e-02 -5.082325004631533e-03	1.000000000000000e+00	0	232
233	1.384339035054644e+03 1.681061174729230e+02 8.089394116182694e+02	 5.915714930358684e-03  1.192130672871764e-02 -6.005591798358957e-03	1.000000000000000e+00	0	233
234	4.788447738169242e-01 1.763535920094576e+02 9.158981229163885e+02	 4.885720872927505e-03  1.238763538153368e-02 -7.501914508606174e-03	1.000000000000000e+00	0	234
235	6.572414485635202e+02 1.741690292426533e+02 7.577891335741555e+01	 6.057712173349450e-03  1.175974289715736e-02 -5.702030723807905e-03	1.000000000000000e+00	0	235
236	8.897832823169689e+02 1.921130437539238e+02 2.903767325995939e+02	 5.394752536579494e-03  1.265712306107518e-02 -7.262370524495690e-03	1.000000000000000e+00	0	236
237	7.804206629897565e+02 1.795988707600177e+02 1.935282862662875e+02	 5.358519241526006e-03  1.267136971571283e-02 -7.312850474186826e-03	1.000000000000000e+00	0	237
238	8.440024660200379e+02 9.543808227921780e+02 9.383445764298492e+01	 3.345684347370207e-03 -7.369080078890880e-03  4.023395731520672e-03	1.000000000000000e+00	0	238
246	2.777795778499417e+02 2.009999340064793e+03 1.103505204655947e+03	 3.271008095464976e-03 -6.571019910789065e-03  3.300011815324088e-03	1.000000000000000e+00	0	246
247	3.605427369043092e+02 2.009810349472915e+03 1.020931036193457e+03	 3.283669761067759e-03 -6.596394188370805e-03  3.312724427303046e-03	1.000000000000000e+00	0	247
248	4.691268453034780e+02 2.009160358040921e+03 9.129969192262828e+02	 3.247817763400000e-03 -6.591395802535653e-03  3.343578039135653e-03	1.000000000000000e+00	0	248
249	5.984640185305665e+02 2.007394397953084e+03 7.854257060870311e+02	 3.191969600746852e-03 -6.544400777702194e-03  3.352431176955342e-03	1.000000000000000e+00	0	249
250	7.242206233009005e+02 2.005378118558829e+03 6.616853807109517e+02	 3.177620614830221e-03 -6.476834442532929e-03  3.299213827702708e-03	1.000000000000000e+00	0	250
251	8.531840782203842e+02 2.004638406887627e+03 5.334616374626705e+02	 3.212477290931323e-03 -6.397483223377814e-03  3.185005932446491e-03	1.000000000000000e+00	0	251
252	9.722907160733051e+02 2.006059892002961e+03 4.129335144944151e+02	 3.250505223279350e-03 -6.313944357610186e-03  3.063439134330837e-03	1.000000000000000e+00	0	252
253	1.087978478658347e+03 2.008986049491854e+03 2.943195944204805e+02	 3.243879004958295e-03 -6.238476771145692e-03  2.994597766187397e-03	1.000000000000000e+00	0	253
254	1.447435445723421e+03 2.014081193746913e+03 1.428833859215827e+03	 3.117348227321227e-03 -6.333496165598793e-03  3.216147938277566e-03	1.000000000000000e+00	0	254
255	7.504784995662767e+01 2.011732911354722e+03 1.304503361259332e+03	 3.139379095133561e-03 -6.431663759256146e-03  3.292284664122586e-03	1.000000000000000e+00	0	255
256	1.567871398582099e+02 2.010648764259681e+03 1.223848218452790e+03	 3.193979794357709e-03 -6.495686136665060e-03  3.301706342307350e-03	1.000000000000000e+00	0	256
265	6.456709383322916e+02 9.600145550754590e+02 2.865322530474501e+02	 2.804145767623433e-03 -5.413465513585438e-03  2.609319745962005e-03	1.000000000000000e+00	0	265
266	5.170884142584954e+02 9.451496536452161e+02 4.299796785514893e+02	 3.147510661762727e-03 -5.037767262095289e-03  1.890256600332563e-03	1.000000000000000e+00	0	266
267	4.163827324451312e+02 9.340546843493797e+02 5.417803296606899e+02	 2.980688567098186e-03 -6.064181059552737e-03  3.083492492454551e-03	1.000000000000000e+00	0	267
268	2.876157175114031e+02 9.439269776100932e+02 6.606750513337045e+02	 2.764752864190511e-03 -6.408691284406800e-03  3.643938420216289e-03	1.000000000000000e+00	0	268
269	1.588320205277939e+02 9.538521858310793e+02 7.795335400963277e+02	 2.804010461771601e-03 -6.232036723334132e-03  3.428026261562531e-03	1.000000000000000e+00	0	269
270	1.498822629405363e+03 9.623600220476613e+02 9.301014711176574e+02	 2.318649664451685e-03 -4.912962698774170e-03  2.594313034322486e-03	1.000000000000000e+00	0	270
271	1.390414863561067e+03 9.631877602932562e+02 1.037681498716358e+03	 2.502007573380758e-03 -4.680709708801706e-03  2.178702135420947e-03	1.000000000000000e+00	0	271
272	1.291562326638855e+03 9.476418252648274e+02 1.152079970667000e+03	 4.172631811832202e-03 -6.148916438414603e-03  1.976284626582401e-03	1.000000000000000e+00	0	272
273	1.176909696443378e+03 9.264071455493230e+02 1.287967280577980e+03	 4.687606094543241e-03 -8.960229458608327e-03  4.272623364065085e-03	1.000000000000000e+00	0	273
285	1.448067423057983e+03 4.976154974326756e+02 1.087805170799630e+03	-9.154920041465314e-03  1.864244596367828e-02 -9.487525922212968e-03	1.000000000000000e+00	0	285
289	1.646420369899658e+02 1.008365886692927e+03 3.614137914919154e+02	 7.060192810441362e-03 -8.978712012517936e-03  1.918519202076573e-03	1.000000000000000e+00	0	289
291	 7.825336538168044e+02  7.518880613580036e+02 -3.410605131648481e-12	 3.328405787301431e-03 -3.099175198785489e-03 -2.292305885159420e-04	1.000000000000000e+00	1	291
292	7.825336538168046e+02 7.518880613580034e+02 1.499066376115481e+03	 3.328405787301423e-03 -3.099175198785470e-03 -2.292305885159522e-04	1.000000000000000e+00	1	292
314	4.645443372333314e+02 1.919298008369055e+02 1.364387406548455e+03	 6.634916326777091e-03  1.136607080420691e-02 -4.731154477429822e-03	1.000000000000000e+00	0	314
315	5.006091636017504e+02 4.568476774573462e+02 5.769648741157112e+02	-1.042785873596173e-02  1.670866974768651e-02 -6.280811011724775e-03	1.000000000000000e+00	0	315
320	4.215600981734417e+02 1.513332968325473e+03 1.499066376115482e+03	1.228202500538804e-02 2.632791640758761e-03 9.649233364629290e-03	1.000000000000000e+00	1	320
321	 4.215600981734417e+02  1.513332968325473e+03 -2.273736754432321e-12	1.228202500538804e-02 2.632791640758761e-03 9.649233364629287e-03	1.000000000000000e+00	1	321
344	1.499066376115482e+03 2.452851218615489e+03 9.384329039551947e+02	 3.202637598634883e-03 -6.542454981731649e-03  3.339817383096765e-03	1.000000000000000e+00	1	344
345	-1.591615728102624e-12  2.452851218615488e+03  9.384329039551951e+02	 3.202637598634883e-03 -6.542454981731650e-03  3.339817383096766e-03	1.000000000000000e+00	1	345
366	1.009447847490827e+03 9.408643452674042e+02 1.440971929812450e+03	 3.958278936022304e-03 -9.423593247510341e-03  5.465314311488037e-03	1.000000000000000e+00	0	366
371	4.418298471951973e+02 9.029172306732976e+02 1.896746373063129e+02	 5.176550404050365e-03 -1.193062845576242e-02  6.754078051712053e-03	1.000000000000000e+00	0	371
377	1.378179054815231e+03 4.936667194248432e+02 1.161642317050215e+03	-1.042329340560765e-02  1.845017722369847e-02 -8.026883818090818e-03	1.000000000000000e+00	0	377
378	5.447985822928897e+02 4.651268042049463e+02 5.244963286769718e+02	-1.051063341033541e-02  1.678332308941132e-02 -6.272689679075909e-03	1.000000000000000e+00	0	378
386	7.404122717867756e+02 9.231578179994630e+02 1.369918001504050e+03	 9.519643722421738e-03 -1.674524752268340e-02  7.225603800261665e-03	1.000000000000000e+00	0	386
387	9.621704437295533e+01 1.081175768567017e+03 1.068141459579670e+02	-3.796578366563796e-03 -6.156909655240377e-03  2.360331288676580e-03	1.000000000000000e+00	0	387
389	1.222478276203687e+03 1.160628004279715e+03 1.153623142076001e+03	 1.583461583636405e-03  2.243723397720287e-03 -6.602618140838823e-04	1.000000000000000e+00	0	389
395	5.892790976352628e+02 9.068005003519613e+02 3.834211718758375e+01	 7.742641546558219e-03 -1.373155755297846e-02  5.988916006420239e-03	1.000000000000000e+00	0	395
398	1.917016212253680e+02 2.032974095752461e+02 1.080177081802151e+03	 5.153976456892357e-03  1.213194211656924e-02 -6.977965659676880e-03	1.000000000000000e+00	0	398
406	1.242031053992174e+03 2.012636361484737e+03 1.366167070937707e+02	 3.168882605136326e-03 -6.194379377281934e-03  3.025496772145608e-03	1.000000000000000e+00	0	406
407	1.179148116169159e+03 8.757048692581377e+02 9.786351058629918e+02	 8.563266716943961e-03 -1.720940722526653e-02  8.646140508322570e-03	1.000000000000000e+00	0	407
412	1.487995621320266e+02 1.071188032686262e+03 1.693843995977940e+02	-4.557445860328011e-03 -7.085064435834264e-03  2.527618575506253e-03	1.000000000000000e+00	0	412
413	3.350810757556867e+02 9.272665707782245e+02 2.720740686408967e+02	-3.220750258494530e-04 -2.965026690698411e-03  3.287101716547864e-03	1.000000000000000e+00	0	413
414	1.055369902586994e+03 8.947661426025892e+02 1.083352046100705e+03	 5.755964067612964e-03 -1.899551192486159e-02  1.323954785724863e-02	1.000000000000000e+00	0	414
415	1.197119944107704e+03 4.652313002330892e+02 1.371136846949496e+03	-1.106857117351669e-02  1.802891510201211e-02 -6.960343928495414e-03	1.000000000000000e+00	0	415
423	1.377093842456511e+03 2.014190280114170e+03 6.821210263296962e-13	 3.166790993173780e-03 -6.293969864850759e-03  3.127178871676978e-03	1.000000000000000e+00	1	423
424	1.377093842456511e+03 2.014190280114170e+03 1.499066376115485e+03	 3.166790993173780e-03 -6.293969864850759e-03  3.127178871676978e-03	1.000000000000000e+00	1	424
427	5.855824607894313e+02 1.782889548259786e+02 1.499066376115485e+03	 6.423306603789418e-03  1.144879997439710e-02 -5.025493370607686e-03	1.000000000000000e+00	1	427
428	5.855824607894317e+02 1.782889548259791e+02 1.242741341107471e-12	 6.423306603789417e-03  1.144879997439710e-02 -5.025493370607686e-03	1.000000000000000e+00	1	428
433	 1.045284509527377e+03 -2.728484105318785e-12  6.379910035639281e+02	 7.397736926295995e-03  1.085535621592094e-02 -3.457619289624946e-03	1.000000000000000e+00	1	433
434	1.045284509527376e+03 2.998132752230962e+03 6.379910035639276e+02	 7.397736926295994e-03  1.085535621592094e-02 -3.457619289624946e-03	1.000000000000000e+00	1	434
469	6.442187639702531e+02 4.818227709550316e+02 4.083801802495231e+02	-1.011503525689054e-02  1.722730587382734e-02 -7.112270616936807e-03	1.000000000000000e+00	0	469
471	6.241350627108334e+02 9.102866524639721e+02 1.499066376115483e+03	 8.175426717624451e-03 -1.423606107300825e-02  6.060634355383798e-03	1.000000000000000e+00	1	471
472	 6.241350627108334e+02  9.102866524639721e+02 -8.691945933869607e-13	 8.175426717624449e-03 -1.423606107300824e-02  6.060634355383795e-03	1.000000000000000e+00	1	472
473	 3.358817689509806e+00  1.095131687841541e+03 -2.273736754432321e-12	-3.419839576457076e-03 -5.689558588606430e-03  2.269719012149354e-03	1.000000000000000e+00	1	473
474	3.358817689509806e+00 1.095131687841541e+03 1.499066376115482e+03	-3.419839576457076e-03 -5.689558588606430e-03  2.269719012149354e-03	1.000000000000000e+00	1	474
477	9.866700032325546e+02 9.123651501001949e+02 1.134452937957539e+03	 6.578669134136820e-03 -2.102188408879356e-02  1.444321495465674e-02	1.000000000000000e+00	0	477
479	4.939676303900089e+02 9.013147517587521e+02 1.391393330260468e+02	 6.484666848669808e-03 -1.303272474186292e-02  6.548057893193107e-03	1.000000000000000e+00	0	479
480	1.499066376115483e+03 4.942628777888456e+02 1.040158837385960e+03	-7.890909633436045e-03  1.812261325486648e-02 -1.023170362143043e-02	1.000000000000000e+00	1	480
481	-1.136868377216160e-12  4.942628777888456e+02  1.040158837385960e+03	-7.890909633436043e-03  1.812261325486647e-02 -1.023170362143043e-02	1.000000000000000e+00	1	481
482	1.435934349383250e+03 1.104501231918802e+03 1.423205987616477e+03	-2.784543901972689e-03 -4.609020115776768e-03  1.824476213804078e-03	1.000000000000000e+00	0	482
483	2.401683809628678e+02 9.969682801468444e+02 2.972850540650956e+02	 1.102519355065777e-04  6.635150849875971e-03 -6.745402785382550e-03	7.500000000000000e-01	0	483
484	4.241604182412404e+02 1.965543107358868e+02 1.319378977657383e+03	 6.599508007424528e-03  1.145764618238458e-02 -4.858138174960057e-03	1.000000000000000e+00	0	484
485	1.122086230137875e+03 8.806477340738488e+02 1.030754127078565e+03	 6.799974244333228e-03 -1.807817517890769e-02  1.127820093457446e-02	1.000000000000000e+00	0	485
486	-1.591615728102624e-12  1.095606652514246e+03  1.495232593753266e+03	-3.395274664583785e-03 -5.652401030979203e-03  2.257126366395418e-03	1.000000000000000e+00	1	486
487	1.499066376115482e+03 1.095606652514246e+03 1.495232593753266e+03	-3.395274664583785e-03 -5.652401030979203e-03  2.257126366395418e-03	1.000000000000000e+00	1	487
488	1.499066376115482e+03 2.013152621001281e+03 1.378131501569402e+03	 3.106732892560287e-03 -6.375674397156764e-03  3.268941504596477e-03	1.000000000000000e+00	1	488
489	-1.818989403545856e-12  2.013152621001282e+03  1.378131501569402e+03	 3.106732892560287e-03 -6.375674397156764e-03  3.268941504596476e-03	1.000000000000000e+00	1	489
491	 1.082736301056545e+03  4.516854141182629e+02 -3.865352482534945e-12	-9.756544028603794e-03  1.838675712565033e-02 -8.630213097046533e-03	1.000000000000000e+00	1	491
492	1.082736301056545e+03 4.516854141182629e+02 1.499066376115480e+03	-9.756544028603787e-03  1.838675712565033e-02 -8.630213097046540e-03	1.000000000000000e+00	1	492
493	-1.136868377216160e-12  9.455108678758364e+02  5.889108472989693e+02	 6.523479769598876e-03 -9.071125123582366e-03  2.547645353983491e-03	1.000000000000000e+00	1	493
494	1.499066376115483e+03 9.455108678758363e+02 5.889108472989694e+02	 6.523479769598876e-03 -9.071125123582368e-03  2.547645353983492e-03	1.000000000000000e+00	1	494
495	9.453045810655863e+02 9.469131653896159e+02 1.499066376115483e+03	 3.762701052680987e-03 -8.738934945065471e-03  4.976233892384481e-03	1.000000000000000e+00	1	495
496	 9.453045810655863e+02  9.469131653896159e+02 -1.364242052659392e-12	 3.762701052680987e-03 -8.738934945065471e-03  4.976233892384481e-03	1.000000000000000e+00	1	496
497	4.857006807586420e+01 9.601477313489753e+02 8.834999470303612e+02	 2.552637735274713e-03 -5.526502998050650e-03  2.973865262775936e-03	1.000000000000000e+00	0	497
498	3.937828080914608e+02 9.096667349887482e+02 2.309721720945988e+02	 3.538827089136015e-03 -1.191667790925059e-02  8.377850820114580e-03	1.000000000000000e+00	0	498
499	1.874558756467770e+02 1.062292807841578e+03 2.169359379572284e+02	-1.435324465469148e-03 -4.216542525094624e-03  2.781218059625476e-03	1.000000000000000e+00	0	499
500	1.499066376115481e+03 1.763022922778182e+02 9.154705778742109e+02	 4.889478895842038e-03  1.238420836762582e-02 -7.494729471783779e-03	1.000000000000000e+00	1	500
501	-3.637978807091713e-12  1.763022922778182e+02  9.154705778742109e+02	 4.889478895842038e-03  1.238420836762582e-02 -7.494729471783779e-03	1.000000000000000e+00	1	501
502	7.414979462859715e+02 4.867740444333438e+02 3.061497244554926e+02	-1.191828513709958e-02  2.431843699081332e-02 -1.240015185371374e-02	1.000000000000000e+00	0	502
503	2.876247283592772e+02 9.621174254625345e+02 2.846795613529961e+02	-9.652770429753703e-03 -2.606220365756530e-02  3.571497408731900e-02	1.000000000000000e+00	0	503
0	 0.000000000000000e+00 -7.071067811865475e-01  7.071067811865475e-01	5.773502691896257e-01 5.773502691896257e-01 5.773502691896257e-01	1.011162697096763e+03 1.011162697096763e+03 1.011162697096763e+03	1	0	0.000000000000000e+00	0.000000000000000e+00	0.000000000000000e+00
1	7.071067811865475e-01 7.071067811865475e-01 0.000000000000000e+00	 5.773502691896257e-01 -5.773502691896257e-01 -5.773502691896257e-01	-3.639242900506764e+02  3.639242900506764e+02  3.639242900506764e+02	1	0	0.000000000000000e+00	0.000000000000000e+00	0.000000000000000e+00
2	-7.071067811865475e-01  7.071067811865475e-01  0.000000000000000e+00	5.773502691896257e-01 5.773502691896257e-01 5.773502691896257e-01	6.307392488184003e+02 6.307392488184003e+02 6.307392488184003e+02	1	0	0.000000000000000e+00	0.000000000000000e+00	0.000000000000000e+00
0	103	4	1	0
0	4	104	1	0
0	104	5	1	0
0	5	105	1	0
0	6	106	1	0
0	173	6	1	0
0	475	9	1	0
0	9	510	1	0
0	108	10	1	0
0	10	291	1	0
0	15	112	1	0
0	292	15	1	0
0	16	289	1	0
0	489	16	1	0
0	22	186	1	0
0	289	22	1	0
0	187	23	1	0
0	23	188	1	0
0	35	102	1	0
0	419	35	1	0
0	97	300	1	0
0	390	97	1	0
0	102	381	1	0
0	487	103	1	0
0	105	173	1	0
0	106	315	1	0
0	382	107	1	0
0	107	475	1	0
0	174	108	1	0
0	112	477	1	0
0	186	117	1	0
0	117	501	1	0
0	188	118	1	0
0	118	189	1	0
0	192	120	1	0
0	120	193	1	0
0	124	203	1	0
0	500	124	1	0
0	510	174	1	0
0	399	183	1	0
0	183	485	1	0
0	502	187	1	0
0	189	411	1	0
0	483	192	1	0
0	193	390	1	0
0	200	201	1	0
0	301	200	1	0
0	201	202	1	0
0	202	499	1	0
0	203	419	1	0
0	381	285	1	0
0	285	486	1	0
0	291	292	0	1
0	300	301	0	1
0	315	382	1	0
0	485	375	1	0
0	375	506	1	0
0	478	399	1	0
0	411	491	1	0
0	506	417	1	0
0	417	511	1	0
0	418	483	1	0
0	491	418	1	0
0	477	478	0	1
0	486	487	0	1
0	511	489	1	0
0	499	500	0	1
0	501	502	0	1
1	204	37	1	0
1	37	437	1	0
1	43	215	1	0
1	488	43	1	0
1	44	217	1	0
1	393	44	1	0
1	218	45	1	0
1	45	219	1	0
1	46	135	1	0
1	220	46	1	0
1	222	47	1	0
1	47	223	1	0
1	48	137	1	0
1	224	48	1	0
1	232	55	1	0
1	55	233	1	0
1	56	143	1	0
1	234	56	1	0
1	144	59	1	0
1	59	145	1	0
1	62	235	1	0
1	432	62	1	0
1	63	236	1	0
1	237	63	1	0
1	98	231	1	0
1	440	98	1	0
1	126	205	1	0
1	236	126	1	0
1	391	131	1	0
1	131	479	1	0
1	215	132	1	0
1	132	393	1	0
1	217	133	1	0
1	133	218	1	0
1	219	134	1	0
1	134	220	1	0
1	135	222	1	0
1	223	136	1	0
1	136	224	1	0
1	137	138	1	0
1	138	324	1	0
1	231	141	1	0
1	141	232	1	0
1	233	142	1	0
1	142	508	1	0
1	143	402	1	0
1	402	144	1	0
1	145	490	1	0
1	314	146	1	0
1	146	431	1	0
1	235	147	1	0
1	147	237	1	0
1	205	204	1	0
1	214	488	1	0
1	493	214	1	0
1	509	234	1	0
1	321	280	1	0
1	280	507	1	0
1	490	314	1	0
1	320	321	0	1
1	438	320	1	0
1	324	325	0	1
1	325	439	1	0
1	416	391	1	0
1	507	416	1	0
1	431	432	0	1
1	437	438	0	1
1	439	440	0	1
1	479	480	0	1
1	480	492	1	0
1	492	493	0	1
1	508	509	0	1
2	149	66	1	0
2	66	238	1	0
2	69	70	0	1
2	239	69	1	0
2	70	346	1	0
2	72	246	1	0
2	347	72	1	0
2	247	75	1	0
2	75	248	1	0
2	249	76	1	0
2	76	250	1	0
2	251	77	1	0
2	77	252	1	0
2	78	159	1	0
2	253	78	1	0
2	81	254	1	0
2	428	81	1	0
2	256	83	1	0
2	83	350	1	0
2	84	85	0	1
2	351	84	1	0
2	85	88	1	0
2	88	165	1	0
2	265	89	1	0
2	89	266	1	0
2	267	90	1	0
2	90	268	1	0
2	269	91	1	0
2	91	505	1	0
2	92	93	0	1
2	505	92	1	0
2	93	270	1	0
2	271	94	1	0
2	94	272	1	0
2	95	148	1	0
2	273	95	1	0
2	148	370	1	0
2	504	149	1	0
2	248	156	1	0
2	156	249	1	0
2	250	157	1	0
2	157	251	1	0
2	252	158	1	0
2	158	253	1	0
2	159	410	1	0
2	410	160	1	0
2	160	427	1	0
2	161	255	1	0
2	495	161	1	0
2	165	265	1	0
2	266	166	1	0
2	166	267	1	0
2	268	167	1	0
2	167	269	1	0
2	270	168	1	0
2	168	271	1	0
2	272	169	1	0
2	169	273	1	0
2	238	239	1	0
2	246	247	1	0
2	254	494	1	0
2	255	256	1	0
2	346	347	0	1
2	350	351	0	1
2	370	503	1	0
2	427	428	0	1
2	494	495	0	1
2	503	504	0	1
0	4	1.589668130837582e+03 4.800135350043868e+02 9.638064254483227e+02	4	-1.499066376115484e+03  0.000000000000000e+00  4.030010838596754e-14	-1
0	5	1.734322513586868e+03 4.455917428679430e+02 8.535738348354810e+02	5	-1.499066376115484e+03  0.000000000000000e+00  4.030010838596754e-14	-1
0	6	1.914880643554397e+03 4.434493938018625e+02 6.751580539340325e+02	6	-1.499066376115484e+03  0.000000000000000e+00  4.030010838596754e-14	-1
0	9	2.197827160463685e+03 4.873348943066207e+02 3.483260365199861e+02	9	-1.499066376115484e+03  0.000000000000000e+00  4.030010838596754e-14	-1
0	10	2.433166134547808e+03 4.609794938159375e+02 1.393424629265461e+02	10	-1.499066376115484e+03  0.000000000000000e+00  4.030010838596754e-14	-1
0	15	 2.194877624451236e+03  9.183388045257624e+02 -7.972833768670944e+01	15	-1.499066376115484e+03  1.230587543381537e-14  1.499066376115484e+03	-1
0	16	1.720390798626873e+03 1.036664294563278e+03 2.764329981001408e+02	16	-1.499066376115484e+03  0.000000000000000e+00  4.030010838596754e-14	-1
0	22	1.597737928843469e+03 9.810779130346230e+02 4.546722494121992e+02	22	-1.499066376115484e+03  0.000000000000000e+00  4.030010838596754e-14	-1
0	23	1.425417676764740e+03 9.214581990368013e+02 6.866122154887468e+02	23	-4.025158196581172e-15  4.035160026761814e-14  0.000000000000000e+00	-1
0	35	1.236784058759464e+03 4.720868057065270e+02 1.324617226824297e+03	35	-4.025158196581172e-15  4.035160026761814e-14  0.000000000000000e+00	-1
1	37	2.623797559826621e+03 3.187258594530437e+03 5.283118354482139e+02	37	-1.499066376115484e+03 -2.998132752230965e+03 -7.813873830305873e-15	-1
1	43	1.396284452602626e+03 1.110857840767849e+03 1.377199481986805e+03	43	0.000000000000000e+00 2.629596998832196e-14 2.301162899144159e-14	-1
1	44	1.180932153762783e+03 1.162187751244330e+03 1.110517272670482e+03	44	0.000000000000000e+00 2.629596998832196e-14 2.301162899144159e-14	-1
1	45	9.274012821138202e+02 1.116932740291837e+03 9.022414119740120e+02	45	0.000000000000000e+00 2.629596998832196e-14 2.301162899144159e-14	-1
1	46	7.071577147247672e+02 1.108558781855207e+03 6.903718030215891e+02	46	0.000000000000000e+00 2.629596998832196e-14 2.301162899144159e-14	-1
1	47	5.424509670979446e+02 1.128671389634975e+03 5.055524476149987e+02	47	0.000000000000000e+00 2.629596998832196e-14 2.301162899144159e-14	-1
1	48	3.251747453510594e+02 1.097866873314783e+03 3.190807421883054e+02	48	0.000000000000000e+00 2.629596998832196e-14 2.301162899144159e-14	-1
1	55	 1.324272250515155e+03  3.167756396557063e+03 -7.517112758898785e+02	55	 5.357148449523283e-14 -2.998132752230965e+03  1.499066376115484e+03	-1
1	56	 1.551345995469609e+03  3.182311625498819e+03 -5.391927598771838e+02	56	-1.499066376115484e+03 -2.998132752230965e+03  1.499066376115484e+03	-1
1	59	 1.821636690884183e+03  3.202999586506117e+03 -2.895900254699079e+02	59	-1.499066376115484e+03 -2.998132752230965e+03  1.499066376115484e+03	-1
1	62	2.092288886327039e+03 3.175607052734825e+03 8.454703744243695e+00	62	-1.499066376115484e+03 -2.998132752230965e+03 -7.813873830305873e-15	-1
1	63	2.335819403248827e+03 3.184283507574641e+03 2.433087658262160e+02	63	-1.499066376115484e+03 -2.998132752230965e+03 -7.813873830305873e-15	-1
2	66	-6.136710129857778e+02  9.516197393479400e+02  1.554269020093038e+03	66	 1.499066376115484e+03  2.804572483380277e-14 -1.499066376115484e+03	-1
2	69	-2.589352719227131e+02  3.410605131648481e-13  2.151153018377913e+03	69	 1.499066376115484e+03  2.804572483380277e-14 -1.499066376115484e+03	0
2	70	-2.589352719227132e+02  4.547473508864641e-13  2.151153018377914e+03	70	 1.499066376115484e+03  2.998132752230965e+03 -1.499066376115484e+03	1
2	72	 2.101753054076160e+02 -9.878813849596966e+02  2.669923826007282e+03	72	 0.000000000000000e+00  2.998132752230965e+03 -1.499066376115484e+03	-1
2	75	 4.070260568882823e+02 -9.885125039817226e+02  2.473704193548641e+03	75	 0.000000000000000e+00  2.998132752230965e+03 -1.499066376115484e+03	-1
2	76	 6.610360031359123e+02 -9.917971738016470e+02  2.222978917120935e+03	76	 0.000000000000000e+00  2.998132752230965e+03 -1.499066376115484e+03	-1
2	77	 9.139496496798789e+02 -9.930322617119987e+02  1.971300358487320e+03	77	 0.000000000000000e+00  2.998132752230965e+03 -1.499066376115484e+03	-1
2	78	 1.144346571651766e+03 -9.876294827816421e+02  1.735500657585077e+03	78	 0.000000000000000e+00  2.998132752230965e+03 -1.499066376115484e+03	-1
2	81	 1.383414121316539e+03 -9.838864918292647e+02  1.492690116967922e+03	81	2.881180732755041e-14 2.998132752230965e+03 0.000000000000000e+00	-1
2	83	 1.709241681523100e+03 -9.878813849596966e+02  1.170857449891797e+03	72	-1.499066376115484e+03  2.998132752230965e+03  6.516875392707817e-15	-1
2	84	 1.240131104192771e+03 -2.273736754432321e-13  6.520866422624304e+02	70	2.881180732755041e-14 2.998132752230965e+03 0.000000000000000e+00	1
2	85	 1.240131104192771e+03 -2.273736754432321e-13  6.520866422624304e+02	69	8.137780172766422e-14 0.000000000000000e+00 4.030010838596754e-14	0
2	88	7.854336555326698e+02 9.575293481470168e+02 1.492547427755141e+02	88	8.137780172766422e-14 0.000000000000000e+00 4.030010838596754e-14	-1
2	89	5.828645140136551e+02 9.564217134582486e+02 3.529315189832968e+02	89	8.137780172766422e-14 0.000000000000000e+00 4.030010838596754e-14	-1
2	90	3.503868347594441e+02 9.382452366751278e+02 6.035856750206289e+02	90	8.137780172766422e-14 0.000000000000000e+00 4.030010838596754e-14	-1
2	91	9.220846687659098e+01 9.577943689842342e+02 8.422149105943755e+02	91	8.137780172766422e-14 0.000000000000000e+00 4.030010838596754e-14	-1
2	92	-7.958078640513122e-13  9.623489752040178e+02  9.298687712511837e+02	92	8.137780172766422e-14 0.000000000000000e+00 4.030010838596754e-14	3
2	93	-6.821210263296962e-13  9.623489752040180e+02  9.298687712511835e+02	93	1.499066376115484e+03 1.522937239157407e-14 1.560815019424493e-14	0
2	94	-1.584743285014986e+02  9.586555131716790e+02  1.092036561785017e+03	94	1.499066376115484e+03 1.522937239157407e-14 1.560815019424493e-14	-1
2	95	-3.946424497940420e+02  9.303852603744111e+02  1.356474935874829e+03	95	1.499066376115484e+03 1.522937239157407e-14 1.560815019424493e-14	-1
0	97	6.958112483357517e+02 9.183388045257624e+02 1.419338038428775e+03	15	-4.025158196581172e-15  4.035160026761814e-14  0.000000000000000e+00	-1
1	98	 1.124731183711137e+03  3.187258594530437e+03 -9.707545406672701e+02	37	 5.357148449523283e-14 -2.998132752230965e+03  1.499066376115484e+03	-1
0	102	1.313876444981337e+03 4.852408810923413e+02 1.234370765216610e+03	102	-4.025158196581172e-15  4.035160026761814e-14  0.000000000000000e+00	-1
0	103	1.524185063465226e+03 4.926116006628038e+02 1.016691427162262e+03	103	-1.499066376115484e+03  0.000000000000000e+00  4.030010838596754e-14	-1
0	104	1.663484940824617e+03 4.611638314323183e+02 9.088393190333566e+02	104	-1.499066376115484e+03  0.000000000000000e+00  4.030010838596754e-14	-1
0	105	1.815571767930686e+03 4.378562757947032e+02 7.800600475649027e+02	105	-1.499066376115484e+03  0.000000000000000e+00  4.030010838596754e-14	-1
0	106	1.957451185211264e+03 4.495490348177604e+02 6.264878712612677e+02	106	-1.499066376115484e+03  0.000000000000000e+00  4.030010838596754e-14	-1
0	107	2.097820521993050e+03 4.748967886977474e+02 4.607707805994950e+02	107	-1.499066376115484e+03  0.000000000000000e+00  4.030010838596754e-14	-1
0	108	2.357190802559428e+03 4.755661658534945e+02 2.007311228773691e+02	108	-1.499066376115484e+03  0.000000000000000e+00  4.030010838596754e-14	-1
0	112	 2.133436053579655e+03  9.113102770791739e+02 -1.125823936853999e+01	112	-1.499066376115484e+03  1.230587543381537e-14  1.499066376115484e+03	-1
0	117	1.514913474454091e+03 9.509517014974313e+02 5.676229153387693e+02	117	-1.499066376115484e+03  0.000000000000000e+00  4.030010838596754e-14	-1
0	118	1.320001167094128e+03 8.929377906607198e+02 8.205491335354405e+02	118	-4.025158196581172e-15  4.035160026761814e-14  0.000000000000000e+00	-1
0	120	8.553707956097086e+02 9.289033180042429e+02 1.249213977676337e+03	120	-4.025158196581172e-15  4.035160026761814e-14  0.000000000000000e+00	-1
0	124	1.105924869096927e+03 4.530711060514363e+02 1.474492116141925e+03	124	-4.025158196581172e-15  4.035160026761814e-14  0.000000000000000e+00	-1
1	126	2.439119144609449e+03 3.194022225732836e+03 3.368697890286426e+02	126	-1.499066376115484e+03 -2.998132752230965e+03 -7.813873830305873e-15	-1
1	131	1.526075791081031e+03 1.091787297275313e+03 1.526061363957747e+03	131	-1.499066376115484e+03  2.332622365846862e-14 -1.499066376115484e+03	-1
1	132	1.290320678167281e+03 1.140258964811107e+03 1.241834583508203e+03	132	0.000000000000000e+00 2.629596998832196e-14 2.301162899144159e-14	-1
1	133	1.066451828462627e+03 1.142739135865506e+03 1.015485562749150e+03	133	0.000000000000000e+00 2.629596998832196e-14 2.301162899144159e-14	-1
1	134	7.930298879315136e+02 1.107840701084068e+03 7.769620569994745e+02	134	0.000000000000000e+00 2.629596998832196e-14 2.301162899144159e-14	-1
1	135	6.320577284946719e+02 1.113827909850347e+03 6.100026887963538e+02	135	0.000000000000000e+00 2.629596998832196e-14 2.301162899144159e-14	-1
1	136	4.271683708161091e+02 1.135438479886971e+03 3.835027610811678e+02	136	0.000000000000000e+00 2.629596998832196e-14 2.301162899144159e-14	-1
1	137	2.456504172451697e+02 1.057143601908901e+03 2.802796854882974e+02	137	0.000000000000000e+00 2.629596998832196e-14 2.301162899144159e-14	-1
1	138	2.213244225113889e+02 1.036664294563278e+03 2.764329981001408e+02	16	0.000000000000000e+00 2.629596998832196e-14 2.301162899144159e-14	-1
1	141	 1.214614640209609e+03  3.177396125065661e+03 -8.710086147040228e+02	141	 5.357148449523283e-14 -2.998132752230965e+03  1.499066376115484e+03	-1
1	142	 1.443984273893000e+03  3.168533973396261e+03 -6.327768293512316e+02	142	 5.357148449523283e-14 -2.998132752230965e+03  1.499066376115484e+03	-1
1	143	 1.605149182904399e+03  3.190895199019892e+03 -4.939731459634664e+02	143	-1.499066376115484e+03 -2.998132752230965e+03  1.499066376115484e+03	-1
1	144	 1.748912050315852e+03  3.204280514106603e+03 -3.635955936387243e+02	144	-1.499066376115484e+03 -2.998132752230965e+03  1.499066376115484e+03	-1
1	145	 1.882016781632407e+03  3.198778161393271e+03 -2.249885096088378e+02	145	-1.499066376115484e+03 -2.998132752230965e+03  1.499066376115484e+03	-1
1	146	 2.013423909929656e+03  3.184016382352504e+03 -7.881960227082254e+01	146	-1.499066376115484e+03 -2.998132752230965e+03  1.499066376115484e+03	-1
1	147	2.218983130076547e+03 3.173045353049034e+03 1.377106471795427e+02	147	-1.499066376115484e+03 -2.998132752230965e+03 -7.813873830305873e-15	-1
2	148	-4.504202748954267e+02  9.364666175801402e+02  1.406171403770484e+03	148	1.499066376115484e+03 1.522937239157407e-14 1.560815019424493e-14	-1
2	149	-5.646157807184255e+02  9.479367148684144e+02  1.508896812305212e+03	149	 1.499066376115484e+03  2.804572483380277e-14 -1.499066376115484e+03	-1
2	156	 5.338179829731688e+02 -9.897352070851480e+02  2.348134970567180e+03	156	 0.000000000000000e+00  2.998132752230965e+03 -1.499066376115484e+03	-1
2	157	 7.891021531137669e+02 -9.933933032439390e+02  2.096508896585373e+03	157	 0.000000000000000e+00  2.998132752230965e+03 -1.499066376115484e+03	-1
2	158	 1.030503636691088e+03 -9.907030032833620e+02  1.852417113047475e+03	158	 0.000000000000000e+00  2.998132752230965e+03 -1.499066376115484e+03	-1
2	159	 1.200204765438887e+03 -9.863099093072044e+02  1.678322890323518e+03	159	 0.000000000000000e+00  2.998132752230965e+03 -1.499066376115484e+03	-1
2	160	 1.320799578173371e+03 -9.844410844677247e+02  1.555859252749554e+03	160	 0.000000000000000e+00  2.998132752230965e+03 -1.499066376115484e+03	-1
2	161	 1.513230010634489e+03 -9.852348615801459e+02  1.364222597400858e+03	161	-1.499066376115484e+03  2.998132752230965e+03  6.516875392707817e-15	-1
2	165	7.068999694887108e+02 9.600194333353675e+02 2.252983436311223e+02	165	8.137780172766422e-14 0.000000000000000e+00 4.030010838596754e-14	-1
2	166	4.671462441163772e+02 9.359306977705536e+02 4.891408045682699e+02	166	8.137780172766422e-14 0.000000000000000e+00 4.030010838596754e-14	-1
2	167	2.236266846201493e+02 9.493090437214773e+02 7.192820181135741e+02	167	8.137780172766422e-14 0.000000000000000e+00 4.030010838596754e-14	-1
2	168	-5.654396205879880e+01  9.638942802072187e+02  9.848674283067778e+02	168	1.499066376115484e+03 1.522937239157407e-14 1.560815019424493e-14	-1
2	169	-2.570103909846289e+02  9.333525825044043e+02  1.215875554935422e+03	169	1.499066376115484e+03 1.522937239157407e-14 1.560815019424493e-14	-1
0	173	1.862443827136901e+03 4.387419647807992e+02 7.323022993725915e+02	173	-1.499066376115484e+03  0.000000000000000e+00  4.030010838596754e-14	-1
0	174	2.283301484339226e+03 4.862131945600668e+02 2.639734123909988e+02	174	-1.499066376115484e+03  0.000000000000000e+00  4.030010838596754e-14	-1
0	183	2.037721424804219e+03 9.027754041701805e+02 9.299126231589197e+01	183	-1.499066376115484e+03  0.000000000000000e+00  4.030010838596754e-14	-1
0	186	1.558430343710227e+03 9.664949588890604e+02 5.085627886910041e+02	186	-1.499066376115484e+03  0.000000000000000e+00  4.030010838596754e-14	-1
0	187	1.470519694800901e+03 9.357098468836898e+02 6.272585496056978e+02	187	-4.025158196581172e-15  4.035160026761814e-14  0.000000000000000e+00	-1
0	188	1.376817758871348e+03 9.073025515249019e+02 7.493677808940389e+02	188	-4.025158196581172e-15  4.035160026761814e-14  0.000000000000000e+00	-1
0	189	1.250827771168627e+03 8.802585580755706e+02 9.024017620460905e+02	189	-4.025158196581172e-15  4.035160026761814e-14  0.000000000000000e+00	-1
0	192	9.207632489794886e+02 9.243519721657018e+02 1.188372870145098e+03	192	-4.025158196581172e-15  4.035160026761814e-14  0.000000000000000e+00	-1
0	193	7.847410007979878e+02 9.268629621723995e+02 1.321884128319901e+03	193	-4.025158196581172e-15  4.035160026761814e-14  0.000000000000000e+00	-1
0	200	9.340997584323243e+02 4.609794938159374e+02 1.638408839042030e+03	10	-8.050316393162344e-15  5.316795270984683e-14 -1.499066376115484e+03	-1
0	201	9.803638023747059e+02 4.539407213544736e+02 1.599183567561112e+03	201	-8.050316393162344e-15  5.316795270984683e-14 -1.499066376115484e+03	-1
0	202	1.060757489828928e+03 4.503720142840949e+02 1.522358587177269e+03	202	-8.050316393162344e-15  5.316795270984683e-14 -1.499066376115484e+03	-1
0	203	1.157789438199777e+03 4.591047373053169e+02 1.416593915785194e+03	203	-4.025158196581172e-15  4.035160026761814e-14  0.000000000000000e+00	-1
1	204	2.569488251383382e+03 3.192072732358414e+03 4.691883891769971e+02	204	-1.499066376115484e+03 -2.998132752230965e+03 -7.813873830305873e-15	-1
1	205	2.489894335236794e+03 3.195220549774820e+03 3.864466556140035e+02	205	-1.499066376115484e+03 -2.998132752230965e+03 -7.813873830305873e-15	-1
1	214	1.483783698631956e+03 1.097767749834795e+03 1.477788818949190e+03	214	0.000000000000000e+00 2.629596998832196e-14 2.301162899144159e-14	-1
1	215	1.340357554924942e+03 1.123010216098593e+03 1.309120208978379e+03	215	0.000000000000000e+00 2.629596998832196e-14 2.301162899144159e-14	-1
1	217	1.127487773623997e+03 1.155689874903282e+03 1.063570768872744e+03	217	0.000000000000000e+00 2.629596998832196e-14 2.301162899144159e-14	-1
1	218	9.967056432264194e+02 1.127920930893661e+03 9.605575824847879e+02	190	0.000000000000000e+00 2.629596998832196e-14 2.301162899144159e-14	-1
1	219	8.404813276765224e+02 1.109516090900840e+03 8.227381069277114e+02	219	0.000000000000000e+00 2.629596998832196e-14 2.301162899144159e-14	-1
1	220	7.477008510902662e+02 1.107661346341105e+03 7.318123749011900e+02	220	0.000000000000000e+00 2.629596998832196e-14 2.301162899144159e-14	-1
1	222	5.939442403925619e+02 1.118429573854770e+03 5.672875366898209e+02	222	0.000000000000000e+00 2.629596998832196e-14 2.301162899144159e-14	-1
1	223	4.794430397060760e+02 1.139371332553037e+03 4.318445773050682e+02	223	0.000000000000000e+00 2.629596998832196e-14 2.301162899144159e-14	-1
1	224	3.786665163900844e+02 1.121782844989815e+03 3.486565415522986e+02	224	0.000000000000000e+00 2.629596998832196e-14 2.301162899144159e-14	-1
1	231	 1.169502546459735e+03  3.182459353628974e+03 -9.211839370172100e+02	231	 5.357148449523283e-14 -2.998132752230965e+03  1.499066376115484e+03	-1
1	232	 1.267489561052770e+03  3.171938449424343e+03 -8.126760182195435e+02	232	 5.357148449523283e-14 -2.998132752230965e+03  1.499066376115484e+03	-1
1	233	 1.384339035054644e+03  3.166238869703888e+03 -6.901269644972145e+02	233	 5.357148449523283e-14 -2.998132752230965e+03  1.499066376115484e+03	-1
1	234	 1.499545220889300e+03  3.174486344240423e+03 -5.831682531990944e+02	234	-1.499066376115484e+03 -2.998132752230965e+03  1.499066376115484e+03	-1
1	235	2.156307824679004e+03 3.172301781473618e+03 7.577891335741556e+01	235	-1.499066376115484e+03 -2.998132752230965e+03 -7.813873830305873e-15	-1
1	236	2.388849658432453e+03 3.190245795984888e+03 2.903767325995938e+02	236	-1.499066376115484e+03 -2.998132752230965e+03 -7.813873830305873e-15	-1
1	237	2.279487039105240e+03 3.177731622990982e+03 1.935282862662876e+02	237	-1.499066376115484e+03 -2.998132752230965e+03 -7.813873830305873e-15	-1
2	238	-6.550639100954461e+02  9.543808227921780e+02  1.592900833758469e+03	238	 1.499066376115484e+03  2.804572483380277e-14 -1.499066376115484e+03	-1
2	239	-7.136327205828140e+02  9.575293481470168e+02  1.648321118890998e+03	88	 1.499066376115484e+03  2.804572483380277e-14 -1.499066376115484e+03	-1
2	246	 2.777795778499416e+02 -9.881334121661716e+02  2.602571580771430e+03	246	 0.000000000000000e+00  2.998132752230965e+03 -1.499066376115484e+03	-1
2	247	 3.605427369043092e+02 -9.883224027580497e+02  2.519997412308941e+03	247	 0.000000000000000e+00  2.998132752230965e+03 -1.499066376115484e+03	-1
2	248	 4.691268453034780e+02 -9.889723941900440e+02  2.412063295341767e+03	248	 0.000000000000000e+00  2.998132752230965e+03 -1.499066376115484e+03	-1
2	249	 5.984640185305665e+02 -9.907383542778807e+02  2.284492082202515e+03	249	 0.000000000000000e+00  2.998132752230965e+03 -1.499066376115484e+03	-1
2	250	 7.242206233009005e+02 -9.927546336721355e+02  2.160751756826436e+03	250	 0.000000000000000e+00  2.998132752230965e+03 -1.499066376115484e+03	-1
2	251	 8.531840782203842e+02 -9.934943453433382e+02  2.032528013578155e+03	251	 0.000000000000000e+00  2.998132752230965e+03 -1.499066376115484e+03	-1
2	252	 9.722907160733051e+02 -9.920728602280035e+02  1.911999890609899e+03	252	 0.000000000000000e+00  2.998132752230965e+03 -1.499066376115484e+03	-1
2	253	 1.087978478658347e+03 -9.891467027391104e+02  1.793385970535965e+03	253	 0.000000000000000e+00  2.998132752230965e+03 -1.499066376115484e+03	-1
2	254	 1.447435445723421e+03 -9.840515584840518e+02  1.428833859215827e+03	254	2.881180732755041e-14 2.998132752230965e+03 0.000000000000000e+00	-1
2	255	 1.574114226072112e+03 -9.863998408762427e+02  1.304503361259332e+03	255	-1.499066376115484e+03  2.998132752230965e+03  6.516875392707817e-15	-1
2	256	 1.655853515973694e+03 -9.874839879712833e+02  1.223848218452790e+03	256	-1.499066376115484e+03  2.998132752230965e+03  6.516875392707817e-15	-1
2	265	6.456709383322915e+02 9.600145550754590e+02 2.865322530474501e+02	265	8.137780172766422e-14 0.000000000000000e+00 4.030010838596754e-14	-1
2	266	5.170884142584953e+02 9.451496536452161e+02 4.299796785514892e+02	266	8.137780172766422e-14 0.000000000000000e+00 4.030010838596754e-14	-1
2	267	4.163827324451311e+02 9.340546843493797e+02 5.417803296606899e+02	267	8.137780172766422e-14 0.000000000000000e+00 4.030010838596754e-14	-1
2	268	2.876157175114030e+02 9.439269776100932e+02 6.606750513337045e+02	268	8.137780172766422e-14 0.000000000000000e+00 4.030010838596754e-14	-1
2	269	1.588320205277938e+02 9.538521858310793e+02 7.795335400963277e+02	269	8.137780172766422e-14 0.000000000000000e+00 4.030010838596754e-14	-1
2	270	-2.437467101212860e-01  9.623600220476613e+02  9.301014711176574e+02	270	1.499066376115484e+03 1.522937239157407e-14 1.560815019424493e-14	-1
2	271	-1.086515125544170e+02  9.631877602932562e+02  1.037681498716358e+03	271	1.499066376115484e+03 1.522937239157407e-14 1.560815019424493e-14	-1
2	272	-2.075040494766295e+02  9.476418252648274e+02  1.152079970667000e+03	272	1.499066376115484e+03 1.522937239157407e-14 1.560815019424493e-14	-1
2	273	-3.221566796721058e+02  9.264071455493230e+02  1.287967280577980e+03	273	1.499066376115484e+03 1.522937239157407e-14 1.560815019424493e-14	-1
1	280	1.720390798626873e+03 1.036664294563278e+03 1.775499374215625e+03	16	-1.499066376115484e+03  2.332622365846862e-14 -1.499066376115484e+03	-1
0	285	1.448067423057983e+03 4.976154974326755e+02 1.087805170799630e+03	285	-4.025158196581172e-15  4.035160026761814e-14  0.000000000000000e+00	-1
0	289	1.663708413105450e+03 1.008365886692927e+03 3.614137914919154e+02	289	-1.499066376115484e+03  0.000000000000000e+00  4.030010838596754e-14	-1
0	291	 2.281600029932290e+03  7.518880613579990e+02 -1.023181539494544e-12	291	-1.499066376115484e+03  0.000000000000000e+00  4.030010838596754e-14	2
0	292	 2.281600029932290e+03  7.518880613579990e+02 -1.023181539494544e-12	292	-1.499066376115484e+03  1.230587543381537e-14  1.499066376115484e+03	4
0	300	7.825336538168046e+02 7.518880613580034e+02 1.499066376115481e+03	292	-4.025158196581172e-15  4.035160026761814e-14  0.000000000000000e+00	4
0	301	7.825336538168044e+02 7.518880613580036e+02 1.499066376115481e+03	291	-8.050316393162344e-15  5.316795270984683e-14 -1.499066376115484e+03	2
1	314	 1.963610713348815e+03  3.190062553067870e+03 -1.346789695670288e+02	314	-1.499066376115484e+03 -2.998132752230965e+03  1.499066376115484e+03	-1
0	315	1.999675539717234e+03 4.568476774573462e+02 5.769648741157112e+02	315	-1.499066376115484e+03  0.000000000000000e+00  4.030010838596754e-14	-1
1	320	1.920626474288926e+03 1.513332968325473e+03 1.499066376115482e+03	320	-1.499066376115484e+03  1.106659759674790e-14  7.403478797196665e-15	0
1	321	1.920626474288926e+03 1.513332968325473e+03 1.499066376115482e+03	321	-1.499066376115484e+03  2.332622365846862e-14 -1.499066376115484e+03	2
1	324	4.215600981734403e+02 1.513332968325469e+03 3.979039320256561e-13	321	0.000000000000000e+00 2.629596998832196e-14 2.301162899144159e-14	2
1	325	4.215600981734406e+02 1.513332968325470e+03 2.842170943040401e-13	320	2.881180732755041e-14 3.860184542213733e-14 1.499066376115484e+03	0
2	346	-1.818989403545856e-12 -5.452815336154761e+02  2.437499280070679e+03	344	 1.499066376115484e+03  2.998132752230965e+03 -1.499066376115484e+03	0
2	347	-1.591615728102624e-12 -5.452815336154767e+02  2.437499280070679e+03	345	 0.000000000000000e+00  2.998132752230965e+03 -1.499066376115484e+03	3
2	350	 1.499066376115483e+03 -5.452815336154788e+02  9.384329039551968e+02	345	-1.499066376115484e+03  2.998132752230965e+03  6.516875392707817e-15	3
2	351	 1.499066376115483e+03 -5.452815336154788e+02  9.384329039551967e+02	344	2.881180732755041e-14 2.998132752230965e+03 0.000000000000000e+00	0
2	370	-4.896185286246568e+02  9.408643452674042e+02  1.440971929812450e+03	366	1.499066376115484e+03 1.522937239157407e-14 1.560815019424493e-14	-1
0	375	1.940896223310681e+03 9.029172306732976e+02 1.896746373063129e+02	371	-1.499066376115484e+03  0.000000000000000e+00  4.030010838596754e-14	-1
0	381	1.378179054815231e+03 4.936667194248431e+02 1.161642317050215e+03	377	-4.025158196581172e-15  4.035160026761814e-14  0.000000000000000e+00	-1
0	382	2.043864958408374e+03 4.651268042049462e+02 5.244963286769718e+02	378	-1.499066376115484e+03  0.000000000000000e+00  4.030010838596754e-14	-1
0	390	7.404122717867756e+02 9.231578179994630e+02 1.369918001504050e+03	386	-4.025158196581172e-15  4.035160026761814e-14  0.000000000000000e+00	-1
1	391	1.595283420488439e+03 1.081175768567017e+03 1.605880522073451e+03	387	-1.499066376115484e+03  2.332622365846862e-14 -1.499066376115484e+03	-1
1	393	1.222478276203687e+03 1.160628004279715e+03 1.153623142076001e+03	389	0.000000000000000e+00 2.629596998832196e-14 2.301162899144159e-14	-1
0	399	2.088345473750747e+03 9.068005003519613e+02 3.834211718758374e+01	395	-1.499066376115484e+03  0.000000000000000e+00  4.030010838596754e-14	-1
1	402	 1.690767997340852e+03  3.201430161806211e+03 -4.188892943133328e+02	398	-1.499066376115484e+03 -2.998132752230965e+03  1.499066376115484e+03	-1
2	410	 1.242031053992174e+03 -9.854963907462279e+02  1.635683083209255e+03	406	 0.000000000000000e+00  2.998132752230965e+03 -1.499066376115484e+03	-1
0	411	1.179148116169159e+03 8.757048692581377e+02 9.786351058629918e+02	407	-4.025158196581172e-15  4.035160026761814e-14  0.000000000000000e+00	-1
1	416	1.647865938247510e+03 1.071188032686262e+03 1.668450775713278e+03	412	-1.499066376115484e+03  2.332622365846862e-14 -1.499066376115484e+03	-1
0	417	1.834147451871171e+03 9.272665707782245e+02 2.720740686408966e+02	413	-1.499066376115484e+03  0.000000000000000e+00  4.030010838596754e-14	-1
0	418	1.055369902586994e+03 8.947661426025892e+02 1.083352046100705e+03	414	-4.025158196581172e-15  4.035160026761814e-14  0.000000000000000e+00	-1
0	419	1.197119944107704e+03 4.652313002330891e+02 1.371136846949496e+03	415	-4.025158196581172e-15  4.035160026761814e-14  0.000000000000000e+00	-1
2	427	 1.377093842456511e+03 -9.839424721167943e+02  1.499066376115485e+03	423	 0.000000000000000e+00  2.998132752230965e+03 -1.499066376115484e+03	1
2	428	 1.377093842456511e+03 -9.839424721167945e+02  1.499066376115485e+03	424	2.881180732755041e-14 2.998132752230965e+03 0.000000000000000e+00	2
1	431	2.084648836904915e+03 3.176421707056943e+03 1.023181539494544e-12	427	-1.499066376115484e+03 -2.998132752230965e+03  1.499066376115484e+03	0
1	432	2.084648836904916e+03 3.176421707056944e+03 1.250555214937776e-12	428	-1.499066376115484e+03 -2.998132752230965e+03 -7.813873830305873e-15	1
1	437	2.544350885642861e+03 2.998132752230962e+03 6.379910035639281e+02	433	-1.499066376115484e+03 -2.998132752230965e+03 -7.813873830305873e-15	2
1	438	2.544350885642860e+03 2.998132752230962e+03 6.379910035639276e+02	434	-1.499066376115484e+03  1.106659759674790e-14  7.403478797196665e-15	2
1	439	 1.045284509527377e+03  2.998132752230962e+03 -8.610753725515557e+02	434	2.881180732755041e-14 3.860184542213733e-14 1.499066376115484e+03	2
1	440	 1.045284509527377e+03  2.998132752230962e+03 -8.610753725515557e+02	433	 5.357148449523283e-14 -2.998132752230965e+03  1.499066376115484e+03	2
0	475	2.143285140085737e+03 4.818227709550316e+02 4.083801802495229e+02	469	-1.499066376115484e+03  0.000000000000000e+00  4.030010838596754e-14	-1
0	477	 2.123201438826317e+03  9.102866524639721e+02 -1.023181539494544e-12	471	-1.499066376115484e+03  1.230587543381537e-14  1.499066376115484e+03	4
0	478	 2.123201438826317e+03  9.102866524639721e+02 -9.094947017729282e-13	472	-1.499066376115484e+03  0.000000000000000e+00  4.030010838596754e-14	2
1	479	1.502425193804994e+03 1.095131687841541e+03 1.499066376115482e+03	473	-1.499066376115484e+03  2.332622365846862e-14 -1.499066376115484e+03	2
1	480	1.502425193804994e+03 1.095131687841541e+03 1.499066376115482e+03	474	-1.499066376115484e+03  1.106659759674790e-14  7.403478797196665e-15	0
0	483	9.866700032325546e+02 9.123651501001949e+02 1.134452937957539e+03	477	-4.025158196581172e-15  4.035160026761814e-14  0.000000000000000e+00	-1
0	485	1.993034006505493e+03 9.013147517587521e+02 1.391393330260468e+02	479	-1.499066376115484e+03  0.000000000000000e+00  4.030010838596754e-14	-1
0	486	1.499066376115483e+03 4.942628777888456e+02 1.040158837385960e+03	480	-4.025158196581172e-15  4.035160026761814e-14  0.000000000000000e+00	0
0	487	1.499066376115483e+03 4.942628777888456e+02 1.040158837385960e+03	481	-1.499066376115484e+03  0.000000000000000e+00  4.030010838596754e-14	3
1	488	1.435934349383250e+03 1.104501231918802e+03 1.423205987616477e+03	482	0.000000000000000e+00 2.629596998832196e-14 2.301162899144159e-14	-1
0	489	1.739234757078352e+03 9.969682801468444e+02 2.972850540650954e+02	483	-1.499066376115484e+03  0.000000000000000e+00  4.030010838596754e-14	-1
1	490	 1.923226794356724e+03  3.194687062966851e+03 -1.796873984581011e+02	484	-1.499066376115484e+03 -2.998132752230965e+03  1.499066376115484e+03	-1
0	491	1.122086230137875e+03 8.806477340738488e+02 1.030754127078565e+03	485	-4.025158196581172e-15  4.035160026761814e-14  0.000000000000000e+00	-1
1	492	1.499066376115482e+03 1.095606652514246e+03 1.495232593753266e+03	486	-1.499066376115484e+03  1.106659759674790e-14  7.403478797196665e-15	4
1	493	1.499066376115482e+03 1.095606652514246e+03 1.495232593753266e+03	487	0.000000000000000e+00 2.629596998832196e-14 2.301162899144159e-14	1
2	494	 1.499066376115482e+03 -9.849801312296836e+02  1.378131501569402e+03	488	2.881180732755041e-14 2.998132752230965e+03 0.000000000000000e+00	0
2	495	 1.499066376115482e+03 -9.849801312296831e+02  1.378131501569402e+03	489	-1.499066376115484e+03  2.998132752230965e+03  6.516875392707817e-15	3
0	499	1.082736301056545e+03 4.516854141182629e+02 1.499066376115480e+03	491	-8.050316393162344e-15  5.316795270984683e-14 -1.499066376115484e+03	2
0	500	1.082736301056545e+03 4.516854141182629e+02 1.499066376115480e+03	492	-4.025158196581172e-15  4.035160026761814e-14  0.000000000000000e+00	4
0	501	1.499066376115483e+03 9.455108678758364e+02 5.889108472989693e+02	493	-1.499066376115484e+03  0.000000000000000e+00  4.030010838596754e-14	3
0	502	1.499066376115483e+03 9.455108678758363e+02 5.889108472989694e+02	494	-4.025158196581172e-15  4.035160026761814e-14  0.000000000000000e+00	0
2	503	-5.537617950498977e+02  9.469131653896159e+02  1.499066376115483e+03	495	1.499066376115484e+03 1.522937239157407e-14 1.560815019424493e-14	4
2	504	-5.537617950498977e+02  9.469131653896159e+02  1.499066376115483e+03	496	 1.499066376115484e+03  2.804572483380277e-14 -1.499066376115484e+03	2
2	505	4.857006807586412e+01 9.601477313489753e+02 8.834999470303612e+02	497	8.137780172766422e-14 0.000000000000000e+00 4.030010838596754e-14	-1
0	506	1.892849184206945e+03 9.096667349887482e+02 2.309721720945988e+02	498	-1.499066376115484e+03  0.000000000000000e+00  4.030010838596754e-14	-1
1	507	1.686522251762261e+03 1.062292807841578e+03 1.716002314072713e+03	499	-1.499066376115484e+03  2.332622365846862e-14 -1.499066376115484e+03	-1
1	508	 1.499066376115481e+03  3.174435044508783e+03 -5.835957982412731e+02	500	 5.357148449523283e-14 -2.998132752230965e+03  1.499066376115484e+03	0
1	509	 1.499066376115481e+03  3.174435044508783e+03 -5.835957982412731e+02	501	-1.499066376115484e+03 -2.998132752230965e+03  1.499066376115484e+03	3
0	510	2.240564322401456e+03 4.867740444333438e+02 3.061497244554925e+02	502	-1.499066376115484e+03  0.000000000000000e+00  4.030010838596754e-14	-1
0	511	1.786691104474761e+03 9.621174254625345e+02 2.846795613529960e+02	503	-1.499066376115484e+03  0.000000000000000e+00  4.030010838596754e-14	-1
