30
2
58
58
16	1.959903953731528e+02 8.482260992443717e+02 4.395371662808104e+02	0.000000000000000e+00 0.000000000000000e+00 0.000000000000000e+00	1.000000000000000e+00	0	16
37	1.278760930784382e+01 8.610269860001378e+02 2.435334934597353e+02	 2.626204281798213e-14  5.734716232247370e-14 -3.108511760593996e-14	1.000000000000000e+00	0	37
69	1.213552295239911e+03 7.101667511634989e-13 6.786654512152888e+02	0.000000000000000e+00 0.000000000000000e+00 0.000000000000000e+00	1.000000000000000e+00	1	69
70	1.213552295239911e+03 2.998132752230966e+03 6.786654512152888e+02	0.000000000000000e+00 0.000000000000000e+00 0.000000000000000e+00	1.000000000000000e+00	1	70
72	5.890734716254783e+02 1.248957647228866e+03 5.418662760085642e+01	0.000000000000000e+00 0.000000000000000e+00 0.000000000000000e+00	7.500000000000000e-01	0	72
159	8.937832799130216e+01 1.249239361380713e+03 5.536000570831851e+02	 4.272968923163711e-02 -2.839123084725826e-02 -1.433845838437884e-02	5.625000000000000e-01	0	159
160	1.952462787458601e+02 1.248580899668179e+03 4.483905680411611e+02	-9.420094367662580e-03  6.618010161009882e-03  2.802084206652700e-03	2.373046875000000e-01	0	160
320	5.371980958723746e+02 1.628970966024403e+03 1.499066376115484e+03	 6.809832955400917e-15  1.487030535244225e-14 -8.060471904740736e-15	1.000000000000000e+00	1	320
321	5.371980958723746e+02 1.628970966024403e+03 1.935418855738656e-13	 6.809832955400917e-15  1.487030535244225e-14 -8.060471904740736e-15	1.000000000000000e+00	1	321
344	1.499066376115483e+03 2.427104590479822e+03 9.641795320908607e+02	0.000000000000000e+00 0.000000000000000e+00 0.000000000000000e+00	1.000000000000000e+00	1	344
345	-1.591615728102624e-12  2.427104590479823e+03  9.641795320908598e+02	0.000000000000000e+00 0.000000000000000e+00 0.000000000000000e+00	1.000000000000000e+00	1	345
406	1.256787964733724e+02 1.243913667301379e+03 5.226252826804497e+02	-3.428094878507586e-02  6.929632150153868e-02 -3.501537271646281e-02	1.001129150390625e-01	0	406
433	 1.135560716698376e+03 -2.728484105318785e-12  7.282672107349273e+02	 1.875197109770884e-14  4.094777919066965e-14 -2.219580673733189e-14	1.000000000000000e+00	1	433
434	1.135560716698376e+03 2.998132752230962e+03 7.282672107349273e+02	 1.875197109770884e-14  4.094777919066965e-14 -2.219580673733189e-14	1.000000000000000e+00	1	434
599	-1.136868377216160e-12  8.603297863600317e+02  2.314430837919963e+02	 3.471826907164636e-14  7.581156910106779e-14 -4.109329867573454e-14	1.000000000000000e+00	1	599
600	1.499066376115483e+03 8.603297863600317e+02 2.314430837919961e+02	 3.471826907164636e-14  7.581156910106779e-14 -4.109329867573454e-14	1.000000000000000e+00	1	600
602	-2.501110429875553e-12  8.317666254898659e+02  2.600062446621644e+02	 2.600682734905232e-14  5.678986055332486e-14 -3.078303132417112e-14	1.000000000000000e+00	1	602
603	1.499066376115482e+03 8.317666254898677e+02 2.600062446621625e+02	 2.600682734905231e-14  5.678986055332483e-14 -3.078303132417110e-14	1.000000000000000e+00	1	603
604	1.499066376115478e+03 8.603297863600324e+02 2.314430837919946e+02	 3.471826907164874e-14  7.581156910107302e-14 -4.109329867573737e-14	1.000000000000000e+00	1	604
605	-6.366462912410498e-12  8.603297863600314e+02  2.314430837919950e+02	 3.471826907164862e-14  7.581156910107274e-14 -4.109329867573721e-14	1.000000000000000e+00	1	605
606	1.449658815539235e+03 8.576360120490569e+02 1.847292975267272e+02	 5.054297978191306e-14  1.103644538511935e-13 -5.982147463291294e-14	7.500000000000000e-01	0	606
616	 1.263532471842509e+03  8.562389658790571e+02 -2.955857780762017e-12	 5.738546356639141e-14  1.253055394207040e-13 -6.792007649424935e-14	1.000000000000000e+00	1	616
617	1.263532471842509e+03 8.562389658790571e+02 1.499066376115481e+03	 5.738546356639141e-14  1.253055394207040e-13 -6.792007649424935e-14	1.000000000000000e+00	1	617
652	 6.432448287868426e+02  1.248972917668360e+03 -1.364242052659392e-12	 4.117656171584704e-03 -2.735927384899916e-03 -1.381728786684788e-03	1.000000000000000e+00	1	652
653	6.432448287868426e+02 1.248972917668360e+03 1.499066376115483e+03	 4.117656171584700e-03 -2.735927384899914e-03 -1.381728786684786e-03	1.000000000000000e+00	1	653
654	 5.348868440246193e+02  1.357330902430580e+03 -2.728484105318785e-12	0.000000000000000e+00 0.000000000000000e+00 0.000000000000000e+00	1.000000000000000e+00	1	654
655	5.348868440246191e+02 1.357330902430580e+03 1.499066376115482e+03	0.000000000000000e+00 0.000000000000000e+00 0.000000000000000e+00	1.000000000000000e+00	1	655
656	1.499066376115483e+03 1.249214166399064e+03 6.430035800561377e+02	 6.917009459648531e-02 -4.595924189313992e-02 -2.321085270334538e-02	1.000000000000000e+00	1	656
657	-7.144300623236480e-13  1.249214166399064e+03  6.430035800561379e+02	 6.917009459648531e-02 -4.595924189313992e-02 -2.321085270334538e-02	1.000000000000000e+00	1	657
672	1.277717700694547e+02 1.250604721721401e+03 5.138412546643451e+02	 1.936136441553784e-02 -3.911963759555284e-02  1.975827318001501e-02	5.631351470947266e-02	0	672
2	-7.071067811865475e-01  7.071067811865475e-01  0.000000000000000e+00	5.773502691896257e-01 5.773502691896257e-01 5.773502691896257e-01	6.307392488184003e+02 6.307392488184003e+02 6.307392488184003e+02	1	0	0.000000000000000e+00	0.000000000000000e+00	0.000000000000000e+00
22	7.071067811865475e-01 7.071067811865475e-01 0.000000000000000e+00	 5.773502691896257e-01 -5.773502691896257e-01 -5.773502691896257e-01	-3.639242900506764e+02  3.639242900506764e+02  3.639242900506764e+02	1	0	0.000000000000000e+00	0.000000000000000e+00	0.000000000000000e+00
2	69	70	0	1
2	239	69	1	0
2	70	346	1	0
2	72	706	1	0
2	711	72	1	0
2	160	83	1	0
2	83	708	1	0
2	84	85	0	1
2	351	84	1	0
2	85	88	1	0
2	88	268	1	0
2	159	410	1	0
2	713	159	1	0
2	410	160	1	0
2	715	239	1	0
2	268	728	1	0
2	346	347	0	1
2	347	710	1	0
2	350	351	0	1
2	709	350	1	0
2	629	716	1	0
2	728	629	1	0
2	706	707	0	1
2	707	712	1	0
2	708	709	0	1
2	710	711	0	1
2	712	713	0	1
2	714	715	0	1
2	717	714	1	0
2	716	717	0	1
22	37	648	1	0
22	653	37	1	0
22	98	55	1	0
22	55	666	1	0
22	651	98	1	0
22	138	324	1	0
22	665	138	1	0
22	321	280	1	0
22	280	656	1	0
22	320	321	0	1
22	438	320	1	0
22	324	325	0	1
22	325	439	1	0
22	437	438	0	1
22	649	437	1	0
22	439	440	0	1
22	440	650	1	0
22	645	646	0	1
22	656	645	1	0
22	646	654	1	0
22	648	649	0	1
22	650	651	0	1
22	652	653	0	1
22	655	652	1	0
22	654	664	1	0
22	667	655	1	0
22	664	665	0	1
22	666	667	0	1
22	37	3.010920361538812e+03 3.859159738231102e+03 2.435334934597352e+02	37	-2.998132752230968e+03 -2.998132752230965e+03 -1.296998437598056e-15	-1
22	55	 1.695056771488637e+03  3.846358851475336e+03 -1.059529209834674e+03	16	-1.499066376115484e+03 -2.998132752230965e+03  1.499066376115484e+03	-1
2	69	-2.855140808755729e+02  6.821210263296962e-13  2.177731827330773e+03	69	 1.499066376115484e+03  2.804572483380277e-14 -1.499066376115484e+03	0
2	70	-2.855140808755729e+02  6.821210263296962e-13  2.177731827330773e+03	70	 1.499066376115484e+03  2.998132752230965e+03 -1.499066376115484e+03	1
2	72	 5.890734716254782e+02 -1.749175105002099e+03  3.052319379831825e+03	72	-9.046546396681272e-15  2.998132752230965e+03 -2.998132752230968e+03	-1
2	83	 2.088139847740963e+03 -1.749175105002099e+03  1.553253003716341e+03	72	-1.499066376115484e+03  2.998132752230965e+03 -1.499066376115484e+03	-1
2	84	 1.213552295239911e+03 -4.547473508864641e-13  6.786654512152900e+02	70	2.881180732755041e-14 2.998132752230965e+03 0.000000000000000e+00	1
2	85	 1.213552295239911e+03 -3.410605131648481e-13  6.786654512152900e+02	69	8.137780172766422e-14 0.000000000000000e+00 4.030010838596754e-14	0
2	88	5.890734716254782e+02 1.248957647228866e+03 5.418662760085634e+01	72	8.137780172766422e-14 0.000000000000000e+00 4.030010838596754e-14	-1
22	98	 1.511853985423328e+03  3.859159738231102e+03 -1.255532882655749e+03	37	-1.499066376115484e+03 -2.998132752230965e+03  1.499066376115484e+03	-1
22	138	1.959903953731528e+02 8.482260992443718e+02 4.395371662808104e+02	16	0.000000000000000e+00 2.629596998832196e-14 2.301162899144159e-14	-1
2	159	 1.588444704106787e+03 -1.748893390850251e+03  2.052666433198669e+03	159	-1.499066376115484e+03  2.998132752230965e+03 -1.499066376115484e+03	-1
2	160	 1.694312654861344e+03 -1.749551852562785e+03  1.947456944156645e+03	160	-1.499066376115484e+03  2.998132752230965e+03 -1.499066376115484e+03	-1
2	239	-9.099929044900057e+02  1.248957647228866e+03  1.553253003716340e+03	72	 1.499066376115484e+03  2.804572483380277e-14 -1.499066376115484e+03	-1
2	268	1.952462787458601e+02 1.248580899668179e+03 4.483905680411611e+02	160	8.137780172766422e-14 0.000000000000000e+00 4.030010838596754e-14	-1
22	280	1.695056771488637e+03 8.482260992443718e+02 1.938603542396295e+03	16	-1.499066376115484e+03  2.332622365846862e-14 -1.499066376115484e+03	-1
22	320	2.036264471987860e+03 1.628970966024408e+03 1.499066376115482e+03	320	-1.499066376115484e+03  1.106659759674790e-14  7.403478797196665e-15	0
22	321	2.036264471987860e+03 1.628970966024408e+03 1.499066376115482e+03	321	-1.499066376115484e+03  2.332622365846862e-14 -1.499066376115484e+03	2
22	324	5.371980958723746e+02 1.628970966024403e+03 1.705302565824240e-13	321	0.000000000000000e+00 2.629596998832196e-14 2.301162899144159e-14	2
22	325	5.371980958723746e+02 1.628970966024403e+03 5.115907697472721e-13	320	2.881180732755041e-14 3.860184542213733e-14 1.499066376115484e+03	0
2	346	-1.136868377216160e-12 -5.710281617511428e+02  2.463245908206345e+03	344	 1.499066376115484e+03  2.998132752230965e+03 -1.499066376115484e+03	0
2	347	-1.591615728102624e-12 -5.710281617511414e+02  2.463245908206344e+03	345	 0.000000000000000e+00  2.998132752230965e+03 -1.499066376115484e+03	3
2	350	 1.499066376115483e+03 -5.710281617511432e+02  9.641795320908611e+02	345	-1.499066376115484e+03  2.998132752230965e+03  6.516875392707817e-15	3
2	351	 1.499066376115483e+03 -5.710281617511444e+02  9.641795320908622e+02	344	2.881180732755041e-14 2.998132752230965e+03 0.000000000000000e+00	0
2	410	 1.624745172588857e+03 -1.754219084929586e+03  2.021691658795934e+03	406	-1.499066376115484e+03  2.998132752230965e+03 -1.499066376115484e+03	-1
22	437	2.634627092813860e+03 2.998132752230963e+03 7.282672107349273e+02	433	-1.499066376115484e+03 -2.998132752230965e+03 -7.813873830305873e-15	2
22	438	2.634627092813860e+03 2.998132752230963e+03 7.282672107349273e+02	434	-1.499066376115484e+03  1.106659759674790e-14  7.403478797196665e-15	2
22	439	 1.135560716698376e+03  2.998132752230962e+03 -7.707991653805567e+02	434	2.881180732755041e-14 3.860184542213733e-14 1.499066376115484e+03	2
22	440	 1.135560716698376e+03  2.998132752230962e+03 -7.707991653805567e+02	433	 5.357148449523283e-14 -2.998132752230965e+03  1.499066376115484e+03	2
2	629	8.937832799130210e+01 1.249239361380713e+03 5.536000570831851e+02	159	8.137780172766422e-14 0.000000000000000e+00 4.030010838596754e-14	-1
22	645	1.499066376115483e+03 8.603297863600317e+02 1.730509459907481e+03	599	-1.499066376115484e+03  2.332622365846862e-14 -1.499066376115484e+03	3
22	646	1.499066376115483e+03 8.603297863600317e+02 1.730509459907481e+03	600	 0.000000000000000e+00  3.578147120611488e-14 -1.499066376115484e+03	0
22	648	2.998132752230963e+03 3.829899377720825e+03 2.600062446621679e+02	602	-2.998132752230968e+03 -2.998132752230965e+03 -1.296998437598056e-15	3
22	649	2.998132752230962e+03 3.829899377720823e+03 2.600062446621681e+02	603	-1.499066376115484e+03 -2.998132752230965e+03 -7.813873830305873e-15	0
22	650	 1.499066376115482e+03  3.829899377720832e+03 -1.239060131453321e+03	603	 5.357148449523283e-14 -2.998132752230965e+03  1.499066376115484e+03	0
22	651	 1.499066376115481e+03  3.829899377720831e+03 -1.239060131453320e+03	602	-1.499066376115484e+03 -2.998132752230965e+03  1.499066376115484e+03	3
22	652	2.998132752230962e+03 3.858462538590997e+03 2.314430837919946e+02	604	-1.499066376115484e+03 -2.998132752230965e+03 -7.813873830305873e-15	0
22	653	2.998132752230962e+03 3.858462538590996e+03 2.314430837919950e+02	605	-2.998132752230968e+03 -2.998132752230965e+03 -1.296998437598056e-15	3
22	654	1.449658815539235e+03 8.576360120490569e+02 1.683795673642212e+03	606	 0.000000000000000e+00  3.578147120611488e-14 -1.499066376115484e+03	-1
22	655	2.948725191654719e+03 3.855768764280022e+03 1.847292975267272e+02	606	-1.499066376115484e+03 -2.998132752230965e+03 -7.813873830305873e-15	-1
22	656	1.511853985423328e+03 8.610269860001378e+02 1.742599869575219e+03	37	-1.499066376115484e+03  2.332622365846862e-14 -1.499066376115484e+03	-1
22	664	1.263532471842509e+03 8.562389658790571e+02 1.499066376115481e+03	616	 0.000000000000000e+00  3.578147120611488e-14 -1.499066376115484e+03	1
22	665	1.263532471842509e+03 8.562389658790571e+02 1.499066376115481e+03	617	0.000000000000000e+00 2.629596998832196e-14 2.301162899144159e-14	0
22	666	 2.762598847957992e+03  3.854371718110022e+03 -5.684341886080801e-13	617	-1.499066376115484e+03 -2.998132752230965e+03  1.499066376115484e+03	0
22	667	 2.762598847957992e+03  3.854371718110022e+03 -5.684341886080801e-13	616	-1.499066376115484e+03 -2.998132752230965e+03 -7.813873830305873e-15	1
2	706	 6.432448287868411e+02 -1.749159834562606e+03  2.998132752230966e+03	652	-9.046546396681272e-15  2.998132752230965e+03 -2.998132752230968e+03	2
2	707	 6.432448287868410e+02 -1.749159834562606e+03  2.998132752230966e+03	653	 0.000000000000000e+00  2.998132752230965e+03 -1.499066376115484e+03	4
2	708	 2.033953220140105e+03 -1.640801849800388e+03  1.499066376115484e+03	654	-1.499066376115484e+03  2.998132752230965e+03 -1.499066376115484e+03	2
2	709	 2.033953220140105e+03 -1.640801849800388e+03  1.499066376115484e+03	655	-1.499066376115484e+03  2.998132752230965e+03  6.516875392707817e-15	4
2	710	 5.348868440246191e+02 -1.640801849800385e+03  2.998132752230966e+03	655	 0.000000000000000e+00  2.998132752230965e+03 -1.499066376115484e+03	4
2	711	 5.348868440246193e+02 -1.640801849800385e+03  2.998132752230966e+03	654	-9.046546396681272e-15  2.998132752230965e+03 -2.998132752230968e+03	2
2	712	 1.499066376115482e+03 -1.748918585831902e+03  2.142069956171621e+03	656	 0.000000000000000e+00  2.998132752230965e+03 -1.499066376115484e+03	0
2	713	 1.499066376115482e+03 -1.748918585831902e+03  2.142069956171621e+03	657	-1.499066376115484e+03  2.998132752230965e+03 -1.499066376115484e+03	3
2	714	-8.558215473286414e+02  1.248972917668360e+03  1.499066376115483e+03	653	1.499066376115484e+03 1.522937239157407e-14 1.560815019424493e-14	4
2	715	-8.558215473286414e+02  1.248972917668360e+03  1.499066376115483e+03	652	 1.499066376115484e+03  2.804572483380277e-14 -1.499066376115484e+03	2
2	716	-7.958078640513122e-13  1.249214166399064e+03  6.430035800561379e+02	657	8.137780172766422e-14 0.000000000000000e+00 4.030010838596754e-14	3
2	717	-7.958078640513122e-13  1.249214166399064e+03  6.430035800561377e+02	656	1.499066376115484e+03 1.522937239157407e-14 1.560815019424493e-14	0
2	728	1.277717700694546e+02 1.250604721721401e+03 5.138412546643451e+02	672	8.137780172766422e-14 0.000000000000000e+00 4.030010838596754e-14	-1
