83
2
108
108
16	1.959903953731528e+02 8.482260992443717e+02 4.395371662808104e+02	0.000000000000000e+00 0.000000000000000e+00 0.000000000000000e+00	1.000000000000000e+00	0	16
37	1.278760930784382e+01 8.610269860001378e+02 2.435334934597353e+02	 2.657749476046134e-14  5.810495400503947e-14 -3.152693271293452e-14	1.000000000000000e+00	0	37
47	4.118407914692957e+02 8.544497868036542e+02 6.491638748176707e+02	3.381103268577211e-01 6.099619939989413e-02 2.771141274578270e-01	1.000000000000000e+00	0	47
69	1.233840783308738e+03 5.964799134418829e-13 6.583769631464627e+02	-1.125411573990327e-03  2.189657438182262e-03 -1.064245864191935e-03	1.000000000000000e+00	1	69
70	1.233840783308738e+03 2.998132752230965e+03 6.583769631464622e+02	-1.125411573990327e-03  2.189657438182262e-03 -1.064245864191935e-03	1.000000000000000e+00	1	70
72	3.382773956062234e+02 1.753962322131108e+03 1.299044404833350e+03	 2.300495575457631e-03 -4.566322328376129e-03  2.265826752918497e-03	1.000000000000000e+00	0	72
75	5.346066637438420e+02 1.755203301296368e+03 1.101474157530471e+03	 2.703295004987045e-03 -5.379509133965409e-03  2.676214128978365e-03	1.000000000000000e+00	0	75
76	7.841229680873454e+02 1.754790584773956e+03 8.523705697093808e+02	 2.446162602270500e-03 -4.920736583378926e-03  2.474573981108427e-03	1.000000000000000e+00	0	76
77	1.042082703527437e+03 1.755525367205960e+03 5.936760518372847e+02	 2.317647799885839e-03 -4.558614313148304e-03  2.240966513262465e-03	1.000000000000000e+00	0	77
78	1.274950303085906e+03 1.758260522689438e+03 3.580732967953370e+02	 2.814785766183037e-03 -5.591996094039005e-03  2.777210327855968e-03	1.000000000000000e+00	0	78
81	9.995356389303652e+00 1.755834762225609e+03 1.263876278402879e+02	 2.534990840023447e-03 -5.232782849197968e-03  2.697792009174520e-03	1.000000000000000e+00	0	81
88	8.723887376659985e+02 7.451627510087330e+02 2.746662577804693e+02	-3.177267440696815e-03  6.235971630204919e-03 -3.058704189508104e-03	1.000000000000000e+00	0	88
89	7.116466452593637e+02 7.430670642408223e+02 4.375040369550147e+02	-2.537105880946655e-03  4.910046466111670e-03 -2.372940585165015e-03	1.000000000000000e+00	0	89
91	1.648054212386225e+02 7.488502334482729e+02 9.785620917683053e+02	-3.644724914500287e-03  7.192395436430315e-03 -3.547670521930028e-03	1.000000000000000e+00	0	91
95	1.202968425538567e+03 7.664463868626160e+02 1.421869310169499e+03	-7.691656594177015e-03  5.488194270865752e-02 -4.719028611448051e-02	1.000000000000000e+00	0	95
126	1.149755626209325e+03 7.932834574658970e+02 1.448245038895457e+03	 3.469446951953614e-18  5.412850833024673e-02 -5.412850833024672e-02	1.000000000000000e+00	0	126
149	1.003129745283603e+03 7.492550046424436e+02 1.398329965291537e+02	-6.306871300526508e-03  1.131303305166633e-02 -5.006161751139823e-03	1.000000000000000e+00	0	149
156	6.586959249176795e+02 1.755289103154150e+03 9.772990944988526e+02	 2.687132607552828e-03 -5.392165397025328e-03  2.705032789472500e-03	1.000000000000000e+00	0	156
157	9.136507771982048e+02 1.754590224640346e+03 7.230431207321310e+02	 2.240074939178316e-03 -4.463355050535878e-03  2.223280111357561e-03	1.000000000000000e+00	0	157
158	1.161342435023770e+03 1.757129318041185e+03 4.728123695057259e+02	 2.596116681583056e-03 -5.092901563283321e-03  2.496784881700264e-03	1.000000000000000e+00	0	158
159	1.329997577436891e+03 1.758331128488355e+03 3.029554166454357e+02	 2.839874083655837e-03 -5.690265124651283e-03  2.850391040995446e-03	1.000000000000000e+00	0	159
160	1.447730244875773e+03 1.757182006038744e+03 1.863718716561650e+02	 2.681532238027771e-03 -5.500883035766639e-03  2.819350797738868e-03	1.000000000000000e+00	0	160
161	1.390467783136184e+02 1.754012001134024e+03 1.498225343123039e+03	 2.276144942479497e-03 -4.598050904604623e-03  2.321905962125127e-03	1.000000000000000e+00	0	161
165	8.054835782925937e+02 7.445571831490654e+02 3.421769850135416e+02	-2.466050132413900e-03  4.855473785974836e-03 -2.389423653560936e-03	1.000000000000000e+00	0	165
166	5.999574362553263e+02 7.406941886242544e+02 5.515661215756199e+02	-6.337142422071462e-03  1.296438010965614e-02 -6.627237687584683e-03	1.000000000000000e+00	0	166
167	2.879912768910010e+02 7.539287732374565e+02 8.502976963267432e+02	-7.268855935994143e-03  1.276779088708459e-02 -5.498934951090450e-03	1.000000000000000e+00	0	167
169	1.378436981429250e+03 7.476203304140489e+02 1.265226810727383e+03	-4.894265711216470e-03  9.584671397320593e-03 -4.690405686104122e-03	1.000000000000000e+00	0	169
205	1.161334883599606e+03 8.397723968996607e+02 1.413335356851975e+03	-2.357744308994510e-01 -9.105040218239384e-02 -1.447240287170572e-01	1.000000000000000e+00	0	205
215	1.159014966324733e+03 8.740730793928407e+02 1.376714757083922e+03	-1.286422846017320e-01 -2.051144465601194e-01  7.647216195838741e-02	1.000000000000000e+00	0	215
217	1.029604224846007e+03 8.596065104100212e+02 1.261770584588015e+03	1.146719831126760e-01 1.033760462536133e-01 1.129593685906270e-02	1.000000000000000e+00	0	217
237	1.099245849613635e+03 8.402396706098563e+02 1.350779049155808e+03	 2.171225518131683e-01  2.813124699054397e-01 -6.418991809227138e-02	1.000000000000000e+00	0	237
238	9.212829264453995e+02 7.460070018983914e+02 2.249278181114098e+02	-4.043227397766171e-03  7.728260958836065e-03 -3.685033561069895e-03	1.000000000000000e+00	0	238
246	4.064042055871606e+02 1.754390766907075e+03 1.230489150076446e+03	 2.458075452204999e-03 -4.866583841221872e-03  2.408508389016874e-03	1.000000000000000e+00	0	246
247	4.889571439250571e+02 1.754987874466646e+03 1.147339104178979e+03	 2.643891833318465e-03 -5.238307694832472e-03  2.594415861514006e-03	1.000000000000000e+00	0	247
248	5.954757017546858e+02 1.755346102220634e+03 1.040462318595362e+03	 2.732437735094568e-03 -5.459217116796417e-03  2.726779381701848e-03	1.000000000000000e+00	0	248
249	7.221200763461715e+02 1.755065429434403e+03 9.140986167901073e+02	 2.579560165453147e-03 -5.190095738402259e-03  2.610535572949112e-03	1.000000000000000e+00	0	249
250	8.476149408043422e+02 1.754584056710607e+03 7.890851250557328e+02	 2.320106622911411e-03 -4.651111772337822e-03  2.331005149426411e-03	1.000000000000000e+00	0	250
251	9.794417546689383e+02 1.754916950261911e+03 6.569254176398325e+02	 2.240113462255010e-03 -4.432017824367871e-03  2.191904362112862e-03	1.000000000000000e+00	0	251
252	1.102070736787319e+03 1.756298960737094e+03 5.329144250462684e+02	 2.445264341921220e-03 -4.794408913589615e-03  2.349144571668395e-03	1.000000000000000e+00	0	252
253	1.219088246179947e+03 1.757831669076583e+03 4.143642073141521e+02	 2.730198389519121e-03 -5.380614871617059e-03  2.650416482097938e-03	1.000000000000000e+00	0	253
254	7.341933427089751e+01 1.754612549919672e+03 6.418586226463120e+01	 2.392665039821440e-03 -4.889767467209935e-03  2.497102427388495e-03	1.000000000000000e+00	0	254
255	2.007858038685972e+02 1.753820674739128e+03 1.436677643962956e+03	 2.190517518493840e-03 -4.391967605871961e-03  2.201450087378121e-03	1.000000000000000e+00	0	255
256	2.833930144257267e+02 1.753768987724869e+03 1.354122120420085e+03	 2.203963330905928e-03 -4.401185473276283e-03  2.197222142370354e-03	1.000000000000000e+00	0	256
265	7.585174910288455e+02 7.439503364498963e+02 3.897499189764590e+02	-2.304138492431506e-03  4.501832672142890e-03 -2.197694179711383e-03	1.000000000000000e+00	0	265
266	6.563071252585395e+02 7.416673167765258e+02 4.942433044201355e+02	-3.679954285672253e-03  7.139432581005553e-03 -3.459478295333300e-03	1.000000000000000e+00	0	266
267	5.297788369572817e+02 7.431348244183858e+02 6.193040850795334e+02	-1.227154903443874e-02  2.932761545948915e-02 -1.705606642505042e-02	1.000000000000000e+00	0	267
268	4.002224381515857e+02 7.879836178446029e+02 7.040116904590120e+02	 0.000000000000000e+00 -5.034613597926567e-03  5.034613597926570e-03	7.500000000000000e-01	0	268
269	2.247665369368805e+02 7.500696185392851e+02 9.173815909790352e+02	-5.050417177630304e-03  9.517395468619691e-03 -4.466978290989387e-03	1.000000000000000e+00	0	269
270	8.554758665393757e+01 7.489415521761105e+02 1.057728607625153e+03	-2.539542663438719e-03  5.098535583907242e-03 -2.558992920468524e-03	1.000000000000000e+00	0	270
271	2.481621390249867e+00 7.492760944121429e+02 1.140460030652808e+03	-2.219217072421649e-03  4.415305419276149e-03 -2.196088346854500e-03	1.000000000000000e+00	0	271
272	1.427997921272262e+03 7.485542818817426e+02 1.214731919416677e+03	-3.073019948474019e-03  6.023177710005741e-03 -2.950157761531722e-03	1.000000000000000e+00	0	272
273	1.299141593802181e+03 7.466525394180998e+02 1.345489989350400e+03	-1.158099876179591e-02  2.544173591578665e-02 -1.386073715399074e-02	1.000000000000000e+00	0	273
320	5.371980958723746e+02 1.628970966024403e+03 1.499066376115484e+03	 6.891630668116138e-15  1.506680319569958e-14 -8.175035996219004e-15	1.000000000000000e+00	1	320
321	5.371980958723746e+02 1.628970966024403e+03 1.935418855738656e-13	 6.891630668116138e-15  1.506680319569958e-14 -8.175035996219004e-15	1.000000000000000e+00	1	321
344	1.499066376115483e+03 2.451348649730296e+03 9.399354728403871e+02	 3.801953112425779e-04 -7.794392738122742e-04  3.992439625696963e-04	1.000000000000000e+00	1	344
345	-1.477928890381008e-12  2.451348649730297e+03  9.399354728403857e+02	 3.801953112425729e-04 -7.794392738122642e-04  3.992439625696912e-04	1.000000000000000e+00	1	345
366	1.078649394628315e+03 7.580496906286903e+02 5.551866119819530e+01	-8.955548042388187e-03  1.375420702465730e-02 -4.798658982269112e-03	1.000000000000000e+00	0	366
389	1.079221529416890e+03 8.582751776644437e+02 1.312719221904476e+03	-1.839970253109728e-01 -4.157758935574378e-01  2.317788682464650e-01	1.000000000000000e+00	0	389
406	1.369930133690439e+03 1.758149014904227e+03 2.632049739760155e+02	 2.800145669116529e-03 -5.682731843085308e-03  2.882586173968779e-03	1.000000000000000e+00	0	406
433	 1.135560716698376e+03 -2.728484105318785e-12  7.282672107349273e+02	 1.897721426516099e-14  4.148886762876433e-14 -2.251127740251640e-14	1.000000000000000e+00	1	433
434	1.135560716698376e+03 2.998132752230962e+03 7.282672107349273e+02	 1.897721426516099e-14  4.148886762876433e-14 -2.251127740251640e-14	1.000000000000000e+00	1	434
558	 1.381979780528713e+02  1.754019768402326e+03 -2.273736754432321e-13	 2.277651968853123e-03 -4.601823855052646e-03  2.324171886199523e-03	1.000000000000000e+00	1	558
559	1.381979780528709e+02 1.754019768402326e+03 1.499066376115484e+03	 2.277651968853123e-03 -4.601823855052647e-03  2.324171886199523e-03	1.000000000000000e+00	1	559
566	1.254491244021673e+03 7.526107918517009e+02 1.384182086697308e+03	-1.295989275115201e-02  4.012521099836294e-02 -2.716531824721093e-02	1.000000000000000e+00	0	566
580	4.914269624720905e+02 7.497307067226211e+02 6.510600772604892e+02	-8.139745239786124e-03  3.424386914828357e-02 -2.610412390849744e-02	1.000000000000000e+00	0	580
581	4.171526398320924e+02 8.394650876580725e+02 6.694604223260491e+02	-6.050640747709115e-01 -2.176726325871031e-01 -3.873914421838083e-01	1.000000000000000e+00	0	581
583	3.316675320796564e+02 7.600398109958508e+02 8.005104033796937e+02	-1.132919125853594e-02  1.728051609930060e-02 -5.951324840764662e-03	1.000000000000000e+00	0	583
586	-6.007432246020320e-13  7.492517400469685e+02  1.142966006408233e+03	-2.248024866903646e-03  4.469555944548208e-03 -2.221531077644562e-03	1.000000000000000e+00	1	586
587	1.499066376115483e+03 7.492517400469686e+02 1.142966006408233e+03	-2.248024866903647e-03  4.469555944548210e-03 -2.221531077644562e-03	1.000000000000000e+00	1	587
590	1.499066376115482e+03 1.756054326149070e+03 1.361634203061296e+02	 2.558873083149526e-03 -5.276475852847291e-03  2.717602769697766e-03	1.000000000000000e+00	1	590
591	-2.273736754432321e-12  1.756054326149070e+03  1.361634203061292e+02	 2.558873083149526e-03 -5.276475852847291e-03  2.717602769697766e-03	1.000000000000000e+00	1	591
596	1.115772987245844e+03 7.764447592093575e+02 1.499066376115483e+03	 2.763296220894116e-03  3.131144100683655e-02 -3.407473722773067e-02	1.000000000000000e+00	1	596
597	 1.115772987245845e+03  7.764447592093572e+02 -1.364242052659392e-12	 2.763296220894156e-03  3.131144100683662e-02 -3.407473722773077e-02	1.000000000000000e+00	1	597
599	-1.136868377216160e-12  8.603297863600317e+02  2.314430837919963e+02	 3.497773633714174e-14  7.640632256265277e-14 -4.142815754180847e-14	1.000000000000000e+00	1	599
600	1.499066376115483e+03 8.603297863600317e+02 2.314430837919961e+02	 3.497773633714174e-14  7.640632256265277e-14 -4.142815754180847e-14	1.000000000000000e+00	1	600
602	-2.501110429875553e-12  8.317666254898659e+02  2.600062446621644e+02	 2.631921371830166e-14  5.754028798928737e-14 -3.122055285619539e-14	1.000000000000000e+00	1	602
603	1.499066376115482e+03 8.317666254898677e+02 2.600062446621625e+02	 2.631921371830164e-14  5.754028798928733e-14 -3.122055285619537e-14	1.000000000000000e+00	1	603
604	1.499066376115478e+03 8.603297863600324e+02 2.314430837919946e+02	 3.497773633714412e-14  7.640632256265795e-14 -4.142815754181127e-14	1.000000000000000e+00	1	604
605	-6.366462912410498e-12  8.603297863600314e+02  2.314430837919950e+02	 3.497773633714399e-14  7.640632256265767e-14 -4.142815754181112e-14	1.000000000000000e+00	1	605
606	1.449658815539235e+03 8.576360120490569e+02 1.847292975267272e+02	 5.057534898908602e-14  1.103380701542518e-13 -5.976268319413380e-14	7.500000000000000e-01	0	606
616	 1.252728345149151e+03  8.454348391857006e+02 -5.762480624383860e-13	-1.610382089014339e-01 -6.218907466455478e-02 -9.884913423687916e-02	1.000000000000000e+00	1	616
617	1.252728345149151e+03 8.454348391857006e+02 1.499066376115483e+03	-1.610382089014342e-01 -6.218907466455489e-02 -9.884913423687935e-02	1.000000000000000e+00	1	617
623	3.663241820910197e+02 7.728487459056165e+02 7.530448184585646e+02	 3.049536382375612e-03 -3.779155282009829e-03  7.296188996342177e-04	1.000000000000000e+00	0	623
1	7.071067811865475e-01 7.071067811865475e-01 0.000000000000000e+00	 5.773502691896257e-01 -5.773502691896257e-01 -5.773502691896257e-01	-3.639242900506764e+02  3.639242900506764e+02  3.639242900506764e+02	1	0	0.000000000000000e+00	0.000000000000000e+00	0.000000000000000e+00
2	-7.071067811865475e-01  7.071067811865475e-01  0.000000000000000e+00	5.773502691896257e-01 5.773502691896257e-01 5.773502691896257e-01	6.307392488184003e+02 6.307392488184003e+02 6.307392488184003e+02	1	0	0.000000000000000e+00	0.000000000000000e+00	0.000000000000000e+00
1	37	648	1	0
1	653	37	1	0
1	47	138	1	0
1	669	47	1	0
1	55	56	1	0
1	98	55	1	0
1	56	402	1	0
1	651	98	1	0
1	126	205	1	0
1	237	126	1	0
1	138	324	1	0
1	205	666	1	0
1	214	215	1	0
1	665	214	1	0
1	215	393	1	0
1	393	217	1	0
1	217	669	1	0
1	235	237	1	0
1	627	235	1	0
1	321	280	1	0
1	280	656	1	0
1	320	321	0	1
1	438	320	1	0
1	324	325	0	1
1	325	439	1	0
1	402	627	1	0
1	437	438	0	1
1	649	437	1	0
1	439	440	0	1
1	440	650	1	0
1	645	646	0	1
1	656	645	1	0
1	646	654	1	0
1	648	649	0	1
1	650	651	0	1
1	652	653	0	1
1	655	652	1	0
1	654	664	1	0
1	667	655	1	0
1	664	665	0	1
1	666	667	0	1
2	69	70	0	1
2	239	69	1	0
2	70	346	1	0
2	72	246	1	0
2	347	72	1	0
2	247	75	1	0
2	75	248	1	0
2	249	76	1	0
2	76	250	1	0
2	251	77	1	0
2	77	252	1	0
2	78	159	1	0
2	253	78	1	0
2	81	254	1	0
2	637	81	1	0
2	256	83	1	0
2	83	350	1	0
2	84	85	0	1
2	351	84	1	0
2	85	88	1	0
2	88	165	1	0
2	265	89	1	0
2	89	266	1	0
2	269	91	1	0
2	91	270	1	0
2	95	148	1	0
2	612	95	1	0
2	148	642	1	0
2	149	238	1	0
2	370	149	1	0
2	248	156	1	0
2	156	249	1	0
2	250	157	1	0
2	157	251	1	0
2	252	158	1	0
2	158	253	1	0
2	159	410	1	0
2	410	160	1	0
2	160	636	1	0
2	161	255	1	0
2	605	161	1	0
2	165	265	1	0
2	266	166	1	0
2	166	267	1	0
2	167	269	1	0
2	629	167	1	0
2	272	169	1	0
2	169	273	1	0
2	238	239	1	0
2	246	247	1	0
2	254	604	1	0
2	255	256	1	0
2	267	626	1	0
2	626	268	1	0
2	268	673	1	0
2	270	271	1	0
2	271	632	1	0
2	633	272	1	0
2	273	612	1	0
2	346	347	0	1
2	350	351	0	1
2	643	370	1	0
2	604	605	0	1
2	673	629	1	0
2	632	633	0	1
2	636	637	0	1
2	642	643	0	1
1	37	3.010920361538812e+03 3.859159738231102e+03 2.435334934597352e+02	37	-2.998132752230968e+03 -2.998132752230965e+03 -1.296998437598056e-15	-1
1	47	4.118407914692957e+02 8.544497868036542e+02 6.491638748176707e+02	47	0.000000000000000e+00 2.629596998832196e-14 2.301162899144159e-14	-1
1	55	 1.695056771488637e+03  3.846358851475336e+03 -1.059529209834674e+03	16	-1.499066376115484e+03 -2.998132752230965e+03  1.499066376115484e+03	-1
1	56	 1.910907167584780e+03  3.852582539034619e+03 -8.499025012978133e+02	47	-1.499066376115484e+03 -2.998132752230965e+03  1.499066376115484e+03	-1
2	69	-2.652255928067461e+02  5.684341886080801e-13  2.157443339261947e+03	69	 1.499066376115484e+03  2.804572483380277e-14 -1.499066376115484e+03	0
2	70	-2.652255928067460e+02  4.547473508864641e-13  2.157443339261946e+03	70	 1.499066376115484e+03  2.998132752230965e+03 -1.499066376115484e+03	1
2	72	 3.382773956062235e+02 -1.244170430099857e+03  2.798110780948834e+03	72	 0.000000000000000e+00  2.998132752230965e+03 -1.499066376115484e+03	-1
2	75	 5.346066637438420e+02 -1.242929450934596e+03  2.600540533645955e+03	75	 0.000000000000000e+00  2.998132752230965e+03 -1.499066376115484e+03	-1
2	76	 7.841229680873454e+02 -1.243342167457009e+03  2.351436945824865e+03	76	 0.000000000000000e+00  2.998132752230965e+03 -1.499066376115484e+03	-1
2	77	 1.042082703527437e+03 -1.242607385025005e+03  2.092742427952769e+03	77	 0.000000000000000e+00  2.998132752230965e+03 -1.499066376115484e+03	-1
2	78	 1.274950303085906e+03 -1.239872229541526e+03  1.857139672910821e+03	78	 0.000000000000000e+00  2.998132752230965e+03 -1.499066376115484e+03	-1
2	81	 1.509061732504788e+03 -1.242297990005356e+03  1.625454003955772e+03	81	-1.499066376115484e+03  2.998132752230965e+03 -1.499066376115484e+03	-1
2	83	 1.837343771721708e+03 -1.244170430099857e+03  1.299044404833350e+03	72	-1.499066376115484e+03  2.998132752230965e+03  6.516875392707817e-15	-1
2	84	 1.233840783308738e+03 -4.547473508864641e-13  6.583769631464630e+02	70	2.881180732755041e-14 2.998132752230965e+03 0.000000000000000e+00	1
2	85	 1.233840783308738e+03 -2.273736754432321e-13  6.583769631464629e+02	69	8.137780172766422e-14 0.000000000000000e+00 4.030010838596754e-14	0
2	88	8.723887376659984e+02 7.451627510087330e+02 2.746662577804692e+02	88	8.137780172766422e-14 0.000000000000000e+00 4.030010838596754e-14	-1
2	89	7.116466452593636e+02 7.430670642408223e+02 4.375040369550146e+02	89	8.137780172766422e-14 0.000000000000000e+00 4.030010838596754e-14	-1
2	91	1.648054212386224e+02 7.488502334482729e+02 9.785620917683053e+02	91	8.137780172766422e-14 0.000000000000000e+00 4.030010838596754e-14	-1
2	95	-2.960979505769174e+02  7.664463868626160e+02  1.421869310169499e+03	95	1.499066376115484e+03 1.522937239157407e-14 1.560815019424493e-14	-1
1	98	 1.511853985423328e+03  3.859159738231102e+03 -1.255532882655749e+03	37	-1.499066376115484e+03 -2.998132752230965e+03  1.499066376115484e+03	-1
1	126	 2.648822002324810e+03  3.791416209696861e+03 -5.082133722002754e+01	126	-1.499066376115484e+03 -2.998132752230965e+03  1.499066376115484e+03	-1
1	138	1.959903953731528e+02 8.482260992443718e+02 4.395371662808104e+02	16	0.000000000000000e+00 2.629596998832196e-14 2.301162899144159e-14	-1
2	148	-3.493107499061582e+02  7.932834574658965e+02  1.448245038895456e+03	126	1.499066376115484e+03 1.522937239157407e-14 1.560815019424493e-14	-1
2	149	-4.959366308318805e+02  7.492550046424436e+02  1.638899372644638e+03	149	 1.499066376115484e+03  2.804572483380277e-14 -1.499066376115484e+03	-1
2	156	 6.586959249176795e+02 -1.242843649076815e+03  2.476365470614337e+03	156	 0.000000000000000e+00  2.998132752230965e+03 -1.499066376115484e+03	-1
2	157	 9.136507771982048e+02 -1.243542527590619e+03  2.222109496847615e+03	157	 0.000000000000000e+00  2.998132752230965e+03 -1.499066376115484e+03	-1
2	158	 1.161342435023770e+03 -1.241003434189779e+03  1.971878745621210e+03	158	 0.000000000000000e+00  2.998132752230965e+03 -1.499066376115484e+03	-1
2	159	 1.329997577436891e+03 -1.239801623742610e+03  1.802021792760920e+03	159	 0.000000000000000e+00  2.998132752230965e+03 -1.499066376115484e+03	-1
2	160	 1.447730244875773e+03 -1.240950746192221e+03  1.685438247771649e+03	160	 0.000000000000000e+00  2.998132752230965e+03 -1.499066376115484e+03	-1
2	161	 1.638113154429103e+03 -1.244120751096941e+03  1.498225343123039e+03	161	-1.499066376115484e+03  2.998132752230965e+03  6.516875392707817e-15	-1
2	165	8.054835782925936e+02 7.445571831490654e+02 3.421769850135416e+02	165	8.137780172766422e-14 0.000000000000000e+00 4.030010838596754e-14	-1
2	166	5.999574362553262e+02 7.406941886242544e+02 5.515661215756199e+02	166	8.137780172766422e-14 0.000000000000000e+00 4.030010838596754e-14	-1
2	167	2.879912768910010e+02 7.539287732374565e+02 8.502976963267432e+02	167	8.137780172766422e-14 0.000000000000000e+00 4.030010838596754e-14	-1
2	169	-1.206293946862338e+02  7.476203304140489e+02  1.265226810727383e+03	169	1.499066376115484e+03 1.522937239157407e-14 1.560815019424493e-14	-1
1	205	 2.660401259715090e+03  3.837905149130625e+03 -8.573101926350932e+01	205	-1.499066376115484e+03 -2.998132752230965e+03  1.499066376115484e+03	-1
1	214	1.161334883599607e+03 8.397723968996606e+02 1.413335356851975e+03	205	0.000000000000000e+00 2.629596998832196e-14 2.301162899144159e-14	-1
1	215	1.159014966324733e+03 8.740730793928407e+02 1.376714757083922e+03	215	0.000000000000000e+00 2.629596998832196e-14 2.301162899144159e-14	-1
1	217	1.029604224846007e+03 8.596065104100212e+02 1.261770584588015e+03	217	0.000000000000000e+00 2.629596998832196e-14 2.301162899144159e-14	-1
1	235	 2.528670600961491e+03  3.857739262640986e+03 -2.372957915274692e+02	217	-1.499066376115484e+03 -2.998132752230965e+03  1.499066376115484e+03	-1
1	237	 2.598312225729119e+03  3.838372422840821e+03 -1.482873269596766e+02	237	-1.499066376115484e+03 -2.998132752230965e+03  1.499066376115484e+03	-1
2	238	-5.777834496700845e+02  7.460070018983914e+02  1.723994194226894e+03	238	 1.499066376115484e+03  2.804572483380277e-14 -1.499066376115484e+03	-1
2	239	-6.266776384494855e+02  7.451627510087330e+02  1.773732633895953e+03	88	 1.499066376115484e+03  2.804572483380277e-14 -1.499066376115484e+03	-1
2	246	 4.064042055871606e+02 -1.243741985323890e+03  2.729555526191930e+03	246	 0.000000000000000e+00  2.998132752230965e+03 -1.499066376115484e+03	-1
2	247	 4.889571439250570e+02 -1.243144877764319e+03  2.646405480294463e+03	247	 0.000000000000000e+00  2.998132752230965e+03 -1.499066376115484e+03	-1
2	248	 5.954757017546858e+02 -1.242786650010331e+03  2.539528694710846e+03	248	 0.000000000000000e+00  2.998132752230965e+03 -1.499066376115484e+03	-1
2	249	 7.221200763461713e+02 -1.243067322796562e+03  2.413164992905591e+03	249	 0.000000000000000e+00  2.998132752230965e+03 -1.499066376115484e+03	-1
2	250	 8.476149408043422e+02 -1.243548695520358e+03  2.288151501171217e+03	250	 0.000000000000000e+00  2.998132752230965e+03 -1.499066376115484e+03	-1
2	251	 9.794417546689382e+02 -1.243215801969054e+03  2.155991793755316e+03	251	 0.000000000000000e+00  2.998132752230965e+03 -1.499066376115484e+03	-1
2	252	 1.102070736787319e+03 -1.241833791493871e+03  2.031980801161752e+03	252	 0.000000000000000e+00  2.998132752230965e+03 -1.499066376115484e+03	-1
2	253	 1.219088246179947e+03 -1.240301083154382e+03  1.913430583429636e+03	253	 0.000000000000000e+00  2.998132752230965e+03 -1.499066376115484e+03	-1
2	254	 1.572485710386382e+03 -1.243520202311293e+03  1.563252238380116e+03	254	-1.499066376115484e+03  2.998132752230965e+03 -1.499066376115484e+03	-1
2	255	 1.699852179984081e+03 -1.244312077491837e+03  1.436677643962956e+03	255	-1.499066376115484e+03  2.998132752230965e+03  6.516875392707817e-15	-1
2	256	 1.782459390541211e+03 -1.244363764506095e+03  1.354122120420085e+03	256	-1.499066376115484e+03  2.998132752230965e+03  6.516875392707817e-15	-1
2	265	7.585174910288454e+02 7.439503364498963e+02 3.897499189764590e+02	265	8.137780172766422e-14 0.000000000000000e+00 4.030010838596754e-14	-1
2	266	6.563071252585394e+02 7.416673167765258e+02 4.942433044201354e+02	266	8.137780172766422e-14 0.000000000000000e+00 4.030010838596754e-14	-1
2	267	5.297788369572816e+02 7.431348244183858e+02 6.193040850795334e+02	267	8.137780172766422e-14 0.000000000000000e+00 4.030010838596754e-14	-1
2	268	4.002224381515855e+02 7.879836178446030e+02 7.040116904590121e+02	268	8.137780172766422e-14 0.000000000000000e+00 4.030010838596754e-14	-1
2	269	2.247665369368804e+02 7.500696185392851e+02 9.173815909790352e+02	269	8.137780172766422e-14 0.000000000000000e+00 4.030010838596754e-14	-1
2	270	8.554758665393749e+01 7.489415521761105e+02 1.057728607625153e+03	270	8.137780172766422e-14 0.000000000000000e+00 4.030010838596754e-14	-1
2	271	2.481621390249819e+00 7.492760944121429e+02 1.140460030652808e+03	271	8.137780172766422e-14 0.000000000000000e+00 4.030010838596754e-14	-1
2	272	-7.106845484322184e+01  7.485542818817426e+02  1.214731919416677e+03	272	1.499066376115484e+03 1.522937239157407e-14 1.560815019424493e-14	-1
2	273	-1.999247823133026e+02  7.466525394180998e+02  1.345489989350400e+03	273	1.499066376115484e+03 1.522937239157407e-14 1.560815019424493e-14	-1
1	280	1.695056771488637e+03 8.482260992443718e+02 1.938603542396295e+03	16	-1.499066376115484e+03  2.332622365846862e-14 -1.499066376115484e+03	-1
1	320	2.036264471987860e+03 1.628970966024408e+03 1.499066376115482e+03	320	-1.499066376115484e+03  1.106659759674790e-14  7.403478797196665e-15	0
1	321	2.036264471987860e+03 1.628970966024408e+03 1.499066376115482e+03	321	-1.499066376115484e+03  2.332622365846862e-14 -1.499066376115484e+03	2
1	324	5.371980958723746e+02 1.628970966024403e+03 1.705302565824240e-13	321	0.000000000000000e+00 2.629596998832196e-14 2.301162899144159e-14	2
1	325	5.371980958723746e+02 1.628970966024403e+03 5.115907697472721e-13	320	2.881180732755041e-14 3.860184542213733e-14 1.499066376115484e+03	0
2	346	-1.023181539494544e-12 -5.467841025006692e+02  2.439001848955871e+03	344	 1.499066376115484e+03  2.998132752230965e+03 -1.499066376115484e+03	0
2	347	-1.477928890381008e-12 -5.467841025006674e+02  2.439001848955870e+03	345	 0.000000000000000e+00  2.998132752230965e+03 -1.499066376115484e+03	3
2	350	 1.499066376115483e+03 -5.467841025006694e+02  9.399354728403870e+02	345	-1.499066376115484e+03  2.998132752230965e+03  6.516875392707817e-15	3
2	351	 1.499066376115483e+03 -5.467841025006696e+02  9.399354728403873e+02	344	2.881180732755041e-14 2.998132752230965e+03 0.000000000000000e+00	0
2	370	-4.204169814871689e+02  7.580496906286903e+02  1.554585037313679e+03	366	 1.499066376115484e+03  2.804572483380277e-14 -1.499066376115484e+03	-1
1	393	1.079221529416890e+03 8.582751776644437e+02 1.312719221904476e+03	389	0.000000000000000e+00 2.629596998832196e-14 2.301162899144159e-14	-1
1	402	 1.899288814267069e+03  3.786116370075568e+03 -7.950546856564719e+02	268	-1.499066376115484e+03 -2.998132752230965e+03  1.499066376115484e+03	-1
2	410	 1.369930133690439e+03 -1.239983737326738e+03  1.762271350091499e+03	406	 0.000000000000000e+00  2.998132752230965e+03 -1.499066376115484e+03	-1
1	437	2.634627092813860e+03 2.998132752230963e+03 7.282672107349273e+02	433	-1.499066376115484e+03 -2.998132752230965e+03 -7.813873830305873e-15	2
1	438	2.634627092813860e+03 2.998132752230963e+03 7.282672107349273e+02	434	-1.499066376115484e+03  1.106659759674790e-14  7.403478797196665e-15	2
1	439	 1.135560716698376e+03  2.998132752230962e+03 -7.707991653805567e+02	434	2.881180732755041e-14 3.860184542213733e-14 1.499066376115484e+03	2
1	440	 1.135560716698376e+03  2.998132752230962e+03 -7.707991653805567e+02	433	 5.357148449523283e-14 -2.998132752230965e+03  1.499066376115484e+03	2
2	604	 1.637264354168356e+03 -1.244112983828639e+03  1.499066376115484e+03	558	-1.499066376115484e+03  2.998132752230965e+03 -1.499066376115484e+03	2
2	605	 1.637264354168355e+03 -1.244112983828639e+03  1.499066376115484e+03	559	-1.499066376115484e+03  2.998132752230965e+03  6.516875392707817e-15	4
2	612	-2.445751320938111e+02  7.526107918517009e+02  1.384182086697308e+03	566	1.499066376115484e+03 1.522937239157407e-14 1.560815019424493e-14	-1
2	626	4.914269624720905e+02 7.497307067226211e+02 6.510600772604892e+02	580	8.137780172766422e-14 0.000000000000000e+00 4.030010838596754e-14	-1
1	627	 1.916219015947576e+03  3.837597839889037e+03 -8.296059537894349e+02	581	-1.499066376115484e+03 -2.998132752230965e+03  1.499066376115484e+03	-1
2	629	3.316675320796563e+02 7.600398109958508e+02 8.005104033796937e+02	583	8.137780172766422e-14 0.000000000000000e+00 4.030010838596754e-14	-1
2	632	-6.821210263296962e-13  7.492517400469685e+02  1.142966006408233e+03	586	8.137780172766422e-14 0.000000000000000e+00 4.030010838596754e-14	3
2	633	-7.958078640513122e-13  7.492517400469686e+02  1.142966006408233e+03	587	1.499066376115484e+03 1.522937239157407e-14 1.560815019424493e-14	0
2	636	 1.499066376115482e+03 -1.242078426081895e+03  1.635229796421614e+03	590	 0.000000000000000e+00  2.998132752230965e+03 -1.499066376115484e+03	0
2	637	 1.499066376115482e+03 -1.242078426081895e+03  1.635229796421614e+03	591	-1.499066376115484e+03  2.998132752230965e+03 -1.499066376115484e+03	3
2	642	-3.832933888696394e+02  7.764447592093575e+02  1.499066376115483e+03	596	1.499066376115484e+03 1.522937239157407e-14 1.560815019424493e-14	4
2	643	-3.832933888696392e+02  7.764447592093572e+02  1.499066376115483e+03	597	 1.499066376115484e+03  2.804572483380277e-14 -1.499066376115484e+03	2
1	645	1.499066376115483e+03 8.603297863600317e+02 1.730509459907481e+03	599	-1.499066376115484e+03  2.332622365846862e-14 -1.499066376115484e+03	3
1	646	1.499066376115483e+03 8.603297863600317e+02 1.730509459907481e+03	600	 0.000000000000000e+00  3.578147120611488e-14 -1.499066376115484e+03	0
1	648	2.998132752230963e+03 3.829899377720825e+03 2.600062446621679e+02	602	-2.998132752230968e+03 -2.998132752230965e+03 -1.296998437598056e-15	3
1	649	2.998132752230962e+03 3.829899377720823e+03 2.600062446621681e+02	603	-1.499066376115484e+03 -2.998132752230965e+03 -7.813873830305873e-15	0
1	650	 1.499066376115482e+03  3.829899377720832e+03 -1.239060131453321e+03	603	 5.357148449523283e-14 -2.998132752230965e+03  1.499066376115484e+03	0
1	651	 1.499066376115481e+03  3.829899377720831e+03 -1.239060131453320e+03	602	-1.499066376115484e+03 -2.998132752230965e+03  1.499066376115484e+03	3
1	652	2.998132752230962e+03 3.858462538590997e+03 2.314430837919946e+02	604	-1.499066376115484e+03 -2.998132752230965e+03 -7.813873830305873e-15	0
1	653	2.998132752230962e+03 3.858462538590996e+03 2.314430837919950e+02	605	-2.998132752230968e+03 -2.998132752230965e+03 -1.296998437598056e-15	3
1	654	1.449658815539235e+03 8.576360120490569e+02 1.683795673642212e+03	606	 0.000000000000000e+00  3.578147120611488e-14 -1.499066376115484e+03	-1
1	655	2.948725191654719e+03 3.855768764280022e+03 1.847292975267272e+02	606	-1.499066376115484e+03 -2.998132752230965e+03 -7.813873830305873e-15	-1
1	656	1.511853985423328e+03 8.610269860001378e+02 1.742599869575219e+03	37	-1.499066376115484e+03  2.332622365846862e-14 -1.499066376115484e+03	-1
1	664	1.252728345149153e+03 8.454348391857001e+02 1.499066376115481e+03	616	 0.000000000000000e+00  3.578147120611488e-14 -1.499066376115484e+03	1
1	665	1.252728345149153e+03 8.454348391857002e+02 1.499066376115482e+03	617	0.000000000000000e+00 2.629596998832196e-14 2.301162899144159e-14	0
1	666	 2.751794721264635e+03  3.843567591416665e+03 -7.958078640513122e-13	617	-1.499066376115484e+03 -2.998132752230965e+03  1.499066376115484e+03	0
1	667	 2.751794721264635e+03  3.843567591416665e+03 -5.684341886080801e-13	616	-1.499066376115484e+03 -2.998132752230965e+03 -7.813873830305873e-15	1
1	669	4.171526398320924e+02 8.394650876580725e+02 6.694604223260491e+02	581	0.000000000000000e+00 2.629596998832196e-14 2.301162899144159e-14	-1
2	673	3.663241820910196e+02 7.728487459056165e+02 7.530448184585646e+02	623	8.137780172766422e-14 0.000000000000000e+00 4.030010838596754e-14	-1
