135
3
147
147
5	2.178652319333753e+02 7.042282115134141e+02 6.123282717280185e+02	 4.027798196822805e-02  1.446755860661139e-01 -1.849535680343419e-01	1.000000000000000e+00	0	5
6	2.607395195747665e+02 7.044071306540670e+02 5.692750649459742e+02	-1.544925487548335e-01  2.245368211141597e-01 -7.004427235932618e-02	1.000000000000000e+00	0	6
16	2.448665722393422e+02 1.061463499255631e+03 2.751759431357405e+02	 4.633986981195010e-03  1.329736388190121e-02 -8.663376900706201e-03	1.000000000000000e+00	0	16
22	2.435603593160965e+02 7.752050148089936e+02 5.156563410497178e+02	 1.673525580455869e-01 -2.085504095624099e-01  4.119785151682293e-02	1.000000000000000e+00	0	22
37	1.174132107403627e+03 2.759175413634730e+02 4.909210600767029e+02	 6.679947375228718e-03  1.208852271740825e-02 -5.408575342179527e-03	1.000000000000000e+00	0	37
43	1.377630948906819e+03 1.084043744999206e+03 1.385360074059642e+03	-1.938623853866662e-03 -2.703228707503598e-03  7.646048536369357e-04	1.000000000000000e+00	0	43
44	1.178359833452371e+03 1.158127598315539e+03 1.112005105288862e+03	-9.029187276074895e-04 -1.584012738274355e-03  6.810940106668656e-04	1.000000000000000e+00	0	44
45	9.333977760643088e+02 1.132743538785328e+03 8.924271074310101e+02	 3.273994924347532e-04  8.912272163047986e-04 -5.638277238700455e-04	1.000000000000000e+00	0	45
46	7.022263465386552e+02 1.098988735429105e+03 6.950104812615793e+02	-1.976686468269697e-04 -3.562886384683450e-04  1.586199916413754e-04	1.000000000000000e+00	0	46
47	5.250110727712234e+02 1.099620420911288e+03 5.171635220119647e+02	-9.263471429243558e-04 -1.586529943862321e-03  6.601828009379655e-04	1.000000000000000e+00	0	47
48	3.304982802556948e+02 1.080017313736111e+03 3.422538366716126e+02	 2.683288403274582e-03  8.283127893116443e-03 -5.599839489841863e-03	1.000000000000000e+00	0	48
55	1.374432593009838e+03 2.654696716667914e+02 7.016694153795953e+02	 7.432892145275680e-03  1.493008105792790e-02 -7.497188912652215e-03	1.000000000000000e+00	0	55
56	8.911604494860538e+01 2.790671031584570e+02 9.018218119421776e+02	 5.728565169356809e-03  1.325740350915887e-02 -7.528838339802064e-03	1.000000000000000e+00	0	56
59	3.670154956199638e+02 2.883681266016978e+02 1.170420239170295e+03	 5.786738126306265e-03  1.095113929603238e-02 -5.164401169726115e-03	1.000000000000000e+00	0	59
62	6.438210451749585e+02 2.703457699484757e+02 1.465248145378512e+03	 7.845133529172758e-03  1.508311205022864e-02 -7.237978521055878e-03	1.000000000000000e+00	0	62
63	8.756708856294232e+02 2.786579474672432e+02 1.897194321987287e+02	 5.859443501442506e-03  1.282431567501077e-02 -6.964872173568267e-03	1.000000000000000e+00	0	63
66	9.106217384430241e+02 8.893944056414720e+02 9.220160237070471e+01	 2.659379741368860e-03 -6.896440337470710e-03  4.237060596101849e-03	1.000000000000000e+00	0	66
69	1.239345953035201e+03 3.691062379986508e-13 6.528717934199992e+02	 3.596342833026023e-03 -7.909434598138150e-03  4.313091765112126e-03	1.000000000000000e+00	1	69
70	1.239345953035201e+03 2.998132752230965e+03 6.528717934199992e+02	 3.596342833026023e-03 -7.909434598138150e-03  4.313091765112126e-03	1.000000000000000e+00	1	70
72	2.357141390347066e+02 1.958545467822590e+03 1.197024515713385e+03	 4.144203662270841e-03 -8.421587075274411e-03  4.277383413003570e-03	1.000000000000000e+00	0	72
75	4.329523895905505e+02 1.957279036972588e+03 1.001052696007543e+03	 4.099002673296472e-03 -8.278461623364987e-03  4.179458950068514e-03	1.000000000000000e+00	0	75
76	6.864107307663277e+02 1.954505596606407e+03 7.503677951979464e+02	 4.009655972770741e-03 -8.165980928395940e-03  4.156324955625199e-03	1.000000000000000e+00	0	76
77	9.396978165254621e+02 1.954757681806316e+03 4.968286242389038e+02	 4.198201486292231e-03 -8.164757991211078e-03  3.966556504918848e-03	1.000000000000000e+00	0	77
78	1.169795403661643e+03 1.961548438530328e+03 2.599402803787100e+02	 4.229166629557797e-03 -8.118281753922629e-03  3.889115124364832e-03	1.000000000000000e+00	0	78
81	1.408281201502703e+03 1.964497080811099e+03 1.850584025687937e+01	 4.137898279873487e-03 -8.331712025467557e-03  4.193813745594068e-03	1.000000000000000e+00	0	81
88	8.091129876908475e+02 9.027725441599084e+02 1.803322146044449e+02	 3.120583152159617e-03 -7.464683876658105e-03  4.344100724498489e-03	1.000000000000000e+00	0	88
89	6.138284016883849e+02 9.039850043539418e+02 3.744043404128740e+02	 3.873949197568644e-03 -6.295467780485918e-03  2.421518582917275e-03	1.000000000000000e+00	0	89
90	3.842057493151273e+02 8.627090917802816e+02 6.453029053597919e+02	 3.800694017705972e-03 -8.507037607304785e-03  4.706343589598813e-03	1.000000000000000e+00	0	90
91	1.106194629513477e+02 9.118059812758213e+02 8.697923022280318e+02	 3.091960159463877e-03 -9.043326812197553e-03  5.951366652733676e-03	1.000000000000000e+00	0	91
94	1.357958726537302e+03 9.308725552238467e+02 1.102452840809533e+03	 4.856918819593725e-03 -7.891011297785829e-03  3.034092478192103e-03	1.000000000000000e+00	0	94
95	1.135150662273288e+03 8.663261422243721e+02 1.389807318073021e+03	 2.856341557223342e-03 -5.232530025939392e-03  2.376188468716049e-03	1.000000000000000e+00	0	95
107	3.198278144505730e+02 7.637188437677393e+02 4.508750569564957e+02	-1.816967015953415e-01 -3.092839409486378e-03  1.847895410048279e-01	1.000000000000000e+00	0	107
117	2.242029950229501e+02 7.430420592941153e+02 5.671766608577424e+02	 2.592629003066735e-01 -1.584599568993949e-01 -1.008029434072786e-01	1.000000000000000e+00	0	117
126	9.812688005925751e+02 2.829405709582792e+02 2.910347236708446e+02	 5.625506522268805e-03  1.151954964069722e-02 -5.894043118428412e-03	1.000000000000000e+00	0	126
131	5.999897312995732e+00 1.058074010518261e+03 3.969875694676372e+01	 5.955100006654631e-04  1.009048866757728e-03 -4.135388660922652e-04	1.000000000000000e+00	0	131
132	1.279311161706223e+03 1.127185782891549e+03 1.243898248966703e+03	-1.816558946207540e-03 -2.185066389199065e-03  3.685074429915250e-04	1.000000000000000e+00	0	132
133	1.070143638515975e+03 1.153418986366346e+03 1.008497522301658e+03	-2.585120256005140e-05 -9.392689216945670e-05  6.807568960940257e-05	1.000000000000000e+00	0	133
134	7.941821779534248e+02 1.110538554455862e+03 7.754164936495920e+02	 1.743433334884448e-04  4.608912394595294e-04 -2.865479059710846e-04	1.000000000000000e+00	0	134
135	6.219070800860122e+02 1.094057305232693e+03 6.196226450053484e+02	-5.042545707000913e-04 -1.126458014705485e-03  6.222034440053939e-04	1.000000000000000e+00	0	135
136	4.154123094070383e+02 1.097410058084007e+03 4.097751214750600e+02	 6.053640134268031e-04  1.947224601150137e-03 -1.341860587723334e-03	1.000000000000000e+00	0	136
141	1.266048753614780e+03 2.691571436091254e+02 5.895981040422029e+02	 7.325382923136994e-03  1.347124849145322e-02 -6.145865568316225e-03	1.000000000000000e+00	0	141
142	1.487168632015773e+03 2.701711345048053e+02 8.097039915475170e+02	 6.542426261324570e-03  1.479298435639463e-02 -8.250558095070063e-03	1.000000000000000e+00	0	142
143	1.432620697941155e+02 2.836223893549408e+02 9.514125505912039e+02	 5.539189561623364e-03  1.241096193565939e-02 -6.871772374036023e-03	1.000000000000000e+00	0	143
144	2.915774529527673e+02 2.900279246748569e+02 1.093322398429940e+03	 5.494653654981348e-03  1.092731098810039e-02 -5.432657333119038e-03	1.000000000000000e+00	0	144
145	4.299522512443365e+02 2.845866452539573e+02 1.237138476142409e+03	 6.285892795617829e-03  1.145472598400237e-02 -5.168833188384537e-03	1.000000000000000e+00	0	145
146	5.647565033704535e+02 2.740794917698194e+02 1.382449881752663e+03	 7.482282670044778e-03  1.379589615649209e-02 -6.313613486447310e-03	1.000000000000000e+00	0	146
147	7.639482753282325e+02 2.721811725927019e+02 8.447359677207928e+01	 6.820400711043323e-03  1.464364351887413e-02 -7.823242807830810e-03	1.000000000000000e+00	0	147
148	1.077152050590959e+03 8.689307529903034e+02 1.445201318989419e+03	 2.521110553502398e-03 -5.549971250153820e-03  3.028860696651423e-03	1.000000000000000e+00	0	148
149	9.610760356343901e+02 8.821790733071098e+02 4.896263751370088e+01	 2.575052942199747e-03 -6.521366473816596e-03  3.946313531616847e-03	1.000000000000000e+00	0	149
156	5.594444641915622e+02 1.956161934225266e+03 8.756777241538532e+02	 4.025366270150622e-03 -8.193671903207253e-03  4.168305633056631e-03	1.000000000000000e+00	0	156
157	8.145903539589018e+02 1.953554172803973e+03 6.231395958078072e+02	 4.088732957956430e-03 -8.174547137598508e-03  4.085814179642079e-03	1.000000000000000e+00	0	157
158	1.056299796133248e+03 1.957913510788211e+03 3.770708156492217e+02	 4.255900789494297e-03 -8.131564131135142e-03  3.875663341640845e-03	1.000000000000000e+00	0	158
159	1.225440944036275e+03 1.962966519997492e+03 2.028766585369146e+02	 4.203206578240674e-03 -8.132893177841180e-03  3.929686599600506e-03	1.000000000000000e+00	0	159
160	1.345697657420019e+03 1.964501730275058e+03 8.108473487560423e+01	 4.146150252699141e-03 -8.229040630693660e-03  4.082890377994520e-03	1.000000000000000e+00	0	160
161	3.863170652891357e+01 1.962298135728789e+03 1.390354280312979e+03	 4.064709761312352e-03 -8.442225901240564e-03  4.377516139928213e-03	1.000000000000000e+00	0	161
165	7.304262354875742e+02 9.092806716166535e+02 2.525108393509730e+02	 3.510912208210409e-03 -7.623719063294996e-03  4.112806855084588e-03	1.000000000000000e+00	0	165
166	5.070243935573035e+02 8.706254613103181e+02 5.145678915875792e+02	 3.021598362499446e-03 -4.640541896142525e-03  1.618943533643079e-03	1.000000000000000e+00	0	166
167	2.499177672444736e+02 8.839208260616332e+02 7.583791531490939e+02	 3.219936017186939e-03 -9.444140612799575e-03  6.224204595612636e-03	1.000000000000000e+00	0	167
168	1.456603338380653e+03 9.336494058968583e+02 1.001031378293170e+03	 3.976144052544396e-03 -8.907520515573756e-03  4.931376463029360e-03	1.000000000000000e+00	0	168
169	1.266902274620453e+03 8.957044401296878e+02 1.228677407820541e+03	 3.960052519091454e-03 -5.330315469185283e-03  1.370262950093829e-03	1.000000000000000e+00	0	169
186	2.334228923469666e+02 7.649729881803187e+02 5.360258346475225e+02	 2.203273920783522e-01 -1.867402396800585e-01 -3.358715239829364e-02	1.000000000000000e+00	0	186
187	2.260638725285615e+02 7.202660559755325e+02 5.880917866707139e+02	 2.879665986398570e-01 -1.943817351214262e-01 -9.358486351843082e-02	1.000000000000000e+00	0	187
190	1.002325180903142e+03 1.143906655048024e+03 9.501913960071473e+02	 2.188547422982781e-04  5.694965034722989e-04 -3.506417611740208e-04	1.000000000000000e+00	0	190
204	1.117238603506586e+03 2.798711346524993e+02 4.300739628906352e+02	 6.191324114252694e-03  1.152863447553019e-02 -5.337310361277497e-03	1.000000000000000e+00	0	204
205	1.035273194212001e+03 2.830150970249837e+02 3.449645912235657e+02	 5.827240060162611e-03  1.126617501258496e-02 -5.438934952422350e-03	1.000000000000000e+00	0	205
214	1.463188611913464e+03 1.065050300804595e+03 1.489911181260899e+03	-5.971972043029342e-04 -9.459873980812402e-04  3.487901937783060e-04	1.000000000000000e+00	0	214
215	1.325403504719127e+03 1.102976367622690e+03 1.314200007248467e+03	-1.966715782364271e-03 -2.602323592897570e-03  6.356078105332997e-04	1.000000000000000e+00	0	215
217	1.128591442415806e+03 1.158589056190966e+03 1.061775256376869e+03	-4.043210431005220e-04 -8.890249279699419e-04  4.847038848694199e-04	1.000000000000000e+00	0	217
219	8.440497945811006e+02 1.118129384534962e+03 8.176932801981676e+02	 2.798654056981814e-04  7.572359198818527e-04 -4.773705141836712e-04	1.000000000000000e+00	0	219
220	7.460559828142361e+02 1.104024830276320e+03 7.338040226899449e+02	 2.800183407622576e-05  6.830987897135746e-05 -4.030804489513048e-05	1.000000000000000e+00	0	220
222	5.800519499283902e+02 1.094789938431590e+03 5.770348816488295e+02	-7.848656141888734e-04 -1.427183518921786e-03  6.423179047329130e-04	1.000000000000000e+00	0	222
223	4.613233884121566e+02 1.101774645113366e+03 4.513216134508199e+02	-1.374751832535635e-04 -3.283513783264287e-04  1.908761950728653e-04	1.000000000000000e+00	0	223
231	1.220249822949807e+03 2.723852258750595e+02 5.405710911112960e+02	 7.043777605906432e-03  1.273289066727379e-02 -5.689113061367363e-03	1.000000000000000e+00	0	231
232	1.318947226736676e+03 2.664518063534173e+02 6.452019144198078e+02	 7.513869971170490e-03  1.431085781002286e-02 -6.796987838852373e-03	1.000000000000000e+00	0	232
233	1.431704332040411e+03 2.667677290142842e+02 7.576430970626755e+02	 7.059964010016163e-03  1.508544155594149e-02 -8.025477545925324e-03	1.000000000000000e+00	0	233
234	3.965022408050030e+01 2.746504189424504e+02 8.567726752900792e+02	 6.056498024464548e-03  1.405485178156075e-02 -7.998353757096208e-03	1.000000000000000e+00	0	234
235	7.049138489206183e+02 2.701746774141838e+02 2.744566554298316e+01	 7.435479708995120e-03  1.522380390774375e-02 -7.788324198748626e-03	1.000000000000000e+00	0	235
236	9.291160489828324e+02 2.813891898208681e+02 2.404333531985129e+02	 5.647211416533004e-03  1.204339855413696e-02 -6.396187137603950e-03	1.000000000000000e+00	0	236
237	8.210035919592322e+02 2.753514171386559e+02 1.383586688571251e+02	 6.258653634451262e-03  1.374845746911015e-02 -7.489803834658886e-03	1.000000000000000e+00	0	237
238	8.684405037738446e+02 8.953059559651241e+02 1.284712867162320e+02	 2.822886945515651e-03 -7.167935268475241e-03  4.345048322959589e-03	1.000000000000000e+00	0	238
246	3.036011069800786e+02 1.957971364427083e+03 1.129711651163520e+03	 4.147153548490321e-03 -8.379696165536420e-03  4.232542617046098e-03	1.000000000000000e+00	0	246
247	3.865208484225564e+02 1.957526088985114e+03 1.047237185163011e+03	 4.127124530245378e-03 -8.321237146840181e-03  4.194112616594804e-03	1.000000000000000e+00	0	247
248	4.949339183728571e+02 1.956825362010801e+03 9.395248421870235e+02	 4.060914710663489e-03 -8.231284981221413e-03  4.170370270557924e-03	1.000000000000000e+00	0	248
249	6.239254817967619e+02 1.955334203149461e+03 8.120244376244589e+02	 4.005560556011961e-03 -8.172101532400807e-03  4.166540976388846e-03	1.000000000000000e+00	0	249
250	7.496103210020910e+02 1.953836791804542e+03 6.878370097640484e+02	 4.039181086854264e-03 -8.169295616342895e-03  4.130114529488632e-03	1.000000000000000e+00	0	250
251	8.788053290428642e+02 1.953864665376759e+03 5.586141281510584e+02	 4.145464485448813e-03 -8.173801090938057e-03  4.028336605489246e-03	1.000000000000000e+00	0	251
252	9.981132783359270e+02 1.956142617270112e+03 4.370282269646421e+02	 4.237691398462839e-03 -8.149278069699161e-03  3.911586671236322e-03	1.000000000000000e+00	0	252
253	1.113641100441404e+03 1.959802361197035e+03 3.178406609322431e+02	 4.251587030018793e-03 -8.119187158989119e-03  3.867600128970325e-03	1.000000000000000e+00	0	253
254	1.471993579450377e+03 1.963925526076421e+03 1.454431393159363e+03	 4.089386147558530e-03 -8.397530184323817e-03  4.308144036765287e-03	1.000000000000000e+00	0	254
255	9.978220440112700e+01 1.960829768449826e+03 1.330672149719729e+03	 4.088912584238296e-03 -8.450129291076469e-03  4.361216706838173e-03	1.000000000000000e+00	0	255
256	1.819421834215489e+02 1.959247183500231e+03 1.250094755648902e+03	 4.115603796101220e-03 -8.446324514290445e-03  4.330720718189225e-03	1.000000000000000e+00	0	256
265	6.716772163844727e+02 9.096989419001744e+02 3.108415881705537e+02	 3.860257840395096e-03 -7.262183633380792e-03  3.401925792985695e-03	1.000000000000000e+00	0	265
266	5.544779329184179e+02 8.881477641072269e+02 4.495920494295561e+02	 3.433153828391159e-03 -4.796844719890244e-03  1.363690891499084e-03	1.000000000000000e+00	0	266
267	4.540607948239634e+02 8.610360231473904e+02 5.771209284838469e+02	 3.535376005626847e-03 -6.518836037526638e-03  2.983460031899791e-03	1.000000000000000e+00	0	267
268	3.174325314536005e+02 8.715930426684594e+02 7.031921723331409e+02	 3.551358434272122e-03 -9.522072261337970e-03  5.970713827065849e-03	1.000000000000000e+00	0	268
269	1.812025397528558e+02 8.978318948028774e+02 8.131833118994675e+02	 3.062009477544301e-03 -9.195103847070616e-03  6.133094369526314e-03	1.000000000000000e+00	0	269
270	1.456444110637353e+01 9.276674703521296e+02 9.499858349966976e+02	 3.582946960110290e-03 -9.044167976933899e-03  5.461221016823608e-03	1.000000000000000e+00	0	270
271	1.405305121868600e+03 9.350012517737472e+02 1.050977748928334e+03	 4.433038944680411e-03 -8.558252407990382e-03  4.125213463309969e-03	1.000000000000000e+00	0	271
272	1.313463137765739e+03 9.183028920780265e+02 1.159518092726917e+03	 4.913411740265375e-03 -6.516421748223467e-03  1.603010007958092e-03	1.000000000000000e+00	0	272
273	1.207237087881815e+03 8.734399487568312e+02 1.310607085932036e+03	 3.250170875364617e-03 -5.028885964739177e-03  1.778715089374560e-03	1.000000000000000e+00	0	273
289	2.701242141289952e+02 7.827806911389951e+02 4.815168099068176e+02	 8.182675103957325e-02 -2.265379995137789e-01  1.447112484742056e-01	1.000000000000000e+00	0	289
314	5.144933373353422e+02 2.778440932902231e+02 1.328422114197148e+03	 7.119577339233085e-03  1.279856463971337e-02 -5.678987300480286e-03	1.000000000000000e+00	0	314
315	3.008218418384072e+02 7.327521286044529e+02 5.008477447319477e+02	-2.080915599726454e-01  2.023167961194903e-01  5.774763853155129e-03	1.000000000000000e+00	0	315
320	4.441241768603825e+02 1.535897047012414e+03 1.499066376115482e+03	 5.072691691353667e-03  1.303815832042346e-02 -7.965466629069797e-03	1.000000000000000e+00	1	320
321	 4.441241768603816e+02  1.535897047012413e+03 -2.273736754432321e-12	 5.072691691353665e-03  1.303815832042347e-02 -7.965466629069799e-03	1.000000000000000e+00	1	321
344	1.499066376115483e+03 2.453152506640516e+03 9.381316159301675e+02	 3.883546547181824e-03 -8.177919012054696e-03  4.294372464872871e-03	1.000000000000000e+00	1	344
345	-1.477928890381008e-12  2.453152506640517e+03  9.381316159301666e+02	 3.883546547181824e-03 -8.177919012054696e-03  4.294372464872872e-03	1.000000000000000e+00	1	345
366	1.037118511891623e+03 8.726806879062439e+02 1.481484922772815e+03	 2.362498502068558e-03 -5.800385097640176e-03  3.437886595571618e-03	1.000000000000000e+00	0	366
387	7.638104158342477e+01 1.050070618225717e+03 1.180832935097374e+02	 3.226338174632800e-03  5.940841615254954e-03 -2.714503440622155e-03	1.000000000000000e+00	0	387
389	1.217973575295789e+03 1.152197916201384e+03 1.157548529246435e+03	-1.234518521925637e-03 -1.971582042819053e-03  7.370635208934163e-04	1.000000000000000e+00	0	389
398	2.293099180764405e+02 2.888020047351355e+02 1.032280783493334e+03	 5.269460187056368e-03  1.130909069765555e-02 -6.039630510599185e-03	1.000000000000000e+00	0	398
406	1.266990362646657e+03 1.963755436379485e+03 1.605383235445399e+02	 4.156325608134994e-03 -8.156183176364459e-03  3.999857568229465e-03	1.000000000000000e+00	0	406
412	1.328841581334752e+02 1.048938845256674e+03 1.757181830288303e+02	 5.071610675976428e-03  1.056548051825906e-02 -5.493869842282634e-03	1.000000000000000e+00	0	412
433	 1.058249348638014e+03 -2.728484105318785e-12  6.509558426745656e+02	 6.424808746048965e-03  1.223926956397683e-02 -5.814460817927861e-03	1.000000000000000e+00	1	433
434	1.058249348638014e+03 2.998132752230962e+03 6.509558426745656e+02	 6.424808746048965e-03  1.223926956397683e-02 -5.814460817927861e-03	1.000000000000000e+00	1	434
482	1.416541807045551e+03 1.074441069501257e+03 1.433873607696323e+03	-1.456711877111407e-03 -2.232624976143299e-03  7.759130990318921e-04	1.000000000000000e+00	0	482
484	4.729378261516251e+02 2.812404177051571e+02 1.283470278598497e+03	 6.720424806110153e-03  1.205389811242073e-02 -5.333473306310582e-03	1.000000000000000e+00	0	484
488	1.499066376115482e+03 1.963254978308241e+03 1.428029144262443e+03	 4.079218521980423e-03 -8.415946548455131e-03  4.336728026474708e-03	1.000000000000000e+00	1	488
489	-2.046363078989089e-12  1.963254978308241e+03  1.428029144262443e+03	 4.079218521980423e-03 -8.415946548455131e-03  4.336728026474708e-03	1.000000000000000e+00	1	489
495	1.017027513109131e+03 8.751902333460708e+02 1.499066376115482e+03	 2.418656996742552e-03 -5.990873843718884e-03  3.572216846976332e-03	1.000000000000000e+00	1	495
496	 1.017027513109131e+03  8.751902333460710e+02 -1.364242052659392e-12	 2.418656996742553e-03 -5.990873843718886e-03  3.572216846976334e-03	1.000000000000000e+00	1	496
497	6.497032035685274e+01 9.199969189454707e+02 9.072505071528773e+02	 3.327544088029685e-03 -9.127847500470843e-03  5.800303412441158e-03	1.000000000000000e+00	0	497
499	1.791635262732616e+02 1.052038033808715e+03 2.188983626165760e+02	 5.326967995624142e-03  1.295444127721579e-02 -7.627473281591649e-03	1.000000000000000e+00	0	499
500	1.499066376115481e+03 2.712049944583650e+02 8.205678756936646e+02	 6.430269565006860e-03  1.462261658445200e-02 -8.192347019445141e-03	1.000000000000000e+00	1	500
501	-2.955857780762017e-12  2.712049944583650e+02  8.205678756936646e+02	 6.430269565006860e-03  1.462261658445200e-02 -8.192347019445141e-03	1.000000000000000e+00	1	501
504	-6.007432246020320e-13  9.291952171456701e+02  9.630225293095314e+02	 3.683366898222940e-03 -9.009269118633373e-03  5.325902220410432e-03	1.000000000000000e+00	1	504
505	1.499066376115483e+03 9.291952171456701e+02 9.630225293095316e+02	 3.683366898222941e-03 -9.009269118633373e-03  5.325902220410431e-03	1.000000000000000e+00	1	505
506	-1.591615728102624e-12  1.059073517745489e+03  3.269935240653831e+01	 4.246284257304204e-04  7.289468646912126e-04 -3.043184389607922e-04	1.000000000000000e+00	1	506
507	1.499066376115482e+03 1.059073517745489e+03 3.269935240653763e+01	 4.246284257304085e-04  7.289468646911932e-04 -3.043184389607846e-04	1.000000000000000e+00	1	507
508	 1.471036455068164e+03  1.063742949104711e+03 -2.501110429875553e-12	-3.736847459791503e-04 -5.796150312119679e-04  2.059302852328176e-04	1.000000000000000e+00	1	508
509	1.471036455068164e+03 1.063742949104711e+03 1.499066376115482e+03	-3.736847459791503e-04 -5.796150312119679e-04  2.059302852328176e-04	1.000000000000000e+00	1	509
512	6.775448312691053e+02 2.702513253056532e+02 1.499066376115485e+03	 7.619000875941852e-03  1.516077524158880e-02 -7.541774365646946e-03	1.000000000000000e+00	1	512
513	6.775448312691058e+02 2.702513253056536e+02 1.015367665664238e-12	 7.619000875941850e-03  1.516077524158880e-02 -7.541774365646949e-03	1.000000000000000e+00	1	513
515	1.426954557798806e+03 1.964329564771875e+03 6.821210263296962e-13	 4.123679938625185e-03 -8.351002561634419e-03  4.227322623009234e-03	1.000000000000000e+00	1	515
516	1.426954557798806e+03 1.964329564771875e+03 1.499066376115485e+03	 4.123679938625185e-03 -8.351002561634419e-03  4.227322623009234e-03	1.000000000000000e+00	1	516
1	7.071067811865475e-01 7.071067811865475e-01 0.000000000000000e+00	 5.773502691896257e-01 -5.773502691896257e-01 -5.773502691896257e-01	-3.639242900506764e+02  3.639242900506764e+02  3.639242900506764e+02	1	0	0.000000000000000e+00	0.000000000000000e+00	0.000000000000000e+00
2	-7.071067811865475e-01  7.071067811865475e-01  0.000000000000000e+00	5.773502691896257e-01 5.773502691896257e-01 5.773502691896257e-01	6.307392488184003e+02 6.307392488184003e+02 6.307392488184003e+02	1	0	0.000000000000000e+00	0.000000000000000e+00	0.000000000000000e+00
18	 0.000000000000000e+00 -7.071067811865475e-01  7.071067811865475e-01	5.773502691896257e-01 5.773502691896257e-01 5.773502691896257e-01	1.011162697096763e+03 1.011162697096763e+03 1.011162697096763e+03	1	0	0.000000000000000e+00	0.000000000000000e+00	0.000000000000000e+00
1	204	37	1	0
1	37	437	1	0
1	43	215	1	0
1	488	43	1	0
1	44	217	1	0
1	393	44	1	0
1	218	45	1	0
1	45	219	1	0
1	46	135	1	0
1	220	46	1	0
1	222	47	1	0
1	47	223	1	0
1	136	48	1	0
1	48	138	1	0
1	232	55	1	0
1	55	233	1	0
1	56	143	1	0
1	234	56	1	0
1	144	59	1	0
1	59	145	1	0
1	146	62	1	0
1	62	520	1	0
1	63	236	1	0
1	237	63	1	0
1	98	231	1	0
1	440	98	1	0
1	126	205	1	0
1	236	126	1	0
1	391	131	1	0
1	131	514	1	0
1	215	132	1	0
1	132	393	1	0
1	217	133	1	0
1	133	218	1	0
1	219	134	1	0
1	134	220	1	0
1	135	222	1	0
1	223	136	1	0
1	138	324	1	0
1	231	141	1	0
1	141	232	1	0
1	233	142	1	0
1	142	508	1	0
1	143	402	1	0
1	402	144	1	0
1	145	490	1	0
1	314	146	1	0
1	235	147	1	0
1	147	237	1	0
1	205	204	1	0
1	214	488	1	0
1	517	214	1	0
1	509	234	1	0
1	521	235	1	0
1	321	280	1	0
1	280	507	1	0
1	490	314	1	0
1	320	321	0	1
1	438	320	1	0
1	324	325	0	1
1	325	439	1	0
1	416	391	1	0
1	507	416	1	0
1	437	438	0	1
1	439	440	0	1
1	508	509	0	1
1	514	515	0	1
1	515	516	1	0
1	516	517	0	1
1	520	521	0	1
2	149	66	1	0
2	66	238	1	0
2	69	70	0	1
2	239	69	1	0
2	70	346	1	0
2	72	246	1	0
2	347	72	1	0
2	247	75	1	0
2	75	248	1	0
2	249	76	1	0
2	76	250	1	0
2	251	77	1	0
2	77	252	1	0
2	78	159	1	0
2	253	78	1	0
2	160	81	1	0
2	81	523	1	0
2	256	83	1	0
2	83	350	1	0
2	84	85	0	1
2	351	84	1	0
2	85	88	1	0
2	88	165	1	0
2	265	89	1	0
2	89	266	1	0
2	267	90	1	0
2	90	268	1	0
2	269	91	1	0
2	91	505	1	0
2	271	94	1	0
2	94	272	1	0
2	95	148	1	0
2	273	95	1	0
2	148	370	1	0
2	504	149	1	0
2	248	156	1	0
2	156	249	1	0
2	250	157	1	0
2	157	251	1	0
2	252	158	1	0
2	158	253	1	0
2	159	410	1	0
2	410	160	1	0
2	161	255	1	0
2	495	161	1	0
2	165	265	1	0
2	266	166	1	0
2	166	267	1	0
2	268	167	1	0
2	167	269	1	0
2	168	271	1	0
2	513	168	1	0
2	272	169	1	0
2	169	273	1	0
2	238	239	1	0
2	246	247	1	0
2	254	494	1	0
2	524	254	1	0
2	255	256	1	0
2	505	270	1	0
2	270	512	1	0
2	346	347	0	1
2	350	351	0	1
2	370	503	1	0
2	494	495	0	1
2	503	504	0	1
2	512	513	0	1
2	523	524	0	1
18	5	6	1	0
18	187	5	1	0
18	6	315	1	0
18	22	186	1	0
18	536	22	1	0
18	315	107	1	0
18	107	536	1	0
18	186	117	1	0
18	117	187	1	0
18	5	1.716931608048859e+03 7.042282115134141e+02 6.123282717280185e+02	5	-1.499066376115484e+03  0.000000000000000e+00  4.030010838596754e-14	-1
18	6	1.759805895690251e+03 7.044071306540670e+02 5.692750649459742e+02	6	-1.499066376115484e+03  0.000000000000000e+00  4.030010838596754e-14	-1
18	22	1.742626735431581e+03 7.752050148089936e+02 5.156563410497178e+02	22	-1.499066376115484e+03  0.000000000000000e+00  4.030010838596754e-14	-1
1	37	2.673198483519111e+03 3.274050293594438e+03 4.909210600767029e+02	37	-1.499066376115484e+03 -2.998132752230965e+03 -7.813873830305873e-15	-1
1	43	1.377630948906819e+03 1.084043744999206e+03 1.385360074059642e+03	43	0.000000000000000e+00 2.629596998832196e-14 2.301162899144159e-14	-1
1	44	1.178359833452371e+03 1.158127598315539e+03 1.112005105288862e+03	44	0.000000000000000e+00 2.629596998832196e-14 2.301162899144159e-14	-1
1	45	9.333977760643087e+02 1.132743538785328e+03 8.924271074310102e+02	45	0.000000000000000e+00 2.629596998832196e-14 2.301162899144159e-14	-1
1	46	7.022263465386552e+02 1.098988735429105e+03 6.950104812615793e+02	46	0.000000000000000e+00 2.629596998832196e-14 2.301162899144159e-14	-1
1	47	5.250110727712234e+02 1.099620420911288e+03 5.171635220119647e+02	47	0.000000000000000e+00 2.629596998832196e-14 2.301162899144159e-14	-1
1	48	3.304982802556948e+02 1.080017313736111e+03 3.422538366716126e+02	48	0.000000000000000e+00 2.629596998832196e-14 2.301162899144159e-14	-1
1	55	 1.374432593009838e+03  3.263602423897756e+03 -7.973969607358887e+02	55	 5.357148449523283e-14 -2.998132752230965e+03  1.499066376115484e+03	-1
1	56	 1.588182421064089e+03  3.277199855389422e+03 -5.972445641733063e+02	56	-1.499066376115484e+03 -2.998132752230965e+03  1.499066376115484e+03	-1
1	59	 1.866081871735448e+03  3.286500878832663e+03 -3.286461369451888e+02	59	-1.499066376115484e+03 -2.998132752230965e+03  1.499066376115484e+03	-1
1	62	 2.142887421290442e+03  3.268478522179440e+03 -3.381823073697183e+01	62	-1.499066376115484e+03 -2.998132752230965e+03  1.499066376115484e+03	-1
1	63	2.374737261744907e+03 3.276790699698208e+03 1.897194321987286e+02	63	-1.499066376115484e+03 -2.998132752230965e+03 -7.813873830305873e-15	-1
2	66	-5.884446376724599e+02  8.893944056414720e+02  1.591267978486189e+03	66	 1.499066376115484e+03  2.804572483380277e-14 -1.499066376115484e+03	-1
2	69	-2.597204230802827e+02  3.410605131648481e-13  2.151938169535483e+03	69	 1.499066376115484e+03  2.804572483380277e-14 -1.499066376115484e+03	0
2	70	-2.597204230802827e+02  3.410605131648481e-13  2.151938169535483e+03	70	 1.499066376115484e+03  2.998132752230965e+03 -1.499066376115484e+03	1
2	72	 2.357141390347068e+02 -1.039587284408374e+03  2.696090891828869e+03	72	 0.000000000000000e+00  2.998132752230965e+03 -1.499066376115484e+03	-1
2	75	 4.329523895905505e+02 -1.040853715258376e+03  2.500119072123027e+03	75	 0.000000000000000e+00  2.998132752230965e+03 -1.499066376115484e+03	-1
2	76	 6.864107307663277e+02 -1.043627155624557e+03  2.249434171313430e+03	76	 0.000000000000000e+00  2.998132752230965e+03 -1.499066376115484e+03	-1
2	77	 9.396978165254621e+02 -1.043375070424649e+03  1.995895000354388e+03	77	 0.000000000000000e+00  2.998132752230965e+03 -1.499066376115484e+03	-1
2	78	 1.169795403661643e+03 -1.036584313700636e+03  1.759006656494194e+03	78	 0.000000000000000e+00  2.998132752230965e+03 -1.499066376115484e+03	-1
2	81	 1.408281201502703e+03 -1.033635671419866e+03  1.517572216372363e+03	81	 0.000000000000000e+00  2.998132752230965e+03 -1.499066376115484e+03	-1
2	83	 1.734780515150191e+03 -1.039587284408374e+03  1.197024515713385e+03	72	-1.499066376115484e+03  2.998132752230965e+03  6.516875392707817e-15	-1
2	84	 1.239345953035201e+03 -2.273736754432321e-13  6.528717934199997e+02	70	2.881180732755041e-14 2.998132752230965e+03 0.000000000000000e+00	1
2	85	 1.239345953035201e+03 -2.273736754432321e-13  6.528717934199998e+02	69	8.137780172766422e-14 0.000000000000000e+00 4.030010838596754e-14	0
2	88	8.091129876908474e+02 9.027725441599084e+02 1.803322146044449e+02	88	8.137780172766422e-14 0.000000000000000e+00 4.030010838596754e-14	-1
2	89	6.138284016883848e+02 9.039850043539418e+02 3.744043404128740e+02	89	8.137780172766422e-14 0.000000000000000e+00 4.030010838596754e-14	-1
2	90	3.842057493151272e+02 8.627090917802816e+02 6.453029053597919e+02	90	8.137780172766422e-14 0.000000000000000e+00 4.030010838596754e-14	-1
2	91	1.106194629513476e+02 9.118059812758213e+02 8.697923022280318e+02	91	8.137780172766422e-14 0.000000000000000e+00 4.030010838596754e-14	-1
2	94	-1.411076495781824e+02  9.308725552238467e+02  1.102452840809533e+03	94	1.499066376115484e+03 1.522937239157407e-14 1.560815019424493e-14	-1
2	95	-3.639157138421956e+02  8.663261422243721e+02  1.389807318073021e+03	95	1.499066376115484e+03 1.522937239157407e-14 1.560815019424493e-14	-1
1	98	 1.174132107403627e+03  3.274050293594438e+03 -1.008145316038781e+03	37	 5.357148449523283e-14 -2.998132752230965e+03  1.499066376115484e+03	-1
18	107	1.818894190566057e+03 7.637188437677393e+02 4.508750569564956e+02	107	-1.499066376115484e+03  0.000000000000000e+00  4.030010838596754e-14	-1
18	117	1.723269371138434e+03 7.430420592941153e+02 5.671766608577424e+02	117	-1.499066376115484e+03  0.000000000000000e+00  4.030010838596754e-14	-1
1	126	2.480335176708059e+03 3.281073323189244e+03 2.910347236708446e+02	126	-1.499066376115484e+03 -2.998132752230965e+03 -7.813873830305873e-15	-1
1	131	1.505066273428480e+03 1.058074010518261e+03 1.538765133062248e+03	131	-1.499066376115484e+03  2.332622365846862e-14 -1.499066376115484e+03	-1
1	132	1.279311161706223e+03 1.127185782891549e+03 1.243898248966703e+03	132	0.000000000000000e+00 2.629596998832196e-14 2.301162899144159e-14	-1
1	133	1.070143638515975e+03 1.153418986366346e+03 1.008497522301658e+03	133	0.000000000000000e+00 2.629596998832196e-14 2.301162899144159e-14	-1
1	134	7.941821779534248e+02 1.110538554455862e+03 7.754164936495920e+02	134	0.000000000000000e+00 2.629596998832196e-14 2.301162899144159e-14	-1
1	135	6.219070800860122e+02 1.094057305232693e+03 6.196226450053484e+02	135	0.000000000000000e+00 2.629596998832196e-14 2.301162899144159e-14	-1
1	136	4.154123094070383e+02 1.097410058084007e+03 4.097751214750600e+02	136	0.000000000000000e+00 2.629596998832196e-14 2.301162899144159e-14	-1
1	138	2.448665722393422e+02 1.061463499255631e+03 2.751759431357405e+02	16	0.000000000000000e+00 2.629596998832196e-14 2.301162899144159e-14	-1
1	141	 1.266048753614780e+03  3.267289895840090e+03 -9.094682720732811e+02	141	 5.357148449523283e-14 -2.998132752230965e+03  1.499066376115484e+03	-1
1	142	 1.487168632015773e+03  3.268303886735770e+03 -6.893623845679671e+02	142	 5.357148449523283e-14 -2.998132752230965e+03  1.499066376115484e+03	-1
1	143	 1.642328445909599e+03  3.281755141585906e+03 -5.476538255242800e+02	143	-1.499066376115484e+03 -2.998132752230965e+03  1.499066376115484e+03	-1
1	144	 1.790643829068251e+03  3.288160676905822e+03 -4.057439776855445e+02	144	-1.499066376115484e+03 -2.998132752230965e+03  1.499066376115484e+03	-1
1	145	 1.929018627359821e+03  3.282719397484922e+03 -2.619278999730757e+02	145	-1.499066376115484e+03 -2.998132752230965e+03  1.499066376115484e+03	-1
1	146	 2.063822879485937e+03  3.272212244000784e+03 -1.166164943628207e+02	146	-1.499066376115484e+03 -2.998132752230965e+03  1.499066376115484e+03	-1
1	147	2.263014651443717e+03 3.270313924823667e+03 8.447359677207925e+01	147	-1.499066376115484e+03 -2.998132752230965e+03 -7.813873830305873e-15	-1
2	148	-4.219143255245249e+02  8.689307529903034e+02  1.445201318989419e+03	148	1.499066376115484e+03 1.522937239157407e-14 1.560815019424493e-14	-1
2	149	-5.379903404810939e+02  8.821790733071098e+02  1.548029013629185e+03	149	 1.499066376115484e+03  2.804572483380277e-14 -1.499066376115484e+03	-1
2	156	 5.594444641915622e+02 -1.041970818005699e+03  2.374744100269337e+03	156	 0.000000000000000e+00  2.998132752230965e+03 -1.499066376115484e+03	-1
2	157	 8.145903539589018e+02 -1.044578579426992e+03  2.122205971923291e+03	157	 0.000000000000000e+00  2.998132752230965e+03 -1.499066376115484e+03	-1
2	158	 1.056299796133248e+03 -1.040219241442753e+03  1.876137191764706e+03	158	 0.000000000000000e+00  2.998132752230965e+03 -1.499066376115484e+03	-1
2	159	 1.225440944036275e+03 -1.035166232233473e+03  1.701943034652399e+03	159	 0.000000000000000e+00  2.998132752230965e+03 -1.499066376115484e+03	-1
2	160	 1.345697657420019e+03 -1.033631021955906e+03  1.580151110991088e+03	160	 0.000000000000000e+00  2.998132752230965e+03 -1.499066376115484e+03	-1
2	161	 1.537698082644398e+03 -1.035834616502176e+03  1.390354280312979e+03	161	-1.499066376115484e+03  2.998132752230965e+03  6.516875392707817e-15	-1
2	165	7.304262354875741e+02 9.092806716166535e+02 2.525108393509730e+02	165	8.137780172766422e-14 0.000000000000000e+00 4.030010838596754e-14	-1
2	166	5.070243935573034e+02 8.706254613103181e+02 5.145678915875792e+02	166	8.137780172766422e-14 0.000000000000000e+00 4.030010838596754e-14	-1
2	167	2.499177672444735e+02 8.839208260616332e+02 7.583791531490939e+02	167	8.137780172766422e-14 0.000000000000000e+00 4.030010838596754e-14	-1
2	168	-4.246303773483078e+01  9.336494058968583e+02  1.001031378293170e+03	168	1.499066376115484e+03 1.522937239157407e-14 1.560815019424493e-14	-1
2	169	-2.321641014950312e+02  8.957044401296878e+02  1.228677407820541e+03	169	1.499066376115484e+03 1.522937239157407e-14 1.560815019424493e-14	-1
18	186	1.732489268462451e+03 7.649729881803187e+02 5.360258346475225e+02	186	-1.499066376115484e+03  0.000000000000000e+00  4.030010838596754e-14	-1
18	187	1.725130248644045e+03 7.202660559755325e+02 5.880917866707139e+02	187	-1.499066376115484e+03  0.000000000000000e+00  4.030010838596754e-14	-1
1	204	2.616304979622070e+03 3.278003886883464e+03 4.300739628906351e+02	204	-1.499066376115484e+03 -2.998132752230965e+03 -7.813873830305873e-15	-1
1	205	2.534339570327485e+03 3.281147849255949e+03 3.449645912235658e+02	205	-1.499066376115484e+03 -2.998132752230965e+03 -7.813873830305873e-15	-1
1	214	1.463188611913464e+03 1.065050300804595e+03 1.489911181260899e+03	214	0.000000000000000e+00 2.629596998832196e-14 2.301162899144159e-14	-1
1	215	1.325403504719127e+03 1.102976367622689e+03 1.314200007248467e+03	215	0.000000000000000e+00 2.629596998832196e-14 2.301162899144159e-14	-1
1	217	1.128591442415806e+03 1.158589056190966e+03 1.061775256376869e+03	217	0.000000000000000e+00 2.629596998832196e-14 2.301162899144159e-14	-1
1	218	1.002325180903142e+03 1.143906655048024e+03 9.501913960071474e+02	190	0.000000000000000e+00 2.629596998832196e-14 2.301162899144159e-14	-1
1	219	8.440497945811007e+02 1.118129384534962e+03 8.176932801981675e+02	219	0.000000000000000e+00 2.629596998832196e-14 2.301162899144159e-14	-1
1	220	7.460559828142361e+02 1.104024830276320e+03 7.338040226899449e+02	220	0.000000000000000e+00 2.629596998832196e-14 2.301162899144159e-14	-1
1	222	5.800519499283902e+02 1.094789938431590e+03 5.770348816488295e+02	222	0.000000000000000e+00 2.629596998832196e-14 2.301162899144159e-14	-1
1	223	4.613233884121566e+02 1.101774645113366e+03 4.513216134508199e+02	223	0.000000000000000e+00 2.629596998832196e-14 2.301162899144159e-14	-1
1	231	 1.220249822949807e+03  3.270517978106024e+03 -9.584952850041880e+02	231	 5.357148449523283e-14 -2.998132752230965e+03  1.499066376115484e+03	-1
1	232	 1.318947226736676e+03  3.264584558584382e+03 -8.538644616956761e+02	232	 5.357148449523283e-14 -2.998132752230965e+03  1.499066376115484e+03	-1
1	233	 1.431704332040411e+03  3.264900481245249e+03 -7.414232790528084e+02	233	 5.357148449523283e-14 -2.998132752230965e+03  1.499066376115484e+03	-1
1	234	 1.538716600195984e+03  3.272783171173415e+03 -6.422937008254048e+02	234	-1.499066376115484e+03 -2.998132752230965e+03  1.499066376115484e+03	-1
1	235	2.203980225036102e+03 3.268307429645149e+03 2.744566554298323e+01	235	-1.499066376115484e+03 -2.998132752230965e+03 -7.813873830305873e-15	-1
1	236	2.428182425098316e+03 3.279521942051833e+03 2.404333531985129e+02	236	-1.499066376115484e+03 -2.998132752230965e+03 -7.813873830305873e-15	-1
1	237	2.320069968074716e+03 3.273484169369621e+03 1.383586688571251e+02	237	-1.499066376115484e+03 -2.998132752230965e+03 -7.813873830305873e-15	-1
2	238	-6.306258723416394e+02  8.953059559651241e+02  1.627537662831716e+03	238	 1.499066376115484e+03  2.804572483380277e-14 -1.499066376115484e+03	-1
2	239	-6.899533884246365e+02  9.027725441599084e+02  1.679398590719929e+03	88	 1.499066376115484e+03  2.804572483380277e-14 -1.499066376115484e+03	-1
2	246	 3.036011069800786e+02 -1.040161387803882e+03  2.628778027279004e+03	246	 0.000000000000000e+00  2.998132752230965e+03 -1.499066376115484e+03	-1
2	247	 3.865208484225565e+02 -1.040606663245851e+03  2.546303561278495e+03	247	 0.000000000000000e+00  2.998132752230965e+03 -1.499066376115484e+03	-1
2	248	 4.949339183728571e+02 -1.041307390220164e+03  2.438591218302508e+03	248	 0.000000000000000e+00  2.998132752230965e+03 -1.499066376115484e+03	-1
2	249	 6.239254817967619e+02 -1.042798549081504e+03  2.311090813739943e+03	249	 0.000000000000000e+00  2.998132752230965e+03 -1.499066376115484e+03	-1
2	250	 7.496103210020910e+02 -1.044295960426423e+03  2.186903385879532e+03	250	 0.000000000000000e+00  2.998132752230965e+03 -1.499066376115484e+03	-1
2	251	 8.788053290428642e+02 -1.044268086854206e+03  2.057680504266542e+03	251	 0.000000000000000e+00  2.998132752230965e+03 -1.499066376115484e+03	-1
2	252	 9.981132783359270e+02 -1.041990134960852e+03  1.936094603080126e+03	252	 0.000000000000000e+00  2.998132752230965e+03 -1.499066376115484e+03	-1
2	253	 1.113641100441404e+03 -1.038330391033930e+03  1.816907037047727e+03	253	 0.000000000000000e+00  2.998132752230965e+03 -1.499066376115484e+03	-1
2	254	 1.471993579450377e+03 -1.034207226154544e+03  1.454431393159363e+03	254	2.881180732755041e-14 2.998132752230965e+03 0.000000000000000e+00	-1
2	255	 1.598848580516611e+03 -1.037302983781139e+03  1.330672149719729e+03	255	-1.499066376115484e+03  2.998132752230965e+03  6.516875392707817e-15	-1
2	256	 1.681008559537033e+03 -1.038885568730734e+03  1.250094755648902e+03	256	-1.499066376115484e+03  2.998132752230965e+03  6.516875392707817e-15	-1
2	265	6.716772163844726e+02 9.096989419001744e+02 3.108415881705536e+02	265	8.137780172766422e-14 0.000000000000000e+00 4.030010838596754e-14	-1
2	266	5.544779329184178e+02 8.881477641072269e+02 4.495920494295560e+02	266	8.137780172766422e-14 0.000000000000000e+00 4.030010838596754e-14	-1
2	267	4.540607948239633e+02 8.610360231473904e+02 5.771209284838469e+02	267	8.137780172766422e-14 0.000000000000000e+00 4.030010838596754e-14	-1
2	268	3.174325314536004e+02 8.715930426684594e+02 7.031921723331409e+02	268	8.137780172766422e-14 0.000000000000000e+00 4.030010838596754e-14	-1
2	269	1.812025397528557e+02 8.978318948028774e+02 8.131833118994675e+02	269	8.137780172766422e-14 0.000000000000000e+00 4.030010838596754e-14	-1
2	270	1.456444110637345e+01 9.276674703521296e+02 9.499858349966976e+02	270	8.137780172766422e-14 0.000000000000000e+00 4.030010838596754e-14	-1
2	271	-9.376125424688371e+01  9.350012517737472e+02  1.050977748928334e+03	271	1.499066376115484e+03 1.522937239157407e-14 1.560815019424493e-14	-1
2	272	-1.856032383497454e+02  9.183028920780265e+02  1.159518092726917e+03	272	1.499066376115484e+03 1.522937239157407e-14 1.560815019424493e-14	-1
2	273	-2.918292882336693e+02  8.734399487568312e+02  1.310607085932036e+03	273	1.499066376115484e+03 1.522937239157407e-14 1.560815019424493e-14	-1
1	280	1.743932948354826e+03 1.061463499255631e+03 1.774242319251225e+03	16	-1.499066376115484e+03  2.332622365846862e-14 -1.499066376115484e+03	-1
1	314	 2.013559713450826e+03  3.275976845521188e+03 -1.706442619183358e+02	314	-1.499066376115484e+03 -2.998132752230965e+03  1.499066376115484e+03	-1
18	315	1.799888217953891e+03 7.327521286044529e+02 5.008477447319476e+02	315	-1.499066376115484e+03  0.000000000000000e+00  4.030010838596754e-14	-1
1	320	1.943190552975866e+03 1.535897047012414e+03 1.499066376115482e+03	320	-1.499066376115484e+03  1.106659759674790e-14  7.403478797196665e-15	0
1	321	1.943190552975866e+03 1.535897047012413e+03 1.499066376115482e+03	321	-1.499066376115484e+03  2.332622365846862e-14 -1.499066376115484e+03	2
1	324	4.441241768603804e+02 1.535897047012409e+03 6.252776074688882e-13	321	0.000000000000000e+00 2.629596998832196e-14 2.301162899144159e-14	2
1	325	4.441241768603808e+02 1.535897047012410e+03 3.410605131648481e-13	320	2.881180732755041e-14 3.860184542213733e-14 1.499066376115484e+03	0
2	346	-1.364242052659392e-12 -5.449802455904489e+02  2.437197992045652e+03	344	 1.499066376115484e+03  2.998132752230965e+03 -1.499066376115484e+03	0
2	347	-1.477928890381008e-12 -5.449802455904485e+02  2.437197992045651e+03	345	 0.000000000000000e+00  2.998132752230965e+03 -1.499066376115484e+03	3
2	350	 1.499066376115483e+03 -5.449802455904496e+02  9.381316159301678e+02	345	-1.499066376115484e+03  2.998132752230965e+03  6.516875392707817e-15	3
2	351	 1.499066376115483e+03 -5.449802455904501e+02  9.381316159301680e+02	344	2.881180732755041e-14 2.998132752230965e+03 0.000000000000000e+00	0
2	370	-4.619478642238610e+02  8.726806879062439e+02  1.481484922772815e+03	366	1.499066376115484e+03 1.522937239157407e-14 1.560815019424493e-14	-1
1	391	1.575447417698909e+03 1.050070618225717e+03 1.617149669625222e+03	387	-1.499066376115484e+03  2.332622365846862e-14 -1.499066376115484e+03	-1
1	393	1.217973575295789e+03 1.152197916201384e+03 1.157548529246435e+03	389	0.000000000000000e+00 2.629596998832196e-14 2.301162899144159e-14	-1
1	402	 1.728376294191924e+03  3.286934756966100e+03 -4.667855926221498e+02	398	-1.499066376115484e+03 -2.998132752230965e+03  1.499066376115484e+03	-1
2	410	 1.266990362646657e+03 -1.034377315851480e+03  1.659604699660024e+03	406	 0.000000000000000e+00  2.998132752230965e+03 -1.499066376115484e+03	-1
1	416	1.631950534248959e+03 1.048938845256674e+03 1.674784559144314e+03	412	-1.499066376115484e+03  2.332622365846862e-14 -1.499066376115484e+03	-1
1	437	2.557315724753498e+03 2.998132752230962e+03 6.509558426745656e+02	433	-1.499066376115484e+03 -2.998132752230965e+03 -7.813873830305873e-15	2
1	438	2.557315724753498e+03 2.998132752230962e+03 6.509558426745656e+02	434	-1.499066376115484e+03  1.106659759674790e-14  7.403478797196665e-15	2
1	439	 1.058249348638015e+03  2.998132752230962e+03 -8.481105334409182e+02	434	2.881180732755041e-14 3.860184542213733e-14 1.499066376115484e+03	2
1	440	 1.058249348638015e+03  2.998132752230963e+03 -8.481105334409186e+02	433	 5.357148449523283e-14 -2.998132752230965e+03  1.499066376115484e+03	2
1	488	1.416541807045551e+03 1.074441069501257e+03 1.433873607696323e+03	482	0.000000000000000e+00 2.629596998832196e-14 2.301162899144159e-14	-1
1	490	 1.972004202267109e+03  3.279373169936122e+03 -2.155960975169869e+02	484	-1.499066376115484e+03 -2.998132752230965e+03  1.499066376115484e+03	-1
2	494	 1.499066376115482e+03 -1.034877773922724e+03  1.428029144262443e+03	488	2.881180732755041e-14 2.998132752230965e+03 0.000000000000000e+00	0
2	495	 1.499066376115482e+03 -1.034877773922724e+03  1.428029144262443e+03	489	-1.499066376115484e+03  2.998132752230965e+03  6.516875392707817e-15	3
2	503	-4.820388630063526e+02  8.751902333460708e+02  1.499066376115482e+03	495	1.499066376115484e+03 1.522937239157407e-14 1.560815019424493e-14	4
2	504	-4.820388630063528e+02  8.751902333460710e+02  1.499066376115483e+03	496	 1.499066376115484e+03  2.804572483380277e-14 -1.499066376115484e+03	2
2	505	6.497032035685265e+01 9.199969189454707e+02 9.072505071528773e+02	497	8.137780172766422e-14 0.000000000000000e+00 4.030010838596754e-14	-1
1	507	1.678229902388746e+03 1.052038033808715e+03 1.717964738732060e+03	499	-1.499066376115484e+03  2.332622365846862e-14 -1.499066376115484e+03	-1
1	508	 1.499066376115481e+03  3.269337746689330e+03 -6.784985004218194e+02	500	 5.357148449523283e-14 -2.998132752230965e+03  1.499066376115484e+03	0
1	509	 1.499066376115481e+03  3.269337746689330e+03 -6.784985004218194e+02	501	-1.499066376115484e+03 -2.998132752230965e+03  1.499066376115484e+03	3
2	512	-6.821210263296962e-13  9.291952171456701e+02  9.630225293095314e+02	504	8.137780172766422e-14 0.000000000000000e+00 4.030010838596754e-14	3
2	513	-7.958078640513122e-13  9.291952171456701e+02  9.630225293095316e+02	505	1.499066376115484e+03 1.522937239157407e-14 1.560815019424493e-14	0
1	514	1.499066376115482e+03 1.059073517745489e+03 1.531765728522023e+03	506	-1.499066376115484e+03  2.332622365846862e-14 -1.499066376115484e+03	3
1	515	1.499066376115482e+03 1.059073517745489e+03 1.531765728522022e+03	507	 0.000000000000000e+00  3.578147120611488e-14 -1.499066376115484e+03	0
1	516	1.471036455068164e+03 1.063742949104711e+03 1.499066376115482e+03	508	 0.000000000000000e+00  3.578147120611488e-14 -1.499066376115484e+03	1
1	517	1.471036455068164e+03 1.063742949104711e+03 1.499066376115482e+03	509	0.000000000000000e+00 2.629596998832196e-14 2.301162899144159e-14	0
1	520	2.176611207384589e+03 3.268384077536618e+03 7.958078640513122e-13	512	-1.499066376115484e+03 -2.998132752230965e+03  1.499066376115484e+03	0
1	521	2.176611207384590e+03 3.268384077536618e+03 1.023181539494544e-12	513	-1.499066376115484e+03 -2.998132752230965e+03 -7.813873830305873e-15	1
2	523	 1.426954557798806e+03 -1.033803187459090e+03  1.499066376115485e+03	515	 0.000000000000000e+00  2.998132752230965e+03 -1.499066376115484e+03	1
2	524	 1.426954557798806e+03 -1.033803187459090e+03  1.499066376115485e+03	516	2.881180732755041e-14 2.998132752230965e+03 0.000000000000000e+00	2
18	536	1.769190590244479e+03 7.827806911389951e+02 4.815168099068175e+02	289	-1.499066376115484e+03  0.000000000000000e+00  4.030010838596754e-14	-1
