128
2
140
140
16	2.487076667167341e+02 1.073738632583083e+03 2.667419042856807e+02	-3.085377728934270e-03 -7.656522537292361e-03  4.571144808358091e-03	1.000000000000000e+00	0	16
37	1.346401647886083e+03 5.794781957093218e+02 3.596299462133099e+02	 1.388506556138933e-02  2.272350621868232e-02 -8.838440657292992e-03	1.000000000000000e+00	0	37
43	1.361640348393453e+03 1.060606992809900e+03 1.392806225735581e+03	-4.278595241097116e-03 -6.494743234263120e-03  2.216147993166005e-03	1.000000000000000e+00	0	43
44	1.148214908431088e+03 1.102077321756638e+03 1.137910456826480e+03	-4.242936674972903e-03 -8.299106557499190e-03  4.056169882526287e-03	1.000000000000000e+00	0	44
45	9.137558566160214e+02 1.082985619170358e+03 9.225431075976923e+02	-3.413062455351190e-03 -8.473342123558039e-03  5.060279668206849e-03	1.000000000000000e+00	0	45
46	6.835330080192667e+02 1.063819076141043e+03 7.114868020302531e+02	-4.096290573062753e-03 -7.642280274250109e-03  3.545989701187355e-03	1.000000000000000e+00	0	46
47	5.152720249348010e+02 1.083781382615587e+03 5.232635124712435e+02	-4.039306055878676e-03 -6.962294294653512e-03  2.922988238774835e-03	1.000000000000000e+00	0	47
48	3.307307837658955e+02 1.083132987129110e+03 3.393706667888149e+02	-3.244785593889922e-03 -7.607278162534122e-03  4.362492568644201e-03	1.000000000000000e+00	0	48
55	2.329474812116404e+01 5.634562629930924e+02 5.516113552801008e+02	 1.135232072718914e-02  2.231300208039320e-02 -1.096068135320407e-02	1.000000000000000e+00	0	55
56	2.133256181877496e+02 5.765167001854588e+02 7.285817881543201e+02	 6.826241342061346e-03  1.837778151031023e-02 -1.155154016824888e-02	1.000000000000000e+00	0	56
59	5.378508792273127e+02 5.983270759531403e+02 1.031296673426202e+03	 1.459791187761535e-02  2.361766303218375e-02 -9.019751154568399e-03	1.000000000000000e+00	0	59
62	7.966030122183319e+02 5.642448480844654e+02 1.324131034285895e+03	 1.178827214720788e-02  2.200635391515055e-02 -1.021808176794268e-02	1.000000000000000e+00	0	62
63	1.005062002255931e+03 5.782149592793752e+02 1.955353701310499e+01	 7.486852129112407e-03  2.137170232727819e-02 -1.388485019816579e-02	1.000000000000000e+00	0	63
66	9.551369290261338e+02 7.642313328950958e+02 1.728494845339712e+02	-2.561092253735613e-04  8.150134357855329e-04 -5.589042104119717e-04	7.500000000000000e-01	0	66
69	1.235398459035610e+03 3.691062379986508e-13 6.568192874195909e+02	 3.130827959706994e-03 -6.932950709531060e-03  3.802122749824066e-03	1.000000000000000e+00	1	69
70	1.235398459035610e+03 2.998132752230965e+03 6.568192874195909e+02	 3.130827959706994e-03 -6.932950709531060e-03  3.802122749824066e-03	1.000000000000000e+00	1	70
72	3.096531203038444e+02 1.810322969826153e+03 1.271308032440684e+03	 3.589437388836546e-03 -7.081461150269554e-03  3.492023761433008e-03	1.000000000000000e+00	0	72
75	5.052061896873761e+02 1.813205726722123e+03 1.072872206161182e+03	 3.521033378545473e-03 -6.936428467927113e-03  3.415395089381639e-03	1.000000000000000e+00	0	75
76	7.562399785474505e+02 1.811755547463302e+03 8.232885965599291e+02	 3.360457115070762e-03 -6.898314725284774e-03  3.537857610214012e-03	1.000000000000000e+00	0	76
77	1.013714789139130e+03 1.810799718486713e+03 5.667696149448392e+02	 3.537123265445401e-03 -6.877157507996384e-03  3.340034242550983e-03	1.000000000000000e+00	0	77
78	1.244526700481198e+03 1.817716766754710e+03 3.290406553347743e+02	 3.603651414287274e-03 -6.975242382813395e-03  3.371590968526122e-03	1.000000000000000e+00	0	78
81	1.480306201552076e+03 1.816278379017106e+03 9.469954200149937e+01	 3.443459008425328e-03 -7.249946824323492e-03  3.806487815898164e-03	1.000000000000000e+00	0	81
88	8.579035747604736e+02 7.820960458663128e+02 2.522181258284143e+02	 2.828863262638192e-03 -6.835166173495092e-03  4.006302910856900e-03	1.000000000000000e+00	0	88
89	6.876349361629907e+02 7.825223970343498e+02 4.220604132578603e+02	 4.892417131662757e-03 -7.937089899272578e-03  3.044672767609822e-03	1.000000000000000e+00	0	89
90	4.578481575154495e+02 7.175398571263868e+02 7.168297318133644e+02	 6.251122465304728e-03 -1.181972928262855e-02  5.568606817323824e-03	1.000000000000000e+00	0	90
91	1.548674313373576e+02 7.807091629214990e+02 9.566411521963441e+02	 2.785253281449962e-03 -8.232664137665741e-03  5.447410856215779e-03	1.000000000000000e+00	0	91
95	1.217730562576338e+03 7.218387078418145e+02 1.451714852152529e+03	 6.429470565740503e-03 -1.123705835415767e-02  4.807587788417164e-03	1.000000000000000e+00	0	95
126	1.134529658060751e+03 6.022451347409998e+02 1.249910173562997e+02	 1.170513259426777e-02  2.674905486126432e-02 -1.504392226699655e-02	1.000000000000000e+00	0	126
131	2.376943288223596e+00 1.048284327229704e+03 4.586548621054843e+01	-3.500477243327076e-03 -7.494434164609774e-03  3.993956921282697e-03	1.000000000000000e+00	0	131
132	1.252788175960937e+03 1.090367611170670e+03 1.254193434942295e+03	-4.550590842370993e-03 -7.065004028134337e-03  2.514413185763344e-03	1.000000000000000e+00	0	132
133	1.046227643921831e+03 1.097869170089669e+03 1.040131343984191e+03	-3.653857796530381e-03 -8.449851290817573e-03  4.795993494287192e-03	1.000000000000000e+00	0	133
134	7.760187508103159e+02 1.067409257332405e+03 8.003823636299404e+02	-3.561676088496357e-03 -8.143322049901402e-03  4.581645961405045e-03	1.000000000000000e+00	0	134
135	6.091781027831652e+02 1.069474111712674e+03 6.314768612225205e+02	-3.989429524149077e-03 -7.029032047172568e-03  3.039602523023492e-03	1.000000000000000e+00	0	135
136	4.099076526671288e+02 1.088408117637572e+03 4.132724051815858e+02	-3.510053834952676e-03 -7.471772683297909e-03  3.961718848345234e-03	1.000000000000000e+00	0	136
141	1.429632556462327e+03 5.682962118993540e+02 4.540428385995216e+02	 1.284312449829821e-02  2.255740006121439e-02 -9.714275562916184e-03	1.000000000000000e+00	0	141
142	1.196959223338140e+02 5.661856280367756e+02 6.452831644490674e+02	 9.227954424177268e-03  2.037022480361992e-02 -1.114227037944265e-02	1.000000000000000e+00	0	142
143	2.691828092248203e+02 5.856716208825565e+02 7.752840584942930e+02	 8.460509348396861e-03  2.596534740373766e-02 -1.750483805534080e-02	1.000000000000000e+00	0	143
144	4.561969542137467e+02 6.103936513591235e+02 9.375761730066524e+02	 1.368729080945640e-02  2.624326745884590e-02 -1.255597664938951e-02	1.000000000000000e+00	0	144
145	6.013853430326404e+02 5.872303961038943e+02 1.105927817080775e+03	 1.396602844165129e-02  2.257462960337814e-02 -8.608601161726856e-03	1.000000000000000e+00	0	145
146	7.249300086965698e+02 5.694436208966085e+02 1.247259257951990e+03	 1.245596237711891e-02  2.202673057032487e-02 -9.570768193205964e-03	1.000000000000000e+00	0	146
147	8.991932087042914e+02 5.652460002469219e+02 1.425720078609399e+03	 9.862022049617942e-03  2.187896546530360e-02 -1.201694341568566e-02	1.000000000000000e+00	0	147
148	1.149595557415275e+03 7.178187360479476e+02 2.480345299197828e+01	 6.420548154922906e-03 -1.362391525548725e-02  7.203367100564350e-03	1.000000000000000e+00	0	148
149	1.008562071810692e+03 7.524040453931858e+02 1.312516292513228e+02	 2.808378654459588e-03 -1.042827892786704e-02  7.619900273407455e-03	1.000000000000000e+00	0	149
156	6.298276723331029e+02 1.813525917895201e+03 9.479305323423780e+02	 3.417968998495098e-03 -6.904994532876556e-03  3.487025534381459e-03	1.000000000000000e+00	0	156
157	8.861011510242048e+02 1.809933845391196e+03 6.952491261552811e+02	 3.417092162602004e-03 -6.888912301481883e-03  3.471820138879879e-03	1.000000000000000e+00	0	157
158	1.131633529331795e+03 1.814235049484229e+03 4.454155437546572e+02	 3.618227652208011e-03 -6.897426786543742e-03  3.279199134335732e-03	1.000000000000000e+00	0	158
159	1.299577662332630e+03 1.818641113818759e+03 2.730653464192927e+02	 3.577752075593535e-03 -7.031947796053816e-03  3.454195720460281e-03	1.000000000000000e+00	0	159
160	1.418284301111957e+03 1.818016461878198e+03 1.549833595805265e+02	 3.485317151180585e-03 -7.173339546579952e-03  3.688022395399367e-03	1.000000000000000e+00	0	160
161	1.108394573860232e+02 1.812100249890872e+03 1.468344415293786e+03	 3.497492992524955e-03 -7.263434836165374e-03  3.765941843640419e-03	1.000000000000000e+00	0	161
165	7.854994033321237e+02 7.879692373748641e+02 3.187491057482130e+02	 3.938993252752961e-03 -8.397736760749232e-03  4.458743507996272e-03	1.000000000000000e+00	0	165
166	5.877127256179288e+02 7.526890577784177e+02 5.518159630588542e+02	 5.698656380355728e-03 -7.804826550047762e-03  2.106170169692033e-03	1.000000000000000e+00	0	166
167	2.980521879498242e+02 7.435286870964222e+02 8.506368714089543e+02	 2.072800433963320e-03 -7.987345188419261e-03  5.914544754455941e-03	1.000000000000000e+00	0	167
168	1.799084801270168e+01 7.983544170380624e+02 1.075872481404437e+03	 4.239059979391304e-03 -9.159469450169504e-03  4.920409470778201e-03	1.000000000000000e+00	0	168
169	1.356503938912458e+03 7.748371604852629e+02 1.259943023172961e+03	 6.130755619239927e-03 -8.134274385993732e-03  2.003518766753804e-03	1.000000000000000e+00	0	169
190	9.809508902420955e+02 1.091191235019196e+03 9.815325253749288e+02	-3.484386720103979e-03 -8.491826306848889e-03  5.007439586744910e-03	1.000000000000000e+00	0	190
204	1.291022124662724e+03 5.887706573555729e+02 2.949579613436994e+02	 1.435067624152109e-02  2.331451175455229e-02 -8.963835513031208e-03	1.000000000000000e+00	0	204
205	1.200884455177398e+03 6.019093119590368e+02 1.916816372549100e+02	 1.381106909949593e-02  2.574891880345748e-02 -1.193784970396154e-02	1.000000000000000e+00	0	205
214	1.454355440706605e+03 1.048424579080749e+03 1.497703731777885e+03	-4.030928376981852e-03 -7.538695455186547e-03  3.507767078204694e-03	1.000000000000000e+00	0	214
215	1.307025704576177e+03 1.075820488329470e+03 1.322978086398736e+03	-4.411578179209454e-03 -6.477187769186659e-03  2.065609589977204e-03	1.000000000000000e+00	0	215
217	1.101418072371659e+03 1.101482525892008e+03 1.091708416631680e+03	-3.923151418816351e-03 -8.378729678156800e-03  4.455578259340448e-03	1.000000000000000e+00	0	217
219	8.257573752264437e+02 1.072298599890321e+03 8.452316454881518e+02	-3.435624295633888e-03 -8.378564183938543e-03  4.942939888304655e-03	1.000000000000000e+00	0	219
220	7.283286110472957e+02 1.064433762817288e+03 7.556677183820372e+02	-3.792972394267872e-03 -8.064404806937915e-03  4.271432412670043e-03	1.000000000000000e+00	0	220
222	5.684866790616552e+02 1.075863558724311e+03 5.843959904893737e+02	-4.133051803574584e-03 -6.814775233253247e-03  2.681723429678663e-03	1.000000000000000e+00	0	222
223	4.543114900485139e+02 1.088405137058896e+03 4.576792231416469e+02	-3.863305370439012e-03 -7.297815187441464e-03  3.434509817002453e-03	1.000000000000000e+00	0	223
231	1.389182690463563e+03 5.730890291861348e+02 4.088001553139766e+02	 1.339648781105440e-02  2.253493867825949e-02 -9.138450867205099e-03	1.000000000000000e+00	0	231
232	1.475491208819818e+03 5.647412186387332e+02 5.034564842176333e+02	 1.214358764572405e-02  2.255902186240678e-02 -1.041543421668272e-02	1.000000000000000e+00	0	232
233	7.162404714683825e+01 5.636148531633324e+02 5.997820641355349e+02	 1.114822739401981e-02  2.328829241214005e-02 -1.214006501812024e-02	1.000000000000000e+00	0	233
234	1.657727580574471e+02 5.693276241924924e+02 6.882180040169840e+02	 1.056068178252232e-02  2.558692575479121e-02 -1.502624397226888e-02	1.000000000000000e+00	0	234
235	8.481494536665867e+02 5.634000909122641e+02 1.376522232906352e+03	 1.087018588876910e-02  2.206075330818144e-02 -1.119056741941233e-02	1.000000000000000e+00	0	235
236	1.066846924320224e+03 5.909837887045392e+02 6.856962965223320e+01	 8.232658753776130e-03  2.344001111635992e-02 -1.520735236258379e-02	1.000000000000000e+00	0	236
237	9.508052142185784e+02 5.699482628705757e+02 1.472629821500032e+03	 8.732732817247952e-03  2.169394093929021e-02 -1.296120812204225e-02	1.000000000000000e+00	0	237
238	9.128037985931471e+02 7.747573253637421e+02 2.046566224983116e+02	 5.156769473864080e-03 -1.491330716988475e-02  9.756537696020671e-03	1.000000000000000e+00	0	238
246	3.773659735427848e+02 1.811199092566101e+03 1.202719056461796e+03	 3.588164339222348e-03 -7.019979974365519e-03  3.431815635143170e-03	1.000000000000000e+00	0	246
247	4.595266508916702e+02 1.812570773550645e+03 1.119186698128366e+03	 3.560716634286107e-03 -6.958777552842359e-03  3.398060918556252e-03	1.000000000000000e+00	0	247
248	5.662197207795194e+02 1.813654358032400e+03 1.011410043758762e+03	 3.471429329576044e-03 -6.915908619743216e-03  3.444479290167173e-03	1.000000000000000e+00	0	248
249	6.937638938432550e+02 1.812809872946482e+03 8.847103557809448e+02	 3.377078232395123e-03 -6.900571807070853e-03  3.523493574675729e-03	1.000000000000000e+00	0	249
250	8.200326722876392e+02 1.810663745268719e+03 7.605877050143229e+02	 3.374740707258083e-03 -6.894979775016431e-03  3.520239067758349e-03	1.000000000000000e+00	0	250
251	9.516070313669852e+02 1.809960834847065e+03 6.297162563566314e+02	 3.475479041685329e-03 -6.881519737410573e-03  3.406040695725244e-03	1.000000000000000e+00	0	251
252	1.073031347685803e+03 1.812303853663069e+03 5.059489212218106e+02	 3.588256903233991e-03 -6.880692206893041e-03  3.292435303659050e-03	1.000000000000000e+00	0	252
253	1.188881709883312e+03 1.816163923941790e+03 3.862384887455794e+02	 3.622725037313094e-03 -6.929447144376985e-03  3.306722107063892e-03	1.000000000000000e+00	0	253
254	4.503434267088307e+01 1.813910060191470e+03 3.327334359284743e+01	 3.461543568167815e-03 -7.280548609239179e-03  3.819005041071363e-03	1.000000000000000e+00	0	254
255	1.726799437735789e+02 1.810804939821136e+03 1.407799238975967e+03	 3.526506715284301e-03 -7.203889247245052e-03  3.677382531960752e-03	1.000000000000000e+00	0	255
256	2.552566738195129e+02 1.810072327950911e+03 1.325955120800258e+03	 3.546477128704094e-03 -7.132854386833444e-03  3.586377258129351e-03	1.000000000000000e+00	0	256
265	7.354536901474180e+02 7.875032022008405e+02 3.692608541069423e+02	 4.438231812594679e-03 -8.226364320512262e-03  3.788132507917583e-03	1.000000000000000e+00	0	265
266	6.354393493928103e+02 7.701573061335849e+02 4.866210909288055e+02	 5.331818192159210e-03 -7.631252268192478e-03  2.299434076033269e-03	1.000000000000000e+00	0	266
267	5.312171084249234e+02 7.323229797517414e+02 6.286776582785359e+02	 6.079388492129505e-03 -9.127885081747293e-03  3.048496589617789e-03	1.000000000000000e+00	0	267
268	3.785697813242080e+02 7.213900772121710e+02 7.922578879188217e+02	 4.933175872233121e-03 -1.229619576025234e-02  7.363019888019219e-03	1.000000000000000e+00	0	268
269	2.238841771403610e+02 7.648221867365687e+02 9.035113825782711e+02	 2.146299837242743e-03 -7.719723707307822e-03  5.573423870065079e-03	1.000000000000000e+00	0	269
270	6.696501995523114e+01 7.945773624507640e+02 1.030675364049206e+03	 3.497989640918200e-03 -8.681088058340542e-03  5.183098417422343e-03	1.000000000000000e+00	0	270
271	1.475672812243190e+03 7.991202215897296e+02 1.116491088737762e+03	 4.800500570315233e-03 -8.914258878535239e-03  4.113758308220005e-03	1.000000000000000e+00	0	271
272	1.401542245306506e+03 7.898065161213990e+02 1.199935361142777e+03	 5.561438952921189e-03 -8.566901752005465e-03  3.005462799084276e-03	1.000000000000000e+00	0	272
273	1.293275754892053e+03 7.464403561509749e+02 1.351568011527653e+03	 6.621263249647806e-03 -8.682183332613764e-03  2.060920082965958e-03	1.000000000000000e+00	0	273
314	6.809063324355549e+02 5.747242014652776e+02 1.197955001122306e+03	 1.309665801420907e-02  2.208133379998212e-02 -8.984675785773054e-03	1.000000000000000e+00	0	314
320	4.569323105910501e+02 1.548705180743082e+03 1.499066376115482e+03	 1.337931612555175e-04 -1.893649844972872e-03  2.027443006228389e-03	1.000000000000000e+00	1	320
321	 4.569323105910491e+02  1.548705180743080e+03 -1.818989403545856e-12	 1.337931612555081e-04 -1.893649844972888e-03  2.027443006228396e-03	1.000000000000000e+00	1	321
344	1.499066376115483e+03 2.451864063673910e+03 9.394200588967722e+02	 3.341740493954098e-03 -7.001250032285415e-03  3.659509538331317e-03	1.000000000000000e+00	1	344
345	-1.250555214937776e-12  2.451864063673911e+03  9.394200588967722e+02	 3.341740493954097e-03 -7.001250032285415e-03  3.659509538331318e-03	1.000000000000000e+00	1	345
366	1.093358800256551e+03 7.281684849093815e+02 7.069046128926834e+01	 3.189246236558520e-03 -1.006540400134267e-02  6.876157764784147e-03	1.000000000000000e+00	0	366
387	7.888136386923843e+01 1.053150627412982e+03 1.175036066082852e+02	-3.329702666059480e-03 -7.622946524655228e-03  4.293243858595748e-03	1.000000000000000e+00	0	387
389	1.187393009689599e+03 1.100266569781953e+03 1.178899310059675e+03	-4.493219612233757e-03 -7.866484446255482e-03  3.373264834021724e-03	1.000000000000000e+00	0	389
398	3.799539361415607e+02 6.096211713231050e+02 8.621056349704850e+02	 1.242407256724321e-02  2.833252269533537e-02 -1.590845012809216e-02	1.000000000000000e+00	0	398
406	1.339985781867342e+03 1.818855324209702e+03 2.324430164936382e+02	 3.513319635924836e-03 -7.078639095135259e-03  3.565319459210423e-03	1.000000000000000e+00	0	406
412	1.383273075468205e+02 1.059660994345413e+03 1.704391833534373e+02	-3.122950119837305e-03 -7.663600812268788e-03  4.540650692431482e-03	1.000000000000000e+00	0	412
433	 1.092359249738374e+03 -3.183231456205249e-12  6.850657437749256e+02	 9.957548252320309e-03  1.569257091853378e-02 -5.735022666213474e-03	1.000000000000000e+00	1	433
434	1.092359249738374e+03 2.998132752230962e+03 6.850657437749254e+02	 9.957548252320312e-03  1.569257091853379e-02 -5.735022666213476e-03	1.000000000000000e+00	1	434
482	1.403727944246069e+03 1.052578556497786e+03 1.442922257900312e+03	-4.054725457510479e-03 -6.884253983421105e-03  2.829528525910626e-03	1.000000000000000e+00	0	482
484	6.427484930777254e+02 5.803122667477068e+02 1.154209096482048e+03	 1.355486564062570e-02  2.224357382372232e-02 -8.688708183096616e-03	1.000000000000000e+00	0	484
499	1.846171163611153e+02 1.065477807577873e+03 2.109121789352712e+02	-3.052052549040723e-03 -7.671017171584562e-03  4.618964622543839e-03	1.000000000000000e+00	0	499
506	-1.591615728102624e-12  1.048291406985795e+03  4.348146316623252e+01	-3.527253821435059e-03 -7.496668424900864e-03  3.969414603465806e-03	1.000000000000000e+00	1	506
507	1.499066376115482e+03 1.048291406985795e+03 4.348146316623229e+01	-3.527253821435059e-03 -7.496668424900864e-03  3.969414603465806e-03	1.000000000000000e+00	1	507
508	 1.455714038443406e+03  1.048420532479953e+03 -2.501110429875553e-12	-4.015623595165225e-03 -7.537418411266341e-03  3.521794816101116e-03	1.000000000000000e+00	1	508
509	1.455714038443406e+03 1.048420532479953e+03 1.499066376115482e+03	-4.015623595165225e-03 -7.537418411266341e-03  3.521794816101116e-03	1.000000000000000e+00	1	509
548	3.210772556647570e+02 5.986852192215562e+02 8.141649065952301e+02	 6.711273650558158e-03  2.060380653098194e-02 -1.389253288042378e-02	1.000000000000000e+00	0	548
549	1.248597516870350e+03 5.958030464781795e+02 2.455009644287191e+02	 1.453381104000824e-02  2.416455395790391e-02 -9.630742917895676e-03	1.000000000000000e+00	0	549
552	1.499066376115482e+03 1.815581923012470e+03 7.663582344273004e+01	 3.448777169176125e-03 -7.258945949199093e-03  3.810168780022969e-03	1.000000000000000e+00	1	552
553	-2.273736754432321e-12  1.815581923012470e+03  7.663582344272959e+01	 3.448777169176125e-03 -7.258945949199093e-03  3.810168780022969e-03	1.000000000000000e+00	1	553
558	7.924866842672418e+01 1.812969078028472e+03 2.273736754432321e-13	 3.480234901220186e-03 -7.271650574346398e-03  3.791415673126212e-03	1.000000000000000e+00	1	558
559	7.924866842672418e+01 1.812969078028473e+03 1.499066376115485e+03	 3.480234901220186e-03 -7.271650574346398e-03  3.791415673126212e-03	1.000000000000000e+00	1	559
562	-7.144300623236480e-13  7.986873315986170e+02  1.093530414856585e+03	 4.483132369921923e-03 -9.052870227794677e-03  4.569737857872754e-03	1.000000000000000e+00	1	562
563	1.499066376115483e+03 7.986873315986169e+02 1.093530414856585e+03	 4.483132369921922e-03 -9.052870227794677e-03  4.569737857872755e-03	1.000000000000000e+00	1	563
564	1.173017135093503e+03 7.192006113616985e+02 1.499066376115483e+03	 6.423615255857989e-03 -1.280342725245334e-02  6.379811996595355e-03	1.000000000000000e+00	1	564
565	 1.173017135093503e+03  7.192006113616985e+02 -1.136868377216160e-12	 6.423615255857989e-03 -1.280342725245334e-02  6.379811996595354e-03	1.000000000000000e+00	1	565
566	1.257704813300867e+03 7.325241600267295e+02 1.401055149243085e+03	 6.826881043979781e-03 -9.632023035208008e-03  2.805141991228229e-03	1.000000000000000e+00	0	566
567	1.499066376115481e+03 5.640948969194792e+02 5.276779732325509e+02	 1.174558714126214e-02  2.243527601248509e-02 -1.068968887122296e-02	1.000000000000000e+00	1	567
568	-2.501110429875553e-12  5.640948969194792e+02  5.276779732325509e+02	 1.174558714126214e-02  2.243527601248509e-02 -1.068968887122296e-02	1.000000000000000e+00	1	568
569	9.819937265571309e+02 5.747002205936792e+02 1.499066376115484e+03	 8.016561318346660e-03  2.150870802576469e-02 -1.349214670741803e-02	1.000000000000000e+00	1	569
570	9.819937265571309e+02 5.747002205936792e+02 1.058729638913102e-13	 8.016561318346660e-03  2.150870802576469e-02 -1.349214670741803e-02	1.000000000000000e+00	1	570
571	4.983105826096850e+02 6.048600279529620e+02 9.852234248087524e+02	 1.479900363620127e-02  2.454120035397994e-02 -9.742196717778670e-03	1.000000000000000e+00	0	571
1	7.071067811865475e-01 7.071067811865475e-01 0.000000000000000e+00	 5.773502691896257e-01 -5.773502691896257e-01 -5.773502691896257e-01	-3.639242900506764e+02  3.639242900506764e+02  3.639242900506764e+02	1	0	0.000000000000000e+00	0.000000000000000e+00	0.000000000000000e+00
2	-7.071067811865475e-01  7.071067811865475e-01  0.000000000000000e+00	5.773502691896257e-01 5.773502691896257e-01 5.773502691896257e-01	6.307392488184003e+02 6.307392488184003e+02 6.307392488184003e+02	1	0	0.000000000000000e+00	0.000000000000000e+00	0.000000000000000e+00
1	204	37	1	0
1	37	437	1	0
1	43	215	1	0
1	488	43	1	0
1	44	217	1	0
1	393	44	1	0
1	218	45	1	0
1	45	219	1	0
1	46	135	1	0
1	220	46	1	0
1	222	47	1	0
1	47	223	1	0
1	136	48	1	0
1	48	138	1	0
1	55	233	1	0
1	614	55	1	0
1	56	143	1	0
1	234	56	1	0
1	59	145	1	0
1	617	59	1	0
1	146	62	1	0
1	62	235	1	0
1	63	236	1	0
1	616	63	1	0
1	98	231	1	0
1	440	98	1	0
1	126	205	1	0
1	236	126	1	0
1	391	131	1	0
1	131	514	1	0
1	215	132	1	0
1	132	393	1	0
1	217	133	1	0
1	133	218	1	0
1	219	134	1	0
1	134	220	1	0
1	135	222	1	0
1	223	136	1	0
1	138	324	1	0
1	231	141	1	0
1	141	232	1	0
1	233	142	1	0
1	142	234	1	0
1	143	594	1	0
1	402	144	1	0
1	144	617	1	0
1	145	490	1	0
1	314	146	1	0
1	235	147	1	0
1	147	237	1	0
1	595	204	1	0
1	205	595	1	0
1	214	488	1	0
1	517	214	1	0
1	232	613	1	0
1	237	615	1	0
1	321	280	1	0
1	280	507	1	0
1	490	314	1	0
1	320	321	0	1
1	438	320	1	0
1	324	325	0	1
1	325	439	1	0
1	416	391	1	0
1	594	402	1	0
1	507	416	1	0
1	437	438	0	1
1	439	440	0	1
1	514	515	0	1
1	515	516	1	0
1	516	517	0	1
1	613	614	0	1
1	615	616	0	1
2	149	66	1	0
2	66	238	1	0
2	69	70	0	1
2	239	69	1	0
2	70	346	1	0
2	72	246	1	0
2	347	72	1	0
2	247	75	1	0
2	75	248	1	0
2	249	76	1	0
2	76	250	1	0
2	251	77	1	0
2	77	252	1	0
2	78	159	1	0
2	253	78	1	0
2	160	81	1	0
2	81	598	1	0
2	256	83	1	0
2	83	350	1	0
2	84	85	0	1
2	351	84	1	0
2	85	88	1	0
2	88	165	1	0
2	265	89	1	0
2	89	266	1	0
2	267	90	1	0
2	90	268	1	0
2	269	91	1	0
2	91	270	1	0
2	95	610	1	0
2	612	95	1	0
2	148	370	1	0
2	611	148	1	0
2	370	149	1	0
2	248	156	1	0
2	156	249	1	0
2	250	157	1	0
2	157	251	1	0
2	252	158	1	0
2	158	253	1	0
2	159	410	1	0
2	410	160	1	0
2	161	255	1	0
2	605	161	1	0
2	165	265	1	0
2	266	166	1	0
2	166	267	1	0
2	268	167	1	0
2	167	269	1	0
2	270	168	1	0
2	168	608	1	0
2	272	169	1	0
2	169	273	1	0
2	238	239	1	0
2	246	247	1	0
2	599	254	1	0
2	254	604	1	0
2	255	256	1	0
2	271	272	1	0
2	609	271	1	0
2	273	612	1	0
2	346	347	0	1
2	350	351	0	1
2	598	599	0	1
2	604	605	0	1
2	608	609	0	1
2	610	611	0	1
1	37	2.845468024001567e+03 3.577610947940287e+03 3.596299462133101e+02	37	-1.499066376115484e+03 -2.998132752230965e+03 -7.813873830305873e-15	-1
1	43	1.361640348393453e+03 1.060606992809900e+03 1.392806225735581e+03	43	0.000000000000000e+00 2.629596998832196e-14 2.301162899144159e-14	-1
1	44	1.148214908431088e+03 1.102077321756638e+03 1.137910456826480e+03	44	0.000000000000000e+00 2.629596998832196e-14 2.301162899144159e-14	-1
1	45	9.137558566160214e+02 1.082985619170358e+03 9.225431075976923e+02	45	0.000000000000000e+00 2.629596998832196e-14 2.301162899144159e-14	-1
1	46	6.835330080192667e+02 1.063819076141043e+03 7.114868020302531e+02	46	0.000000000000000e+00 2.629596998832196e-14 2.301162899144159e-14	-1
1	47	5.152720249348010e+02 1.083781382615587e+03 5.232635124712435e+02	47	0.000000000000000e+00 2.629596998832196e-14 2.301162899144159e-14	-1
1	48	3.307307837658954e+02 1.083132987129110e+03 3.393706667888150e+02	48	0.000000000000000e+00 2.629596998832196e-14 2.301162899144159e-14	-1
1	55	 1.522361124236648e+03  3.561589015224057e+03 -9.474550208353832e+02	55	-1.499066376115484e+03 -2.998132752230965e+03  1.499066376115484e+03	-1
1	56	 1.712391994303234e+03  3.574649452416424e+03 -7.704845879611639e+02	56	-1.499066376115484e+03 -2.998132752230965e+03  1.499066376115484e+03	-1
1	59	 2.036917255342797e+03  3.596459828184105e+03 -4.677697026892822e+02	59	-1.499066376115484e+03 -2.998132752230965e+03  1.499066376115484e+03	-1
1	62	 2.295669388333816e+03  3.562377600315430e+03 -1.749353418295884e+02	62	-1.499066376115484e+03 -2.998132752230965e+03  1.499066376115484e+03	-1
1	63	2.504128378371415e+03 3.576347711510340e+03 1.955353701310516e+01	63	-1.499066376115484e+03 -2.998132752230965e+03 -7.813873830305873e-15	-1
2	66	-5.439294470893502e+02  7.642313328950958e+02  1.671915860649455e+03	66	 1.499066376115484e+03  2.804572483380277e-14 -1.499066376115484e+03	-1
2	69	-2.636679170798743e+02  3.410605131648481e-13  2.155885663535075e+03	69	 1.499066376115484e+03  2.804572483380277e-14 -1.499066376115484e+03	0
2	70	-2.636679170798743e+02  3.410605131648481e-13  2.155885663535075e+03	70	 1.499066376115484e+03  2.998132752230965e+03 -1.499066376115484e+03	1
2	72	 3.096531203038444e+02 -1.187809782404812e+03  2.770374408556168e+03	72	 0.000000000000000e+00  2.998132752230965e+03 -1.499066376115484e+03	-1
2	75	 5.052061896873761e+02 -1.184927025508841e+03  2.571938582276666e+03	75	 0.000000000000000e+00  2.998132752230965e+03 -1.499066376115484e+03	-1
2	76	 7.562399785474505e+02 -1.186377204767663e+03  2.322354972675413e+03	76	 0.000000000000000e+00  2.998132752230965e+03 -1.499066376115484e+03	-1
2	77	 1.013714789139130e+03 -1.187333033744252e+03  2.065835991060323e+03	77	 0.000000000000000e+00  2.998132752230965e+03 -1.499066376115484e+03	-1
2	78	 1.244526700481198e+03 -1.180415985476255e+03  1.828107031450258e+03	78	 0.000000000000000e+00  2.998132752230965e+03 -1.499066376115484e+03	-1
2	81	 1.480306201552076e+03 -1.181854373213858e+03  1.593765918116983e+03	81	 0.000000000000000e+00  2.998132752230965e+03 -1.499066376115484e+03	-1
2	83	 1.808719496419329e+03 -1.187809782404812e+03  1.271308032440684e+03	72	-1.499066376115484e+03  2.998132752230965e+03  6.516875392707817e-15	-1
2	84	 1.235398459035610e+03 -2.273736754432321e-13  6.568192874195913e+02	70	2.881180732755041e-14 2.998132752230965e+03 0.000000000000000e+00	1
2	85	 1.235398459035610e+03 -2.273736754432321e-13  6.568192874195913e+02	69	8.137780172766422e-14 0.000000000000000e+00 4.030010838596754e-14	0
2	88	8.579035747604735e+02 7.820960458663128e+02 2.522181258284143e+02	88	8.137780172766422e-14 0.000000000000000e+00 4.030010838596754e-14	-1
2	89	6.876349361629906e+02 7.825223970343498e+02 4.220604132578603e+02	89	8.137780172766422e-14 0.000000000000000e+00 4.030010838596754e-14	-1
2	90	4.578481575154495e+02 7.175398571263868e+02 7.168297318133644e+02	90	8.137780172766422e-14 0.000000000000000e+00 4.030010838596754e-14	-1
2	91	1.548674313373576e+02 7.807091629214990e+02 9.566411521963441e+02	91	8.137780172766422e-14 0.000000000000000e+00 4.030010838596754e-14	-1
2	95	-2.813358135391461e+02  7.218387078418145e+02  1.451714852152529e+03	95	1.499066376115484e+03 1.522937239157407e-14 1.560815019424493e-14	-1
1	98	 1.346401647886083e+03  3.577610947940287e+03 -1.139436429902174e+03	37	 5.357148449523283e-14 -2.998132752230965e+03  1.499066376115484e+03	-1
1	126	2.633596034176235e+03 3.600377886971964e+03 1.249910173562996e+02	126	-1.499066376115484e+03 -2.998132752230965e+03 -7.813873830305873e-15	-1
1	131	1.501443319403708e+03 1.048284327229704e+03 1.544931862326033e+03	131	-1.499066376115484e+03  2.332622365846862e-14 -1.499066376115484e+03	-1
1	132	1.252788175960937e+03 1.090367611170670e+03 1.254193434942295e+03	132	0.000000000000000e+00 2.629596998832196e-14 2.301162899144159e-14	-1
1	133	1.046227643921831e+03 1.097869170089670e+03 1.040131343984191e+03	133	0.000000000000000e+00 2.629596998832196e-14 2.301162899144159e-14	-1
1	134	7.760187508103159e+02 1.067409257332405e+03 8.003823636299404e+02	134	0.000000000000000e+00 2.629596998832196e-14 2.301162899144159e-14	-1
1	135	6.091781027831652e+02 1.069474111712674e+03 6.314768612225205e+02	135	0.000000000000000e+00 2.629596998832196e-14 2.301162899144159e-14	-1
1	136	4.099076526671288e+02 1.088408117637572e+03 4.132724051815858e+02	136	0.000000000000000e+00 2.629596998832196e-14 2.301162899144159e-14	-1
1	138	2.487076667167341e+02 1.073738632583083e+03 2.667419042856807e+02	16	0.000000000000000e+00 2.629596998832196e-14 2.301162899144159e-14	-1
1	141	 1.429632556462327e+03  3.566428964130319e+03 -1.045023537515962e+03	141	 5.357148449523283e-14 -2.998132752230965e+03  1.499066376115484e+03	-1
1	142	 1.618762298449298e+03  3.564318380267740e+03 -8.537832116664166e+02	142	-1.499066376115484e+03 -2.998132752230965e+03  1.499066376115484e+03	-1
1	143	 1.768249185340304e+03  3.583804373113521e+03 -7.237823176211909e+02	143	-1.499066376115484e+03 -2.998132752230965e+03  1.499066376115484e+03	-1
1	144	 1.955263330329231e+03  3.608526403590088e+03 -5.614902031088317e+02	144	-1.499066376115484e+03 -2.998132752230965e+03  1.499066376115484e+03	-1
1	145	 2.100451719148125e+03  3.585363148334859e+03 -3.931385590347088e+02	145	-1.499066376115484e+03 -2.998132752230965e+03  1.499066376115484e+03	-1
1	146	 2.223996384812054e+03  3.567576373127573e+03 -2.518071181634937e+02	146	-1.499066376115484e+03 -2.998132752230965e+03  1.499066376115484e+03	-1
1	147	 2.398259584819775e+03  3.563378752477887e+03 -7.334629750608497e+01	147	-1.499066376115484e+03 -2.998132752230965e+03  1.499066376115484e+03	-1
2	148	-3.494708187002091e+02  7.178187360479476e+02  1.523869829107462e+03	148	 1.499066376115484e+03  2.804572483380277e-14 -1.499066376115484e+03	-1
2	149	-4.905043043047918e+02  7.524040453931858e+02  1.630318005366807e+03	149	 1.499066376115484e+03  2.804572483380277e-14 -1.499066376115484e+03	-1
2	156	 6.298276723331029e+02 -1.184606834335764e+03  2.446996908457862e+03	156	 0.000000000000000e+00  2.998132752230965e+03 -1.499066376115484e+03	-1
2	157	 8.861011510242048e+02 -1.188198906839769e+03  2.194315502270765e+03	157	 0.000000000000000e+00  2.998132752230965e+03 -1.499066376115484e+03	-1
2	158	 1.131633529331795e+03 -1.183897702746736e+03  1.944481919870141e+03	158	 0.000000000000000e+00  2.998132752230965e+03 -1.499066376115484e+03	-1
2	159	 1.299577662332630e+03 -1.179491638412206e+03  1.772131722534777e+03	159	 0.000000000000000e+00  2.998132752230965e+03 -1.499066376115484e+03	-1
2	160	 1.418284301111957e+03 -1.180116290352767e+03  1.654049735696010e+03	160	 0.000000000000000e+00  2.998132752230965e+03 -1.499066376115484e+03	-1
2	161	 1.609905833501507e+03 -1.186032502340092e+03  1.468344415293786e+03	161	-1.499066376115484e+03  2.998132752230965e+03  6.516875392707817e-15	-1
2	165	7.854994033321236e+02 7.879692373748641e+02 3.187491057482129e+02	165	8.137780172766422e-14 0.000000000000000e+00 4.030010838596754e-14	-1
2	166	5.877127256179286e+02 7.526890577784177e+02 5.518159630588542e+02	166	8.137780172766422e-14 0.000000000000000e+00 4.030010838596754e-14	-1
2	167	2.980521879498241e+02 7.435286870964222e+02 8.506368714089543e+02	167	8.137780172766422e-14 0.000000000000000e+00 4.030010838596754e-14	-1
2	168	1.799084801270160e+01 7.983544170380624e+02 1.075872481404437e+03	168	8.137780172766422e-14 0.000000000000000e+00 4.030010838596754e-14	-1
2	169	-1.425624372030261e+02  7.748371604852629e+02  1.259943023172961e+03	169	1.499066376115484e+03 1.522937239157407e-14 1.560815019424493e-14	-1
1	204	2.790088500778208e+03 3.586903409586538e+03 2.949579613436994e+02	204	-1.499066376115484e+03 -2.998132752230965e+03 -7.813873830305873e-15	-1
1	205	2.699950831292882e+03 3.600042064190002e+03 1.916816372549103e+02	205	-1.499066376115484e+03 -2.998132752230965e+03 -7.813873830305873e-15	-1
1	214	1.454355440706605e+03 1.048424579080749e+03 1.497703731777885e+03	214	0.000000000000000e+00 2.629596998832196e-14 2.301162899144159e-14	-1
1	215	1.307025704576177e+03 1.075820488329470e+03 1.322978086398737e+03	215	0.000000000000000e+00 2.629596998832196e-14 2.301162899144159e-14	-1
1	217	1.101418072371659e+03 1.101482525892008e+03 1.091708416631680e+03	217	0.000000000000000e+00 2.629596998832196e-14 2.301162899144159e-14	-1
1	218	9.809508902420955e+02 1.091191235019196e+03 9.815325253749288e+02	190	0.000000000000000e+00 2.629596998832196e-14 2.301162899144159e-14	-1
1	219	8.257573752264437e+02 1.072298599890321e+03 8.452316454881518e+02	219	0.000000000000000e+00 2.629596998832196e-14 2.301162899144159e-14	-1
1	220	7.283286110472958e+02 1.064433762817288e+03 7.556677183820370e+02	220	0.000000000000000e+00 2.629596998832196e-14 2.301162899144159e-14	-1
1	222	5.684866790616552e+02 1.075863558724311e+03 5.843959904893737e+02	222	0.000000000000000e+00 2.629596998832196e-14 2.301162899144159e-14	-1
1	223	4.543114900485139e+02 1.088405137058896e+03 4.576792231416469e+02	223	0.000000000000000e+00 2.629596998832196e-14 2.301162899144159e-14	-1
1	231	 1.389182690463563e+03  3.571221781417099e+03 -1.090266220801507e+03	231	 5.357148449523283e-14 -2.998132752230965e+03  1.499066376115484e+03	-1
1	232	 1.475491208819818e+03  3.562873970869698e+03 -9.956098918978507e+02	232	 5.357148449523283e-14 -2.998132752230965e+03  1.499066376115484e+03	-1
1	233	 1.570690423262322e+03  3.561747605394297e+03 -8.992843119799489e+02	233	-1.499066376115484e+03 -2.998132752230965e+03  1.499066376115484e+03	-1
1	234	 1.664839134172931e+03  3.567460376423457e+03 -8.108483720985001e+02	234	-1.499066376115484e+03 -2.998132752230965e+03  1.499066376115484e+03	-1
1	235	 2.347215829782071e+03  3.561532843143229e+03 -1.225441432091322e+02	235	-1.499066376115484e+03 -2.998132752230965e+03  1.499066376115484e+03	-1
1	236	2.565913300435708e+03 3.589116540935504e+03 6.856962965223322e+01	236	-1.499066376115484e+03 -2.998132752230965e+03 -7.813873830305873e-15	-1
1	237	 2.449871590334062e+03  3.568081015101541e+03 -2.643655461545222e+01	237	-1.499066376115484e+03 -2.998132752230965e+03  1.499066376115484e+03	-1
2	238	-5.862625775223369e+02  7.747573253637421e+02  1.703722998613796e+03	238	 1.499066376115484e+03  2.804572483380277e-14 -1.499066376115484e+03	-1
2	239	-6.411628013550104e+02  7.820960458663128e+02  1.751284501943898e+03	88	 1.499066376115484e+03  2.804572483380277e-14 -1.499066376115484e+03	-1
2	246	 3.773659735427848e+02 -1.186933659664864e+03  2.701785432577280e+03	246	 0.000000000000000e+00  2.998132752230965e+03 -1.499066376115484e+03	-1
2	247	 4.595266508916702e+02 -1.185561978680320e+03  2.618253074243850e+03	247	 0.000000000000000e+00  2.998132752230965e+03 -1.499066376115484e+03	-1
2	248	 5.662197207795194e+02 -1.184478394198565e+03  2.510476419874246e+03	248	 0.000000000000000e+00  2.998132752230965e+03 -1.499066376115484e+03	-1
2	249	 6.937638938432550e+02 -1.185322879284483e+03  2.383776731896429e+03	249	 0.000000000000000e+00  2.998132752230965e+03 -1.499066376115484e+03	-1
2	250	 8.200326722876392e+02 -1.187469006962245e+03  2.259654081129807e+03	250	 0.000000000000000e+00  2.998132752230965e+03 -1.499066376115484e+03	-1
2	251	 9.516070313669852e+02 -1.188171917383900e+03  2.128782632472115e+03	251	 0.000000000000000e+00  2.998132752230965e+03 -1.499066376115484e+03	-1
2	252	 1.073031347685803e+03 -1.185828898567896e+03  2.005015297337295e+03	252	 0.000000000000000e+00  2.998132752230965e+03 -1.499066376115484e+03	-1
2	253	 1.188881709883312e+03 -1.181968828289175e+03  1.885304864861063e+03	253	 0.000000000000000e+00  2.998132752230965e+03 -1.499066376115484e+03	-1
2	254	 1.544100718786367e+03 -1.184222692039495e+03  1.532339719708332e+03	254	-1.499066376115484e+03  2.998132752230965e+03 -1.499066376115484e+03	-1
2	255	 1.671746319889063e+03 -1.187327812409829e+03  1.407799238975967e+03	255	-1.499066376115484e+03  2.998132752230965e+03  6.516875392707817e-15	-1
2	256	 1.754323049934997e+03 -1.188060424280054e+03  1.325955120800258e+03	256	-1.499066376115484e+03  2.998132752230965e+03  6.516875392707817e-15	-1
2	265	7.354536901474179e+02 7.875032022008405e+02 3.692608541069422e+02	265	8.137780172766422e-14 0.000000000000000e+00 4.030010838596754e-14	-1
2	266	6.354393493928102e+02 7.701573061335849e+02 4.866210909288055e+02	266	8.137780172766422e-14 0.000000000000000e+00 4.030010838596754e-14	-1
2	267	5.312171084249233e+02 7.323229797517414e+02 6.286776582785359e+02	267	8.137780172766422e-14 0.000000000000000e+00 4.030010838596754e-14	-1
2	268	3.785697813242080e+02 7.213900772121710e+02 7.922578879188217e+02	268	8.137780172766422e-14 0.000000000000000e+00 4.030010838596754e-14	-1
2	269	2.238841771403609e+02 7.648221867365687e+02 9.035113825782711e+02	269	8.137780172766422e-14 0.000000000000000e+00 4.030010838596754e-14	-1
2	270	6.696501995523107e+01 7.945773624507640e+02 1.030675364049206e+03	270	8.137780172766422e-14 0.000000000000000e+00 4.030010838596754e-14	-1
2	271	-2.339356387229350e+01  7.991202215897297e+02  1.116491088737762e+03	271	1.499066376115484e+03 1.522937239157407e-14 1.560815019424493e-14	-1
2	272	-9.752413080897827e+01  7.898065161213990e+02  1.199935361142777e+03	272	1.499066376115484e+03 1.522937239157407e-14 1.560815019424493e-14	-1
2	273	-2.057906212234307e+02  7.464403561509749e+02  1.351568011527653e+03	273	1.499066376115484e+03 1.522937239157407e-14 1.560815019424493e-14	-1
1	280	1.747774042832218e+03 1.073738632583083e+03 1.765808280401165e+03	16	-1.499066376115484e+03  2.332622365846862e-14 -1.499066376115484e+03	-1
1	314	 2.179972708551039e+03  3.572856953696242e+03 -3.011113749931778e+02	314	-1.499066376115484e+03 -2.998132752230965e+03  1.499066376115484e+03	-1
1	320	1.955998686706534e+03 1.548705180743082e+03 1.499066376115482e+03	320	-1.499066376115484e+03  1.106659759674790e-14  7.403478797196665e-15	0
1	321	1.955998686706533e+03 1.548705180743080e+03 1.499066376115482e+03	321	-1.499066376115484e+03  2.332622365846862e-14 -1.499066376115484e+03	2
1	324	4.569323105910478e+02 1.548705180743077e+03 1.705302565824240e-13	321	0.000000000000000e+00 2.629596998832196e-14 2.301162899144159e-14	2
1	325	4.569323105910478e+02 1.548705180743077e+03 5.115907697472721e-13	320	2.881180732755041e-14 3.860184542213733e-14 1.499066376115484e+03	0
2	346	-1.136868377216160e-12 -5.462686885570545e+02  2.438486435012256e+03	344	 1.499066376115484e+03  2.998132752230965e+03 -1.499066376115484e+03	0
2	347	-1.250555214937776e-12 -5.462686885570542e+02  2.438486435012256e+03	345	 0.000000000000000e+00  2.998132752230965e+03 -1.499066376115484e+03	3
2	350	 1.499066376115482e+03 -5.462686885570533e+02  9.394200588967719e+02	345	-1.499066376115484e+03  2.998132752230965e+03  6.516875392707817e-15	3
2	351	 1.499066376115483e+03 -5.462686885570549e+02  9.394200588967728e+02	344	2.881180732755041e-14 2.998132752230965e+03 0.000000000000000e+00	0
2	370	-4.057075758589331e+02  7.281684849093815e+02  1.569756837404752e+03	366	 1.499066376115484e+03  2.804572483380277e-14 -1.499066376115484e+03	-1
1	391	1.577947739984722e+03 1.053150627412982e+03 1.616569982723769e+03	387	-1.499066376115484e+03  2.332622365846862e-14 -1.499066376115484e+03	-1
1	393	1.187393009689599e+03 1.100266569781953e+03 1.178899310059675e+03	389	0.000000000000000e+00 2.629596998832196e-14 2.301162899144159e-14	-1
1	402	 1.879020312257045e+03  3.607753923554070e+03 -6.369607411449990e+02	398	-1.499066376115484e+03 -2.998132752230965e+03  1.499066376115484e+03	-1
2	410	 1.339985781867342e+03 -1.179277428021263e+03  1.731509392609122e+03	406	 0.000000000000000e+00  2.998132752230965e+03 -1.499066376115484e+03	-1
1	416	1.637393683662305e+03 1.059660994345413e+03 1.669505559468922e+03	412	-1.499066376115484e+03  2.332622365846862e-14 -1.499066376115484e+03	-1
1	437	2.591425625853858e+03 2.998132752230962e+03 6.850657437749256e+02	433	-1.499066376115484e+03 -2.998132752230965e+03 -7.813873830305873e-15	2
1	438	2.591425625853858e+03 2.998132752230962e+03 6.850657437749254e+02	434	-1.499066376115484e+03  1.106659759674790e-14  7.403478797196665e-15	2
1	439	 1.092359249738375e+03  2.998132752230963e+03 -8.140006323405584e+02	434	2.881180732755041e-14 3.860184542213733e-14 1.499066376115484e+03	2
1	440	 1.092359249738374e+03  2.998132752230962e+03 -8.140006323405581e+02	433	 5.357148449523283e-14 -2.998132752230965e+03  1.499066376115484e+03	2
1	488	1.403727944246069e+03 1.052578556497786e+03 1.442922257900312e+03	482	0.000000000000000e+00 2.629596998832196e-14 2.301162899144159e-14	-1
1	490	 2.141814869193209e+03  3.578445018978672e+03 -3.448572796334361e+02	484	-1.499066376115484e+03 -2.998132752230965e+03  1.499066376115484e+03	-1
1	507	1.683683492476599e+03 1.065477807577873e+03 1.709978555050755e+03	499	-1.499066376115484e+03  2.332622365846862e-14 -1.499066376115484e+03	-1
1	514	1.499066376115482e+03 1.048291406985795e+03 1.542547839281717e+03	506	-1.499066376115484e+03  2.332622365846862e-14 -1.499066376115484e+03	3
1	515	1.499066376115482e+03 1.048291406985795e+03 1.542547839281717e+03	507	 0.000000000000000e+00  3.578147120611488e-14 -1.499066376115484e+03	0
1	516	1.455714038443406e+03 1.048420532479953e+03 1.499066376115482e+03	508	 0.000000000000000e+00  3.578147120611488e-14 -1.499066376115484e+03	1
1	517	1.455714038443406e+03 1.048420532479953e+03 1.499066376115482e+03	509	0.000000000000000e+00 2.629596998832196e-14 2.301162899144159e-14	0
1	594	 1.820143631780241e+03  3.596817971452521e+03 -6.849014695202540e+02	548	-1.499066376115484e+03 -2.998132752230965e+03  1.499066376115484e+03	-1
1	595	2.747663892985834e+03 3.593935798709144e+03 2.455009644287193e+02	549	-1.499066376115484e+03 -2.998132752230965e+03 -7.813873830305873e-15	-1
2	598	 1.499066376115482e+03 -1.182550829218495e+03  1.575702199558214e+03	552	 0.000000000000000e+00  2.998132752230965e+03 -1.499066376115484e+03	0
2	599	 1.499066376115482e+03 -1.182550829218495e+03  1.575702199558214e+03	553	-1.499066376115484e+03  2.998132752230965e+03 -1.499066376115484e+03	3
2	604	 1.578315044542208e+03 -1.185163674202492e+03  1.499066376115485e+03	558	-1.499066376115484e+03  2.998132752230965e+03 -1.499066376115484e+03	2
2	605	 1.578315044542208e+03 -1.185163674202492e+03  1.499066376115485e+03	559	-1.499066376115484e+03  2.998132752230965e+03  6.516875392707817e-15	4
2	608	-7.958078640513122e-13  7.986873315986170e+02  1.093530414856585e+03	562	8.137780172766422e-14 0.000000000000000e+00 4.030010838596754e-14	3
2	609	-6.821210263296962e-13  7.986873315986169e+02  1.093530414856585e+03	563	1.499066376115484e+03 1.522937239157407e-14 1.560815019424493e-14	0
2	610	-3.260492410219806e+02  7.192006113616985e+02  1.499066376115483e+03	564	1.499066376115484e+03 1.522937239157407e-14 1.560815019424493e-14	4
2	611	-3.260492410219805e+02  7.192006113616985e+02  1.499066376115483e+03	565	 1.499066376115484e+03  2.804572483380277e-14 -1.499066376115484e+03	2
2	612	-2.413615628146174e+02  7.325241600267295e+02  1.401055149243085e+03	566	1.499066376115484e+03 1.522937239157407e-14 1.560815019424493e-14	-1
1	613	 1.499066376115481e+03  3.562227649150444e+03 -9.713884028829331e+02	567	 5.357148449523283e-14 -2.998132752230965e+03  1.499066376115484e+03	0
1	614	 1.499066376115481e+03  3.562227649150444e+03 -9.713884028829331e+02	568	-1.499066376115484e+03 -2.998132752230965e+03  1.499066376115484e+03	3
1	615	2.481060102672615e+03 3.572832972824644e+03 1.136868377216160e-13	569	-1.499066376115484e+03 -2.998132752230965e+03  1.499066376115484e+03	0
1	616	2.481060102672615e+03 3.572832972824644e+03 1.136868377216160e-13	570	-1.499066376115484e+03 -2.998132752230965e+03 -7.813873830305873e-15	1
1	617	 1.997376958725169e+03  3.602992780183927e+03 -5.138429513067317e+02	571	-1.499066376115484e+03 -2.998132752230965e+03  1.499066376115484e+03	-1
