75
2
94
94
16	1.959903953731528e+02 8.482260992443717e+02 4.395371662808104e+02	0.000000000000000e+00 0.000000000000000e+00 0.000000000000000e+00	1.000000000000000e+00	0	16
37	1.278760930784382e+01 8.610269860001378e+02 2.435334934597353e+02	 2.374429886539551e-14  5.191152429086008e-14 -2.816746844006932e-14	1.000000000000000e+00	0	37
69	1.231999679033511e+03 7.101667511634989e-13 6.602180674216895e+02	-6.606280653562023e-04  1.087214697700867e-03 -4.265866323446645e-04	1.000000000000000e+00	1	69
70	1.231999679033511e+03 2.998132752230965e+03 6.602180674216895e+02	-6.606280653562016e-04  1.087214697700865e-03 -4.265866323446638e-04	1.000000000000000e+00	1	70
72	4.182859098691991e+02 1.594120763849768e+03 1.378877448851715e+03	 4.591631577559162e-03 -9.127366615318704e-03  4.535735037759540e-03	1.000000000000000e+00	0	72
75	6.141409560039966e+02 1.596483551894977e+03 1.180659614671708e+03	 8.025872132327238e-03 -1.606207173144062e-02  8.036199599113378e-03	1.000000000000000e+00	0	75
76	8.633722182522937e+02 1.596550655974571e+03 9.313612483438171e+02	 5.862354727875759e-03 -1.156506352607179e-02  5.702708798196026e-03	1.000000000000000e+00	0	76
77	1.122007192536491e+03 1.597841709443717e+03 6.714352205904739e+02	 3.574000575109933e-03 -6.997170802452964e-03  3.423170227343030e-03	1.000000000000000e+00	0	77
78	1.355235497512930e+03 1.600076068668980e+03 4.359725563887720e+02	 3.438348969206610e-03 -6.766287919566559e-03  3.327938950359949e-03	1.000000000000000e+00	0	78
81	8.750944007829364e+01 1.596187141367149e+03 2.085211650097576e+02	 2.930129433657734e-03 -6.039232910291865e-03  3.109103476634130e-03	1.000000000000000e+00	0	81
88	7.926044138280427e+02 9.001442669501148e+02 1.994690656770433e+02	-4.027972108874509e-03  7.636016904732981e-03 -3.608044795858473e-03	1.000000000000000e+00	0	88
89	6.352644888170826e+02 8.957479504482053e+02 3.612053071899130e+02	-6.406732533113330e-03  1.259417676467782e-02 -6.187444231564491e-03	1.000000000000000e+00	0	89
91	8.985208939083022e+01 9.014027797200893e+02 9.009628773442813e+02	-4.636193075433627e-03  9.823326607695302e-03 -5.187133532261677e-03	1.000000000000000e+00	0	91
126	1.091872831914238e+03 9.084733364169909e+02 1.390937954239453e+03	-3.848705181621843e-03  7.457974399433613e-03 -3.609269217811771e-03	1.000000000000000e+00	0	126
149	9.229304791471463e+02 9.040653366327168e+02 6.522193067533752e+01	-4.635918825207944e-03  8.831376094201504e-03 -4.195457268993561e-03	1.000000000000000e+00	0	149
156	7.380788544945245e+02 1.596599486375580e+03 1.056605781700578e+03	 7.039966178805744e-03 -1.394854691387151e-02  6.908580735065765e-03	1.000000000000000e+00	0	156
157	9.929939357362449e+02 1.596764645098189e+03 8.015255417362476e+02	 4.437775984093440e-03 -8.707809172433245e-03  4.270033188339804e-03	1.000000000000000e+00	0	157
158	1.241371917161845e+03 1.599712163177659e+03 5.502000422311773e+02	 4.286348068787193e-03 -8.444922577601289e-03  4.158574508814095e-03	1.000000000000000e+00	0	158
159	1.407787597237130e+03 1.601864792530586e+03 3.816317328029652e+02	 8.670410434038121e-03 -1.766856015378185e-02  8.998149719743729e-03	1.000000000000000e+00	0	159
160	2.534741394232784e+01 1.598977789875027e+03 2.678925426378457e+02	 5.966807869206519e-03 -1.235488216811852e-02  6.388074298912002e-03	1.000000000000000e+00	0	160
161	2.184757539353500e+02 1.594095329334694e+03 7.964666318515674e+01	 3.363272112060385e-03 -6.916596663899648e-03  3.553324551839262e-03	1.000000000000000e+00	0	161
165	7.275157056141212e+02 8.969281086213224e+02 2.677739322197572e+02	-7.042122837206185e-03  1.358231940453745e-02 -6.540196567331264e-03	1.000000000000000e+00	0	165
166	5.219691170578953e+02 8.979483113618189e+02 4.723003180354864e+02	-8.731261974866518e-04  1.567780589795687e-03 -6.946543923090351e-04	1.000000000000000e+00	0	166
167	2.156624157298888e+02 8.996790022803419e+02 7.768763284449700e+02	-2.687763131853167e-03  5.488081175448432e-03 -2.800318043595266e-03	1.000000000000000e+00	0	167
169	1.297830727252253e+03 9.090898125852422e+02 1.184363582733186e+03	-4.262184905808963e-03  8.591527613696361e-03 -4.329342707887399e-03	1.000000000000000e+00	0	169
238	8.412137752187773e+02 9.011010287133716e+02 1.499029425230519e+02	-5.320174908697212e-03  1.018709021104882e-02 -4.866915302351609e-03	1.000000000000000e+00	0	238
246	4.867867544121015e+02 1.594505481953619e+03 1.309991886204961e+03	 4.918150371710656e-03 -9.823221293492317e-03  4.905070921781662e-03	1.000000000000000e+00	0	246
247	5.698271982421219e+02 1.594239594225952e+03 1.227217330102608e+03	 3.384733661354986e-03 -6.606828698589443e-03  3.222095037234457e-03	1.000000000000000e+00	0	247
248	6.760093131041847e+02 1.594187039689305e+03 1.121087769777191e+03	 2.065814654395796e-03 -4.126089676826190e-03  2.060275022430394e-03	1.000000000000000e+00	0	248
249	8.022366452280409e+02 1.595043382751947e+03 9.940040945906937e+02	 3.006332962099126e-03 -6.025706619403682e-03  3.019373657304556e-03	1.000000000000000e+00	0	249
250	9.270337898542909e+02 1.596232920181864e+03 8.680174125345264e+02	 4.280639525873338e-03 -8.542672853492722e-03  4.262033327619385e-03	1.000000000000000e+00	0	250
251	1.058786714885553e+03 1.597921956196775e+03 7.345754514883540e+02	 5.392765456656000e-03 -1.065092691637030e-02  5.258161459714298e-03	1.000000000000000e+00	0	251
252	1.181769797031620e+03 1.599690568338462e+03 6.098237572005997e+02	 5.835867144832291e-03 -1.140367857513915e-02  5.567811430306863e-03	1.000000000000000e+00	0	252
253	1.298900638473573e+03 1.600875916835669e+03 4.915075672614391e+02	 5.779686695872714e-03 -1.150052793449588e-02  5.720841238623167e-03	1.000000000000000e+00	0	253
254	1.508742731263353e+02 1.596480000116538e+03 1.448634732123274e+02	 6.175485211096519e-03 -1.265794273483614e-02  6.482457523739619e-03	1.000000000000000e+00	0	254
255	2.804135152503727e+02 1.594242404930379e+03 1.756182627444923e+01	 4.861781344839660e-03 -9.732744643544150e-03  4.870963298704492e-03	1.000000000000000e+00	0	255
256	3.631336496368986e+02 1.594002797290156e+03 1.434147675643627e+03	 4.451268622711774e-03 -8.914570436392048e-03  4.463301813680274e-03	1.000000000000000e+00	0	256
265	6.803804407254514e+02 8.973040217825167e+02 3.145332839472326e+02	-3.537835419224123e-03  6.945265534965806e-03 -3.407430115741684e-03	1.000000000000000e+00	0	265
266	5.792801811564121e+02 8.960574633274584e+02 4.168801019713302e+02	-5.268607814035731e-03  1.082761535965788e-02 -5.559007545622148e-03	1.000000000000000e+00	0	266
267	4.577455550599170e+02 8.922257787234153e+02 5.422464126718685e+02	-7.070861856860121e-03  1.400891751997588e-02 -6.938055663115754e-03	5.625000000000000e-01	0	267
268	3.451931585869965e+02 8.969984314592394e+02 6.500261564089648e+02	-4.323266517942247e-03  8.770038626285143e-03 -4.446772108342896e-03	1.000000000000000e+00	0	268
269	1.515122803018712e+02 8.992891437300569e+02 8.414163224232727e+02	-6.131067534739314e-03  1.253716359115693e-02 -6.406096056417620e-03	1.000000000000000e+00	0	269
270	9.645868870084554e+00 9.045112584690535e+02 9.780606191160628e+02	-4.153320163796164e-03  8.770998575134621e-03 -4.617678411338457e-03	1.000000000000000e+00	0	270
271	1.424302517914201e+03 9.071312266866172e+02 1.059850377969864e+03	-4.155015960140684e-03  8.616290783307105e-03 -4.461274823166421e-03	1.000000000000000e+00	0	271
272	1.349266459664615e+03 9.082464995671307e+02 1.133771163338936e+03	-4.742025468750008e-03  9.711326915128190e-03 -4.969301446378182e-03	1.000000000000000e+00	0	272
273	1.218894211922621e+03 9.089515982805951e+02 1.263438312367465e+03	-5.093014021037064e-03  1.019108225435627e-02 -5.098068233319206e-03	1.000000000000000e+00	0	273
320	5.371980958723746e+02 1.628970966024403e+03 1.499066376115484e+03	 6.156973775312841e-15  1.346082676549974e-14 -7.303916004662796e-15	1.000000000000000e+00	1	320
321	5.371980958723746e+02 1.628970966024403e+03 1.935418855738656e-13	 6.156973775312841e-15  1.346082676549974e-14 -7.303916004662796e-15	1.000000000000000e+00	1	321
344	1.499066376115483e+03 2.451020447415332e+03 9.402636751553498e+02	 1.386060924841625e-03 -2.893180890898274e-03  1.507119966056649e-03	1.000000000000000e+00	1	344
345	-1.477928890381008e-12  2.451020447415333e+03  9.402636751553498e+02	 1.386060924841622e-03 -2.893180890898269e-03  1.507119966056647e-03	1.000000000000000e+00	1	345
366	1.002260174730456e+03 9.065347317164915e+02 1.482489216123734e+03	-4.003020466168368e-03  7.798840631286259e-03 -3.795820165117891e-03	1.000000000000000e+00	0	366
406	1.448185690099896e+03 1.599149587431164e+03 3.439488450396209e+02	 2.616339130470624e-03 -5.416688233575610e-03  2.800349103104986e-03	1.000000000000000e+00	0	406
433	 1.135560716698376e+03 -2.728484105318785e-12  7.282672107349273e+02	 1.695421826646267e-14  3.706655304337875e-14 -2.011250829741775e-14	1.000000000000000e+00	1	433
434	1.135560716698376e+03 2.998132752230962e+03 7.282672107349273e+02	 1.695421826646267e-14  3.706655304337875e-14 -2.011250829741775e-14	1.000000000000000e+00	1	434
580	4.209282235491851e+02 8.961782136373843e+02 5.751113092686314e+02	-1.057126678568893e-03  2.307287362194215e-03 -1.250160683625322e-03	7.500000000000000e-01	0	580
583	2.632967090422716e+02 8.976653456210049e+02 7.312556917919243e+02	-5.539738727775507e-03  1.143813126844867e-02 -5.898392540673162e-03	1.000000000000000e+00	0	583
599	-1.136868377216160e-12  8.603297863600317e+02  2.314430837919963e+02	 3.226432141550474e-14  7.048417522414030e-14 -3.822004477646315e-14	1.000000000000000e+00	1	599
600	1.499066376115483e+03 8.603297863600317e+02 2.314430837919961e+02	 3.226432141550474e-14  7.048417522414030e-14 -3.822004477646315e-14	1.000000000000000e+00	1	600
602	-2.501110429875553e-12  8.317666254898659e+02  2.600062446621644e+02	 2.351355092201038e-14  5.140704624600359e-14 -2.789373597697336e-14	1.000000000000000e+00	1	602
603	1.499066376115482e+03 8.317666254898677e+02 2.600062446621625e+02	 2.351355092201037e-14  5.140704624600357e-14 -2.789373597697334e-14	1.000000000000000e+00	1	603
604	1.499066376115478e+03 8.603297863600324e+02 2.314430837919946e+02	 3.226432141550715e-14  7.048417522414555e-14 -3.822004477646599e-14	1.000000000000000e+00	1	604
605	-6.366462912410498e-12  8.603297863600314e+02  2.314430837919950e+02	 3.226432141550702e-14  7.048417522414528e-14 -3.822004477646584e-14	1.000000000000000e+00	1	605
606	1.449658815539235e+03 8.576360120490569e+02 1.847292975267272e+02	 4.888738663146918e-14  1.066825761217713e-13 -5.779518189609570e-14	7.500000000000000e-01	0	606
616	 1.263532471842509e+03  8.562389658790571e+02 -2.955857780762017e-12	 5.550573702819544e-14  1.211252108922052e-13 -6.561946524170345e-14	1.000000000000000e+00	1	616
617	1.263532471842509e+03 8.562389658790571e+02 1.499066376115481e+03	 5.550573702819544e-14  1.211252108922052e-13 -6.561946524170345e-14	1.000000000000000e+00	1	617
629	-7.144300623236480e-13  9.048106537016556e+02  9.874070927535458e+02	-4.153513949864867e-03  8.753319438796613e-03 -4.599805488931744e-03	1.000000000000000e+00	1	629
630	1.499066376115483e+03 9.048106537016556e+02 9.874070927535458e+02	-4.153513949864868e-03  8.753319438796614e-03 -4.599805488931745e-03	1.000000000000000e+00	1	630
631	1.499066376115482e+03 1.599034916102390e+03 2.931828303528096e+02	 4.852707976011510e-03 -1.004778972100113e-02  5.195081744989619e-03	1.000000000000000e+00	1	631
632	-2.273736754432321e-12  1.599034916102390e+03  2.931828303528091e+02	 4.852707976011510e-03 -1.004778972100113e-02  5.195081744989619e-03	1.000000000000000e+00	1	632
633	1.176104011343637e+03 9.091289494739616e+02 1.306051161753083e+03	-4.486225299592373e-03  8.922282350583602e-03 -4.436057050991228e-03	1.000000000000000e+00	0	633
634	1.050240346026593e+03 9.064000509068518e+02 1.434643725637236e+03	-7.121726953022126e-03  1.380096537185515e-02 -6.679238418833021e-03	1.000000000000000e+00	0	634
635	 2.980263589942465e+02  1.594191387460951e+03 -2.273736754432321e-13	 4.774374615107740e-03 -9.558538271991327e-03  4.784163656883588e-03	1.000000000000000e+00	1	635
636	2.980263589942463e+02 1.594191387460951e+03 1.499066376115484e+03	 4.774374615107740e-03 -9.558538271991327e-03  4.784163656883588e-03	1.000000000000000e+00	1	636
637	9.861834549887510e+02 9.060342914664511e+02 1.499066376115483e+03	-4.131281761871681e-03  8.008091191730276e-03 -3.876809429858595e-03	1.000000000000000e+00	1	637
638	 9.861834549887508e+02  9.060342914664512e+02 -1.136868377216160e-12	-4.131281761871683e-03  8.008091191730279e-03 -3.876809429858595e-03	1.000000000000000e+00	1	638
2	-7.071067811865475e-01  7.071067811865475e-01  0.000000000000000e+00	5.773502691896257e-01 5.773502691896257e-01 5.773502691896257e-01	6.307392488184003e+02 6.307392488184003e+02 6.307392488184003e+02	1	0	0.000000000000000e+00	0.000000000000000e+00	0.000000000000000e+00
22	7.071067811865475e-01 7.071067811865475e-01 0.000000000000000e+00	 5.773502691896257e-01 -5.773502691896257e-01 -5.773502691896257e-01	-3.639242900506764e+02  3.639242900506764e+02  3.639242900506764e+02	1	0	0.000000000000000e+00	0.000000000000000e+00	0.000000000000000e+00
2	69	70	0	1
2	239	69	1	0
2	70	346	1	0
2	72	246	1	0
2	347	72	1	0
2	247	75	1	0
2	75	248	1	0
2	249	76	1	0
2	76	250	1	0
2	251	77	1	0
2	77	252	1	0
2	78	159	1	0
2	253	78	1	0
2	160	81	1	0
2	81	254	1	0
2	256	83	1	0
2	83	350	1	0
2	84	85	0	1
2	351	84	1	0
2	85	88	1	0
2	88	165	1	0
2	265	89	1	0
2	89	266	1	0
2	269	91	1	0
2	91	270	1	0
2	687	148	1	0
2	148	688	1	0
2	149	238	1	0
2	692	149	1	0
2	248	156	1	0
2	156	249	1	0
2	250	157	1	0
2	157	251	1	0
2	252	158	1	0
2	158	253	1	0
2	159	410	1	0
2	686	160	1	0
2	254	161	1	0
2	161	255	1	0
2	165	265	1	0
2	266	166	1	0
2	166	267	1	0
2	167	269	1	0
2	629	167	1	0
2	272	169	1	0
2	169	273	1	0
2	238	239	1	0
2	246	247	1	0
2	255	689	1	0
2	690	256	1	0
2	267	626	1	0
2	626	268	1	0
2	268	629	1	0
2	270	683	1	0
2	271	272	1	0
2	684	271	1	0
2	273	687	1	0
2	346	347	0	1
2	350	351	0	1
2	688	370	1	0
2	370	691	1	0
2	410	685	1	0
2	683	684	0	1
2	685	686	0	1
2	689	690	0	1
2	691	692	0	1
22	37	648	1	0
22	653	37	1	0
22	98	55	1	0
22	55	666	1	0
22	651	98	1	0
22	138	324	1	0
22	665	138	1	0
22	321	280	1	0
22	280	656	1	0
22	320	321	0	1
22	438	320	1	0
22	324	325	0	1
22	325	439	1	0
22	437	438	0	1
22	649	437	1	0
22	439	440	0	1
22	440	650	1	0
22	645	646	0	1
22	656	645	1	0
22	646	654	1	0
22	648	649	0	1
22	650	651	0	1
22	652	653	0	1
22	655	652	1	0
22	654	664	1	0
22	667	655	1	0
22	664	665	0	1
22	666	667	0	1
22	37	3.010920361538812e+03 3.859159738231102e+03 2.435334934597352e+02	37	-2.998132752230968e+03 -2.998132752230965e+03 -1.296998437598056e-15	-1
22	55	 1.695056771488637e+03  3.846358851475336e+03 -1.059529209834674e+03	16	-1.499066376115484e+03 -2.998132752230965e+03  1.499066376115484e+03	-1
2	69	-2.670666970819731e+02  6.821210263296962e-13  2.159284443537174e+03	69	 1.499066376115484e+03  2.804572483380277e-14 -1.499066376115484e+03	0
2	70	-2.670666970819730e+02  5.684341886080801e-13  2.159284443537174e+03	70	 1.499066376115484e+03  2.998132752230965e+03 -1.499066376115484e+03	1
2	72	 4.182859098691991e+02 -1.404011988381197e+03  2.877943824967199e+03	72	 0.000000000000000e+00  2.998132752230965e+03 -1.499066376115484e+03	-1
2	75	 6.141409560039966e+02 -1.401649200335988e+03  2.679725990787192e+03	75	 0.000000000000000e+00  2.998132752230965e+03 -1.499066376115484e+03	-1
2	76	 8.633722182522937e+02 -1.401582096256394e+03  2.430427624459301e+03	76	 0.000000000000000e+00  2.998132752230965e+03 -1.499066376115484e+03	-1
2	77	 1.122007192536491e+03 -1.400291042787248e+03  2.170501596705958e+03	77	 0.000000000000000e+00  2.998132752230965e+03 -1.499066376115484e+03	-1
2	78	 1.355235497512930e+03 -1.398056683561985e+03  1.935038932504256e+03	78	 0.000000000000000e+00  2.998132752230965e+03 -1.499066376115484e+03	-1
2	81	 1.586575816193778e+03 -1.401945610863815e+03  1.707587541125242e+03	81	-1.499066376115484e+03  2.998132752230965e+03 -1.499066376115484e+03	-1
2	83	 1.917352285984683e+03 -1.404011988381197e+03  1.378877448851715e+03	72	-1.499066376115484e+03  2.998132752230965e+03  6.516875392707817e-15	-1
2	84	 1.231999679033511e+03 -2.273736754432321e-13  6.602180674216900e+02	70	2.881180732755041e-14 2.998132752230965e+03 0.000000000000000e+00	1
2	85	 1.231999679033511e+03 -4.547473508864641e-13  6.602180674216902e+02	69	8.137780172766422e-14 0.000000000000000e+00 4.030010838596754e-14	0
2	88	7.926044138280425e+02 9.001442669501148e+02 1.994690656770433e+02	88	8.137780172766422e-14 0.000000000000000e+00 4.030010838596754e-14	-1
2	89	6.352644888170825e+02 8.957479504482053e+02 3.612053071899129e+02	89	8.137780172766422e-14 0.000000000000000e+00 4.030010838596754e-14	-1
2	91	8.985208939083013e+01 9.014027797200893e+02 9.009628773442813e+02	91	8.137780172766422e-14 0.000000000000000e+00 4.030010838596754e-14	-1
22	98	 1.511853985423328e+03  3.859159738231102e+03 -1.255532882655749e+03	37	-1.499066376115484e+03 -2.998132752230965e+03  1.499066376115484e+03	-1
22	138	1.959903953731528e+02 8.482260992443718e+02 4.395371662808104e+02	16	0.000000000000000e+00 2.629596998832196e-14 2.301162899144159e-14	-1
2	148	-4.071935442012464e+02  9.084733364169909e+02  1.390937954239453e+03	126	1.499066376115484e+03 1.522937239157407e-14 1.560815019424493e-14	-1
2	149	-5.761358969683376e+02  9.040653366327168e+02  1.564288306790821e+03	149	 1.499066376115484e+03  2.804572483380277e-14 -1.499066376115484e+03	-1
2	156	 7.380788544945244e+02 -1.401533265855385e+03  2.555672157816061e+03	156	 0.000000000000000e+00  2.998132752230965e+03 -1.499066376115484e+03	-1
2	157	 9.929939357362448e+02 -1.401368107132776e+03  2.300591917851732e+03	157	 0.000000000000000e+00  2.998132752230965e+03 -1.499066376115484e+03	-1
2	158	 1.241371917161845e+03 -1.398420589053306e+03  2.049266418346661e+03	158	 0.000000000000000e+00  2.998132752230965e+03 -1.499066376115484e+03	-1
2	159	 1.407787597237130e+03 -1.396267959700379e+03  1.880698108918449e+03	159	 0.000000000000000e+00  2.998132752230965e+03 -1.499066376115484e+03	-1
2	160	 1.524413790057812e+03 -1.399154962355938e+03  1.766958918753330e+03	160	-1.499066376115484e+03  2.998132752230965e+03 -1.499066376115484e+03	-1
2	161	 1.717542130050834e+03 -1.404037422896271e+03  1.578713039300641e+03	161	-1.499066376115484e+03  2.998132752230965e+03 -1.499066376115484e+03	-1
2	165	7.275157056141211e+02 8.969281086213224e+02 2.677739322197572e+02	165	8.137780172766422e-14 0.000000000000000e+00 4.030010838596754e-14	-1
2	166	5.219691170578952e+02 8.979483113618189e+02 4.723003180354864e+02	166	8.137780172766422e-14 0.000000000000000e+00 4.030010838596754e-14	-1
2	167	2.156624157298887e+02 8.996790022803419e+02 7.768763284449700e+02	167	8.137780172766422e-14 0.000000000000000e+00 4.030010838596754e-14	-1
2	169	-2.012356488632308e+02  9.090898125852422e+02  1.184363582733186e+03	169	1.499066376115484e+03 1.522937239157407e-14 1.560815019424493e-14	-1
2	238	-6.578526008967067e+02  9.011010287133716e+02  1.648969318638536e+03	238	 1.499066376115484e+03  2.804572483380277e-14 -1.499066376115484e+03	-1
2	239	-7.064619622874413e+02  9.001442669501148e+02  1.698535441792527e+03	88	 1.499066376115484e+03  2.804572483380277e-14 -1.499066376115484e+03	-1
2	246	 4.867867544121015e+02 -1.403627270277346e+03  2.809058262320445e+03	246	 0.000000000000000e+00  2.998132752230965e+03 -1.499066376115484e+03	-1
2	247	 5.698271982421220e+02 -1.403893158005013e+03  2.726283706218092e+03	247	 0.000000000000000e+00  2.998132752230965e+03 -1.499066376115484e+03	-1
2	248	 6.760093131041847e+02 -1.403945712541659e+03  2.620154145892675e+03	248	 0.000000000000000e+00  2.998132752230965e+03 -1.499066376115484e+03	-1
2	249	 8.022366452280409e+02 -1.403089369479018e+03  2.493070470706178e+03	249	 0.000000000000000e+00  2.998132752230965e+03 -1.499066376115484e+03	-1
2	250	 9.270337898542908e+02 -1.401899832049101e+03  2.367083788650010e+03	250	 0.000000000000000e+00  2.998132752230965e+03 -1.499066376115484e+03	-1
2	251	 1.058786714885553e+03 -1.400210796034190e+03  2.233641827603838e+03	251	 0.000000000000000e+00  2.998132752230965e+03 -1.499066376115484e+03	-1
2	252	 1.181769797031620e+03 -1.398442183892503e+03  2.108890133316084e+03	252	 0.000000000000000e+00  2.998132752230965e+03 -1.499066376115484e+03	-1
2	253	 1.298900638473573e+03 -1.397256835395296e+03  1.990573943376923e+03	253	 0.000000000000000e+00  2.998132752230965e+03 -1.499066376115484e+03	-1
2	254	 1.649940649241820e+03 -1.401652752114427e+03  1.643929849327812e+03	254	-1.499066376115484e+03  2.998132752230965e+03 -1.499066376115484e+03	-1
2	255	 1.779479891365857e+03 -1.403890347300586e+03  1.516628202389934e+03	255	-1.499066376115484e+03  2.998132752230965e+03 -1.499066376115484e+03	-1
2	256	 1.862200025752383e+03 -1.404129954940808e+03  1.434147675643627e+03	256	-1.499066376115484e+03  2.998132752230965e+03  6.516875392707817e-15	-1
2	265	6.803804407254513e+02 8.973040217825167e+02 3.145332839472326e+02	265	8.137780172766422e-14 0.000000000000000e+00 4.030010838596754e-14	-1
2	266	5.792801811564120e+02 8.960574633274584e+02 4.168801019713301e+02	266	8.137780172766422e-14 0.000000000000000e+00 4.030010838596754e-14	-1
2	267	4.577455550599170e+02 8.922257787234153e+02 5.422464126718685e+02	267	8.137780172766422e-14 0.000000000000000e+00 4.030010838596754e-14	-1
2	268	3.451931585869964e+02 8.969984314592394e+02 6.500261564089648e+02	268	8.137780172766422e-14 0.000000000000000e+00 4.030010838596754e-14	-1
2	269	1.515122803018711e+02 8.992891437300569e+02 8.414163224232727e+02	269	8.137780172766422e-14 0.000000000000000e+00 4.030010838596754e-14	-1
2	270	9.645868870084488e+00 9.045112584690535e+02 9.780606191160628e+02	270	8.137780172766422e-14 0.000000000000000e+00 4.030010838596754e-14	-1
2	271	-7.476385820128326e+01  9.071312266866172e+02  1.059850377969864e+03	271	1.499066376115484e+03 1.522937239157407e-14 1.560815019424493e-14	-1
2	272	-1.497999164508690e+02  9.082464995671307e+02  1.133771163338936e+03	272	1.499066376115484e+03 1.522937239157407e-14 1.560815019424493e-14	-1
2	273	-2.801721641928630e+02  9.089515982805951e+02  1.263438312367465e+03	273	1.499066376115484e+03 1.522937239157407e-14 1.560815019424493e-14	-1
22	280	1.695056771488637e+03 8.482260992443718e+02 1.938603542396295e+03	16	-1.499066376115484e+03  2.332622365846862e-14 -1.499066376115484e+03	-1
22	320	2.036264471987860e+03 1.628970966024408e+03 1.499066376115482e+03	320	-1.499066376115484e+03  1.106659759674790e-14  7.403478797196665e-15	0
22	321	2.036264471987860e+03 1.628970966024408e+03 1.499066376115482e+03	321	-1.499066376115484e+03  2.332622365846862e-14 -1.499066376115484e+03	2
22	324	5.371980958723746e+02 1.628970966024403e+03 1.705302565824240e-13	321	0.000000000000000e+00 2.629596998832196e-14 2.301162899144159e-14	2
22	325	5.371980958723746e+02 1.628970966024403e+03 5.115907697472721e-13	320	2.881180732755041e-14 3.860184542213733e-14 1.499066376115484e+03	0
2	346	-1.250555214937776e-12 -5.471123048156321e+02  2.439330051270834e+03	344	 1.499066376115484e+03  2.998132752230965e+03 -1.499066376115484e+03	0
2	347	-1.477928890381008e-12 -5.471123048156314e+02  2.439330051270834e+03	345	 0.000000000000000e+00  2.998132752230965e+03 -1.499066376115484e+03	3
2	350	 1.499066376115483e+03 -5.471123048156321e+02  9.402636751553500e+02	345	-1.499066376115484e+03  2.998132752230965e+03  6.516875392707817e-15	3
2	351	 1.499066376115483e+03 -5.471123048156333e+02  9.402636751553509e+02	344	2.881180732755041e-14 2.998132752230965e+03 0.000000000000000e+00	0
2	370	-4.968062013850283e+02  9.065347317164915e+02  1.482489216123734e+03	366	1.499066376115484e+03 1.522937239157407e-14 1.560815019424493e-14	-1
2	410	 1.448185690099896e+03 -1.398983164799801e+03  1.843015221155105e+03	406	 0.000000000000000e+00  2.998132752230965e+03 -1.499066376115484e+03	-1
22	437	2.634627092813860e+03 2.998132752230963e+03 7.282672107349273e+02	433	-1.499066376115484e+03 -2.998132752230965e+03 -7.813873830305873e-15	2
22	438	2.634627092813860e+03 2.998132752230963e+03 7.282672107349273e+02	434	-1.499066376115484e+03  1.106659759674790e-14  7.403478797196665e-15	2
22	439	 1.135560716698376e+03  2.998132752230962e+03 -7.707991653805567e+02	434	2.881180732755041e-14 3.860184542213733e-14 1.499066376115484e+03	2
22	440	 1.135560716698376e+03  2.998132752230962e+03 -7.707991653805567e+02	433	 5.357148449523283e-14 -2.998132752230965e+03  1.499066376115484e+03	2
2	626	4.209282235491851e+02 8.961782136373843e+02 5.751113092686314e+02	580	8.137780172766422e-14 0.000000000000000e+00 4.030010838596754e-14	-1
2	629	2.632967090422716e+02 8.976653456210049e+02 7.312556917919243e+02	583	8.137780172766422e-14 0.000000000000000e+00 4.030010838596754e-14	-1
22	645	1.499066376115483e+03 8.603297863600317e+02 1.730509459907481e+03	599	-1.499066376115484e+03  2.332622365846862e-14 -1.499066376115484e+03	3
22	646	1.499066376115483e+03 8.603297863600317e+02 1.730509459907481e+03	600	 0.000000000000000e+00  3.578147120611488e-14 -1.499066376115484e+03	0
22	648	2.998132752230963e+03 3.829899377720825e+03 2.600062446621679e+02	602	-2.998132752230968e+03 -2.998132752230965e+03 -1.296998437598056e-15	3
22	649	2.998132752230962e+03 3.829899377720823e+03 2.600062446621681e+02	603	-1.499066376115484e+03 -2.998132752230965e+03 -7.813873830305873e-15	0
22	650	 1.499066376115482e+03  3.829899377720832e+03 -1.239060131453321e+03	603	 5.357148449523283e-14 -2.998132752230965e+03  1.499066376115484e+03	0
22	651	 1.499066376115481e+03  3.829899377720831e+03 -1.239060131453320e+03	602	-1.499066376115484e+03 -2.998132752230965e+03  1.499066376115484e+03	3
22	652	2.998132752230962e+03 3.858462538590997e+03 2.314430837919946e+02	604	-1.499066376115484e+03 -2.998132752230965e+03 -7.813873830305873e-15	0
22	653	2.998132752230962e+03 3.858462538590996e+03 2.314430837919950e+02	605	-2.998132752230968e+03 -2.998132752230965e+03 -1.296998437598056e-15	3
22	654	1.449658815539235e+03 8.576360120490569e+02 1.683795673642212e+03	606	 0.000000000000000e+00  3.578147120611488e-14 -1.499066376115484e+03	-1
22	655	2.948725191654719e+03 3.855768764280022e+03 1.847292975267272e+02	606	-1.499066376115484e+03 -2.998132752230965e+03 -7.813873830305873e-15	-1
22	656	1.511853985423328e+03 8.610269860001378e+02 1.742599869575219e+03	37	-1.499066376115484e+03  2.332622365846862e-14 -1.499066376115484e+03	-1
22	664	1.263532471842509e+03 8.562389658790571e+02 1.499066376115481e+03	616	 0.000000000000000e+00  3.578147120611488e-14 -1.499066376115484e+03	1
22	665	1.263532471842509e+03 8.562389658790571e+02 1.499066376115481e+03	617	0.000000000000000e+00 2.629596998832196e-14 2.301162899144159e-14	0
22	666	 2.762598847957992e+03  3.854371718110022e+03 -5.684341886080801e-13	617	-1.499066376115484e+03 -2.998132752230965e+03  1.499066376115484e+03	0
22	667	 2.762598847957992e+03  3.854371718110022e+03 -5.684341886080801e-13	616	-1.499066376115484e+03 -2.998132752230965e+03 -7.813873830305873e-15	1
2	683	-7.958078640513122e-13  9.048106537016556e+02  9.874070927535458e+02	629	8.137780172766422e-14 0.000000000000000e+00 4.030010838596754e-14	3
2	684	-6.821210263296962e-13  9.048106537016556e+02  9.874070927535458e+02	630	1.499066376115484e+03 1.522937239157407e-14 1.560815019424493e-14	0
2	685	 1.499066376115482e+03 -1.399097836128574e+03  1.792249206468294e+03	631	 0.000000000000000e+00  2.998132752230965e+03 -1.499066376115484e+03	0
2	686	 1.499066376115482e+03 -1.399097836128574e+03  1.792249206468294e+03	632	-1.499066376115484e+03  2.998132752230965e+03 -1.499066376115484e+03	3
2	687	-3.229623647718470e+02  9.091289494739616e+02  1.306051161753083e+03	633	1.499066376115484e+03 1.522937239157407e-14 1.560815019424493e-14	-1
2	688	-4.488260300888905e+02  9.064000509068518e+02  1.434643725637236e+03	634	1.499066376115484e+03 1.522937239157407e-14 1.560815019424493e-14	-1
2	689	 1.797092735109731e+03 -1.403941364770014e+03  1.499066376115484e+03	635	-1.499066376115484e+03  2.998132752230965e+03 -1.499066376115484e+03	2
2	690	 1.797092735109730e+03 -1.403941364770014e+03  1.499066376115484e+03	636	-1.499066376115484e+03  2.998132752230965e+03  6.516875392707817e-15	4
2	691	-5.128829211267330e+02  9.060342914664511e+02  1.499066376115483e+03	637	1.499066376115484e+03 1.522937239157407e-14 1.560815019424493e-14	4
2	692	-5.128829211267332e+02  9.060342914664512e+02  1.499066376115483e+03	638	 1.499066376115484e+03  2.804572483380277e-14 -1.499066376115484e+03	2
