126
2
138
138
16	2.579774184486625e+02 1.096732788508970e+03 2.530175000917220e+02	-9.509458088399545e-04 -2.366578753260940e-03  1.415632944420985e-03	1.000000000000000e+00	0	16
37	1.286125330588601e+03 4.780699959988193e+02 4.007618286263304e+02	 1.061949367574459e-02  1.833772392325678e-02 -7.718230247512195e-03	1.000000000000000e+00	0	37
43	1.374492556790646e+03 1.080192666957372e+03 1.386072759985304e+03	-1.343510896027842e-03 -2.047802904448124e-03  7.042920084202816e-04	1.000000000000000e+00	0	43
44	1.162692927114004e+03 1.129880240832016e+03 1.124585556434017e+03	-2.025516372538150e-03 -3.813785489082953e-03  1.788269116544803e-03	1.000000000000000e+00	0	44
45	9.252277447157254e+02 1.111649885598085e+03 9.053507292696697e+02	-1.527724537689287e-03 -3.849871307951872e-03  2.322146770262585e-03	1.000000000000000e+00	0	45
46	6.964049722083754e+02 1.088189266839069e+03 6.999885755213357e+02	-1.440720341293225e-03 -2.758035957205197e-03  1.317315615911972e-03	1.000000000000000e+00	0	46
47	5.275488162865629e+02 1.104668523386010e+03 5.146531630525823e+02	-1.328430134287685e-03 -2.218319914489798e-03  8.898897802021126e-04	1.000000000000000e+00	0	47
48	3.405747036695713e+02 1.106221876123012e+03 3.261256976985888e+02	-1.045882855388233e-03 -2.474711163162635e-03  1.428828307774402e-03	1.000000000000000e+00	0	48
55	1.472909996216719e+03 4.650187452442902e+02 6.005977450089778e+02	 8.659305510237414e-03  1.737645623118958e-02 -8.717150720952164e-03	1.000000000000000e+00	0	55
56	1.764799247122002e+02 4.806635719251045e+02 7.875892229391250e+02	 4.873610677146623e-03  1.201015741941459e-02 -7.136546742267964e-03	1.000000000000000e+00	0	56
59	4.766486220673766e+02 4.930739478245251e+02 1.075347544394881e+03	 1.061267838685005e-02  1.901642647932121e-02 -8.403748092471155e-03	1.000000000000000e+00	0	59
62	7.457543547620588e+02 4.684351764349939e+02 1.369092048479094e+03	 8.970685100491819e-03  1.710202618786514e-02 -8.131341087373322e-03	1.000000000000000e+00	0	62
63	9.676444185262483e+02 4.809625083207224e+02 7.938840424207460e+01	 7.408628488228890e-03  1.784108348360887e-02 -1.043245499537998e-02	1.000000000000000e+00	0	63
66	9.440973440708948e+02 7.991294395105126e+02 1.489909628737933e+02	 7.145738505888788e-04 -2.168471568367001e-03  1.453897717778122e-03	1.000000000000000e+00	0	66
69	1.236698569424167e+03 2.554194002770348e-13 6.555191770310337e+02	 3.127312292640659e-03 -6.990291425851777e-03  3.862979133211119e-03	1.000000000000000e+00	1	69
70	1.236698569424167e+03 2.998132752230965e+03 6.555191770310337e+02	 3.127312292640659e-03 -6.990291425851777e-03  3.862979133211119e-03	1.000000000000000e+00	1	70
72	2.906699262681248e+02 1.847932424020018e+03 1.252681772282539e+03	 3.915627063549879e-03 -7.787745573742136e-03  3.872118510192256e-03	1.000000000000000e+00	0	72
75	4.866745476429546e+02 1.849803323337160e+03 1.054806251590566e+03	 3.815060484428730e-03 -7.554008956142235e-03  3.738948471713507e-03	1.000000000000000e+00	0	75
76	7.385125653668645e+02 1.848125438210198e+03 8.046461189936188e+02	 3.658908720893307e-03 -7.499885469265539e-03  3.840976748372232e-03	1.000000000000000e+00	0	76
77	9.949449690120605e+02 1.847300656868993e+03 5.490384966896279e+02	 3.886248265668585e-03 -7.559302673534371e-03  3.673054407865786e-03	1.000000000000000e+00	0	77
78	1.225537546436282e+03 1.854374974890585e+03 3.113716012438144e+02	 3.918301466967662e-03 -7.551285221278164e-03  3.632983754310503e-03	1.000000000000000e+00	0	78
81	1.462151989265937e+03 1.854301071044124e+03 7.483106226062046e+01	 3.749363712223335e-03 -7.810804660792321e-03  4.061440948568986e-03	1.000000000000000e+00	0	81
88	8.436332008797365e+02 8.174919882750866e+02 2.310925573003778e+02	 2.567026407085767e-03 -6.423509830569932e-03  3.856483423484165e-03	1.000000000000000e+00	0	88
89	6.644345636491742e+02 8.200079060573463e+02 4.077752767486804e+02	 4.444671533232074e-03 -7.242194611163656e-03  2.797523077931583e-03	1.000000000000000e+00	0	89
90	4.311756053407393e+02 7.684028185757137e+02 6.926393225387477e+02	 4.592208835952320e-03 -8.865370845865670e-03  4.273162009913349e-03	1.000000000000000e+00	0	90
91	1.425142510993789e+02 8.180909363351362e+02 9.316125590206857e+02	 2.466984762833178e-03 -7.492007784076842e-03  5.025023021243664e-03	1.000000000000000e+00	0	91
95	1.189064115398713e+03 7.718153384453916e+02 1.430404668726577e+03	 4.945512564828365e-03 -8.310282634755879e-03  3.364770069927513e-03	1.000000000000000e+00	0	95
126	1.083457832003846e+03 4.910400734798359e+02 1.851242525605583e+02	 9.279221762787088e-03  1.954846998665099e-02 -1.026924822386390e-02	1.000000000000000e+00	0	126
131	1.286624256555165e+01 1.070955798556545e+03 3.368331416103542e+01	-1.081876629919487e-03 -2.361508442827290e-03  1.279631812907803e-03	1.000000000000000e+00	0	131
132	1.267767462858142e+03 1.112886683179529e+03 1.246653649830642e+03	-1.888753170173303e-03 -2.717871760847786e-03  8.291185906744831e-04	1.000000000000000e+00	0	132
133	1.058810147545393e+03 1.126872146285140e+03 1.023710871412281e+03	-1.740444679052585e-03 -4.008174352790016e-03  2.267729673737430e-03	1.000000000000000e+00	0	133
134	7.875929857632813e+02 1.094338346592621e+03 7.850275093226898e+02	-1.221126087318052e-03 -2.890677381229710e-03  1.669551293911659e-03	1.000000000000000e+00	0	134
135	6.209813735466117e+02 1.090910855015494e+03 6.218433886831475e+02	-1.264579772293666e-03 -2.409182284886572e-03  1.144602512592905e-03	1.000000000000000e+00	0	135
136	4.207803884725054e+02 1.111291563951150e+03 4.012616946733850e+02	-1.214427403148252e-03 -2.520219306316419e-03  1.305791903168167e-03	1.000000000000000e+00	0	136
141	1.373746706868152e+03 4.691201833743345e+02 4.973330175303664e+02	 9.887326981143604e-03  1.778688162684437e-02 -7.899554645700762e-03	1.000000000000000e+00	0	141
142	7.689292304452076e+01 4.698829938219006e+02 6.987827993746494e+02	 6.538794203316997e-03  1.465254584039866e-02 -8.113751637081664e-03	1.000000000000000e+00	0	142
143	2.324814568317024e+02 4.860345959357164e+02 8.382197310480152e+02	 9.834775159089704e-03  2.469521048883203e-02 -1.486043532974233e-02	1.000000000000000e+00	0	143
144	3.976641579751466e+02 4.979505871838918e+02 9.914864409432840e+02	 9.964009711677539e-03  1.933222500735244e-02 -9.368215295674897e-03	1.000000000000000e+00	0	144
145	5.410855407306160e+02 4.862051072638779e+02 1.146653303618767e+03	 1.060502485684903e-02  1.833422080225013e-02 -7.729195945401102e-03	1.000000000000000e+00	0	145
146	6.707564661969218e+02 4.725097672252098e+02 1.290019569123741e+03	 9.585935366946756e-03  1.740793756663013e-02 -7.822002199683369e-03	1.000000000000000e+00	0	146
147	8.565349577076030e+02 4.704227131924212e+02 1.477885114667211e+03	 7.624542477294239e-03  1.686267047254002e-02 -9.238127995245784e-03	1.000000000000000e+00	0	147
148	1.124054490742684e+03 7.706105169114584e+02 1.496619114916539e+03	 4.336739340935879e-03 -8.863851349341660e-03  4.527112008405780e-03	1.000000000000000e+00	0	148
149	9.970485436634157e+02 7.889108781658701e+02 1.062583246259149e+02	 3.305645992890187e-03 -9.477825898614142e-03  6.172179905723955e-03	1.000000000000000e+00	0	149
156	6.118549694936704e+02 1.849854482322215e+03 9.295746707547966e+02	 3.700748559457176e-03 -7.484653117044651e-03  3.783904557587474e-03	1.000000000000000e+00	0	156
157	8.679913869898344e+02 1.846434780305856e+03 6.768579552749912e+02	 3.747451489077496e-03 -7.548403159782347e-03  3.800951670704850e-03	1.000000000000000e+00	0	157
158	1.112491858062295e+03 1.850700991604068e+03 4.280912729043177e+02	 3.957204502994550e-03 -7.538605177066142e-03  3.581400674071591e-03	1.000000000000000e+00	0	158
159	1.280749284296880e+03 1.855513764418230e+03 2.550210738555709e+02	 3.882587173287072e-03 -7.583131383716609e-03  3.700544210429537e-03	1.000000000000000e+00	0	159
160	1.399932806707546e+03 1.855574811402920e+03 1.357765044602149e+02	 3.786697398174858e-03 -7.711358004358108e-03  3.924660606183250e-03	1.000000000000000e+00	0	160
161	9.240457758378284e+01 1.850436734323996e+03 1.448442810662903e+03	 3.799846085843547e-03 -7.907347740440485e-03  4.107501654596939e-03	1.000000000000000e+00	0	161
165	7.685193875015317e+02 8.244897078784144e+02 2.992086510752547e+02	 2.978921690874632e-03 -6.500835210801521e-03  3.521913519926890e-03	1.000000000000000e+00	0	165
166	5.602365053457339e+02 7.915575980913679e+02 5.404236430180990e+02	 5.161877565664395e-03 -7.465472578499207e-03  2.303595012834813e-03	1.000000000000000e+00	0	166
167	2.848676853837666e+02 7.856806071271350e+02 8.216694539442991e+02	 2.900390778141839e-03 -8.589415291838579e-03  5.689024513696740e-03	1.000000000000000e+00	0	167
168	1.498603120907277e+03 8.388404351128955e+02 1.053840566550509e+03	 2.887532812893071e-03 -6.435791225739415e-03  3.548258412846343e-03	1.000000000000000e+00	0	168
169	1.327661148151776e+03 8.134236125487579e+02 1.250199361870148e+03	 5.357675498510774e-03 -7.196645077620350e-03  1.838969579109577e-03	1.000000000000000e+00	0	169
190	9.928233360123255e+02 1.120157125096134e+03 9.644390810682210e+02	-1.619947461767602e-03 -3.967039509700483e-03  2.347092047932880e-03	1.000000000000000e+00	0	190
204	1.229195432474455e+03 4.844343972883294e+02 3.374675292226748e+02	 1.083454932731973e-02  1.886093885601347e-02 -8.026389528693743e-03	1.000000000000000e+00	0	204
205	1.142876665529473e+03 4.910815279339914e+02 2.445016316320309e+02	 1.016509929584514e-02  1.963704404784137e-02 -9.471944751996229e-03	1.000000000000000e+00	0	205
214	1.466082613138837e+03 1.070542159535533e+03 1.487313323755333e+03	-1.226836068390974e-03 -2.320162928363614e-03  1.093326859972640e-03	1.000000000000000e+00	0	214
215	1.320551382529957e+03 1.095531077908187e+03 1.316793174773798e+03	-1.471994033187362e-03 -2.135491297776392e-03  6.634972645890296e-04	1.000000000000000e+00	0	215
217	1.114972498316774e+03 1.130148300612274e+03 1.076597067856530e+03	-1.894189734991347e-03 -3.969509031662436e-03  2.075319296671089e-03	1.000000000000000e+00	0	217
219	8.370509354036083e+02 1.100149684279385e+03 8.286741212762523e+02	-1.548165814393596e-03 -3.876895122671362e-03  2.328729308277765e-03	1.000000000000000e+00	0	219
220	7.402557833260299e+02 1.090410135070213e+03 7.416185184078463e+02	-1.751734500317739e-03 -3.917083316508998e-03  2.165348816191259e-03	1.000000000000000e+00	0	220
222	5.808151023232663e+02 1.096255262505367e+03 5.763327099699284e+02	-1.302897786747766e-03 -2.168858360909452e-03  8.659605741616855e-04	1.000000000000000e+00	0	222
223	4.662077586763835e+02 1.110666448793814e+03 4.473141800345985e+02	-1.314484181359512e-03 -2.442275434421258e-03  1.127791253061746e-03	1.000000000000000e+00	0	223
231	1.330790084663691e+03 4.731234105127905e+02 4.503731681874490e+02	 1.031737943192573e-02  1.800703480257660e-02 -7.689655370650869e-03	1.000000000000000e+00	0	231
232	1.422632238755773e+03 4.660415075174124e+02 5.492972252749094e+02	 9.365622126373674e-03  1.765024943687903e-02 -8.284627310505357e-03	1.000000000000000e+00	0	232
233	2.555145791519939e+01 4.662586062555042e+02 6.510657218117244e+02	 8.505545230574642e-03  1.832658711615251e-02 -9.821041885577869e-03	1.000000000000000e+00	0	233
234	1.260059912665326e+02 4.732123391694204e+02 7.445665222491414e+02	 9.110880512809531e-03  2.199273614166639e-02 -1.288185562885685e-02	1.000000000000000e+00	0	234
235	8.014887204584390e+02 4.681418472706869e+02 1.425119743339781e+03	 8.291682222762876e-03  1.704466453452263e-02 -8.752982311759758e-03	1.000000000000000e+00	0	235
236	1.025266714488565e+03 4.870846578602637e+02 1.308885506648502e+02	 8.121925137663674e-03  1.877249749194364e-02 -1.065057235427997e-02	1.000000000000000e+00	0	236
237	9.117812964642228e+02 4.749427094108842e+02 2.954508108988736e+01	 7.324256357189997e-03  1.723613939654544e-02 -9.911883039355441e-03	1.000000000000000e+00	0	237
238	9.009933453416610e+02 8.087778903846895e+02 1.824465107288502e+02	 3.966928592835744e-03 -1.145814859669270e-02  7.491220003856954e-03	1.000000000000000e+00	0	238
246	3.584178789183274e+02 1.848421091434838e+03 1.184445152217516e+03	 3.905457455951564e-03 -7.702327122489381e-03  3.796869666537816e-03	1.000000000000000e+00	0	246
247	4.407712388600651e+02 1.849355272443958e+03 1.101157611266659e+03	 3.861202330451364e-03 -7.600122833540992e-03  3.738920503089628e-03	1.000000000000000e+00	0	247
248	5.479672970248432e+02 1.850074118877586e+03 9.932427066682524e+02	 3.756755238263407e-03 -7.508599680609399e-03  3.751844442345992e-03	1.000000000000000e+00	0	248
249	6.759848765672624e+02 1.849131290894497e+03 8.661679551089225e+02	 3.664574381450736e-03 -7.483783802563447e-03  3.819209421112712e-03	1.000000000000000e+00	0	249
250	8.021869645625768e+02 1.847105159351564e+03 7.419919986565408e+02	 3.688495828426056e-03 -7.524754211617957e-03  3.836258383191900e-03	1.000000000000000e+00	0	250
251	9.331643889539409e+02 1.846480337218554e+03 6.116393963981860e+02	 3.818719477930564e-03 -7.560606438236491e-03  3.741886960305927e-03	1.000000000000000e+00	0	251
252	1.054011394049320e+03 1.848774278648656e+03 4.884984498727063e+02	 3.935755820260356e-03 -7.549170500540403e-03  3.613414680280047e-03	1.000000000000000e+00	0	252
253	1.169757308889865e+03 1.852687243795993e+03 3.688395698848233e+02	 3.949531569499276e-03 -7.537237371205896e-03  3.587705801706621e-03	1.000000000000000e+00	0	253
254	2.676793998415698e+01 1.852268786460756e+03 1.318102001028839e+01	 3.774723222023596e-03 -7.909105836873136e-03  4.134382614849540e-03	1.000000000000000e+00	0	254
255	1.540324527272823e+02 1.849007474494305e+03 1.388244195349095e+03	 3.847950425386402e-03 -7.899366661921469e-03  4.051416236535066e-03	1.000000000000000e+00	0	255
256	2.364836163821182e+02 1.847964881733220e+03 1.306835624455343e+03	 3.875360994868296e-03 -7.845418464323009e-03  3.970057469454712e-03	1.000000000000000e+00	0	256
265	7.154087487968688e+02 8.247938115370052e+02 3.520151861213267e+02	 3.509395211429488e-03 -6.607552673822052e-03  3.098157462392564e-03	1.000000000000000e+00	0	265
266	6.095356935303763e+02 8.076770105759576e+02 4.750050423488669e+02	 5.009020822499938e-03 -7.323016357047986e-03  2.313995534548047e-03	1.000000000000000e+00	0	266
267	5.035627541014063e+02 7.760656384824639e+02 6.125893538713307e+02	 4.950780217455033e-03 -8.105946362503820e-03  3.155166145048786e-03	1.000000000000000e+00	0	267
268	3.577203455273981e+02 7.728821419129609e+02 7.616152590148417e+02	 3.666838807693262e-03 -8.910316728804242e-03  5.243477921110981e-03	1.000000000000000e+00	0	268
269	2.131165069001610e+02 8.019901386024808e+02 8.771111009525590e+02	 2.255762441828571e-03 -7.338664783934005e-03  5.082902342105435e-03	1.000000000000000e+00	0	269
270	5.140047135867549e+01 8.340333675987038e+02 1.006783907497821e+03	 3.026617900328834e-03 -7.799614265182720e-03  4.772996364853886e-03	1.000000000000000e+00	0	270
271	1.453597692739260e+03 8.404201685401196e+02 1.097266261291302e+03	 4.250104772008228e-03 -8.024980388012774e-03  3.774875616004545e-03	1.000000000000000e+00	0	271
272	1.375039196422541e+03 8.302663858105319e+02 1.185978540337609e+03	 4.959911676899147e-03 -7.505157309277996e-03  2.545245632378848e-03	1.000000000000000e+00	0	272
273	1.263577184045995e+03 7.875191614738836e+02 1.340187777050803e+03	 5.177601841875507e-03 -7.610559944136916e-03  2.432958102261409e-03	1.000000000000000e+00	0	273
314	6.238559612401079e+02 4.768622454588544e+02 1.238766585933283e+03	 1.009949257024600e-02  1.766409305593535e-02 -7.564600485689352e-03	1.000000000000000e+00	0	314
320	4.504847596260440e+02 1.542257629778075e+03 1.499066376115483e+03	 1.215468687684366e-03  1.510032979473589e-03 -2.945642917892226e-04	1.000000000000000e+00	1	320
321	 4.504847596260454e+02  1.542257629778077e+03 -1.818989403545856e-12	 1.215468687684374e-03  1.510032979473604e-03 -2.945642917892293e-04	1.000000000000000e+00	1	321
344	1.499066376115483e+03 2.452463769115723e+03 9.388203534549600e+02	 3.501298379121647e-03 -7.368613343597361e-03  3.867314964475714e-03	1.000000000000000e+00	1	344
345	-1.591615728102624e-12  2.452463769115724e+03  9.388203534549596e+02	 3.501298379121646e-03 -7.368613343597359e-03  3.867314964475714e-03	1.000000000000000e+00	1	345
366	1.076933765762152e+03 7.745543221258165e+02 4.072965856723226e+01	 2.904160829461894e-03 -7.629869581822614e-03  4.725708752360721e-03	1.000000000000000e+00	0	366
387	8.893922443724254e+01 1.076270139154706e+03 1.044419554345656e+02	-1.046277215348445e-03 -2.392876567641703e-03  1.346599352293258e-03	1.000000000000000e+00	0	387
389	1.202734681529018e+03 1.126657213274283e+03 1.167850338406764e+03	-2.086892950156976e-03 -3.533855098139683e-03  1.446962147982707e-03	1.000000000000000e+00	0	389
398	3.283922287406601e+02 4.962632594403585e+02 9.239018394523309e+02	 1.054274929297150e-02  2.226810618434728e-02 -1.172535689137578e-02	1.000000000000000e+00	0	398
406	1.321496834050535e+03 1.855932664487935e+03 2.138546240322123e+02	 3.813613765789641e-03 -7.617984590171270e-03  3.804370824381629e-03	1.000000000000000e+00	0	406
412	1.477183296613502e+02 1.082715118748282e+03 1.567760810650978e+02	-9.393355081276007e-04 -2.300831138846182e-03  1.361495630718581e-03	1.000000000000000e+00	0	412
433	 1.079555516065450e+03 -2.273736754432321e-12  6.722620101020012e+02	 8.294824715120703e-03  1.417792948782606e-02 -5.883104772705352e-03	1.000000000000000e+00	1	433
434	1.079555516065450e+03 2.998132752230963e+03 6.722620101020012e+02	 8.294824715120703e-03  1.417792948782606e-02 -5.883104772705352e-03	1.000000000000000e+00	1	434
482	1.415874070851981e+03 1.073481872316891e+03 1.434165068687120e+03	-1.262317072629424e-03 -2.207705825320814e-03  9.453887526913898e-04	1.000000000000000e+00	0	482
484	5.838362725033082e+02 4.812331800556972e+02 1.194375962599640e+03	 1.040865652181988e-02  1.794095389063322e-02 -7.532297368813333e-03	1.000000000000000e+00	0	484
499	1.937804319858533e+02 1.088487452037513e+03 1.970658501003697e+02	-9.598744304997750e-04 -2.410103810178467e-03  1.450229379678692e-03	1.000000000000000e+00	0	499
504	-6.007432246020320e-13  8.387974976070604e+02  1.053420248848141e+03	 2.888775143427403e-03 -6.447973114082460e-03  3.559197970655057e-03	1.000000000000000e+00	1	504
505	1.499066376115483e+03 8.387974976070604e+02 1.053420248848141e+03	 2.888775143427403e-03 -6.447973114082461e-03  3.559197970655059e-03	1.000000000000000e+00	1	505
506	-1.591615728102624e-12  1.070839724852388e+03  2.093314529963936e+01	-1.122554559518078e-03 -2.349906232275807e-03  1.227351672757729e-03	1.000000000000000e+00	1	506
507	1.499066376115482e+03 1.070839724852388e+03 2.093314529963959e+01	-1.122554559518077e-03 -2.349906232275807e-03  1.227351672757730e-03	1.000000000000000e+00	1	507
508	 1.477942661754285e+03  1.070649155790832e+03 -2.501110429875553e-12	-1.189339322922589e-03 -2.330857797552203e-03  1.141518474629614e-03	1.000000000000000e+00	1	508
509	1.477942661754285e+03 1.070649155790832e+03 1.499066376115482e+03	-1.189339322922589e-03 -2.330857797552203e-03  1.141518474629614e-03	1.000000000000000e+00	1	509
546	1.121383695268265e+03 7.708340511869367e+02 1.499066376115483e+03	 4.255541010333438e-03 -8.793909451767541e-03  4.538368441434104e-03	1.000000000000000e+00	1	546
547	 1.121383695268265e+03  7.708340511869369e+02 -1.364242052659392e-12	 4.255541010333436e-03 -8.793909451767541e-03  4.538368441434106e-03	1.000000000000000e+00	1	547
548	2.807370089247016e+02 4.937779172086411e+02 8.787319618680897e+02	 5.089793271687069e-03  1.222877762211989e-02 -7.138984350432817e-03	1.000000000000000e+00	0	548
549	1.187085800531374e+03 4.884323675879159e+02 2.913599269800065e+02	 1.071597867806100e-02  1.929452605746779e-02 -8.578547379406791e-03	1.000000000000000e+00	0	549
552	1.499066376115482e+03 1.853123027730871e+03 3.909471872432891e+01	 3.764063720869788e-03 -7.867786367052652e-03  4.103722646182865e-03	1.000000000000000e+00	1	552
553	-2.273736754432321e-12  1.853123027730871e+03  3.909471872432846e+01	 3.764063720869788e-03 -7.867786367052652e-03  4.103722646182865e-03	1.000000000000000e+00	1	553
556	1.499066376115481e+03 4.656459282208375e+02 6.261269419311924e+02	 8.581525961561075e-03  1.785707939068140e-02 -9.275553429120321e-03	1.000000000000000e+00	1	556
557	-2.955857780762017e-12  4.656459282208375e+02  6.261269419311924e+02	 8.581525961561075e-03  1.785707939068140e-02 -9.275553429120321e-03	1.000000000000000e+00	1	557
558	4.032743304147016e+01 1.851890313413727e+03 0.000000000000000e+00	 3.779913209049202e-03 -7.908742641906963e-03  4.128829432857761e-03	1.000000000000000e+00	1	558
559	4.032743304147061e+01 1.851890313413726e+03 1.499066376115485e+03	 3.779913209049203e-03 -7.908742641906965e-03  4.128829432857762e-03	1.000000000000000e+00	1	559
560	8.796035860910395e+02 4.723100801275873e+02 1.499066376115485e+03	 7.499155183415708e-03  1.701861593452977e-02 -9.519460751114060e-03	1.000000000000000e+00	1	560
561	8.796035860910399e+02 4.723100801275878e+02 7.879939902210063e-13	 7.499155183415707e-03  1.701861593452977e-02 -9.519460751114065e-03	1.000000000000000e+00	1	561
1	7.071067811865475e-01 7.071067811865475e-01 0.000000000000000e+00	 5.773502691896257e-01 -5.773502691896257e-01 -5.773502691896257e-01	-3.639242900506764e+02  3.639242900506764e+02  3.639242900506764e+02	1	0	0.000000000000000e+00	0.000000000000000e+00	0.000000000000000e+00
2	-7.071067811865475e-01  7.071067811865475e-01  0.000000000000000e+00	5.773502691896257e-01 5.773502691896257e-01 5.773502691896257e-01	6.307392488184003e+02 6.307392488184003e+02 6.307392488184003e+02	1	0	0.000000000000000e+00	0.000000000000000e+00	0.000000000000000e+00
1	204	37	1	0
1	37	437	1	0
1	43	215	1	0
1	488	43	1	0
1	44	217	1	0
1	393	44	1	0
1	218	45	1	0
1	45	219	1	0
1	46	135	1	0
1	220	46	1	0
1	222	47	1	0
1	47	223	1	0
1	136	48	1	0
1	48	138	1	0
1	232	55	1	0
1	55	602	1	0
1	56	143	1	0
1	234	56	1	0
1	144	59	1	0
1	59	145	1	0
1	146	62	1	0
1	62	235	1	0
1	63	236	1	0
1	237	63	1	0
1	98	231	1	0
1	440	98	1	0
1	126	205	1	0
1	236	126	1	0
1	391	131	1	0
1	131	514	1	0
1	215	132	1	0
1	132	393	1	0
1	217	133	1	0
1	133	218	1	0
1	219	134	1	0
1	134	220	1	0
1	135	222	1	0
1	223	136	1	0
1	138	324	1	0
1	231	141	1	0
1	141	232	1	0
1	233	142	1	0
1	142	234	1	0
1	143	594	1	0
1	402	144	1	0
1	145	490	1	0
1	314	146	1	0
1	235	147	1	0
1	147	606	1	0
1	595	204	1	0
1	205	595	1	0
1	214	488	1	0
1	517	214	1	0
1	603	233	1	0
1	607	237	1	0
1	321	280	1	0
1	280	507	1	0
1	490	314	1	0
1	320	321	0	1
1	438	320	1	0
1	324	325	0	1
1	325	439	1	0
1	416	391	1	0
1	594	402	1	0
1	507	416	1	0
1	437	438	0	1
1	439	440	0	1
1	514	515	0	1
1	515	516	1	0
1	516	517	0	1
1	602	603	0	1
1	606	607	0	1
2	149	66	1	0
2	66	238	1	0
2	69	70	0	1
2	239	69	1	0
2	70	346	1	0
2	72	246	1	0
2	347	72	1	0
2	247	75	1	0
2	75	248	1	0
2	249	76	1	0
2	76	250	1	0
2	251	77	1	0
2	77	252	1	0
2	78	159	1	0
2	253	78	1	0
2	160	81	1	0
2	81	598	1	0
2	256	83	1	0
2	83	350	1	0
2	84	85	0	1
2	351	84	1	0
2	85	88	1	0
2	88	165	1	0
2	265	89	1	0
2	89	266	1	0
2	267	90	1	0
2	90	268	1	0
2	269	91	1	0
2	91	270	1	0
2	95	148	1	0
2	273	95	1	0
2	148	592	1	0
2	370	149	1	0
2	248	156	1	0
2	156	249	1	0
2	250	157	1	0
2	157	251	1	0
2	252	158	1	0
2	158	253	1	0
2	159	410	1	0
2	410	160	1	0
2	161	255	1	0
2	605	161	1	0
2	165	265	1	0
2	266	166	1	0
2	166	267	1	0
2	268	167	1	0
2	167	269	1	0
2	168	271	1	0
2	513	168	1	0
2	272	169	1	0
2	169	273	1	0
2	238	239	1	0
2	246	247	1	0
2	599	254	1	0
2	254	604	1	0
2	255	256	1	0
2	270	512	1	0
2	271	272	1	0
2	346	347	0	1
2	350	351	0	1
2	593	370	1	0
2	512	513	0	1
2	592	593	0	1
2	598	599	0	1
2	604	605	0	1
1	37	2.785191706704085e+03 3.476202748229784e+03 4.007618286263303e+02	37	-1.499066376115484e+03 -2.998132752230965e+03 -7.813873830305873e-15	-1
1	43	1.374492556790647e+03 1.080192666957371e+03 1.386072759985304e+03	43	0.000000000000000e+00 2.629596998832196e-14 2.301162899144159e-14	-1
1	44	1.162692927114004e+03 1.129880240832016e+03 1.124585556434017e+03	44	0.000000000000000e+00 2.629596998832196e-14 2.301162899144159e-14	-1
1	45	9.252277447157254e+02 1.111649885598085e+03 9.053507292696697e+02	45	0.000000000000000e+00 2.629596998832196e-14 2.301162899144159e-14	-1
1	46	6.964049722083754e+02 1.088189266839069e+03 6.999885755213357e+02	46	0.000000000000000e+00 2.629596998832196e-14 2.301162899144159e-14	-1
1	47	5.275488162865629e+02 1.104668523386010e+03 5.146531630525823e+02	47	0.000000000000000e+00 2.629596998832196e-14 2.301162899144159e-14	-1
1	48	3.405747036695713e+02 1.106221876123012e+03 3.261256976985888e+02	48	0.000000000000000e+00 2.629596998832196e-14 2.301162899144159e-14	-1
1	55	 1.472909996216719e+03  3.463151497475255e+03 -8.984686311065063e+02	55	 5.357148449523283e-14 -2.998132752230965e+03  1.499066376115484e+03	-1
1	56	 1.675546300827684e+03  3.478796324156069e+03 -7.114771531763590e+02	56	-1.499066376115484e+03 -2.998132752230965e+03  1.499066376115484e+03	-1
1	59	 1.975714998182861e+03  3.491206700055490e+03 -4.237188317206032e+02	59	-1.499066376115484e+03 -2.998132752230965e+03  1.499066376115484e+03	-1
1	62	 2.244820730877543e+03  3.466567928665959e+03 -1.299743276363899e+02	62	-1.499066376115484e+03 -2.998132752230965e+03  1.499066376115484e+03	-1
1	63	2.466710794641732e+03 3.479095260551687e+03 7.938840424207464e+01	63	-1.499066376115484e+03 -2.998132752230965e+03 -7.813873830305873e-15	-1
2	66	-5.549690320445892e+02  7.991294395105126e+02  1.648057338989277e+03	66	 1.499066376115484e+03  2.804572483380277e-14 -1.499066376115484e+03	-1
2	69	-2.623678066913170e+02  2.273736754432321e-13  2.154585553146518e+03	69	 1.499066376115484e+03  2.804572483380277e-14 -1.499066376115484e+03	0
2	70	-2.623678066913172e+02  4.547473508864641e-13  2.154585553146518e+03	70	 1.499066376115484e+03  2.998132752230965e+03 -1.499066376115484e+03	1
2	72	 2.906699262681248e+02 -1.150200328210947e+03  2.751748148398023e+03	72	 0.000000000000000e+00  2.998132752230965e+03 -1.499066376115484e+03	-1
2	75	 4.866745476429546e+02 -1.148329428893804e+03  2.553872627706050e+03	75	 0.000000000000000e+00  2.998132752230965e+03 -1.499066376115484e+03	-1
2	76	 7.385125653668645e+02 -1.150007314020766e+03  2.303712495109103e+03	76	 0.000000000000000e+00  2.998132752230965e+03 -1.499066376115484e+03	-1
2	77	 9.949449690120605e+02 -1.150832095361972e+03  2.048104872805112e+03	77	 0.000000000000000e+00  2.998132752230965e+03 -1.499066376115484e+03	-1
2	78	 1.225537546436282e+03 -1.143757777340380e+03  1.810437977359298e+03	78	 0.000000000000000e+00  2.998132752230965e+03 -1.499066376115484e+03	-1
2	81	 1.462151989265937e+03 -1.143831681186841e+03  1.573897438376104e+03	81	 0.000000000000000e+00  2.998132752230965e+03 -1.499066376115484e+03	-1
2	83	 1.789736302383609e+03 -1.150200328210947e+03  1.252681772282539e+03	72	-1.499066376115484e+03  2.998132752230965e+03  6.516875392707817e-15	-1
2	84	 1.236698569424167e+03 -4.547473508864641e-13  6.555191770310342e+02	70	2.881180732755041e-14 2.998132752230965e+03 0.000000000000000e+00	1
2	85	 1.236698569424167e+03 -2.273736754432321e-13  6.555191770310341e+02	69	8.137780172766422e-14 0.000000000000000e+00 4.030010838596754e-14	0
2	88	8.436332008797364e+02 8.174919882750866e+02 2.310925573003778e+02	88	8.137780172766422e-14 0.000000000000000e+00 4.030010838596754e-14	-1
2	89	6.644345636491740e+02 8.200079060573463e+02 4.077752767486803e+02	89	8.137780172766422e-14 0.000000000000000e+00 4.030010838596754e-14	-1
2	90	4.311756053407393e+02 7.684028185757137e+02 6.926393225387477e+02	90	8.137780172766422e-14 0.000000000000000e+00 4.030010838596754e-14	-1
2	91	1.425142510993788e+02 8.180909363351362e+02 9.316125590206857e+02	91	8.137780172766422e-14 0.000000000000000e+00 4.030010838596754e-14	-1
2	95	-3.100022607167709e+02  7.718153384453916e+02  1.430404668726577e+03	95	1.499066376115484e+03 1.522937239157407e-14 1.560815019424493e-14	-1
1	98	 1.286125330588601e+03  3.476202748229784e+03 -1.098304547489154e+03	37	 5.357148449523283e-14 -2.998132752230965e+03  1.499066376115484e+03	-1
1	126	2.582524208119330e+03 3.489172825710801e+03 1.851242525605582e+02	126	-1.499066376115484e+03 -2.998132752230965e+03 -7.813873830305873e-15	-1
1	131	1.511932618681036e+03 1.070955798556545e+03 1.532749690276520e+03	131	-1.499066376115484e+03  2.332622365846862e-14 -1.499066376115484e+03	-1
1	132	1.267767462858142e+03 1.112886683179529e+03 1.246653649830642e+03	132	0.000000000000000e+00 2.629596998832196e-14 2.301162899144159e-14	-1
1	133	1.058810147545393e+03 1.126872146285140e+03 1.023710871412281e+03	133	0.000000000000000e+00 2.629596998832196e-14 2.301162899144159e-14	-1
1	134	7.875929857632813e+02 1.094338346592621e+03 7.850275093226898e+02	134	0.000000000000000e+00 2.629596998832196e-14 2.301162899144159e-14	-1
1	135	6.209813735466117e+02 1.090910855015494e+03 6.218433886831475e+02	135	0.000000000000000e+00 2.629596998832196e-14 2.301162899144159e-14	-1
1	136	4.207803884725054e+02 1.111291563951150e+03 4.012616946733850e+02	136	0.000000000000000e+00 2.629596998832196e-14 2.301162899144159e-14	-1
1	138	2.579774184486625e+02 1.096732788508970e+03 2.530175000917219e+02	16	0.000000000000000e+00 2.629596998832196e-14 2.301162899144159e-14	-1
1	141	 1.373746706868152e+03  3.467252935605299e+03 -1.001733358585118e+03	141	 5.357148449523283e-14 -2.998132752230965e+03  1.499066376115484e+03	-1
1	142	 1.575959299160005e+03  3.468015746052865e+03 -8.002835767408346e+02	142	-1.499066376115484e+03 -2.998132752230965e+03  1.499066376115484e+03	-1
1	143	 1.731547832947186e+03  3.484167348166681e+03 -6.608466450674688e+02	143	-1.499066376115484e+03 -2.998132752230965e+03  1.499066376115484e+03	-1
1	144	 1.896730534090630e+03  3.496083339414857e+03 -5.075799351721998e+02	144	-1.499066376115484e+03 -2.998132752230965e+03  1.499066376115484e+03	-1
1	145	 2.040151916846100e+03  3.484337859494843e+03 -3.524130724967167e+02	145	-1.499066376115484e+03 -2.998132752230965e+03  1.499066376115484e+03	-1
1	146	 2.169822842312406e+03  3.470642519456175e+03 -2.090468069917429e+02	146	-1.499066376115484e+03 -2.998132752230965e+03  1.499066376115484e+03	-1
1	147	 2.355601333823087e+03  3.468555465423386e+03 -2.118126144827306e+01	147	-1.499066376115484e+03 -2.998132752230965e+03  1.499066376115484e+03	-1
2	148	-3.750118853727997e+02  7.706105169114584e+02  1.496619114916539e+03	148	1.499066376115484e+03 1.522937239157407e-14 1.560815019424493e-14	-1
2	149	-5.020178324520683e+02  7.889108781658701e+02  1.605324700741399e+03	149	 1.499066376115484e+03  2.804572483380277e-14 -1.499066376115484e+03	-1
2	156	 6.118549694936705e+02 -1.148278269908750e+03  2.428641046870281e+03	156	 0.000000000000000e+00  2.998132752230965e+03 -1.499066376115484e+03	-1
2	157	 8.679913869898345e+02 -1.151697971925109e+03  2.175924331390475e+03	157	 0.000000000000000e+00  2.998132752230965e+03 -1.499066376115484e+03	-1
2	158	 1.112491858062295e+03 -1.147431760626896e+03  1.927157649019802e+03	158	 0.000000000000000e+00  2.998132752230965e+03 -1.499066376115484e+03	-1
2	159	 1.280749284296880e+03 -1.142618987812735e+03  1.754087449971055e+03	159	 0.000000000000000e+00  2.998132752230965e+03 -1.499066376115484e+03	-1
2	160	 1.399932806707546e+03 -1.142557940828044e+03  1.634842880575699e+03	160	 0.000000000000000e+00  2.998132752230965e+03 -1.499066376115484e+03	-1
2	161	 1.591470953699267e+03 -1.147696017906969e+03  1.448442810662903e+03	161	-1.499066376115484e+03  2.998132752230965e+03  6.516875392707817e-15	-1
2	165	7.685193875015316e+02 8.244897078784144e+02 2.992086510752547e+02	165	8.137780172766422e-14 0.000000000000000e+00 4.030010838596754e-14	-1
2	166	5.602365053457338e+02 7.915575980913679e+02 5.404236430180990e+02	166	8.137780172766422e-14 0.000000000000000e+00 4.030010838596754e-14	-1
2	167	2.848676853837666e+02 7.856806071271350e+02 8.216694539442991e+02	167	8.137780172766422e-14 0.000000000000000e+00 4.030010838596754e-14	-1
2	168	-4.632552082066468e-01  8.388404351128955e+02  1.053840566550509e+03	168	1.499066376115484e+03 1.522937239157407e-14 1.560815019424493e-14	-1
2	169	-1.714052279637078e+02  8.134236125487579e+02  1.250199361870148e+03	169	1.499066376115484e+03 1.522937239157407e-14 1.560815019424493e-14	-1
1	204	2.728261808589939e+03 3.482567149519294e+03 3.374675292226748e+02	204	-1.499066376115484e+03 -2.998132752230965e+03 -7.813873830305873e-15	-1
1	205	2.641943041644958e+03 3.489214280164956e+03 2.445016316320308e+02	205	-1.499066376115484e+03 -2.998132752230965e+03 -7.813873830305873e-15	-1
1	214	1.466082613138837e+03 1.070542159535533e+03 1.487313323755333e+03	214	0.000000000000000e+00 2.629596998832196e-14 2.301162899144159e-14	-1
1	215	1.320551382529957e+03 1.095531077908187e+03 1.316793174773798e+03	215	0.000000000000000e+00 2.629596998832196e-14 2.301162899144159e-14	-1
1	217	1.114972498316774e+03 1.130148300612274e+03 1.076597067856530e+03	217	0.000000000000000e+00 2.629596998832196e-14 2.301162899144159e-14	-1
1	218	9.928233360123255e+02 1.120157125096134e+03 9.644390810682210e+02	190	0.000000000000000e+00 2.629596998832196e-14 2.301162899144159e-14	-1
1	219	8.370509354036084e+02 1.100149684279385e+03 8.286741212762522e+02	219	0.000000000000000e+00 2.629596998832196e-14 2.301162899144159e-14	-1
1	220	7.402557833260299e+02 1.090410135070213e+03 7.416185184078463e+02	220	0.000000000000000e+00 2.629596998832196e-14 2.301162899144159e-14	-1
1	222	5.808151023232663e+02 1.096255262505367e+03 5.763327099699284e+02	222	0.000000000000000e+00 2.629596998832196e-14 2.301162899144159e-14	-1
1	223	4.662077586763835e+02 1.110666448793814e+03 4.473141800345985e+02	223	0.000000000000000e+00 2.629596998832196e-14 2.301162899144159e-14	-1
1	231	 1.330790084663691e+03  3.471256162743755e+03 -1.048693207928035e+03	231	 5.357148449523283e-14 -2.998132752230965e+03  1.499066376115484e+03	-1
1	232	 1.422632238755773e+03  3.464174259748377e+03 -9.497691508405746e+02	232	 5.357148449523283e-14 -2.998132752230965e+03  1.499066376115484e+03	-1
1	233	 1.524617834030683e+03  3.464391358486469e+03 -8.480006543037595e+02	233	-1.499066376115484e+03 -2.998132752230965e+03  1.499066376115484e+03	-1
1	234	 1.625072367382017e+03  3.471345091400385e+03 -7.544998538663426e+02	234	-1.499066376115484e+03 -2.998132752230965e+03  1.499066376115484e+03	-1
1	235	 2.300555096573923e+03  3.466274599501652e+03 -7.394663277570271e+01	235	-1.499066376115484e+03 -2.998132752230965e+03  1.499066376115484e+03	-1
1	236	2.524333090604049e+03 3.485217410091228e+03 1.308885506648502e+02	236	-1.499066376115484e+03 -2.998132752230965e+03 -7.813873830305873e-15	-1
1	237	2.410847672579707e+03 3.473075461641849e+03 2.954508108988739e+01	237	-1.499066376115484e+03 -2.998132752230965e+03 -7.813873830305873e-15	-1
2	238	-5.980730307738230e+02  8.087778903846895e+02  1.681512886844334e+03	238	 1.499066376115484e+03  2.804572483380277e-14 -1.499066376115484e+03	-1
2	239	-6.554331752357475e+02  8.174919882750866e+02  1.730158933415862e+03	88	 1.499066376115484e+03  2.804572483380277e-14 -1.499066376115484e+03	-1
2	246	 3.584178789183273e+02 -1.149711660796126e+03  2.683511528333000e+03	246	 0.000000000000000e+00  2.998132752230965e+03 -1.499066376115484e+03	-1
2	247	 4.407712388600651e+02 -1.148777479787007e+03  2.600223987382143e+03	247	 0.000000000000000e+00  2.998132752230965e+03 -1.499066376115484e+03	-1
2	248	 5.479672970248432e+02 -1.148058633353379e+03  2.492309082783736e+03	248	 0.000000000000000e+00  2.998132752230965e+03 -1.499066376115484e+03	-1
2	249	 6.759848765672625e+02 -1.149001461336468e+03  2.365234331224407e+03	249	 0.000000000000000e+00  2.998132752230965e+03 -1.499066376115484e+03	-1
2	250	 8.021869645625768e+02 -1.151027592879401e+03  2.241058374772025e+03	250	 0.000000000000000e+00  2.998132752230965e+03 -1.499066376115484e+03	-1
2	251	 9.331643889539411e+02 -1.151652415012410e+03  2.110705772513670e+03	251	 0.000000000000000e+00  2.998132752230965e+03 -1.499066376115484e+03	-1
2	252	 1.054011394049320e+03 -1.149358473582309e+03  1.987564825988190e+03	252	 0.000000000000000e+00  2.998132752230965e+03 -1.499066376115484e+03	-1
2	253	 1.169757308889865e+03 -1.145445508434972e+03  1.867905946000307e+03	253	 0.000000000000000e+00  2.998132752230965e+03 -1.499066376115484e+03	-1
2	254	 1.525834316099641e+03 -1.145863965770209e+03  1.512247396125773e+03	254	-1.499066376115484e+03  2.998132752230965e+03 -1.499066376115484e+03	-1
2	255	 1.653098828842767e+03 -1.149125277736660e+03  1.388244195349095e+03	255	-1.499066376115484e+03  2.998132752230965e+03  6.516875392707817e-15	-1
2	256	 1.735549992497602e+03 -1.150167870497744e+03  1.306835624455343e+03	256	-1.499066376115484e+03  2.998132752230965e+03  6.516875392707817e-15	-1
2	265	7.154087487968687e+02 8.247938115370052e+02 3.520151861213266e+02	265	8.137780172766422e-14 0.000000000000000e+00 4.030010838596754e-14	-1
2	266	6.095356935303762e+02 8.076770105759576e+02 4.750050423488668e+02	266	8.137780172766422e-14 0.000000000000000e+00 4.030010838596754e-14	-1
2	267	5.035627541014062e+02 7.760656384824639e+02 6.125893538713307e+02	267	8.137780172766422e-14 0.000000000000000e+00 4.030010838596754e-14	-1
2	268	3.577203455273981e+02 7.728821419129609e+02 7.616152590148417e+02	268	8.137780172766422e-14 0.000000000000000e+00 4.030010838596754e-14	-1
2	269	2.131165069001609e+02 8.019901386024808e+02 8.771111009525590e+02	269	8.137780172766422e-14 0.000000000000000e+00 4.030010838596754e-14	-1
2	270	5.140047135867541e+01 8.340333675987038e+02 1.006783907497821e+03	270	8.137780172766422e-14 0.000000000000000e+00 4.030010838596754e-14	-1
2	271	-4.546868337622368e+01  8.404201685401196e+02  1.097266261291302e+03	271	1.499066376115484e+03 1.522937239157407e-14 1.560815019424493e-14	-1
2	272	-1.240271796929428e+02  8.302663858105319e+02  1.185978540337609e+03	272	1.499066376115484e+03 1.522937239157407e-14 1.560815019424493e-14	-1
2	273	-2.354891920694893e+02  7.875191614738836e+02  1.340187777050803e+03	273	1.499066376115484e+03 1.522937239157407e-14 1.560815019424493e-14	-1
1	280	1.757043794564147e+03 1.096732788508970e+03 1.752083876207206e+03	16	-1.499066376115484e+03  2.332622365846862e-14 -1.499066376115484e+03	-1
1	314	 2.122922337355592e+03  3.474994997689819e+03 -2.602997901822011e+02	314	-1.499066376115484e+03 -2.998132752230965e+03  1.499066376115484e+03	-1
1	320	1.949551135741528e+03 1.542257629778075e+03 1.499066376115483e+03	320	-1.499066376115484e+03  1.106659759674790e-14  7.403478797196665e-15	0
1	321	1.949551135741529e+03 1.542257629778077e+03 1.499066376115482e+03	321	-1.499066376115484e+03  2.332622365846862e-14 -1.499066376115484e+03	2
1	324	4.504847596260441e+02 1.542257629778073e+03 4.547473508864641e-13	321	0.000000000000000e+00 2.629596998832196e-14 2.301162899144159e-14	2
1	325	4.504847596260444e+02 1.542257629778073e+03 4.547473508864641e-13	320	2.881180732755041e-14 3.860184542213733e-14 1.499066376115484e+03	0
2	346	-1.364242052659392e-12 -5.456689831152419e+02  2.437886729570444e+03	344	 1.499066376115484e+03  2.998132752230965e+03 -1.499066376115484e+03	0
2	347	-1.591615728102624e-12 -5.456689831152412e+02  2.437886729570444e+03	345	 0.000000000000000e+00  2.998132752230965e+03 -1.499066376115484e+03	3
2	350	 1.499066376115483e+03 -5.456689831152428e+02  9.388203534549609e+02	345	-1.499066376115484e+03  2.998132752230965e+03  6.516875392707817e-15	3
2	351	 1.499066376115483e+03 -5.456689831152435e+02  9.388203534549612e+02	344	2.881180732755041e-14 2.998132752230965e+03 0.000000000000000e+00	0
2	370	-4.221326103533320e+02  7.745543221258165e+02  1.539796034682716e+03	366	 1.499066376115484e+03  2.804572483380277e-14 -1.499066376115484e+03	-1
1	391	1.588005600552726e+03 1.076270139154706e+03 1.603508331550050e+03	387	-1.499066376115484e+03  2.332622365846862e-14 -1.499066376115484e+03	-1
1	393	1.202734681529018e+03 1.126657213274283e+03 1.167850338406764e+03	389	0.000000000000000e+00 2.629596998832196e-14 2.301162899144159e-14	-1
1	402	 1.827458604856144e+03  3.494396011671323e+03 -5.751645366631531e+02	398	-1.499066376115484e+03 -2.998132752230965e+03  1.499066376115484e+03	-1
2	410	 1.321496834050535e+03 -1.142200087743030e+03  1.712921000147696e+03	406	 0.000000000000000e+00  2.998132752230965e+03 -1.499066376115484e+03	-1
1	416	1.646784705776834e+03 1.082715118748282e+03 1.655842457180582e+03	412	-1.499066376115484e+03  2.332622365846862e-14 -1.499066376115484e+03	-1
1	437	2.578621892180934e+03 2.998132752230963e+03 6.722620101020012e+02	433	-1.499066376115484e+03 -2.998132752230965e+03 -7.813873830305873e-15	2
1	438	2.578621892180934e+03 2.998132752230963e+03 6.722620101020012e+02	434	-1.499066376115484e+03  1.106659759674790e-14  7.403478797196665e-15	2
1	439	 1.079555516065450e+03  2.998132752230962e+03 -8.268043660134828e+02	434	2.881180732755041e-14 3.860184542213733e-14 1.499066376115484e+03	2
1	440	 1.079555516065450e+03  2.998132752230962e+03 -8.268043660134823e+02	433	 5.357148449523283e-14 -2.998132752230965e+03  1.499066376115484e+03	2
1	488	1.415874070851981e+03 1.073481872316891e+03 1.434165068687120e+03	482	0.000000000000000e+00 2.629596998832196e-14 2.301162899144159e-14	-1
1	490	 2.082902648618792e+03  3.479365932286662e+03 -3.046904135158438e+02	484	-1.499066376115484e+03 -2.998132752230965e+03  1.499066376115484e+03	-1
1	507	1.692846808101337e+03 1.088487452037513e+03 1.696132226215854e+03	499	-1.499066376115484e+03  2.332622365846862e-14 -1.499066376115484e+03	-1
2	512	-6.821210263296962e-13  8.387974976070604e+02  1.053420248848141e+03	504	8.137780172766422e-14 0.000000000000000e+00 4.030010838596754e-14	3
2	513	-5.684341886080801e-13  8.387974976070604e+02  1.053420248848141e+03	505	1.499066376115484e+03 1.522937239157407e-14 1.560815019424493e-14	0
1	514	1.499066376115482e+03 1.070839724852388e+03 1.519999521415124e+03	506	-1.499066376115484e+03  2.332622365846862e-14 -1.499066376115484e+03	3
1	515	1.499066376115482e+03 1.070839724852388e+03 1.519999521415124e+03	507	 0.000000000000000e+00  3.578147120611488e-14 -1.499066376115484e+03	0
1	516	1.477942661754285e+03 1.070649155790832e+03 1.499066376115482e+03	508	 0.000000000000000e+00  3.578147120611488e-14 -1.499066376115484e+03	1
1	517	1.477942661754285e+03 1.070649155790832e+03 1.499066376115482e+03	509	0.000000000000000e+00 2.629596998832196e-14 2.301162899144159e-14	0
2	592	-3.776826808472186e+02  7.708340511869367e+02  1.499066376115483e+03	546	1.499066376115484e+03 1.522937239157407e-14 1.560815019424493e-14	4
2	593	-3.776826808472188e+02  7.708340511869369e+02  1.499066376115483e+03	547	 1.499066376115484e+03  2.804572483380277e-14 -1.499066376115484e+03	2
1	594	 1.779803385040186e+03  3.491910669439606e+03 -6.203344142473943e+02	548	-1.499066376115484e+03 -2.998132752230965e+03  1.499066376115484e+03	-1
1	595	2.686152176646858e+03 3.486565119818881e+03 2.913599269800065e+02	549	-1.499066376115484e+03 -2.998132752230965e+03 -7.813873830305873e-15	-1
2	598	 1.499066376115482e+03 -1.145009724500094e+03  1.538161094839813e+03	552	 0.000000000000000e+00  2.998132752230965e+03 -1.499066376115484e+03	0
2	599	 1.499066376115482e+03 -1.145009724500094e+03  1.538161094839813e+03	553	-1.499066376115484e+03  2.998132752230965e+03 -1.499066376115484e+03	3
1	602	 1.499066376115481e+03  3.463778680451802e+03 -8.729394341842916e+02	556	 5.357148449523283e-14 -2.998132752230965e+03  1.499066376115484e+03	0
1	603	 1.499066376115481e+03  3.463778680451802e+03 -8.729394341842916e+02	557	-1.499066376115484e+03 -2.998132752230965e+03  1.499066376115484e+03	3
2	604	 1.539393809156954e+03 -1.146242438817238e+03  1.499066376115484e+03	558	-1.499066376115484e+03  2.998132752230965e+03 -1.499066376115484e+03	2
2	605	 1.539393809156955e+03 -1.146242438817239e+03  1.499066376115485e+03	559	-1.499066376115484e+03  2.998132752230965e+03  6.516875392707817e-15	4
1	606	2.378669962206523e+03 3.470442832358552e+03 5.684341886080801e-13	560	-1.499066376115484e+03 -2.998132752230965e+03  1.499066376115484e+03	0
1	607	2.378669962206524e+03 3.470442832358553e+03 7.958078640513122e-13	561	-1.499066376115484e+03 -2.998132752230965e+03 -7.813873830305873e-15	1
