142
3
154
154
5	1.715699662221532e+02 6.626564106208250e+02 7.001953383318296e+02	 1.059766381097509e-03  1.162828486613330e-01 -1.173426150424306e-01	1.000000000000000e+00	0	5
6	2.987113201636573e+02 6.450398433293495e+02 5.906705516818010e+02	-5.579820371723627e-02  9.068954009235672e-02 -3.489133637512044e-02	1.000000000000000e+00	0	6
16	2.424672983077213e+02 1.054457388195877e+03 2.797827802638738e+02	 5.754175855354942e-03  1.703597860527874e-02 -1.128180274992380e-02	1.000000000000000e+00	0	16
22	2.007036287141525e+02 8.357826931765272e+02 4.979353932841282e+02	 6.092436823290708e-02 -9.429435247610575e-02  3.336998424319868e-02	1.000000000000000e+00	0	22
23	1.324335320319365e+02 7.308487576930318e+02 6.711394254498396e+02	 1.602274412746059e-01 -8.524694695639502e-02 -7.498049431821091e-02	1.000000000000000e+00	0	23
37	1.171064811594800e+03 2.703903249231366e+02 4.933809807082126e+02	 6.581673245413633e-03  1.181227710309435e-02 -5.230603857680716e-03	1.000000000000000e+00	0	37
43	1.378617406128049e+03 1.085421749507681e+03 1.384968526772397e+03	-2.295326051822713e-03 -3.210222222938447e-03  9.148961711157344e-04	1.000000000000000e+00	0	43
44	1.178782702265098e+03 1.158871841073884e+03 1.111683731343244e+03	-9.310981171032594e-04 -1.644148719811048e-03  7.130506027077889e-04	1.000000000000000e+00	0	44
45	9.332021331960391e+02 1.132210125590859e+03 8.927648777572098e+02	 5.099077172932398e-04  1.391727598298009e-03 -8.818198810047690e-04	1.000000000000000e+00	0	45
46	7.022861865577308e+02 1.099081379774789e+03 6.949776769349714e+02	-6.746547501016313e-05 -5.986521512158838e-05 -7.600259888571629e-06	1.000000000000000e+00	0	46
47	5.254148261273061e+02 1.100302382124066e+03 5.168853141552697e+02	-7.678789221535739e-04 -1.265189585735012e-03  4.973106635814380e-04	1.000000000000000e+00	0	47
48	3.291754268382053e+02 1.075712727123105e+03 3.452355698671292e+02	 3.059053474793163e-03  1.044953296383433e-02 -7.390479489041172e-03	1.000000000000000e+00	0	48
55	1.370873037624660e+03 2.583425060977588e+02 7.052370255634502e+02	 7.906363523564532e-03  1.577875989642722e-02 -7.872396372862684e-03	1.000000000000000e+00	0	55
56	8.644815979289478e+01 2.728398298081675e+02 9.053812001367564e+02	 5.799639037329382e-03  1.365196527505692e-02 -7.852326237727537e-03	1.000000000000000e+00	0	56
59	3.643798455289777e+02 2.833870620133408e+02 1.172765653667666e+03	 5.637038008477997e-03  1.063997774382295e-02 -5.002939735344957e-03	1.000000000000000e+00	0	59
62	6.400937867560773e+02 2.632073354778548e+02 1.468659321430252e+03	 8.263860166062191e-03  1.576889382017320e-02 -7.505033654111008e-03	1.000000000000000e+00	0	62
63	8.730098627147089e+02 2.727894877638363e+02 1.929268689874212e+02	 5.656032814316540e-03  1.256802117112553e-02 -6.911988356808988e-03	1.000000000000000e+00	0	63
66	9.094544286083112e+02 8.924364143803310e+02 9.032690346655841e+01	 2.398454407349745e-03 -6.285532382768791e-03  3.887077975419046e-03	1.000000000000000e+00	0	66
69	1.239427845035962e+03 2.554194002770348e-13 6.527899014192387e+02	 3.615251265184135e-03 -7.970808175201911e-03  4.355556910017777e-03	1.000000000000000e+00	1	69
70	1.239427845035962e+03 2.998132752230965e+03 6.527899014192387e+02	 3.615251265184135e-03 -7.970808175201911e-03  4.355556910017777e-03	1.000000000000000e+00	1	70
72	2.337951220311906e+02 1.962445689512173e+03 1.195043311027318e+03	 4.158712954712684e-03 -8.452628334737561e-03  4.293915380024877e-03	1.000000000000000e+00	0	72
75	4.310416191496994e+02 1.961139092176691e+03 9.991034112442910e+02	 4.166709388665210e-03 -8.418949218907608e-03  4.252239830242397e-03	1.000000000000000e+00	0	75
76	6.845392322977543e+02 1.958317247763792e+03 7.484276425091355e+02	 4.085848549733227e-03 -8.322233735673919e-03  4.236385185940691e-03	1.000000000000000e+00	0	76
77	9.377531452560016e+02 1.958540236929067e+03 4.949907403856133e+02	 4.215380724426255e-03 -8.200703024120265e-03  3.985322299694011e-03	1.000000000000000e+00	0	77
78	1.167846617592601e+03 1.965289268042545e+03 2.581482369355358e+02	 4.203211366890465e-03 -8.068439833186067e-03  3.865228466295601e-03	1.000000000000000e+00	0	78
81	1.406376588446364e+03 1.968330020537890e+03 1.657751358642781e+01	 4.098922587718727e-03 -8.244839758268190e-03  4.145917170549462e-03	1.000000000000000e+00	0	81
88	8.076655554369896e+02 9.062426421230901e+02 1.783095488951210e+02	 3.139713648523999e-03 -7.549207877077581e-03  4.409494228553582e-03	1.000000000000000e+00	0	88
89	6.115099716578185e+02 9.077149976963734e+02 3.729927771010089e+02	 6.129856872175434e-03 -9.834862002329338e-03  3.705005130153904e-03	1.000000000000000e+00	0	89
90	3.813911671898316e+02 8.690821829825230e+02 6.417443962828462e+02	 7.235428550249866e-03 -1.644684727948243e-02  9.211418729232571e-03	1.000000000000000e+00	0	90
91	1.089443608394684e+02 9.166648847371337e+02 8.666085008785986e+02	 4.084812005385575e-03 -1.171974686814176e-02  7.634934862756185e-03	1.000000000000000e+00	0	91
94	1.355715244926936e+03 9.344999929372881e+02 1.101068884706458e+03	 4.851302050233414e-03 -7.807651304175024e-03  2.956349253941610e-03	1.000000000000000e+00	0	94
95	1.134016515108798e+03 8.683892973853852e+02 1.388878310076499e+03	 2.069380957052190e-03 -3.726658508211510e-03  1.657277551159320e-03	1.000000000000000e+00	0	95
103	1.320560424395658e+02 6.881733584106885e+02 7.141923143245535e+02	 1.942237065635274e-01  1.056834952331616e-02 -2.047920560868435e-01	1.000000000000000e+00	0	103
105	2.256099519046595e+02 6.439324444738038e+02 6.648793187963445e+02	-3.608322464872332e-02  9.525358859325063e-02 -5.917036394452731e-02	1.000000000000000e+00	0	105
107	4.166993881172423e+02 7.280667267016614e+02 3.896556003559041e+02	-1.841348538697161e-01  2.542492862288076e-01 -7.011443235909152e-02	1.000000000000000e+00	0	107
117	1.500298635896097e+02 7.989351750673559e+02 5.854566765178423e+02	 1.105493503837447e-01 -9.695279759418755e-02 -1.359655278955718e-02	1.000000000000000e+00	0	117
126	9.787483135249403e+02 2.777640970087758e+02 2.936907105527131e+02	 5.289956125828644e-03  1.089354005159592e-02 -5.603583925767278e-03	1.000000000000000e+00	0	126
131	5.922544610529063e+00 1.057941256181507e+03 3.975415858105108e+01	-2.418903962705308e-04 -3.879704180609098e-04  1.460800217903790e-04	1.000000000000000e+00	0	131
132	1.280233611753699e+03 1.128303096770198e+03 1.243703385135530e+03	-2.164944692387045e-03 -2.637057336275059e-03  4.721126438880140e-04	1.000000000000000e+00	0	132
133	1.070122467507793e+03 1.153380235150232e+03 1.008515102509591e+03	 1.105633234490874e-04  2.458758394458033e-04 -1.353125159967189e-04	1.000000000000000e+00	0	133
134	7.940638833110513e+02 1.110228412260972e+03 7.756083412021085e+02	 3.280785762829473e-04  8.557930907003133e-04 -5.277145144173660e-04	1.000000000000000e+00	0	134
135	6.221096688198339e+02 1.094511692486646e+03 6.193708464852174e+02	-3.749248322889604e-04 -8.462224504502603e-04  4.712976181613000e-04	1.000000000000000e+00	0	135
136	4.151272974285297e+02 1.096426790651917e+03 4.104733769286423e+02	 7.118712394431230e-04  2.560146882537009e-03 -1.848275643093887e-03	1.000000000000000e+00	0	136
141	1.262615856570568e+03 2.628815187590253e+02 5.924408318480915e+02	 7.486424257405518e-03  1.360785450871394e-02 -6.121430251308419e-03	1.000000000000000e+00	0	141
142	1.484044362600979e+03 2.630750252869606e+02 8.136758313505668e+02	 6.929422043314115e-03  1.580519167581199e-02 -8.875769632497877e-03	1.000000000000000e+00	0	142
143	1.407175359345026e+02 2.778813166368545e+02 9.546090894496774e+02	 5.469029334975584e-03  1.242291051542965e-02 -6.953881180454068e-03	1.000000000000000e+00	0	143
144	2.890837384495183e+02 2.850643704118056e+02 1.095792238189742e+03	 5.315694919950585e-03  1.058865021695212e-02 -5.272955297001538e-03	1.000000000000000e+00	0	144
145	4.270721137175427e+02 2.793573025142967e+02 1.239487681355275e+03	 6.188188352257669e-03  1.119820243646700e-02 -5.010014084209335e-03	1.000000000000000e+00	0	145
146	5.612396582953876e+02 2.676366778427142e+02 1.385375850604703e+03	 7.733329237760675e-03  1.408249145049903e-02 -6.349162212738360e-03	1.000000000000000e+00	0	146
147	7.607508148956847e+02 2.652759807727457e+02 8.818132815948773e+01	 7.021217308049678e-03  1.524884938075524e-02 -8.227632072705562e-03	1.000000000000000e+00	0	147
148	1.076153397967899e+03 8.711307689184977e+02 1.443999955684285e+03	 1.812188188383643e-03 -3.992057491024320e-03  2.179869302640678e-03	1.000000000000000e+00	0	148
149	9.599841300553088e+02 8.849598135694318e+02 4.727380283046003e+01	 2.157408399829041e-03 -5.528435776486377e-03  3.371027376657335e-03	1.000000000000000e+00	0	149
156	5.575639384527320e+02 1.959990391831530e+03 8.737297922864194e+02	 4.109058083084488e-03 -8.366537109993381e-03  4.257479026908893e-03	1.000000000000000e+00	0	156
157	8.126883524608459e+02 1.957357038070309e+03 6.212387320395270e+02	 4.139409494415493e-03 -8.277213386265803e-03  4.137803891850310e-03	1.000000000000000e+00	0	157
158	1.054334873667486e+03 1.961668308296749e+03 3.752809406064468e+02	 4.246026042979066e-03 -8.115062601290302e-03  3.869036558311236e-03	1.000000000000000e+00	0	158
159	1.223505064599018e+03 1.966711877878538e+03 2.010671800931258e+02	 4.173392523068017e-03 -8.073603286004307e-03  3.900210762936290e-03	1.000000000000000e+00	0	159
160	1.343788927800980e+03 1.968288339392256e+03 7.920685537744615e+01	 4.114059788913288e-03 -8.158655324590170e-03  4.044595535676883e-03	1.000000000000000e+00	0	160
161	3.675785059982147e+01 1.966189240743680e+03 1.388337031227180e+03	 4.042575538832317e-03 -8.392940643360968e-03  4.350365104528652e-03	1.000000000000000e+00	0	161
165	7.287220670766609e+02 9.129805802297938e+02 2.505150991487461e+02	 3.849841069030652e-03 -8.367669754034272e-03  4.517828685003620e-03	1.000000000000000e+00	0	165
166	5.039783742668708e+02 8.752627234423510e+02 5.129766487459789e+02	 8.835471129574017e-03 -1.346467725571637e-02  4.629206126142350e-03	1.000000000000000e+00	0	166
167	2.477831270899656e+02 8.901325957098298e+02 7.543020236554053e+02	 5.152701952184882e-03 -1.488539417984862e-02  9.732692227663738e-03	1.000000000000000e+00	0	167
168	1.454709899060474e+03 9.378781434501973e+02 9.986960800600101e+02	 4.214587918096474e-03 -9.379993592182261e-03  5.165405674085787e-03	1.000000000000000e+00	0	168
169	1.265183921529905e+03 8.980141925850468e+02 1.228086008455730e+03	 3.492774953938358e-03 -4.687660795770611e-03  1.194885841832254e-03	1.000000000000000e+00	0	169
186	1.745358061015481e+02 8.231310667664239e+02 5.367548423068358e+02	 8.566311992137583e-02 -9.523189023033964e-02  9.568770308963810e-03	1.000000000000000e+00	0	186
187	1.361073797320769e+02 7.673507125627576e+02 6.309636228799733e+02	 1.360745967445256e-01 -9.096921118880461e-02 -4.510538555572103e-02	1.000000000000000e+00	0	187
190	1.002182557272206e+03 1.143531458440952e+03 9.504239689832832e+02	 3.902888981048870e-04  1.033633217396453e-03 -6.433443192915655e-04	1.000000000000000e+00	0	190
204	1.114424584664903e+03 2.746433254924586e+02 4.324877532089928e+02	 5.989151388167972e-03  1.110146973116729e-02 -5.112318342999321e-03	1.000000000000000e+00	0	204
205	1.032651251276593e+03 2.779480923552882e+02 3.474096529578534e+02	 5.529986477861752e-03  1.068098134532937e-02 -5.150994867467619e-03	1.000000000000000e+00	0	205
214	1.463625700805314e+03 1.065738243647793e+03 1.489660327309550e+03	-1.252317980236613e-03 -1.961320579061284e-03  7.090025988246714e-04	1.000000000000000e+00	0	214
215	1.326405415652308e+03 1.104299626445613e+03 1.313878659358724e+03	-2.345402516732017e-03 -3.093651393318936e-03  7.482488765869190e-04	1.000000000000000e+00	0	215
217	1.128759962725218e+03 1.158962446379125e+03 1.061570386498122e+03	-3.309008087597310e-04 -7.387472984245026e-04  4.078464896647716e-04	1.000000000000000e+00	0	217
219	8.438798854081030e+02 1.117670838047684e+03 8.179819175124480e+02	 4.450295244937332e-04  1.198681762383700e-03 -7.536522378899671e-04	1.000000000000000e+00	0	219
220	7.460090460582945e+02 1.103908806286100e+03 7.338731099242241e+02	 1.672122888002422e-04  4.131714717997839e-04 -2.459591829995418e-04	1.000000000000000e+00	0	220
222	5.803761708301638e+02 1.095377806609407e+03 5.767712343727862e+02	-6.123409955773160e-04 -1.106916130668538e-03  4.945751350912218e-04	1.000000000000000e+00	0	222
223	4.613698518997603e+02 1.101898590097788e+03 4.512441319540011e+02	4.356949129516032e-05 2.286626849274912e-05 2.070322280240452e-05	1.000000000000000e+00	0	223
231	1.216983738232995e+03 2.665131073013299e+02 5.431771249682143e+02	 7.061971486756661e-03  1.263152910809578e-02 -5.569557621339117e-03	1.000000000000000e+00	0	231
232	1.315383506988542e+03 2.597008310016417e+02 6.483891700234486e+02	 7.849183932786850e-03  1.479077560220439e-02 -6.941591669417537e-03	1.000000000000000e+00	0	232
233	1.428312808212561e+03 2.595188753180313e+02 7.615004269310782e+02	 7.557352562956887e-03  1.615366769588940e-02 -8.596315132932514e-03	1.000000000000000e+00	0	233
234	3.679220962274466e+01 2.679648150922366e+02 8.606002646825373e+02	 6.280622357918627e-03  1.480579634728110e-02 -8.525173989362467e-03	1.000000000000000e+00	0	234
235	7.013962343196961e+02 2.629607016145974e+02 3.114202674164747e+01	 7.782574131907018e-03  1.598376960024887e-02 -8.201195468341853e-03	1.000000000000000e+00	0	235
236	9.265782714386213e+02 2.759467300444884e+02 2.433380354306816e+02	 5.338767166728229e-03  1.151172347468185e-02 -6.172956307953624e-03	1.000000000000000e+00	0	236
237	8.181167297475765e+02 2.689594211894982e+02 1.418638025946271e+02	 6.234050706648694e-03  1.391270217955204e-02 -7.678651472903350e-03	1.000000000000000e+00	0	237
238	8.671701055756768e+02 8.985442686549691e+02 1.265033722245548e+02	 2.678264968955223e-03 -6.857676384449221e-03  4.179411415493997e-03	1.000000000000000e+00	0	238
246	3.016760044809678e+02 1.961861864460498e+03 1.127746253629216e+03	 4.181660020124395e-03 -8.451541401656418e-03  4.269881381532024e-03	1.000000000000000e+00	0	246
247	3.845994041170701e+02 1.961401025484158e+03 1.045283692969454e+03	 4.184919700728533e-03 -8.440773351380874e-03  4.255853650652341e-03	1.000000000000000e+00	0	247
248	4.930382677737304e+02 1.960668601677268e+03 9.375772531196833e+02	 4.139231006723283e-03 -8.393234460423595e-03  4.254003453700314e-03	1.000000000000000e+00	0	248
249	6.220543188827218e+02 1.959152115115442e+03 8.100776885725176e+02	 4.088222573923771e-03 -8.342443861796946e-03  4.254221287873174e-03	1.000000000000000e+00	0	249
250	7.477277581442089e+02 1.957644436296187e+03 6.859119281302861e+02	 4.104436740313269e-03 -8.302222834814859e-03  4.197786094501590e-03	1.000000000000000e+00	0	250
251	8.768810947393322e+02 1.957659139491313e+03 5.567438883400362e+02	 4.179320224436912e-03 -8.242551908366943e-03  4.063231683930030e-03	1.000000000000000e+00	0	251
252	9.961538229739645e+02 1.959911314717303e+03 4.352189848794137e+02	 4.240274902925691e-03 -8.156957064957036e-03  3.916682162031344e-03	1.000000000000000e+00	0	252
253	1.111680427348817e+03 1.963546919487469e+03 3.160567757343958e+02	 4.232141059262094e-03 -8.083481140243697e-03  3.851340080981602e-03	1.000000000000000e+00	0	253
254	1.470109775158656e+03 1.967792420485171e+03 1.452448303042335e+03	 4.067554440498358e-03 -8.346204600483076e-03  4.278650159984718e-03	1.000000000000000e+00	0	254
255	9.789570087990657e+01 1.964728181524529e+03 1.328660240166246e+03	 4.073354279302134e-03 -8.416707873971724e-03  4.343353594669590e-03	1.000000000000000e+00	0	255
256	1.800393832832683e+02 1.963152304949949e+03 1.248092434337464e+03	 4.116968495976147e-03 -8.448929738671004e-03  4.331961242694855e-03	1.000000000000000e+00	0	256
265	6.696795198738535e+02 9.134454553919778e+02 3.090927711893695e+02	 4.772439705965145e-03 -8.947684844042132e-03  4.175245138076988e-03	1.000000000000000e+00	0	265
266	5.517507780963759e+02 8.919903886262259e+02 4.484765797325989e+02	 7.932087485154759e-03 -1.126587890290973e-02  3.333791417754970e-03	1.000000000000000e+00	0	266
267	4.509443287148366e+02 8.668166005129401e+02 5.744568172274242e+02	 8.390669303195623e-03 -1.564236631553366e-02  7.251697012338032e-03	1.000000000000000e+00	0	267
268	3.150215010923336e+02 8.780683121448524e+02 6.991279332180148e+02	 5.881941074399378e-03 -1.575843117705131e-02  9.876490102651935e-03	1.000000000000000e+00	0	268
269	1.793363959065870e+02 9.033661637390927e+02 8.095151868095211e+02	 4.641378003259818e-03 -1.359623311870765e-02  8.954855115447833e-03	1.000000000000000e+00	0	269
270	1.281092285466223e+01 9.320777365086159e+02 9.473290870919227e+02	 4.001138899949309e-03 -1.001659949149774e-02  6.015460591548430e-03	1.000000000000000e+00	0	270
271	1.403226367451942e+03 9.389999497459537e+02 1.049057805372786e+03	 4.560584972930801e-03 -8.740905291280387e-03  4.180320318349586e-03	1.000000000000000e+00	0	271
272	1.311244921583939e+03 9.212251539886300e+02 1.158814046998113e+03	 4.693650244469990e-03 -6.144209949386040e-03  1.450559704916049e-03	1.000000000000000e+00	0	272
273	1.205900101416562e+03 8.755018628766805e+02 1.309882158277439e+03	 2.554845494935745e-03 -3.924050976759519e-03  1.369205481823774e-03	1.000000000000000e+00	0	273
289	2.543939020297096e+02 8.387053626163847e+02 4.413224505287136e+02	 2.617320287057267e-02 -8.950284018511820e-02  6.332963731454554e-02	1.000000000000000e+00	0	289
314	5.111814883554782e+02 2.719295701941819e+02 1.331024788313326e+03	 7.211054585009077e-03  1.279878348852627e-02 -5.587728903517197e-03	1.000000000000000e+00	0	314
315	3.634564296406716e+02 6.661079515179435e+02 5.048573340161927e+02	-8.676817213619753e-02  1.089948497071617e-01 -2.222667757096419e-02	1.000000000000000e+00	0	315
320	4.445770034958211e+02 1.536349873647852e+03 1.499066376115482e+03	 5.934281069029986e-03  1.589903740579189e-02 -9.964756336761901e-03	1.000000000000000e+00	1	320
321	 4.445770034958207e+02  1.536349873647852e+03 -1.818989403545856e-12	 5.934281069029985e-03  1.589903740579189e-02 -9.964756336761901e-03	1.000000000000000e+00	1	321
344	1.499066376115483e+03 2.453167353281906e+03 9.381167692887764e+02	 3.901213914625736e-03 -8.224335833231892e-03  4.323121918606156e-03	1.000000000000000e+00	1	344
345	-1.477928890381008e-12  2.453167353281908e+03  9.381167692887755e+02	 3.901213914625736e-03 -8.224335833231891e-03  4.323121918606156e-03	1.000000000000000e+00	1	345
366	1.036171004827303e+03 8.750212267243988e+02 1.480091891018980e+03	 1.748760482300081e-03 -4.350855236737694e-03  2.602094754437614e-03	1.000000000000000e+00	0	366
371	4.346171861643224e+02 7.242091040910688e+02 3.755954249194167e+02	-1.513551209527233e-01 -3.884969484434392e-02  1.902048157970673e-01	1.000000000000000e+00	0	371
378	3.895912948230685e+02 6.871162306588158e+02 4.577141896929236e+02	-1.392000931732678e-01  1.312959940742741e-01  7.904099098993709e-03	1.000000000000000e+00	0	378
387	7.505428378044662e+01 1.047684434784363e+03 1.191427191481128e+02	 2.455237456578155e-03  4.314037891028044e-03 -1.858800434449889e-03	1.000000000000000e+00	0	387
389	1.218580423999855e+03 1.153162234798638e+03 1.157191059353246e+03	-1.392749866963168e-03 -2.203761986301118e-03  8.110121193379495e-04	1.000000000000000e+00	0	389
398	2.269198155333070e+02 2.836475002462570e+02 1.035045185439079e+03	 5.087302223341052e-03  1.102212660947440e-02 -5.934824386133346e-03	1.000000000000000e+00	0	398
406	1.265076329990676e+03 1.967510445810508e+03 1.586973467694974e+02	 4.125943057998432e-03 -8.092596836662636e-03  3.966653778664204e-03	1.000000000000000e+00	0	406
412	1.304604395265815e+02 1.044032803373920e+03 1.782005063046904e+02	 5.315338183646995e-03  1.046099849201319e-02 -5.145660308366198e-03	1.000000000000000e+00	0	412
413	3.248609035942043e+02 8.053558841204623e+02 4.042049274601413e+02	-1.686169318069187e-02 -7.571441953598171e-02  9.257611271667358e-02	1.000000000000000e+00	0	413
433	 1.057660866719680e+03 -3.183231456205249e-12  6.503673607562315e+02	 6.480616041335692e-03  1.245021587497501e-02 -5.969599833639324e-03	1.000000000000000e+00	1	433
434	1.057660866719680e+03 2.998132752230962e+03 6.503673607562315e+02	 6.480616041335692e-03  1.245021587497501e-02 -5.969599833639324e-03	1.000000000000000e+00	1	434
482	1.417326369471169e+03 1.075638527023874e+03 1.433460712599323e+03	-1.897696633991654e-03 -2.887546792109349e-03  9.898501581176943e-04	1.000000000000000e+00	0	482
484	4.698372815903064e+02 2.757096231061496e+02 1.285900528636186e+03	 6.700445390202389e-03  1.189179302076759e-02 -5.191347630565202e-03	1.000000000000000e+00	0	484
488	1.499066376115482e+03 1.967085990850034e+03 1.424198131720649e+03	 4.056547666938666e-03 -8.366798502004868e-03  4.310250835066202e-03	1.000000000000000e+00	1	488
489	-2.046363078989089e-12  1.967085990850034e+03  1.424198131720649e+03	 4.056547666938666e-03 -8.366798502004868e-03  4.310250835066202e-03	1.000000000000000e+00	1	489
495	1.014349962123468e+03 8.778677843317337e+02 1.499066376115483e+03	 1.865803262777941e-03 -4.688131641918538e-03  2.822328379140597e-03	1.000000000000000e+00	1	495
496	 1.014349962123468e+03  8.778677843317338e+02 -1.136868377216160e-12	 1.865803262777942e-03 -4.688131641918542e-03  2.822328379140599e-03	1.000000000000000e+00	1	496
497	6.327984273971976e+01 9.246136149638120e+02 9.043242887516690e+02	 3.957648943003797e-03 -1.073673817773806e-02  6.779089234734264e-03	1.000000000000000e+00	0	497
498	4.043518632851267e+02 7.437538759818311e+02 3.863159759078501e+02	-4.964827917932704e-02 -1.572546774532669e-01  2.069029566325939e-01	1.000000000000000e+00	0	498
499	1.764585451332139e+02 1.045572223852062e+03 2.226591914331813e+02	 6.333524698419864e-03  1.486237144725972e-02 -8.528846748839861e-03	1.000000000000000e+00	0	499
500	1.499066376115481e+03 2.644926763505182e+02 8.272801938015115e+02	 6.741321613507432e-03  1.551544632747869e-02 -8.774124713971257e-03	1.000000000000000e+00	1	500
501	-2.955857780762017e-12  2.644926763505182e+02  8.272801938015115e+02	 6.741321613507432e-03  1.551544632747869e-02 -8.774124713971257e-03	1.000000000000000e+00	1	501
504	-6.007432246020320e-13  9.333775781311433e+02  9.588401683240581e+02	 4.048971736657075e-03 -9.873939355164091e-03  5.824967618507015e-03	1.000000000000000e+00	1	504
505	1.499066376115483e+03 9.333775781311433e+02 9.588401683240581e+02	 4.048971736657075e-03 -9.873939355164091e-03  5.824967618507015e-03	1.000000000000000e+00	1	505
506	-1.591615728102624e-12  1.059057658777469e+03  3.271521137455829e+01	-3.865672965027361e-04 -6.132487337813724e-04  2.266814372786364e-04	1.000000000000000e+00	1	506
507	1.499066376115482e+03 1.059057658777469e+03 3.271521137455761e+01	-3.865672965027419e-04 -6.132487337813815e-04  2.266814372786397e-04	1.000000000000000e+00	1	507
508	 1.471539916103104e+03  1.064246410139651e+03 -2.501110429875553e-12	-1.058988218731969e-03 -1.660284249277450e-03  6.012960305454817e-04	1.000000000000000e+00	1	508
509	1.471539916103104e+03 1.064246410139651e+03 1.499066376115482e+03	-1.058988218731964e-03 -1.660284249277444e-03  6.012960305454793e-04	1.000000000000000e+00	1	509
512	6.703789970661608e+02 2.630854911027086e+02 1.499066376115485e+03	 8.026090723845889e-03  1.587504876909888e-02 -7.848958045252990e-03	1.000000000000000e+00	1	512
513	6.703789970661608e+02 2.630854911027086e+02 1.015367665664238e-12	 8.026090723845889e-03  1.587504876909888e-02 -7.848958045252990e-03	1.000000000000000e+00	1	513
515	1.423095125680945e+03 1.968188996889735e+03 6.821210263296962e-13	 4.090694071864797e-03 -8.271429859536734e-03  4.180735787671938e-03	1.000000000000000e+00	1	515
516	1.423095125680945e+03 1.968188996889735e+03 1.499066376115485e+03	 4.090694071864797e-03 -8.271429859536734e-03  4.180735787671938e-03	1.000000000000000e+00	1	516
1	7.071067811865475e-01 7.071067811865475e-01 0.000000000000000e+00	 5.773502691896257e-01 -5.773502691896257e-01 -5.773502691896257e-01	-3.639242900506764e+02  3.639242900506764e+02  3.639242900506764e+02	1	0	0.000000000000000e+00	0.000000000000000e+00	0.000000000000000e+00
2	-7.071067811865475e-01  7.071067811865475e-01  0.000000000000000e+00	5.773502691896257e-01 5.773502691896257e-01 5.773502691896257e-01	6.307392488184003e+02 6.307392488184003e+02 6.307392488184003e+02	1	0	0.000000000000000e+00	0.000000000000000e+00	0.000000000000000e+00
18	 0.000000000000000e+00 -7.071067811865475e-01  7.071067811865475e-01	5.773502691896257e-01 5.773502691896257e-01 5.773502691896257e-01	1.011162697096763e+03 1.011162697096763e+03 1.011162697096763e+03	1	0	0.000000000000000e+00	0.000000000000000e+00	0.000000000000000e+00
1	204	37	1	0
1	37	437	1	0
1	43	215	1	0
1	488	43	1	0
1	44	217	1	0
1	393	44	1	0
1	218	45	1	0
1	45	219	1	0
1	46	135	1	0
1	220	46	1	0
1	222	47	1	0
1	47	223	1	0
1	136	48	1	0
1	48	138	1	0
1	232	55	1	0
1	55	233	1	0
1	56	143	1	0
1	234	56	1	0
1	144	59	1	0
1	59	145	1	0
1	146	62	1	0
1	62	520	1	0
1	63	236	1	0
1	237	63	1	0
1	98	231	1	0
1	440	98	1	0
1	126	205	1	0
1	236	126	1	0
1	391	131	1	0
1	131	514	1	0
1	215	132	1	0
1	132	393	1	0
1	217	133	1	0
1	133	218	1	0
1	219	134	1	0
1	134	220	1	0
1	135	222	1	0
1	223	136	1	0
1	138	324	1	0
1	231	141	1	0
1	141	232	1	0
1	233	142	1	0
1	142	508	1	0
1	143	402	1	0
1	402	144	1	0
1	145	490	1	0
1	314	146	1	0
1	235	147	1	0
1	147	237	1	0
1	205	204	1	0
1	214	488	1	0
1	517	214	1	0
1	509	234	1	0
1	521	235	1	0
1	321	280	1	0
1	280	507	1	0
1	490	314	1	0
1	320	321	0	1
1	438	320	1	0
1	324	325	0	1
1	325	439	1	0
1	416	391	1	0
1	507	416	1	0
1	437	438	0	1
1	439	440	0	1
1	508	509	0	1
1	514	515	0	1
1	515	516	1	0
1	516	517	0	1
1	520	521	0	1
2	149	66	1	0
2	66	238	1	0
2	69	70	0	1
2	239	69	1	0
2	70	346	1	0
2	72	246	1	0
2	347	72	1	0
2	247	75	1	0
2	75	248	1	0
2	249	76	1	0
2	76	250	1	0
2	251	77	1	0
2	77	252	1	0
2	78	159	1	0
2	253	78	1	0
2	160	81	1	0
2	81	523	1	0
2	256	83	1	0
2	83	350	1	0
2	84	85	0	1
2	351	84	1	0
2	85	88	1	0
2	88	165	1	0
2	265	89	1	0
2	89	266	1	0
2	267	90	1	0
2	90	268	1	0
2	269	91	1	0
2	91	505	1	0
2	271	94	1	0
2	94	272	1	0
2	95	148	1	0
2	273	95	1	0
2	148	370	1	0
2	504	149	1	0
2	248	156	1	0
2	156	249	1	0
2	250	157	1	0
2	157	251	1	0
2	252	158	1	0
2	158	253	1	0
2	159	410	1	0
2	410	160	1	0
2	161	255	1	0
2	495	161	1	0
2	165	265	1	0
2	266	166	1	0
2	166	267	1	0
2	268	167	1	0
2	167	269	1	0
2	168	271	1	0
2	513	168	1	0
2	272	169	1	0
2	169	273	1	0
2	238	239	1	0
2	246	247	1	0
2	254	494	1	0
2	524	254	1	0
2	255	256	1	0
2	505	270	1	0
2	270	512	1	0
2	346	347	0	1
2	350	351	0	1
2	370	503	1	0
2	494	495	0	1
2	503	504	0	1
2	512	513	0	1
2	523	524	0	1
18	5	105	1	0
18	551	5	1	0
18	105	6	1	0
18	6	315	1	0
18	22	186	1	0
18	536	22	1	0
18	187	23	1	0
18	23	551	1	0
18	382	107	1	0
18	107	580	1	0
18	186	117	1	0
18	117	187	1	0
18	315	382	1	0
18	506	417	1	0
18	417	536	1	0
18	580	506	1	0
18	5	1.670636342337637e+03 6.626564106208250e+02 7.001953383318296e+02	5	-1.499066376115484e+03  0.000000000000000e+00  4.030010838596754e-14	-1
18	6	1.797777696279141e+03 6.450398433293495e+02 5.906705516818010e+02	6	-1.499066376115484e+03  0.000000000000000e+00  4.030010838596754e-14	-1
18	22	1.699770004829636e+03 8.357826931765272e+02 4.979353932841282e+02	22	-1.499066376115484e+03  0.000000000000000e+00  4.030010838596754e-14	-1
18	23	1.631499908147420e+03 7.308487576930318e+02 6.711394254498396e+02	23	-1.499066376115484e+03  0.000000000000000e+00  4.030010838596754e-14	-1
1	37	2.670131187710284e+03 3.268523077154101e+03 4.933809807082126e+02	37	-1.499066376115484e+03 -2.998132752230965e+03 -7.813873830305873e-15	-1
1	43	1.378617406128049e+03 1.085421749507681e+03 1.384968526772397e+03	43	0.000000000000000e+00 2.629596998832196e-14 2.301162899144159e-14	-1
1	44	1.178782702265098e+03 1.158871841073884e+03 1.111683731343244e+03	44	0.000000000000000e+00 2.629596998832196e-14 2.301162899144159e-14	-1
1	45	9.332021331960391e+02 1.132210125590859e+03 8.927648777572098e+02	45	0.000000000000000e+00 2.629596998832196e-14 2.301162899144159e-14	-1
1	46	7.022861865577308e+02 1.099081379774789e+03 6.949776769349714e+02	46	0.000000000000000e+00 2.629596998832196e-14 2.301162899144159e-14	-1
1	47	5.254148261273061e+02 1.100302382124066e+03 5.168853141552697e+02	47	0.000000000000000e+00 2.629596998832196e-14 2.301162899144159e-14	-1
1	48	3.291754268382053e+02 1.075712727123105e+03 3.452355698671292e+02	48	0.000000000000000e+00 2.629596998832196e-14 2.301162899144159e-14	-1
1	55	 1.370873037624660e+03  3.256475258328724e+03 -7.938293505520338e+02	55	 5.357148449523283e-14 -2.998132752230965e+03  1.499066376115484e+03	-1
1	56	 1.585514535908379e+03  3.270972582039132e+03 -5.936851759787276e+02	56	-1.499066376115484e+03 -2.998132752230965e+03  1.499066376115484e+03	-1
1	59	 1.863446221644462e+03  3.281519814244306e+03 -3.263007224478179e+02	59	-1.499066376115484e+03 -2.998132752230965e+03  1.499066376115484e+03	-1
1	62	 2.139160162871561e+03  3.261340087708820e+03 -3.040705468523197e+01	62	-1.499066376115484e+03 -2.998132752230965e+03  1.499066376115484e+03	-1
1	63	2.372076238830193e+03 3.270922239994801e+03 1.929268689874213e+02	63	-1.499066376115484e+03 -2.998132752230965e+03 -7.813873830305873e-15	-1
2	66	-5.896119475071728e+02  8.924364143803310e+02  1.589393279582042e+03	66	 1.499066376115484e+03  2.804572483380277e-14 -1.499066376115484e+03	-1
2	69	-2.596385310795220e+02  2.273736754432321e-13  2.151856277534723e+03	69	 1.499066376115484e+03  2.804572483380277e-14 -1.499066376115484e+03	0
2	70	-2.596385310795220e+02  2.273736754432321e-13  2.151856277534723e+03	70	 1.499066376115484e+03  2.998132752230965e+03 -1.499066376115484e+03	1
2	72	 2.337951220311905e+02 -1.035687062718792e+03  2.694109687142802e+03	72	 0.000000000000000e+00  2.998132752230965e+03 -1.499066376115484e+03	-1
2	75	 4.310416191496994e+02 -1.036993660054274e+03  2.498169787359775e+03	75	 0.000000000000000e+00  2.998132752230965e+03 -1.499066376115484e+03	-1
2	76	 6.845392322977543e+02 -1.039815504467173e+03  2.247494018624619e+03	76	 0.000000000000000e+00  2.998132752230965e+03 -1.499066376115484e+03	-1
2	77	 9.377531452560016e+02 -1.039592515301898e+03  1.994057116501097e+03	77	 0.000000000000000e+00  2.998132752230965e+03 -1.499066376115484e+03	-1
2	78	 1.167846617592601e+03 -1.032843484188420e+03  1.757214613051020e+03	78	 0.000000000000000e+00  2.998132752230965e+03 -1.499066376115484e+03	-1
2	81	 1.406376588446364e+03 -1.029802731693075e+03  1.515643889701912e+03	81	 0.000000000000000e+00  2.998132752230965e+03 -1.499066376115484e+03	-1
2	83	 1.732861498146675e+03 -1.035687062718792e+03  1.195043311027318e+03	72	-1.499066376115484e+03  2.998132752230965e+03  6.516875392707817e-15	-1
2	84	 1.239427845035962e+03 -2.273736754432321e-13  6.527899014192387e+02	70	2.881180732755041e-14 2.998132752230965e+03 0.000000000000000e+00	1
2	85	 1.239427845035962e+03 -2.273736754432321e-13  6.527899014192387e+02	69	8.137780172766422e-14 0.000000000000000e+00 4.030010838596754e-14	0
2	88	8.076655554369895e+02 9.062426421230901e+02 1.783095488951209e+02	88	8.137780172766422e-14 0.000000000000000e+00 4.030010838596754e-14	-1
2	89	6.115099716578184e+02 9.077149976963734e+02 3.729927771010089e+02	89	8.137780172766422e-14 0.000000000000000e+00 4.030010838596754e-14	-1
2	90	3.813911671898315e+02 8.690821829825230e+02 6.417443962828462e+02	90	8.137780172766422e-14 0.000000000000000e+00 4.030010838596754e-14	-1
2	91	1.089443608394684e+02 9.166648847371337e+02 8.666085008785986e+02	91	8.137780172766422e-14 0.000000000000000e+00 4.030010838596754e-14	-1
2	94	-1.433511311885482e+02  9.344999929372881e+02  1.101068884706458e+03	94	1.499066376115484e+03 1.522937239157407e-14 1.560815019424493e-14	-1
2	95	-3.650498610066861e+02  8.683892973853852e+02  1.388878310076499e+03	95	1.499066376115484e+03 1.522937239157407e-14 1.560815019424493e-14	-1
1	98	 1.171064811594800e+03  3.268523077154101e+03 -1.005685395407271e+03	37	 5.357148449523283e-14 -2.998132752230965e+03  1.499066376115484e+03	-1
18	105	1.724676328020144e+03 6.439324444738038e+02 6.648793187963445e+02	105	-1.499066376115484e+03  0.000000000000000e+00  4.030010838596754e-14	-1
18	107	1.915765764232726e+03 7.280667267016614e+02 3.896556003559040e+02	107	-1.499066376115484e+03  0.000000000000000e+00  4.030010838596754e-14	-1
18	117	1.649096239705094e+03 7.989351750673559e+02 5.854566765178423e+02	117	-1.499066376115484e+03  0.000000000000000e+00  4.030010838596754e-14	-1
1	126	2.477814689640424e+03 3.275896849239741e+03 2.936907105527133e+02	126	-1.499066376115484e+03 -2.998132752230965e+03 -7.813873830305873e-15	-1
1	131	1.504988920726013e+03 1.057941256181507e+03 1.538820534696535e+03	131	-1.499066376115484e+03  2.332622365846862e-14 -1.499066376115484e+03	-1
1	132	1.280233611753699e+03 1.128303096770198e+03 1.243703385135530e+03	132	0.000000000000000e+00 2.629596998832196e-14 2.301162899144159e-14	-1
1	133	1.070122467507793e+03 1.153380235150232e+03 1.008515102509591e+03	133	0.000000000000000e+00 2.629596998832196e-14 2.301162899144159e-14	-1
1	134	7.940638833110513e+02 1.110228412260972e+03 7.756083412021085e+02	134	0.000000000000000e+00 2.629596998832196e-14 2.301162899144159e-14	-1
1	135	6.221096688198339e+02 1.094511692486646e+03 6.193708464852174e+02	135	0.000000000000000e+00 2.629596998832196e-14 2.301162899144159e-14	-1
1	136	4.151272974285297e+02 1.096426790651917e+03 4.104733769286423e+02	136	0.000000000000000e+00 2.629596998832196e-14 2.301162899144159e-14	-1
1	138	2.424672983077213e+02 1.054457388195877e+03 2.797827802638738e+02	16	0.000000000000000e+00 2.629596998832196e-14 2.301162899144159e-14	-1
1	141	 1.262615856570568e+03  3.261014270989990e+03 -9.066255442673925e+02	141	 5.357148449523283e-14 -2.998132752230965e+03  1.499066376115484e+03	-1
1	142	 1.484044362600979e+03  3.261207777517925e+03 -6.853905447649171e+02	142	 5.357148449523283e-14 -2.998132752230965e+03  1.499066376115484e+03	-1
1	143	 1.639783912049987e+03  3.276014068867819e+03 -5.444572866658066e+02	143	-1.499066376115484e+03 -2.998132752230965e+03  1.499066376115484e+03	-1
1	144	 1.788150114565002e+03  3.283197122642770e+03 -4.032741379257420e+02	144	-1.499066376115484e+03 -2.998132752230965e+03  1.499066376115484e+03	-1
1	145	 1.926138489833027e+03  3.277490054745262e+03 -2.595786947602087e+02	145	-1.499066376115484e+03 -2.998132752230965e+03  1.499066376115484e+03	-1
1	146	 2.060306034410872e+03  3.265769430073679e+03 -1.136905255107813e+02	146	-1.499066376115484e+03 -2.998132752230965e+03  1.499066376115484e+03	-1
1	147	2.259817191011169e+03 3.263408733003710e+03 8.818132815948775e+01	147	-1.499066376115484e+03 -2.998132752230965e+03 -7.813873830305873e-15	-1
2	148	-4.229129781475851e+02  8.711307689184977e+02  1.443999955684285e+03	148	1.499066376115484e+03 1.522937239157407e-14 1.560815019424493e-14	-1
2	149	-5.390822460601752e+02  8.849598135694318e+02  1.546340178945944e+03	149	 1.499066376115484e+03  2.804572483380277e-14 -1.499066376115484e+03	-1
2	156	 5.575639384527319e+02 -1.038142360399435e+03  2.372796168401903e+03	156	 0.000000000000000e+00  2.998132752230965e+03 -1.499066376115484e+03	-1
2	157	 8.126883524608460e+02 -1.040775714160656e+03  2.120305108155011e+03	157	 0.000000000000000e+00  2.998132752230965e+03 -1.499066376115484e+03	-1
2	158	 1.054334873667486e+03 -1.036464443934216e+03  1.874347316721931e+03	158	 0.000000000000000e+00  2.998132752230965e+03 -1.499066376115484e+03	-1
2	159	 1.223505064599018e+03 -1.031420874352427e+03  1.700133556208610e+03	159	 0.000000000000000e+00  2.998132752230965e+03 -1.499066376115484e+03	-1
2	160	 1.343788927800980e+03 -1.029844412838709e+03  1.578273231492930e+03	160	 0.000000000000000e+00  2.998132752230965e+03 -1.499066376115484e+03	-1
2	161	 1.535824226715305e+03 -1.031943511487285e+03  1.388337031227180e+03	161	-1.499066376115484e+03  2.998132752230965e+03  6.516875392707817e-15	-1
2	165	7.287220670766608e+02 9.129805802297938e+02 2.505150991487461e+02	165	8.137780172766422e-14 0.000000000000000e+00 4.030010838596754e-14	-1
2	166	5.039783742668708e+02 8.752627234423510e+02 5.129766487459789e+02	166	8.137780172766422e-14 0.000000000000000e+00 4.030010838596754e-14	-1
2	167	2.477831270899655e+02 8.901325957098298e+02 7.543020236554053e+02	167	8.137780172766422e-14 0.000000000000000e+00 4.030010838596754e-14	-1
2	168	-4.435647705500992e+01  9.378781434501973e+02  9.986960800600101e+02	168	1.499066376115484e+03 1.522937239157407e-14 1.560815019424493e-14	-1
2	169	-2.338824545855794e+02  8.980141925850468e+02  1.228086008455730e+03	169	1.499066376115484e+03 1.522937239157407e-14 1.560815019424493e-14	-1
18	186	1.673602182217032e+03 8.231310667664239e+02 5.367548423068358e+02	186	-1.499066376115484e+03  0.000000000000000e+00  4.030010838596754e-14	-1
18	187	1.635173755847561e+03 7.673507125627576e+02 6.309636228799733e+02	187	-1.499066376115484e+03  0.000000000000000e+00  4.030010838596754e-14	-1
1	204	2.613490960780387e+03 3.272776077723423e+03 4.324877532089929e+02	204	-1.499066376115484e+03 -2.998132752230965e+03 -7.813873830305873e-15	-1
1	205	2.531717627392077e+03 3.276080844586253e+03 3.474096529578535e+02	205	-1.499066376115484e+03 -2.998132752230965e+03 -7.813873830305873e-15	-1
1	214	1.463625700805314e+03 1.065738243647793e+03 1.489660327309550e+03	214	0.000000000000000e+00 2.629596998832196e-14 2.301162899144159e-14	-1
1	215	1.326405415652308e+03 1.104299626445613e+03 1.313878659358724e+03	215	0.000000000000000e+00 2.629596998832196e-14 2.301162899144159e-14	-1
1	217	1.128759962725218e+03 1.158962446379125e+03 1.061570386498122e+03	217	0.000000000000000e+00 2.629596998832196e-14 2.301162899144159e-14	-1
1	218	1.002182557272206e+03 1.143531458440952e+03 9.504239689832832e+02	190	0.000000000000000e+00 2.629596998832196e-14 2.301162899144159e-14	-1
1	219	8.438798854081030e+02 1.117670838047684e+03 8.179819175124480e+02	219	0.000000000000000e+00 2.629596998832196e-14 2.301162899144159e-14	-1
1	220	7.460090460582945e+02 1.103908806286100e+03 7.338731099242241e+02	220	0.000000000000000e+00 2.629596998832196e-14 2.301162899144159e-14	-1
1	222	5.803761708301638e+02 1.095377806609407e+03 5.767712343727862e+02	222	0.000000000000000e+00 2.629596998832196e-14 2.301162899144159e-14	-1
1	223	4.613698518997603e+02 1.101898590097788e+03 4.512441319540011e+02	223	0.000000000000000e+00 2.629596998832196e-14 2.301162899144159e-14	-1
1	231	 1.216983738232995e+03  3.264645859532295e+03 -9.558892511472696e+02	231	 5.357148449523283e-14 -2.998132752230965e+03  1.499066376115484e+03	-1
1	232	 1.315383506988542e+03  3.257833583232607e+03 -8.506772060920352e+02	232	 5.357148449523283e-14 -2.998132752230965e+03  1.499066376115484e+03	-1
1	233	 1.428312808212561e+03  3.257651627548996e+03 -7.375659491844057e+02	233	 5.357148449523283e-14 -2.998132752230965e+03  1.499066376115484e+03	-1
1	234	 1.535858585738229e+03  3.266097567323201e+03 -6.384661114329467e+02	234	-1.499066376115484e+03 -2.998132752230965e+03  1.499066376115484e+03	-1
1	235	2.200462610435180e+03 3.261093453845562e+03 3.114202674164749e+01	235	-1.499066376115484e+03 -2.998132752230965e+03 -7.813873830305873e-15	-1
1	236	2.425644647554105e+03 3.274079482275453e+03 2.433380354306817e+02	236	-1.499066376115484e+03 -2.998132752230965e+03 -7.813873830305873e-15	-1
1	237	2.317183105863061e+03 3.267092173420463e+03 1.418638025946271e+02	237	-1.499066376115484e+03 -2.998132752230965e+03 -7.813873830305873e-15	-1
2	238	-6.318962705398072e+02  8.985442686549691e+02  1.625569748340039e+03	238	 1.499066376115484e+03  2.804572483380277e-14 -1.499066376115484e+03	-1
2	239	-6.914008206784944e+02  9.062426421230901e+02  1.677375925010605e+03	88	 1.499066376115484e+03  2.804572483380277e-14 -1.499066376115484e+03	-1
2	246	 3.016760044809678e+02 -1.036270887770467e+03  2.626812629744700e+03	246	 0.000000000000000e+00  2.998132752230965e+03 -1.499066376115484e+03	-1
2	247	 3.845994041170702e+02 -1.036731726746807e+03  2.544350069084938e+03	247	 0.000000000000000e+00  2.998132752230965e+03 -1.499066376115484e+03	-1
2	248	 4.930382677737304e+02 -1.037464150553697e+03  2.436643629235167e+03	248	 0.000000000000000e+00  2.998132752230965e+03 -1.499066376115484e+03	-1
2	249	 6.220543188827216e+02 -1.038980637115523e+03  2.309144064688001e+03	249	 0.000000000000000e+00  2.998132752230965e+03 -1.499066376115484e+03	-1
2	250	 7.477277581442090e+02 -1.040488315934778e+03  2.184978304245770e+03	250	 0.000000000000000e+00  2.998132752230965e+03 -1.499066376115484e+03	-1
2	251	 8.768810947393322e+02 -1.040473612739652e+03  2.055810264455520e+03	251	 0.000000000000000e+00  2.998132752230965e+03 -1.499066376115484e+03	-1
2	252	 9.961538229739645e+02 -1.038221437513661e+03  1.934285360994898e+03	252	 0.000000000000000e+00  2.998132752230965e+03 -1.499066376115484e+03	-1
2	253	 1.111680427348817e+03 -1.034585832743496e+03  1.815123151849880e+03	253	 0.000000000000000e+00  2.998132752230965e+03 -1.499066376115484e+03	-1
2	254	 1.470109775158656e+03 -1.030340331745794e+03  1.452448303042335e+03	254	2.881180732755041e-14 2.998132752230965e+03 0.000000000000000e+00	-1
2	255	 1.596962076995391e+03 -1.033404570706436e+03  1.328660240166246e+03	255	-1.499066376115484e+03  2.998132752230965e+03  6.516875392707817e-15	-1
2	256	 1.679105759398753e+03 -1.034980447281016e+03  1.248092434337464e+03	256	-1.499066376115484e+03  2.998132752230965e+03  6.516875392707817e-15	-1
2	265	6.696795198738533e+02 9.134454553919778e+02 3.090927711893694e+02	265	8.137780172766422e-14 0.000000000000000e+00 4.030010838596754e-14	-1
2	266	5.517507780963758e+02 8.919903886262259e+02 4.484765797325989e+02	266	8.137780172766422e-14 0.000000000000000e+00 4.030010838596754e-14	-1
2	267	4.509443287148365e+02 8.668166005129401e+02 5.744568172274242e+02	267	8.137780172766422e-14 0.000000000000000e+00 4.030010838596754e-14	-1
2	268	3.150215010923335e+02 8.780683121448524e+02 6.991279332180148e+02	268	8.137780172766422e-14 0.000000000000000e+00 4.030010838596754e-14	-1
2	269	1.793363959065869e+02 9.033661637390927e+02 8.095151868095211e+02	269	8.137780172766422e-14 0.000000000000000e+00 4.030010838596754e-14	-1
2	270	1.281092285466215e+01 9.320777365086159e+02 9.473290870919227e+02	270	8.137780172766422e-14 0.000000000000000e+00 4.030010838596754e-14	-1
2	271	-9.584000866354245e+01  9.389999497459537e+02  1.049057805372786e+03	271	1.499066376115484e+03 1.522937239157407e-14 1.560815019424493e-14	-1
2	272	-1.878214545315454e+02  9.212251539886300e+02  1.158814046998113e+03	272	1.499066376115484e+03 1.522937239157407e-14 1.560815019424493e-14	-1
2	273	-2.931662746989218e+02  8.755018628766805e+02  1.309882158277439e+03	273	1.499066376115484e+03 1.522937239157407e-14 1.560815019424493e-14	-1
1	280	1.741533674423205e+03 1.054457388195877e+03 1.778849156379358e+03	16	-1.499066376115484e+03  2.332622365846862e-14 -1.499066376115484e+03	-1
1	314	 2.010247864470962e+03  3.270062322425147e+03 -1.680415878021583e+02	314	-1.499066376115484e+03 -2.998132752230965e+03  1.499066376115484e+03	-1
18	315	1.862522805756156e+03 6.661079515179435e+02 5.048573340161927e+02	315	-1.499066376115484e+03  0.000000000000000e+00  4.030010838596754e-14	-1
1	320	1.943643379611305e+03 1.536349873647852e+03 1.499066376115482e+03	320	-1.499066376115484e+03  1.106659759674790e-14  7.403478797196665e-15	0
1	321	1.943643379611305e+03 1.536349873647852e+03 1.499066376115482e+03	321	-1.499066376115484e+03  2.332622365846862e-14 -1.499066376115484e+03	2
1	324	4.445770034958196e+02 1.536349873647848e+03 3.979039320256561e-13	321	0.000000000000000e+00 2.629596998832196e-14 2.301162899144159e-14	2
1	325	4.445770034958197e+02 1.536349873647849e+03 3.410605131648481e-13	320	2.881180732755041e-14 3.860184542213733e-14 1.499066376115484e+03	0
2	346	-1.136868377216160e-12 -5.449653989490585e+02  2.437183145404260e+03	344	 1.499066376115484e+03  2.998132752230965e+03 -1.499066376115484e+03	0
2	347	-1.477928890381008e-12 -5.449653989490573e+02  2.437183145404259e+03	345	 0.000000000000000e+00  2.998132752230965e+03 -1.499066376115484e+03	3
2	350	 1.499066376115483e+03 -5.449653989490575e+02  9.381167692887755e+02	345	-1.499066376115484e+03  2.998132752230965e+03  6.516875392707817e-15	3
2	351	 1.499066376115483e+03 -5.449653989490582e+02  9.381167692887761e+02	344	2.881180732755041e-14 2.998132752230965e+03 0.000000000000000e+00	0
2	370	-4.628953712881812e+02  8.750212267243988e+02  1.480091891018980e+03	366	1.499066376115484e+03 1.522937239157407e-14 1.560815019424493e-14	-1
18	382	1.888657670938552e+03 6.871162306588158e+02 4.577141896929235e+02	378	-1.499066376115484e+03  0.000000000000000e+00  4.030010838596754e-14	-1
1	391	1.574120659895931e+03 1.047684434784363e+03 1.618209095263597e+03	387	-1.499066376115484e+03  2.332622365846862e-14 -1.499066376115484e+03	-1
1	393	1.218580423999855e+03 1.153162234798638e+03 1.157191059353246e+03	389	0.000000000000000e+00 2.629596998832196e-14 2.301162899144159e-14	-1
1	402	 1.725986191648791e+03  3.281780252477222e+03 -4.640211906764048e+02	398	-1.499066376115484e+03 -2.998132752230965e+03  1.499066376115484e+03	-1
2	410	 1.265076329990676e+03 -1.030622306420456e+03  1.657763722884981e+03	406	 0.000000000000000e+00  2.998132752230965e+03 -1.499066376115484e+03	-1
1	416	1.629526815642065e+03 1.044032803373920e+03 1.677266882420175e+03	412	-1.499066376115484e+03  2.332622365846862e-14 -1.499066376115484e+03	-1
18	417	1.823927279709688e+03 8.053558841204623e+02 4.042049274601412e+02	413	-1.499066376115484e+03  0.000000000000000e+00  4.030010838596754e-14	-1
1	437	2.556727242835164e+03 2.998132752230962e+03 6.503673607562315e+02	433	-1.499066376115484e+03 -2.998132752230965e+03 -7.813873830305873e-15	2
1	438	2.556727242835164e+03 2.998132752230962e+03 6.503673607562315e+02	434	-1.499066376115484e+03  1.106659759674790e-14  7.403478797196665e-15	2
1	439	 1.057660866719681e+03  2.998132752230962e+03 -8.486990153592520e+02	434	2.881180732755041e-14 3.860184542213733e-14 1.499066376115484e+03	2
1	440	 1.057660866719680e+03  2.998132752230962e+03 -8.486990153592523e+02	433	 5.357148449523283e-14 -2.998132752230965e+03  1.499066376115484e+03	2
1	488	1.417326369471169e+03 1.075638527023875e+03 1.433460712599324e+03	482	0.000000000000000e+00 2.629596998832196e-14 2.301162899144159e-14	-1
1	490	 1.968903657705790e+03  3.273842375337114e+03 -2.131658474792982e+02	484	-1.499066376115484e+03 -2.998132752230965e+03  1.499066376115484e+03	-1
2	494	 1.499066376115482e+03 -1.031046761380931e+03  1.424198131720649e+03	488	2.881180732755041e-14 2.998132752230965e+03 0.000000000000000e+00	0
2	495	 1.499066376115482e+03 -1.031046761380931e+03  1.424198131720649e+03	489	-1.499066376115484e+03  2.998132752230965e+03  6.516875392707817e-15	3
2	503	-4.847164139920155e+02  8.778677843317337e+02  1.499066376115483e+03	495	1.499066376115484e+03 1.522937239157407e-14 1.560815019424493e-14	4
2	504	-4.847164139920158e+02  8.778677843317338e+02  1.499066376115483e+03	496	 1.499066376115484e+03  2.804572483380277e-14 -1.499066376115484e+03	2
2	505	6.327984273971968e+01 9.246136149638120e+02 9.043242887516690e+02	497	8.137780172766422e-14 0.000000000000000e+00 4.030010838596754e-14	-1
18	506	1.903418239400611e+03 7.437538759818311e+02 3.863159759078500e+02	498	-1.499066376115484e+03  0.000000000000000e+00  4.030010838596754e-14	-1
1	507	1.675524921248698e+03 1.045572223852062e+03 1.721725567548666e+03	499	-1.499066376115484e+03  2.332622365846862e-14 -1.499066376115484e+03	-1
1	508	 1.499066376115481e+03  3.262625428581483e+03 -6.717861823139725e+02	500	 5.357148449523283e-14 -2.998132752230965e+03  1.499066376115484e+03	0
1	509	 1.499066376115481e+03  3.262625428581483e+03 -6.717861823139725e+02	501	-1.499066376115484e+03 -2.998132752230965e+03  1.499066376115484e+03	3
2	512	-6.821210263296962e-13  9.333775781311433e+02  9.588401683240581e+02	504	8.137780172766422e-14 0.000000000000000e+00 4.030010838596754e-14	3
2	513	-6.821210263296962e-13  9.333775781311433e+02  9.588401683240581e+02	505	1.499066376115484e+03 1.522937239157407e-14 1.560815019424493e-14	0
1	514	1.499066376115482e+03 1.059057658777469e+03 1.531781587490043e+03	506	-1.499066376115484e+03  2.332622365846862e-14 -1.499066376115484e+03	3
1	515	1.499066376115482e+03 1.059057658777469e+03 1.531781587490042e+03	507	 0.000000000000000e+00  3.578147120611488e-14 -1.499066376115484e+03	0
1	516	1.471539916103104e+03 1.064246410139651e+03 1.499066376115482e+03	508	 0.000000000000000e+00  3.578147120611488e-14 -1.499066376115484e+03	1
1	517	1.471539916103104e+03 1.064246410139651e+03 1.499066376115482e+03	509	0.000000000000000e+00 2.629596998832196e-14 2.301162899144159e-14	0
1	520	2.169445373181645e+03 3.261218243333673e+03 1.023181539494544e-12	512	-1.499066376115484e+03 -2.998132752230965e+03  1.499066376115484e+03	0
1	521	2.169445373181645e+03 3.261218243333673e+03 1.023181539494544e-12	513	-1.499066376115484e+03 -2.998132752230965e+03 -7.813873830305873e-15	1
2	523	 1.423095125680945e+03 -1.029943755341229e+03  1.499066376115485e+03	515	 0.000000000000000e+00  2.998132752230965e+03 -1.499066376115484e+03	1
2	524	 1.423095125680945e+03 -1.029943755341229e+03  1.499066376115485e+03	516	2.881180732755041e-14 2.998132752230965e+03 0.000000000000000e+00	2
18	536	1.753460278145194e+03 8.387053626163847e+02 4.413224505287135e+02	289	-1.499066376115484e+03  0.000000000000000e+00  4.030010838596754e-14	-1
18	551	1.631122418555050e+03 6.881733584106885e+02 7.141923143245535e+02	103	-1.499066376115484e+03  0.000000000000000e+00  4.030010838596754e-14	-1
18	580	1.933683562279806e+03 7.242091040910688e+02 3.755954249194167e+02	371	-1.499066376115484e+03  0.000000000000000e+00  4.030010838596754e-14	-1
