244
3
256
256
0	1.499066376115482e+03 2.976424722112988e+03 5.706336917729891e+01	-1.931065666301901e-03  2.268332401776591e-02 -2.075225835146401e-02	1.000000000000000e+00	1	0
1	-1.591615728102624e-12  2.976424722112988e+03  5.706336917729936e+01	-1.931065666301895e-03  2.268332401776591e-02 -2.075225835146401e-02	1.000000000000000e+00	1	1
2	8.912691415323593e+01 2.944361177137049e+03 0.000000000000000e+00	-3.952782122088568e-03  2.343169345391500e-02 -1.947891133182643e-02	1.000000000000000e+00	1	2
3	8.912691415323638e+01 2.944361177137049e+03 1.499066376115484e+03	-3.952782122088569e-03  2.343169345391499e-02 -1.947891133182642e-02	1.000000000000000e+00	1	3
4	2.701717758324046e+02 2.868587687973044e+03 1.393795003600320e+03	-7.827703378665960e-04 -8.055947950696955e-04  1.588365132936292e-03	1.000000000000000e+00	0	4
5	5.312885332591517e+02 2.863496280662753e+03 1.137769653483864e+03	-1.198745700570019e-02  1.948326384834518e-02 -7.495806842644999e-03	1.000000000000000e+00	0	5
6	7.367094242722004e+02 2.945765131189609e+03 8.500799119439597e+02	-2.371921274726585e-02  2.696243020046009e-02 -3.243217453194247e-03	1.000000000000000e+00	0	6
7	7.918043555782272e+02 2.998132752230963e+03 7.426173595965788e+02	-1.810721381308884e-02  1.784598961910711e-02  2.612241939817334e-04	1.000000000000000e+00	1	7
8	 7.918043555782272e+02 -1.818989403545856e-12  7.426173595965793e+02	-1.810721381308887e-02  1.784598961910714e-02  2.612241939817294e-04	1.000000000000000e+00	1	8
9	8.719350158454941e+02 1.075085089703659e+02 5.549781903589477e+02	-2.212233518616645e-02  1.812462601695609e-02  3.997709169210359e-03	1.000000000000000e+00	0	9
10	9.462976855812105e+02 3.247827527840316e+02 2.633412768095656e+02	 6.705480179563175e-02 -3.035103105163645e-02 -3.670377074399531e-02	1.000000000000000e+00	0	10
12	 7.866863718827510e+02  7.477353432920543e+02 -6.418209179437286e-13	-1.292922098764769e-01  2.051588356283950e-02  1.087763263136373e-01	1.000000000000000e+00	1	12
13	7.866863718827510e+02 7.477353432920543e+02 1.499066376115483e+03	-1.292922098764767e-01  2.051588356283948e-02  1.087763263136373e-01	1.000000000000000e+00	1	13
14	7.100741912048476e+02 9.015269833338568e+02 1.421886916751584e+03	-1.156719128188728e-01 -3.465500955281254e-02  1.503269223716854e-01	1.000000000000000e+00	0	14
15	5.041329156462654e+02 1.232423093543430e+03 1.296932082100593e+03	-1.093124598970660e-01  1.486649252895971e-01 -3.935246539253100e-02	1.000000000000000e+00	0	15
16	2.639942775382090e+02 1.438700682714752e+03 1.330793131037327e+03	-1.253466423815391e-02 -2.427693249975540e-02  3.681159673790931e-02	1.000000000000000e+00	0	16
17	-1.136868377216160e-12  1.615531174639822e+03  1.417956916650468e+03	-7.208562559359429e-04 -1.643475105189999e-02  1.715560730783593e-02	1.000000000000000e+00	1	17
18	1.499066376115483e+03 1.615531174639822e+03 1.417956916650468e+03	-7.208562559359429e-04 -1.643475105189999e-02  1.715560730783593e-02	1.000000000000000e+00	1	18
19	1.472814083331511e+03 1.631333280068639e+03 1.428407104005619e+03	-2.953746568231147e-04 -1.875523195014854e-02  1.905060660697165e-02	1.000000000000000e+00	0	19
20	1.359338171755314e+03 1.674149919534975e+03 1.499066376115483e+03	 2.888039060536054e-03 -1.605113451024068e-02  1.316309544970462e-02	1.000000000000000e+00	1	20
21	 1.359338171755315e+03  1.674149919534974e+03 -1.023181539494544e-12	 2.888039060536044e-03 -1.605113451024065e-02  1.316309544970461e-02	1.000000000000000e+00	1	21
22	1.181271981256927e+03 1.732394153720393e+03 1.198219563129689e+02	 1.038204919138398e-02 -3.217909334258962e-02  2.179704415120564e-02	1.000000000000000e+00	0	22
23	9.196851790114740e+02 1.745033352379856e+03 3.687695598989581e+02	 2.261928448406362e-02 -3.813192235446706e-02  1.551263787040344e-02	1.000000000000000e+00	0	23
24	7.128009555062449e+02 1.667287840074692e+03 6.533992957093519e+02	 3.207509653893725e-02 -3.613851033584575e-02  4.063413796908498e-03	1.000000000000000e+00	0	24
25	5.800720666425464e+02 1.506535224188917e+03 9.468808004588253e+02	 3.522179255669096e-02 -2.776608145660881e-02 -7.455711100082148e-03	1.000000000000000e+00	0	25
26	5.113437140857381e+02 1.288463874647149e+03 1.233680502557402e+03	-3.152147576149406e-02  1.826806033695882e-02  1.325341542453523e-02	1.000000000000000e+00	0	26
28	6.630739800401275e+02 8.713477351346804e+02 1.499066376115481e+03	 1.423784692458695e-01 -2.697816340123649e-02 -1.154003058446330e-01	1.000000000000000e+00	1	28
29	 6.630739800401277e+02  8.713477351346801e+02 -3.410605131648481e-12	 1.423784692458693e-01 -2.697816340123644e-02 -1.154003058446328e-01	1.000000000000000e+00	1	29
30	7.367345463578467e+02 7.152482748906403e+02 8.243889392632079e+01	 1.131198296745795e-01  2.639646442983896e-02 -1.395162941044185e-01	1.000000000000000e+00	0	30
31	9.418340830772715e+02 3.865568113084984e+02 2.060308207890380e+02	 1.085139872641519e-01 -1.290967473374564e-01  2.058276007330444e-02	1.000000000000000e+00	0	31
32	1.178094518922097e+03 1.710016058278935e+02 1.853255904248174e+02	 2.604466517322908e-03  6.349962924129512e-03 -8.954429441452421e-03	1.000000000000000e+00	0	32
33	 1.451633338835545e+03 -1.311074099949546e-12  8.278837633926105e+01	-3.626823826987407e-04  1.865073261689033e-02 -1.828805023419158e-02	1.000000000000000e+00	1	33
34	1.451633338835544e+03 2.998132752230963e+03 8.278837633926150e+01	-3.626823826987326e-04  1.865073261689026e-02 -1.828805023419153e-02	1.000000000000000e+00	1	34
35	1.472702503147397e+03 2.985767701167980e+03 7.408426309039275e+01	-7.652629724016021e-04  2.160807682289327e-02 -2.084281385049167e-02	1.000000000000000e+00	0	35
36	6.790640884365010e+02 2.507889281756375e+03 7.620140529476361e+02	-2.154817828952266e-02 -1.478729366467228e-02 -6.760884624850381e-03	1.000000000000000e+00	0	36
37	7.055021928781650e+02 2.297535399712976e+03 9.988060394326983e+02	 3.373476963280948e-02  1.475334919157568e-01 -1.137987222829473e-01	1.000000000000000e+00	0	37
38	5.812805479066853e+02 1.967342016677533e+03 1.204777777496662e+03	-1.421376115795634e-01 -2.612469819654590e-02 -1.160129133830175e-01	1.000000000000000e+00	0	38
39	4.161064648103816e+02 1.691192318889247e+03 1.315753392188644e+03	-2.025863887663191e-01  5.128785446820786e-02 -2.538742432345269e-01	1.000000000000000e+00	0	39
40	2.391229140299318e+02 1.389514714199996e+03 1.440447446097445e+03	 1.488897440824351e-02 -1.564401190077897e-03  1.645337559832140e-02	1.000000000000000e+00	0	40
41	-1.591615728102624e-12  1.212046018553974e+03  1.378793227713538e+03	-5.193899519311580e-03  1.507133436581480e-02 -2.026523388512638e-02	1.000000000000000e+00	1	41
42	1.499066376115482e+03 1.212046018553974e+03 1.378793227713538e+03	-5.193899519311580e-03  1.507133436581480e-02 -2.026523388512638e-02	1.000000000000000e+00	1	42
43	1.446153512823117e+03 1.171664077756986e+03 1.366262305218159e+03	-6.470399191624600e-03  2.111373142589533e-02 -2.758413061751994e-02	1.000000000000000e+00	0	43
44	1.152311391724684e+03 1.018379796298221e+03 1.225704465578492e+03	 4.046110433350742e-03  3.691847422643940e-02 -3.287236379308867e-02	1.000000000000000e+00	0	44
45	8.641509611967363e+02 9.293759490913010e+02 1.026547882257464e+03	 7.300632721756184e-03  1.803533752084659e-02 -1.073470479909041e-02	1.000000000000000e+00	0	45
46	6.112574375406390e+02 9.394060956388810e+02 7.636242120537872e+02	 4.413829361797688e-03  6.877227203119490e-03 -2.463397841321800e-03	1.000000000000000e+00	0	46
47	4.342526772743922e+02 1.056816479599719e+03 4.692090678267023e+02	3.067334433467564e-02 2.923345131098971e-02 1.439893023685932e-03	1.000000000000000e+00	0	47
48	3.219959204135254e+02 1.238475435278010e+03 1.752933552875446e+02	2.047352503370904e-02 1.478688007954773e-02 5.686644954161314e-03	1.000000000000000e+00	0	48
49	2.893670770510864e+02 1.381139947203115e+03 3.072287232954817e-13	-3.287437533739026e-02 -5.901087144733881e-02  2.613649610994856e-02	1.000000000000000e+00	1	49
50	2.893670770510865e+02 1.381139947203115e+03 1.499066376115484e+03	-3.287437533739027e-02 -5.901087144733885e-02  2.613649610994858e-02	1.000000000000000e+00	1	50
52	4.182502472601944e+02 1.778276393036126e+03 1.230813100491578e+03	1.355495363619864e-01 2.203584998715726e-02 1.135136863748292e-01	1.000000000000000e+00	0	52
53	5.872192751084410e+02 2.053317200773220e+03 1.124741320602731e+03	 2.259773591681150e-01 -5.632315000478838e-02  2.823005091729033e-01	1.000000000000000e+00	0	53
54	7.647226581561365e+02 2.355426497648330e+03 1.000135406775316e+03	-2.374468905136690e-02  2.594605734819702e-02 -4.969074639956392e-02	1.000000000000000e+00	0	54
55	1.053378048313760e+03 2.577328725749391e+03 1.066888568831879e+03	 3.610683977175674e-03 -1.169388382460912e-02  1.530456780178479e-02	1.000000000000000e+00	0	55
56	1.348535943485864e+03 2.735641921253169e+03 1.203733268500205e+03	-3.716944826788586e-03 -2.467543558871928e-02  2.095849076193070e-02	1.000000000000000e+00	0	56
57	1.499066376115481e+03 2.781612227717761e+03 1.308293394665234e+03	-5.204845665066310e-03 -1.995729721285212e-02  1.475245154778581e-02	1.000000000000000e+00	1	57
58	-2.501110429875553e-12  2.781612227717761e+03  1.308293394665234e+03	-5.204845665066310e-03 -1.995729721285212e-02  1.475245154778581e-02	1.000000000000000e+00	1	58
59	1.367611469840047e+02 2.814608993678149e+03 1.412057775688845e+03	-5.043164814397438e-03 -1.540515335552086e-02  1.036198854112342e-02	1.000000000000000e+00	0	59
60	2.309487326083552e+02 2.821787978875867e+03 1.499066376115486e+03	1.467030499914625e-03 1.373440394540397e-03 9.359010537422876e-05	1.000000000000000e+00	1	60
61	2.309487326083552e+02 2.821787978875867e+03 1.485332369178205e-12	1.467030499914625e-03 1.373440394540397e-03 9.359010537422876e-05	1.000000000000000e+00	1	61
62	3.898045047155572e+02 2.806740525344812e+03 1.739032256382546e+02	-4.773823535884790e-03 -7.049149884733538e-03  2.275326348848749e-03	1.000000000000000e+00	0	62
63	5.775710377408193e+02 2.699707965665365e+03 4.687023183429640e+02	-7.294696217597259e-03 -7.082168632748221e-03 -2.125275848490375e-04	1.000000000000000e+00	0	63
64	1.048084784339094e+03 8.441329621161086e+02 1.499066376115482e+03	 1.130803415411519e-02 -9.954713094673972e-03 -1.353321059441223e-03	1.000000000000000e+00	1	64
65	 1.048084784339093e+03  8.441329621161087e+02 -1.364242052659392e-12	 1.130803415411519e-02 -9.954713094673965e-03 -1.353321059441222e-03	1.000000000000000e+00	1	65
66	9.945721471166179e+02 7.510095134576807e+02 1.466360858809023e+02	 1.031760084184279e-02 -7.708368889755342e-03 -2.609231952087448e-03	1.000000000000000e+00	0	66
67	9.740962796111239e+02 5.356996792621864e+02 3.824217875818904e+02	-2.109564578221564e-02  1.306589971708250e-01 -1.095633513886094e-01	1.000000000000000e+00	0	67
68	1.098662120964533e+03 2.065784588304554e+02 5.869771666602124e+02	 1.480385836226272e-01 -2.874576002526051e-02 -1.192928235973667e-01	1.000000000000000e+00	0	68
69	1.216543987149901e+03 4.827930757202669e-13 6.756737593052992e+02	 1.709103009036511e-01  3.577950510822739e-02 -2.066898060118784e-01	1.000000000000000e+00	1	69
70	1.216543987149901e+03 2.998132752230965e+03 6.756737593052992e+02	 1.709103009036511e-01  3.577950510822739e-02 -2.066898060118784e-01	1.000000000000000e+00	1	70
71	1.265141099150087e+03 2.926660757631840e+03 6.985486419042351e+02	 2.290214868272177e-01  4.319775394846344e-02 -2.722192407756810e-01	1.000000000000000e+00	0	71
72	1.444837854039407e+03 2.630359044065462e+03 8.151536005812929e+02	-1.493676289224021e-02 -2.014542898266260e-02  3.508219187490281e-02	1.000000000000000e+00	0	72
73	1.499066376115482e+03 2.588196356017811e+03 8.030877665528722e+02	-8.003273756529112e-03 -1.107574649720182e-02  1.907902025373093e-02	1.000000000000000e+00	1	73
74	-1.705302565824240e-12  2.588196356017811e+03  8.030877665528722e+02	-8.003273756529112e-03 -1.107574649720182e-02  1.907902025373093e-02	1.000000000000000e+00	1	74
75	2.324744905256722e+02 2.410557274690672e+03 7.482523573543374e+02	 5.445511585461612e-03  1.920133757587108e-02 -2.464684916133269e-02	1.000000000000000e+00	0	75
76	5.272757238947613e+02 2.246368574846163e+03 6.176398238297567e+02	-2.830261241740705e-03  2.044955160666121e-02 -1.761929036492051e-02	1.000000000000000e+00	0	76
77	8.126880368812655e+02 2.172171204952481e+03 4.064248807369347e+02	-1.192575736090998e-02  2.983866037562426e-02 -1.791290301471428e-02	1.000000000000000e+00	0	77
78	1.063835839493762e+03 2.182765012932353e+03 1.446832701445664e+02	-1.241976201943376e-02  1.867110182469383e-02 -6.251339805260069e-03	1.000000000000000e+00	0	78
79	1.161948500448515e+03 2.229335622122165e+03 6.821210263296962e-13	-3.944787583343146e-03  4.880261888824037e-03 -9.354743054808916e-04	1.000000000000000e+00	1	79
80	1.161948500448515e+03 2.229335622122166e+03 1.499066376115484e+03	-3.944787583343143e-03  4.880261888824034e-03 -9.354743054808901e-04	1.000000000000000e+00	1	80
81	1.253707262963710e+03 2.286122311005922e+03 1.350520924716529e+03	-9.953657455870095e-03  1.006953390077426e-02 -1.158764449041691e-04	1.000000000000000e+00	0	81
82	1.355739927999980e+03 2.476796009434369e+03 1.057814561251812e+03	-2.376349899876148e-02  1.571377071201286e-02  8.049728286748619e-03	1.000000000000000e+00	0	82
83	1.382911225796424e+03 2.687090545132568e+03 8.203487277571693e+02	 3.867307585990772e-02 -1.499293105190587e-01  1.112562346591510e-01	1.000000000000000e+00	0	83
84	1.260578993449282e+03 2.998132752230965e+03 6.316387530059194e+02	-1.867859181386747e-01  4.403662510278035e-02  1.427492930358943e-01	1.000000000000000e+00	1	84
85	 1.260578993449282e+03 -2.273736754432321e-13  6.316387530059194e+02	-1.867859181386747e-01  4.403662510278035e-02  1.427492930358943e-01	1.000000000000000e+00	1	85
86	1.256090230669112e+03 1.977432962180107e+01 6.163531861642876e+02	-1.592020544025983e-01  3.266696762753208e-02  1.265350867750662e-01	1.000000000000000e+00	0	86
87	1.091606023135274e+03 2.934794896389811e+02 5.071322336809458e+02	-2.214052469364615e-01 -6.114237318706203e-02  2.825476201235235e-01	1.000000000000000e+00	0	87
88	9.166649706875808e+02 5.972105262911882e+02 3.783422494764318e+02	 3.670529751730650e-02  3.172145492072220e-02 -6.842675243802870e-02	1.000000000000000e+00	0	88
89	6.257443481119302e+02 8.178255989492376e+02 4.486477993940329e+02	-2.625051212765786e-03 -1.026961935982457e-02  1.289467057259035e-02	1.000000000000000e+00	0	89
90	3.288594657196890e+02 9.746259080886872e+02 5.887323726468246e+02	 4.455188976616767e-04 -2.793493042790459e-02  2.748941153024292e-02	1.000000000000000e+00	0	90
91	4.047369387504240e+01 1.061557944012235e+03 7.901861085679237e+02	 3.707455201006268e-03 -9.735367016087758e-03  6.027911815081490e-03	1.000000000000000e+00	0	91
92	-7.144300623236480e-13  1.062072741857712e+03  8.301450045974898e+02	 1.039796086561097e-03 -3.433843414496266e-03  2.394047327935169e-03	1.000000000000000e+00	1	92
93	1.499066376115483e+03 1.062072741857712e+03 8.301450045974897e+02	 1.039796086561105e-03 -3.433843414496285e-03  2.394047327935180e-03	1.000000000000000e+00	1	93
94	1.285247239132726e+03 1.051848409020055e+03 1.054188474417900e+03	-4.383826047316495e-03  6.306313917591577e-03 -1.922487870275082e-03	1.000000000000000e+00	0	94
95	1.110816142159177e+03 9.292428074379122e+02 1.351225172973592e+03	 2.808049453386787e-02 -3.008367977658561e-02  2.003185242717745e-03	1.000000000000000e+00	0	95
102	4.958611972765652e+01 2.958852111343901e+03 2.504986021873060e+01	-4.123749268917606e-03  2.470568758348041e-02 -2.058193831456280e-02	1.000000000000000e+00	0	102
103	1.846067569358704e+02 2.909369666724994e+03 1.438578043744905e+03	-3.539944784413037e-03  2.035535771094342e-02 -1.681541292653039e-02	1.000000000000000e+00	0	103
104	4.043846926921703e+02 2.860087629704302e+03 1.268082145009296e+03	 1.945396362748915e-03 -4.051287274429070e-03  2.105890911680155e-03	1.000000000000000e+00	0	104
105	6.396889850501192e+02 2.897303551701447e+03 9.955619306542025e+02	-1.013538512435118e-02  1.350459921609013e-02 -3.369214091738950e-03	1.000000000000000e+00	0	105
106	7.687158809730475e+02 2.971904942343070e+03 7.919336440896514e+02	-2.223819898367374e-02  2.240215317386772e-02 -1.639541901939845e-04	1.000000000000000e+00	0	106
107	8.376467085679818e+02 5.408473529610582e+01 6.426902713107203e+02	-1.990235407514940e-02  1.774815932304282e-02  2.154194752106581e-03	1.000000000000000e+00	0	107
108	9.118922613412607e+02 2.110862004006223e+02 4.114432534329248e+02	 7.951070866403070e-03 -5.550774097819045e-03 -2.400296768584026e-03	1.000000000000000e+00	0	108
110	7.636140079195045e+02 8.021471028493503e+02 1.467726980521434e+03	-1.135798847808819e-01  5.018247733940498e-03  1.085616370469414e-01	1.000000000000000e+00	0	110
111	6.106755577581901e+02 1.033303684436890e+03 1.389508849095208e+03	 9.882968644818964e-02 -1.052062956250915e-01  6.376609176901903e-03	1.000000000000000e+00	0	111
112	4.001495109289878e+02 1.321637319399905e+03 1.311701260961396e+03	-1.804959274736650e-03 -2.748693123524951e-03  4.553652398261602e-03	1.000000000000000e+00	0	112
114	1.340222671707215e+02 1.532170869431497e+03 1.367294954688070e+03	-3.197009592031789e-03 -1.237376908544297e-02  1.557077867747476e-02	1.000000000000000e+00	0	114
115	1.413112561634461e+03 1.655196229963975e+03 1.464245675807333e+03	 2.371523037984658e-03 -1.461817145047044e-02  1.224664841248578e-02	1.000000000000000e+00	0	115
116	1.265650176234063e+03 1.707171831780370e+03 6.066608327585520e+01	 3.787934920186041e-03 -1.854770280283473e-02  1.475976788264869e-02	1.000000000000000e+00	0	116
117	1.047497671734902e+03 1.744774232128304e+03 2.412161874270828e+02	 1.093402666977402e-02 -2.382675952735362e-02  1.289273285757960e-02	1.000000000000000e+00	0	117
118	8.104705112934004e+02 1.713858659614429e+03 5.091589203824589e+02	 1.875742972850120e-02 -2.552393813215320e-02  6.766508403652001e-03	1.000000000000000e+00	0	118
119	6.384122110986423e+02 1.594407556369066e+03 8.006683238225806e+02	 2.526081407268618e-02 -2.372095025506006e-02 -1.539863817626121e-03	1.000000000000000e+00	0	119
120	5.445297710361742e+02 1.400458838489856e+03 1.088499481764258e+03	 1.266603071627003e-02 -8.711530397473737e-03 -3.954500318796291e-03	1.000000000000000e+00	0	120
121	6.840871770198828e+02 8.183681543546081e+02 3.196638380031689e+01	 1.197506222945542e-01 -9.666630897064267e-03 -1.100839913974900e-01	1.000000000000000e+00	0	121
122	8.390419775271636e+02 5.818020600227254e+02 1.135776776249188e+02	-1.025368703479420e-01  1.166444031110434e-01 -1.410753276310140e-02	1.000000000000000e+00	0	122
123	1.040732568832941e+03 2.880227658915246e+02 2.056663804503428e+02	-1.009305477578457e-02 -1.968885502214321e-02  2.978190979792779e-02	1.000000000000000e+00	0	123
124	1.309288669216392e+03 8.512493982366722e+01 1.400081061347487e+02	 7.139077083665518e-04  4.118511198580931e-03 -4.832418906947483e-03	1.000000000000000e+00	0	124
125	6.981991254248503e+02 2.390538550946207e+03 8.984998207461532e+02	1.359551576269723e-02 9.126655835285222e-03 4.468859927412003e-03	1.000000000000000e+00	0	125
126	6.332950876601528e+02 2.607506388654916e+03 6.166279452727460e+02	-4.404043556348897e-03 -3.554442958156988e-03 -8.496005981919095e-04	1.000000000000000e+00	0	126
127	6.117585027931760e+02 2.096707710340123e+03 1.105890038720563e+03	-1.048901878206294e-01 -1.141966714870561e-01  9.306483666426647e-03	1.000000000000000e+00	0	127
129	5.109000082859820e+02 1.826601873665379e+03 1.275137380888113e+03	-1.089324985703311e-01  1.311811228628902e-02 -1.220506108566202e-01	1.000000000000000e+00	0	129
131	1.138824622653856e+02 1.300483893682970e+03 1.404237814849925e+03	-4.010506227277369e-04  7.808363028726413e-04 -1.181886925600378e-03	1.000000000000000e+00	0	131
132	1.299430134259175e+03 1.083018237133059e+03 1.308184767278146e+03	-1.009398838620485e-03  1.377144710482437e-02 -1.478084594344485e-02	1.000000000000000e+00	0	132
133	1.005475964721510e+03 9.601342977298374e+02 1.137114537143702e+03	 1.954049439823017e-03  7.546853863675040e-03 -5.592804423852023e-03	1.000000000000000e+00	0	133
134	7.348422568850565e+02 9.283658368797657e+02 8.982492901573199e+02	 9.804503728143856e-04  1.865823825180922e-03 -8.853734523665364e-04	1.000000000000000e+00	0	134
135	5.113520626058072e+02 9.855716455605942e+02 6.175532871972422e+02	-8.443631214978355e-03 -9.608866730345304e-03  1.165235515366950e-03	1.000000000000000e+00	0	135
136	3.738111918376100e+02 1.143776752749541e+03 3.218073092400984e+02	1.876687763207956e-02 1.607079942467587e-02 2.696078207403696e-03	1.000000000000000e+00	0	136
137	3.066725149931819e+02 1.313103231306778e+03 8.534215383843353e+01	-1.149269644807050e-02 -7.743532838069512e-03 -3.749163610000985e-03	1.000000000000000e+00	0	137
138	2.768714110722615e+02 1.430266937169022e+03 1.437443720170750e+03	-4.831335575276331e-02 -9.602926653380572e-02  4.771591078104241e-02	1.000000000000000e+00	0	138
139	3.912227667947218e+02 1.648613896486282e+03 1.333448116575950e+03	 1.009737013364195e-01  1.300058193339763e-01 -2.903211799755683e-02	1.000000000000000e+00	0	139
140	4.906964186972222e+02 1.919288926943875e+03 1.162246738020857e+03	 1.104510528100877e-01 -1.576198619126770e-02  1.262130390013554e-01	1.000000000000000e+00	0	140
141	9.110880320303147e+02 2.469111006288292e+03 1.032816272009532e+03	-1.066118304049560e-03  2.232090349762807e-03 -3.298208653812367e-03	1.000000000000000e+00	0	141
142	1.200496343662853e+03 2.667773193557712e+03 1.123562396372651e+03	 8.944739385691369e-05 -3.045523468066729e-03  3.134970861923642e-03	1.000000000000000e+00	0	142
143	1.422945189870534e+03 2.760901476806884e+03 1.252882959331160e+03	-5.005748219477593e-03 -2.126157557956152e-02  1.625582736008392e-02	1.000000000000000e+00	0	143
144	6.856440404002474e+01 2.800266959251451e+03 1.358203067171564e+03	-5.384178100306536e-03 -1.878249853554353e-02  1.339832043523700e-02	1.000000000000000e+00	0	144
145	1.860850841552492e+02 2.824438393057751e+03 1.451552313480488e+03	1.220985641262463e-03 1.791098534071168e-04 1.041875787855347e-03	1.000000000000000e+00	0	145
146	3.117425840119657e+02 2.817014912552625e+03 8.556691772685046e+01	 1.910126691017807e-03  3.524281166395347e-03 -1.614154475377541e-03	1.000000000000000e+00	0	146
147	4.884334557999789e+02 2.758914599076518e+03 3.203581029909708e+02	 4.724365790751041e-03  5.678384066027511e-03 -9.540182752764687e-04	1.000000000000000e+00	0	147
148	1.076733791336079e+03 8.904181680858359e+02 1.424132163148766e+03	 1.468219545566758e-02 -1.322438416283621e-02 -1.457811292831366e-03	1.000000000000000e+00	0	148
149	1.019988301805134e+03 7.987404121667890e+02 7.348903248327770e+01	 7.998946893750563e-03 -6.748100870101131e-03 -1.250846023649433e-03	1.000000000000000e+00	0	149
150	9.738622577969401e+02 6.343236735653811e+02 2.840318150928795e+02	-2.894584313428359e-02  1.882711883984714e-02  1.011872429443645e-02	1.000000000000000e+00	0	150
151	1.066839375688212e+03 3.351198778845456e+02 4.902584928824427e+02	 1.073344564562044e-01 -1.191244331227830e-01  1.178997666657858e-02	1.000000000000000e+00	0	151
153	1.146571023192952e+03 1.086338907094362e+02 6.370128325528129e+02	 1.159379609392150e-01  1.085487167625508e-02 -1.267928326154700e-01	1.000000000000000e+00	0	153
155	1.158317514325797e+02 2.497877182802526e+03 7.775751883355763e+02	 2.922042094552167e-03  6.536010541165102e-03 -9.458052635717270e-03	1.000000000000000e+00	0	155
156	3.791466441035583e+02 2.319655141514966e+03 6.924823369521571e+02	 8.376699462533944e-04  9.021199002527146e-03 -9.858868948780542e-03	1.000000000000000e+00	0	156
157	6.717836446020235e+02 2.203054007809157e+03 5.164464701595009e+02	-4.680493685597317e-03  1.667697222149596e-02 -1.199647853589865e-02	1.000000000000000e+00	0	157
158	9.414713221761650e+02 2.170867980195750e+03 2.789448201987668e+02	-6.469431085519840e-03  1.215276539189886e-02 -5.683334306379022e-03	1.000000000000000e+00	0	158
159	1.114795419115619e+03 2.203161189394330e+03 7.332751406073309e+01	-4.832628978741605e-03  6.167229795215259e-03 -1.334600816473654e-03	1.000000000000000e+00	0	159
160	1.209804776986796e+03 2.255900394888817e+03 1.424645326810550e+03	-3.043705784672250e-03  3.574101394468772e-03 -5.303956097965224e-04	1.000000000000000e+00	0	160
161	1.311679223286317e+03 2.376098250537419e+03 1.202573024862426e+03	-1.624694314203788e-03  1.305272627260749e-03  3.194216869430390e-04	1.000000000000000e+00	0	161
162	1.372393556528684e+03 2.595686210423318e+03 9.222707317341599e+02	 4.713893036143516e-03 -3.296430054762687e-03 -1.417462981380830e-03	1.000000000000000e+00	0	162
163	1.288269878122660e+03 2.885229286150192e+03 7.168513344133095e+02	-1.048727939107449e-01  1.084194164025383e-01 -3.546622491793416e-03	1.000000000000000e+00	0	163
164	1.186291417428427e+03 1.596117516690171e+02 5.463145773577562e+02	-1.165559433291525e-01 -1.392268567033811e-02  1.304786289994906e-01	1.000000000000000e+00	0	164
165	7.687821559174664e+02 7.112194908600344e+02 4.122160996777000e+02	 4.112553762762216e-03  9.072248997265829e-03 -1.318480276002804e-02	1.000000000000000e+00	0	165
166	4.780623165052223e+02 9.013910981043539e+02 5.127643318456245e+02	 1.008959152908630e-03 -1.791219208951840e-02  1.690323293660977e-02	1.000000000000000e+00	0	166
167	1.832926226790598e+02 1.027628659457077e+03 6.812964643190637e+02	 6.793421766001479e-04 -2.859451734166545e-03  2.180109557566397e-03	1.000000000000000e+00	0	167
168	1.390566774009654e+03 1.061021697939681e+03 9.396956506213464e+02	-4.677275221651169e-03  8.741985485964540e-03 -4.064710264313371e-03	1.000000000000000e+00	0	168
169	1.184386423982595e+03 1.005666277925541e+03 1.201231420662545e+03	-1.735662521455181e-02  2.009543445590121e-02 -2.738809241349402e-03	1.000000000000000e+00	0	169
170	3.384248701033966e+02 2.862241580765595e+03 1.331888016536778e+03	 3.513315176800073e-03 -7.895579301570459e-03  4.382264124770386e-03	1.000000000000000e+00	0	170
171	4.693515640312164e+02 2.859669422439941e+03 1.203533480934612e+03	-2.842279559776012e-03  5.333604266400441e-03 -2.491324706624430e-03	1.000000000000000e+00	0	171
172	5.866978527982509e+02 2.878190929801942e+03 1.067665684805576e+03	-9.659631178581572e-03  1.376082026553642e-02 -4.101189086954848e-03	1.000000000000000e+00	0	172
173	6.902989289930922e+02 2.919463755105083e+03 9.227917833075935e+02	-1.527095520189344e-02  1.902972068985197e-02 -3.758765487958527e-03	1.000000000000000e+00	0	173
174	8.934803637774472e+02 1.576284361208624e+02 4.833129152764981e+02	-7.646542670977123e-03  5.782691844209663e-03  1.863850826767460e-03	1.000000000000000e+00	0	174
175	9.281303874745561e+02 2.663942135781544e+02 3.398971141220974e+02	 2.552299157887657e-02 -1.780957750459682e-02 -7.713414074279741e-03	1.000000000000000e+00	0	175
177	7.848638274087291e+02 7.530338810874016e+02 1.495590382794158e+03	-1.254722249041764e-01  1.907146640168804e-02  1.064007585024883e-01	1.000000000000000e+00	0	177
178	7.377209800747530e+02 8.541287395485086e+02 1.441638371667027e+03	-1.142538036532645e-01 -6.310145448111231e-03  1.205639491013757e-01	1.000000000000000e+00	0	178
179	6.595781664802258e+02 9.667753992046604e+02 1.407134525605402e+03	-1.575259975519724e-01 -6.268151454176883e-02  2.202075120937412e-01	1.000000000000000e+00	0	179
181	4.733160081928676e+02 1.265921438215911e+03 1.294250644881510e+03	 1.718370038993396e-02  1.216907786840866e-02 -2.935277825834262e-02	1.000000000000000e+00	0	181
183	3.312480783819340e+02 1.380391715405896e+03 1.321848297502459e+03	-9.135665775395338e-03 -1.441913460068692e-02  2.355480037608226e-02	1.000000000000000e+00	0	183
184	2.001944535603336e+02 1.486167578351302e+03 1.347126059378653e+03	-6.489099962594799e-03 -1.854351010330231e-02  2.503261006589711e-02	1.000000000000000e+00	0	184
185	6.687858340589530e+01 1.575274788860243e+03 1.391334719024150e+03	-1.804784690229333e-03 -1.052324928051717e-02  1.232803397074650e-02	1.000000000000000e+00	0	185
186	1.114311113815650e+03 1.740074525583128e+03 1.791024518915109e+02	 1.075847835175667e-02 -2.522170997359163e-02  1.446323162183496e-02	1.000000000000000e+00	0	186
187	9.818269195644920e+02 1.747164407591849e+03 3.044967641339472e+02	 1.403998561446321e-02 -2.809270322722930e-02  1.405271761276609e-02	1.000000000000000e+00	0	187
188	8.641198530281445e+02 1.731723060760719e+03 4.376451775014252e+02	 1.966776039183850e-02 -2.866416442584343e-02  8.996404034004920e-03	1.000000000000000e+00	0	188
189	7.592412129800942e+02 1.692784194773146e+03 5.814626835370481e+02	 2.306424854036370e-02 -2.918643567439196e-02  6.122187134028257e-03	1.000000000000000e+00	0	189
190	6.737959218766836e+02 1.633344382178534e+03 7.263477872350711e+02	 2.730377408262574e-02 -2.753498128443314e-02  2.312072018074046e-04	1.000000000000000e+00	0	190
191	6.066112295754007e+02 1.552150241491737e+03 8.747266202231513e+02	 2.911311531782017e-02 -2.540727358551631e-02 -3.705841732303862e-03	1.000000000000000e+00	0	191
192	5.606429798572165e+02 1.455307116852314e+03 1.017537994580759e+03	 2.528303923244730e-02 -1.814080849333881e-02 -7.142230739108492e-03	1.000000000000000e+00	0	192
193	5.292437494689894e+02 1.344650444123834e+03 1.159593897697465e+03	-2.896715291546035e-03  2.053549566221858e-03  8.431657253241769e-04	1.000000000000000e+00	0	193
195	6.639431775744895e+02 8.685391883964506e+02 1.939349203867778e+00	 1.399196510722367e-01 -2.637516834738333e-02 -1.135444827248534e-01	1.000000000000000e+00	0	195
196	7.093634631972204e+02 7.647391062097137e+02 6.031914576787377e+01	 1.150084158017698e-01  1.750540818389516e-03 -1.167589566201593e-01	1.000000000000000e+00	0	196
197	7.851527440323107e+02 6.492850517286180e+02 9.998391941387921e+01	 1.341271149057670e-01  6.003303223707497e-02 -1.941601471428420e-01	1.000000000000000e+00	0	197
200	9.651371788885756e+02 3.466316201128578e+02 2.226529161733745e+02	-5.657923764829991e-02 -1.546467728027609e-02  7.204391492857599e-02	1.000000000000000e+00	0	200
201	1.109379646533167e+03 2.290776832854020e+02 1.959643853562384e+02	-3.323384507109629e-03 -5.352218265076750e-03  8.675602772186378e-03	1.000000000000000e+00	0	201
202	1.243103818369164e+03 1.269921176673344e+02 1.643257791383098e+02	 8.145803113637013e-04  3.545662465452192e-03 -4.360242776815893e-03	1.000000000000000e+00	0	202
203	1.376209836782898e+03 4.426447297225705e+01 1.139474054196524e+02	 1.078477669232188e-03  8.064016718226244e-03 -9.142494387458431e-03	1.000000000000000e+00	0	203
204	6.886976402904713e+02 2.449631055449024e+03 8.299058311089567e+02	-7.031604035191375e-03 -4.316552860828893e-03 -2.715051174362481e-03	1.000000000000000e+00	0	204
205	6.577601825738409e+02 2.558482154704885e+03 6.901172741364650e+02	-1.081457205307516e-02 -8.395910195942789e-03 -2.418661857132372e-03	1.000000000000000e+00	0	205
206	7.148811083755788e+02 2.333315159635453e+03 9.724051950076351e+02	4.948320034037496e-02 1.616759355654933e-02 3.331560678382565e-02	1.000000000000000e+00	0	206
209	5.972344464362048e+02 2.032377686677396e+03 1.155696006026319e+03	-2.283280821126452e-01 -6.910406234490467e-02 -1.592240197677406e-01	1.000000000000000e+00	0	209
210	5.501439072235067e+02 1.898891955280832e+03 1.242091198210184e+03	-1.127759254834948e-01 -8.243058105942761e-05 -1.126934949024354e-01	1.000000000000000e+00	0	210
211	4.664879395433015e+02 1.755563274879350e+03 1.301763910931462e+03	-1.232216622492290e-01  3.943215491671696e-02 -1.626538171659460e-01	1.000000000000000e+00	0	211
213	1.726378762144204e+02 1.345636799352432e+03 1.417840323129499e+03	 4.060655441167662e-03 -1.244192534509941e-02  1.650258078626708e-02	1.000000000000000e+00	0	213
214	5.589747996412023e+01 1.254705753562824e+03 1.392030972668806e+03	-3.845397275857703e-03  8.688108292130672e-03 -1.253350556798838e-02	1.000000000000000e+00	0	214
215	1.373687611197989e+03 1.125884837054116e+03 1.339575644295902e+03	-2.524818025413621e-03  1.642149520482548e-02 -1.894631323023910e-02	1.000000000000000e+00	0	215
216	1.225002569417111e+03 1.043675266174785e+03 1.273100173394355e+03	 5.898421475391116e-04  1.861806182695448e-02 -1.802821967941536e-02	1.000000000000000e+00	0	216
217	1.078232286005912e+03 9.829593105280159e+02 1.187045845629925e+03	 2.080572685394642e-03  1.753287359074202e-02 -1.545230090534738e-02	1.000000000000000e+00	0	217
218	9.337695104693441e+02 9.425756694259054e+02 1.082966711195468e+03	 2.911304073400539e-03  9.066919956589562e-03 -6.155615883189023e-03	1.000000000000000e+00	0	218
219	7.988297648700316e+02 9.267507986621160e+02 9.638518363599447e+02	 3.686666501526397e-03  7.547865135636561e-03 -3.861198634110164e-03	1.000000000000000e+00	0	219
220	6.719285912522554e+02 9.321659945035425e+02 8.315354669007419e+02	 8.454868378602670e-04  1.499243680832697e-03 -6.537568429724303e-04	1.000000000000000e+00	0	220
221	5.596499863442363e+02 9.600016592982911e+02 6.914211971979745e+02	-5.918245802496396e-03 -7.448537913914930e-03  1.530292111418533e-03	1.000000000000000e+00	0	221
222	4.711891117199556e+02 1.020174678584442e+03 5.427873032875425e+02	8.925101478093011e-03 8.854330868125114e-03 7.077060996789694e-05	1.000000000000000e+00	0	222
223	4.031191862677682e+02 1.098914072633159e+03 3.959779837866388e+02	2.403257604593119e-02 2.135548579750701e-02 2.677090248424181e-03	1.000000000000000e+00	0	223
224	3.463710227358154e+02 1.190282942007962e+03 2.478609508798828e+02	1.730904887081806e-02 1.423531169346457e-02 3.073737177353489e-03	1.000000000000000e+00	0	224
227	4.008794078674920e+02 1.713208090968066e+03 1.278510563166936e+03	2.084946816405087e-01 7.090976797450800e-02 1.375849136660007e-01	1.000000000000000e+00	0	227
228	4.504873018876431e+02 1.847019239252780e+03 1.194307308902373e+03	 1.107887374651049e-01 -2.031857521537790e-03  1.128205949866427e-01	1.000000000000000e+00	0	228
230	5.359633868469562e+02 1.989982725799676e+03 1.136819907314789e+03	 1.282865232265819e-01 -4.614678618552639e-02  1.744333094121083e-01	1.000000000000000e+00	0	230
231	8.399773772142599e+02 2.412973471847072e+03 1.017843151634698e+03	-5.638497551491944e-03  1.259494957358875e-02 -1.823344712508070e-02	1.000000000000000e+00	0	231
232	9.821711015668440e+02 2.524584609728367e+03 1.048425738105987e+03	 2.311215741093266e-03 -5.613851911877161e-03  7.925067652970425e-03	1.000000000000000e+00	0	232
233	1.126073531479158e+03 2.624912633497784e+03 1.092000144248884e+03	 1.099587684651460e-03 -5.622996774811813e-03  6.722584459463274e-03	1.000000000000000e+00	0	233
234	1.275170808190915e+03 2.704495768364787e+03 1.161514286093638e+03	-7.873424736686312e-04 -1.063310885734263e-02  9.845766383673999e-03	1.000000000000000e+00	0	234
235	4.403472874335955e+02 2.784637708844518e+03 2.465488248565871e+02	 2.421300516133657e-03  3.012591067598354e-03 -5.912905514646971e-04	1.000000000000000e+00	0	235
236	6.071074848969458e+02 2.655216332376580e+03 5.427303987878753e+02	-2.465441475754201e-03 -2.081349606699824e-03 -3.840918690543762e-04	1.000000000000000e+00	0	236
237	5.347038587238046e+02 2.730993120534280e+03 3.945499844570343e+02	 2.466676532050000e-03  2.863271575290889e-03 -3.965950432408892e-04	1.000000000000000e+00	0	237
238	9.829170768192921e+02 6.936809076203050e+02 2.156197620156036e+02	-8.602518539662497e-03  5.285264838509203e-03  3.317253701153294e-03	1.000000000000000e+00	0	238
239	9.578764235933394e+02 5.752717730204419e+02 3.590695498414195e+02	-7.047370251167458e-02  1.517601434799128e-02  5.529768816368329e-02	1.000000000000000e+00	0	239
242	1.081217628027018e+03 2.727735371173044e+02 5.382265813108786e+02	 2.248698585353321e-01 -6.587723014684525e-02 -1.589926283884869e-01	1.000000000000000e+00	0	242
243	1.119534196564071e+03 1.597551762192441e+02 6.129283736718860e+02	 1.237314622311075e-01 -1.919711544441271e-03 -1.218117506866663e-01	1.000000000000000e+00	0	243
244	1.177587726813069e+03 5.729315002063106e+01 6.573368696215009e+02	 1.243273992836581e-01  2.983291237525749e-02 -1.541603116589156e-01	1.000000000000000e+00	0	244
246	5.740601063486187e+01 2.543563169904744e+03 7.903149420310758e+02	-6.635208769838900e-04 -1.474631267013432e-03  2.138152143997322e-03	1.000000000000000e+00	0	246
247	1.743234727856828e+02 2.452889723331163e+03 7.640709264538361e+02	 5.331535045626796e-03  1.354505902775463e-02 -1.887659407338142e-02	1.000000000000000e+00	0	247
248	3.049880194376277e+02 2.363464319222961e+03 7.228317839100924e+02	 2.495334214993953e-03  1.385331695816242e-02 -1.634865117315637e-02	1.000000000000000e+00	0	248
249	4.537084644331154e+02 2.279838976245632e+03 6.577366818919344e+02	-1.279531475863541e-04  1.096171032758332e-02 -1.083375717999697e-02	1.000000000000000e+00	0	249
250	5.996192422996136e+02 2.222528801412998e+03 5.691360788580702e+02	-4.009041148665847e-03  1.691318598812109e-02 -1.290414483945525e-02	1.000000000000000e+00	0	250
251	7.433235222542745e+02 2.185754587554010e+03 4.622060127623976e+02	-6.710722967259247e-03  2.119778564613583e-02 -1.448706267887658e-02	1.000000000000000e+00	0	251
252	8.776563616904111e+02 2.169263865144056e+03 3.443638957362143e+02	-8.927936909674842e-03  1.824407521691692e-02 -9.316138307242082e-03	1.000000000000000e+00	0	252
253	1.004012440047607e+03 2.175014536072184e+03 2.122571464508911e+02	-6.940633509607887e-03  1.217308089042748e-02 -5.232447380819592e-03	1.000000000000000e+00	0	253
254	1.284508807872226e+03 2.329265690392951e+03 1.276576000420984e+03	-1.839632364435413e-03  1.616716263846732e-03  2.229161005886806e-04	1.000000000000000e+00	0	254
255	1.335913090414366e+03 2.425254352648811e+03 1.129183055622985e+03	-8.838422747144624e-03  6.710651528046641e-03  2.127771219097983e-03	1.000000000000000e+00	0	255
256	1.363781574415892e+03 2.536011482442691e+03 9.905574418275786e+02	-1.330966435596970e-02  7.954222217104383e-03  5.355442138865320e-03	1.000000000000000e+00	0	256
258	1.388569810025791e+03 2.652587620800990e+03 8.491930678593798e+02	 3.774519060002243e-02 -1.430427159328362e-02 -2.344091900673881e-02	1.000000000000000e+00	0	258
260	1.273082505561374e+03 2.943051077826824e+03 6.742169152979637e+02	-2.636211601002330e-01  7.570696655636679e-02  1.879141935438662e-01	1.000000000000000e+00	0	260
261	1.225327872561276e+03 8.740658581088856e+01 5.794832880830357e+02	-1.212030229520625e-01  2.760001215710140e-04  1.209270228304914e-01	1.000000000000000e+00	0	261
263	1.141991167597113e+03 2.303570950879053e+02 5.198694837701829e+02	-1.319713598581810e-01 -4.427039272965727e-02  1.762417525878383e-01	1.000000000000000e+00	0	263
264	8.400906215001377e+02 6.554611003005589e+02 3.966660246545043e+02	 9.009973151570570e-03  2.055824945937068e-02 -2.956822261094125e-02	1.000000000000000e+00	0	264
265	6.973833049866031e+02 7.660999145526010e+02 4.287345269159966e+02	-1.620442628223078e-04 -6.391737111724188e-04  8.012179739947266e-04	1.000000000000000e+00	0	265
266	5.525397578372043e+02 8.634222171489066e+02 4.762557714690899e+02	-1.093697350302285e-03 -1.032568589774265e-02  1.141938324804494e-02	1.000000000000000e+00	0	266
267	4.029973092756886e+02 9.350682133430315e+02 5.541522238364806e+02	 5.375673795297637e-04 -2.705879078831151e-02  2.652122340878174e-02	1.000000000000000e+00	0	267
268	2.562335500238781e+02 1.004564912656035e+03 6.314192837752876e+02	 1.918118271094462e-03 -1.242828110804824e-02  1.051016283695378e-02	1.000000000000000e+00	0	268
269	1.111197681355372e+02 1.046573455534955e+03 7.345245227847086e+02	 7.937891147645096e-04 -2.567491259277794e-03  1.773702144513285e-03	1.000000000000000e+00	0	269
270	1.444633952528890e+03 1.062765085246802e+03 8.838850847949903e+02	-2.547895991913887e-03  5.040974895434241e-03 -2.493078903520355e-03	1.000000000000000e+00	0	270
271	1.337214196677358e+03 1.057763351642663e+03 9.963065742506608e+02	-5.213963060639756e-03  9.262794031838445e-03 -4.048830971198690e-03	1.000000000000000e+00	0	271
272	1.232211528635832e+03 1.032307601641600e+03 1.126764992293250e+03	-1.941595192124725e-02  2.448115441015909e-02 -5.065202488911836e-03	1.000000000000000e+00	0	272
273	1.156336548239344e+03 9.575902766324347e+02 1.277357297698903e+03	 2.407878337508529e-02 -2.339605258592920e-02 -6.827307891560799e-04	1.000000000000000e+00	0	273
275	8.133967762920627e+02 6.700823206585821e+02 5.094261822416304e+01	-1.852762173462442e-01  4.168462158817945e-02  1.435915957580648e-01	1.000000000000000e+00	0	275
276	6.399031510575901e+02 9.462172021872606e+02 1.447367738045438e+03	 2.079249683420695e-01 -4.305263982094019e-02 -1.648723285211293e-01	1.000000000000000e+00	0	276
278	8.157223178663481e+02 2.717008284548259e+01 6.915293144629770e+02	-1.382781687533431e-02  1.312613913332317e-02  7.016777420111394e-04	1.000000000000000e+00	0	278
0	 0.000000000000000e+00 -7.071067811865475e-01  7.071067811865475e-01	5.773502691896257e-01 5.773502691896257e-01 5.773502691896257e-01	1.011162697096763e+03 1.011162697096763e+03 1.011162697096763e+03	1	0	0.000000000000000e+00	0.000000000000000e+00	0.000000000000000e+00
1	7.071067811865475e-01 7.071067811865475e-01 0.000000000000000e+00	 5.773502691896257e-01 -5.773502691896257e-01 -5.773502691896257e-01	-3.639242900506764e+02  3.639242900506764e+02  3.639242900506764e+02	1	0	0.000000000000000e+00	0.000000000000000e+00	0.000000000000000e+00
2	-7.071067811865475e-01  7.071067811865475e-01  0.000000000000000e+00	5.773502691896257e-01 5.773502691896257e-01 5.773502691896257e-01	6.307392488184003e+02 6.307392488184003e+02 6.307392488184003e+02	1	0	0.000000000000000e+00	0.000000000000000e+00	0.000000000000000e+00
0	0	1	0	1
0	35	0	1	0
0	1	102	1	0
0	2	3	0	1
0	102	2	1	0
0	3	103	1	0
0	103	4	1	0
0	4	170	1	0
0	171	5	1	0
0	5	172	1	0
0	6	106	1	0
0	173	6	1	0
0	7	8	0	1
0	106	7	1	0
0	8	278	1	0
0	107	9	1	0
0	9	174	1	0
0	10	99	1	0
0	175	10	1	0
0	12	13	0	1
0	275	12	1	0
0	13	177	1	0
0	178	14	1	0
0	14	179	1	0
0	111	15	1	0
0	15	181	1	0
0	183	16	1	0
0	16	184	1	0
0	17	18	0	1
0	185	17	1	0
0	18	19	1	0
0	19	115	1	0
0	20	21	0	1
0	115	20	1	0
0	21	116	1	0
0	116	22	1	0
0	22	186	1	0
0	187	23	1	0
0	23	188	1	0
0	189	24	1	0
0	24	190	1	0
0	191	25	1	0
0	25	192	1	0
0	26	97	1	0
0	193	26	1	0
0	28	29	0	1
0	276	28	1	0
0	29	195	1	0
0	196	30	1	0
0	30	197	1	0
0	122	31	1	0
0	31	200	1	0
0	201	32	1	0
0	32	202	1	0
0	33	34	0	1
0	203	33	1	0
0	34	35	1	0
0	97	194	1	0
0	99	176	1	0
0	170	104	1	0
0	104	171	1	0
0	172	105	1	0
0	105	173	1	0
0	278	107	1	0
0	174	108	1	0
0	108	175	1	0
0	177	110	1	0
0	110	178	1	0
0	179	111	1	0
0	181	112	1	0
0	112	183	1	0
0	184	114	1	0
0	114	185	1	0
0	186	117	1	0
0	117	187	1	0
0	188	118	1	0
0	118	189	1	0
0	190	119	1	0
0	119	191	1	0
0	192	120	1	0
0	120	193	1	0
0	195	121	1	0
0	121	196	1	0
0	197	122	1	0
0	200	123	1	0
0	123	201	1	0
0	202	124	1	0
0	124	203	1	0
0	176	275	1	0
0	194	276	1	0
1	36	204	1	0
1	205	36	1	0
1	37	127	1	0
1	206	37	1	0
1	209	38	1	0
1	38	210	1	0
1	211	39	1	0
1	39	212	1	0
1	40	213	1	0
1	280	40	1	0
1	41	42	0	1
1	214	41	1	0
1	42	43	1	0
1	43	215	1	0
1	216	44	1	0
1	44	217	1	0
1	218	45	1	0
1	45	219	1	0
1	220	46	1	0
1	46	221	1	0
1	222	47	1	0
1	47	223	1	0
1	48	137	1	0
1	224	48	1	0
1	49	50	0	1
1	137	49	1	0
1	50	138	1	0
1	227	52	1	0
1	52	228	1	0
1	53	229	1	0
1	230	53	1	0
1	98	54	1	0
1	54	231	1	0
1	232	55	1	0
1	55	233	1	0
1	56	143	1	0
1	234	56	1	0
1	57	58	0	1
1	143	57	1	0
1	58	144	1	0
1	144	59	1	0
1	59	145	1	0
1	60	61	0	1
1	145	60	1	0
1	61	146	1	0
1	146	62	1	0
1	62	235	1	0
1	63	236	1	0
1	237	63	1	0
1	229	98	1	0
1	204	125	1	0
1	125	206	1	0
1	126	205	1	0
1	236	126	1	0
1	127	209	1	0
1	210	129	1	0
1	129	211	1	0
1	213	131	1	0
1	131	214	1	0
1	215	132	1	0
1	132	216	1	0
1	217	133	1	0
1	133	218	1	0
1	219	134	1	0
1	134	220	1	0
1	221	135	1	0
1	135	222	1	0
1	223	136	1	0
1	136	224	1	0
1	138	139	1	0
1	139	227	1	0
1	228	140	1	0
1	140	230	1	0
1	231	141	1	0
1	141	232	1	0
1	233	142	1	0
1	142	234	1	0
1	235	147	1	0
1	147	237	1	0
1	212	280	1	0
2	64	65	0	1
2	148	64	1	0
2	65	149	1	0
2	149	66	1	0
2	66	238	1	0
2	67	151	1	0
2	239	67	1	0
2	242	68	1	0
2	68	243	1	0
2	69	70	0	1
2	244	69	1	0
2	70	71	1	0
2	71	245	1	0
2	72	73	1	0
2	101	72	1	0
2	73	74	0	1
2	74	246	1	0
2	247	75	1	0
2	75	248	1	0
2	249	76	1	0
2	76	250	1	0
2	251	77	1	0
2	77	252	1	0
2	78	159	1	0
2	253	78	1	0
2	79	80	0	1
2	159	79	1	0
2	80	160	1	0
2	160	81	1	0
2	81	254	1	0
2	255	82	1	0
2	82	256	1	0
2	83	163	1	0
2	258	83	1	0
2	84	85	0	1
2	260	84	1	0
2	85	86	1	0
2	86	261	1	0
2	87	262	1	0
2	263	87	1	0
2	100	88	1	0
2	88	264	1	0
2	265	89	1	0
2	89	266	1	0
2	267	90	1	0
2	90	268	1	0
2	91	92	1	0
2	269	91	1	0
2	92	93	0	1
2	93	270	1	0
2	271	94	1	0
2	94	272	1	0
2	95	148	1	0
2	273	95	1	0
2	262	100	1	0
2	245	101	1	0
2	238	150	1	0
2	150	239	1	0
2	151	242	1	0
2	243	153	1	0
2	153	244	1	0
2	246	155	1	0
2	155	247	1	0
2	248	156	1	0
2	156	249	1	0
2	250	157	1	0
2	157	251	1	0
2	252	158	1	0
2	158	253	1	0
2	254	161	1	0
2	161	255	1	0
2	256	162	1	0
2	162	258	1	0
2	163	260	1	0
2	261	164	1	0
2	164	263	1	0
2	264	165	1	0
2	165	265	1	0
2	266	166	1	0
2	166	267	1	0
2	268	167	1	0
2	167	269	1	0
2	270	168	1	0
2	168	271	1	0
2	272	169	1	0
2	169	273	1	0
0	0	 1.499066376115482e+03 -2.170803011797682e+01  1.556129745292783e+03	0	 1.005847359619910e-15  2.998132752230965e+03 -1.499066376115484e+03	0
0	1	 1.499066376115482e+03 -2.170803011797705e+01  1.556129745292783e+03	1	-1.499066376115484e+03  2.998132752230965e+03 -1.499066376115484e+03	3
0	2	 1.588193290268720e+03 -5.377157509391543e+01  1.499066376115484e+03	2	-1.499066376115484e+03  2.998132752230965e+03 -1.499066376115484e+03	1
0	3	 1.588193290268720e+03 -5.377157509391543e+01  1.499066376115484e+03	3	-1.499066376115484e+03  2.998132752230965e+03  0.000000000000000e+00	2
0	4	 1.769238151947889e+03 -1.295450642579208e+02  1.393795003600320e+03	4	-1.499066376115484e+03  2.998132752230965e+03  0.000000000000000e+00	-1
0	5	 2.030354909374636e+03 -1.346364715682116e+02  1.137769653483864e+03	5	-1.499066376115484e+03  2.998132752230965e+03  0.000000000000000e+00	-1
0	6	 2.235775800387684e+03 -5.236762104135596e+01  8.500799119439596e+02	6	-1.499066376115484e+03  2.998132752230965e+03  0.000000000000000e+00	-1
0	7	 2.290870731693711e+03 -1.705302565824240e-12  7.426173595965788e+02	7	-1.499066376115484e+03  2.998132752230965e+03  0.000000000000000e+00	1
0	8	 2.290870731693711e+03 -1.818989403545856e-12  7.426173595965793e+02	8	-1.499066376115484e+03  0.000000000000000e+00  4.030010838596754e-14	0
0	9	2.371001391960978e+03 1.075085089703660e+02 5.549781903589478e+02	9	-1.499066376115484e+03  0.000000000000000e+00  4.030010838596754e-14	-1
0	10	2.445364061696695e+03 3.247827527840316e+02 2.633412768095655e+02	10	-1.499066376115484e+03  0.000000000000000e+00  4.030010838596754e-14	-1
0	12	 2.285752747998235e+03  7.477353432920543e+02 -6.821210263296962e-13	12	-1.499066376115484e+03  0.000000000000000e+00  4.030010838596754e-14	2
0	13	 2.285752747998235e+03  7.477353432920543e+02 -1.023181539494544e-12	13	-1.499066376115484e+03  1.230587543381537e-14  1.499066376115484e+03	4
0	14	 2.209140567320332e+03  9.015269833338569e+02 -7.717945936389992e+01	14	-1.499066376115484e+03  1.230587543381537e-14  1.499066376115484e+03	-1
0	15	 2.003199291761749e+03  1.232423093543430e+03 -2.021342940148911e+02	15	-1.499066376115484e+03  1.230587543381537e-14  1.499066376115484e+03	-1
0	16	 1.763060653653693e+03  1.438700682714752e+03 -1.682732450781568e+02	16	-1.499066376115484e+03  1.230587543381537e-14  1.499066376115484e+03	-1
0	17	 1.499066376115483e+03  1.615531174639822e+03 -8.110945946501590e+01	17	-1.499066376115484e+03  1.230587543381537e-14  1.499066376115484e+03	3
0	18	 1.499066376115483e+03  1.615531174639822e+03 -8.110945946501590e+01	18	0.000000000000000e+00 2.753524782538943e-14 1.499066376115484e+03	0
0	19	 1.472814083331511e+03  1.631333280068639e+03 -7.065927210986456e+01	19	0.000000000000000e+00 2.753524782538943e-14 1.499066376115484e+03	-1
0	20	 1.359338171755314e+03  1.674149919534975e+03 -9.094947017729282e-13	20	0.000000000000000e+00 2.753524782538943e-14 1.499066376115484e+03	2
0	21	 1.359338171755315e+03  1.674149919534974e+03 -1.023181539494544e-12	21	-4.025158196581172e-15  4.035160026761814e-14  0.000000000000000e+00	1
0	22	1.181271981256927e+03 1.732394153720393e+03 1.198219563129689e+02	22	-4.025158196581172e-15  4.035160026761814e-14  0.000000000000000e+00	-1
0	23	9.196851790114740e+02 1.745033352379856e+03 3.687695598989581e+02	23	-4.025158196581172e-15  4.035160026761814e-14  0.000000000000000e+00	-1
0	24	7.128009555062449e+02 1.667287840074692e+03 6.533992957093519e+02	24	-4.025158196581172e-15  4.035160026761814e-14  0.000000000000000e+00	-1
0	25	5.800720666425464e+02 1.506535224188917e+03 9.468808004588253e+02	25	-4.025158196581172e-15  4.035160026761814e-14  0.000000000000000e+00	-1
0	26	5.113437140857382e+02 1.288463874647149e+03 1.233680502557402e+03	26	-4.025158196581172e-15  4.035160026761814e-14  0.000000000000000e+00	-1
0	28	6.630739800401275e+02 8.713477351346804e+02 1.499066376115481e+03	28	-4.025158196581172e-15  4.035160026761814e-14  0.000000000000000e+00	4
0	29	6.630739800401277e+02 8.713477351346801e+02 1.499066376115481e+03	29	-8.050316393162344e-15  5.316795270984683e-14 -1.499066376115484e+03	2
0	30	7.367345463578467e+02 7.152482748906403e+02 1.581505270041805e+03	30	-8.050316393162344e-15  5.316795270984683e-14 -1.499066376115484e+03	-1
0	31	9.418340830772715e+02 3.865568113084983e+02 1.705097196904522e+03	31	-8.050316393162344e-15  5.316795270984683e-14 -1.499066376115484e+03	-1
0	32	1.178094518922097e+03 1.710016058278934e+02 1.684391966540301e+03	32	-8.050316393162344e-15  5.316795270984683e-14 -1.499066376115484e+03	-1
0	33	 1.451633338835545e+03 -1.364242052659392e-12  1.581854752454745e+03	33	-8.050316393162344e-15  5.316795270984683e-14 -1.499066376115484e+03	0
0	34	 1.451633338835544e+03 -1.364242052659392e-12  1.581854752454745e+03	34	 1.005847359619910e-15  2.998132752230965e+03 -1.499066376115484e+03	1
0	35	 1.472702503147397e+03 -1.236505106298500e+01  1.573150639205877e+03	35	 1.005847359619910e-15  2.998132752230965e+03 -1.499066376115484e+03	-1
1	36	2.178130464551985e+03 2.507889281756375e+03 7.620140529476362e+02	36	-1.499066376115484e+03  1.106659759674790e-14  7.403478797196665e-15	-1
1	37	2.204568568993649e+03 2.297535399712976e+03 9.988060394326983e+02	37	-1.499066376115484e+03  1.106659759674790e-14  7.403478797196665e-15	-1
1	38	2.080346924022169e+03 1.967342016677533e+03 1.204777777496662e+03	38	-1.499066376115484e+03  1.106659759674790e-14  7.403478797196665e-15	-1
1	39	1.915172840925866e+03 1.691192318889247e+03 1.315753392188644e+03	39	-1.499066376115484e+03  1.106659759674790e-14  7.403478797196665e-15	-1
1	40	1.738189290145416e+03 1.389514714199996e+03 1.440447446097445e+03	40	-1.499066376115484e+03  1.106659759674790e-14  7.403478797196665e-15	-1
1	41	1.499066376115482e+03 1.212046018553974e+03 1.378793227713538e+03	41	-1.499066376115484e+03  1.106659759674790e-14  7.403478797196665e-15	4
1	42	1.499066376115482e+03 1.212046018553974e+03 1.378793227713538e+03	42	0.000000000000000e+00 2.629596998832196e-14 2.301162899144159e-14	1
1	43	1.446153512823117e+03 1.171664077756986e+03 1.366262305218159e+03	43	0.000000000000000e+00 2.629596998832196e-14 2.301162899144159e-14	-1
1	44	1.152311391724684e+03 1.018379796298221e+03 1.225704465578492e+03	44	0.000000000000000e+00 2.629596998832196e-14 2.301162899144159e-14	-1
1	45	8.641509611967361e+02 9.293759490913011e+02 1.026547882257464e+03	45	0.000000000000000e+00 2.629596998832196e-14 2.301162899144159e-14	-1
1	46	6.112574375406390e+02 9.394060956388810e+02 7.636242120537872e+02	46	0.000000000000000e+00 2.629596998832196e-14 2.301162899144159e-14	-1
1	47	4.342526772743922e+02 1.056816479599719e+03 4.692090678267023e+02	47	0.000000000000000e+00 2.629596998832196e-14 2.301162899144159e-14	-1
1	48	3.219959204135254e+02 1.238475435278010e+03 1.752933552875445e+02	48	0.000000000000000e+00 2.629596998832196e-14 2.301162899144159e-14	-1
1	49	2.893670770510864e+02 1.381139947203115e+03 2.842170943040401e-13	49	0.000000000000000e+00 2.629596998832196e-14 2.301162899144159e-14	2
1	50	2.893670770510864e+02 1.381139947203115e+03 1.705302565824240e-13	50	2.881180732755041e-14 3.860184542213733e-14 1.499066376115484e+03	0
1	52	 4.182502472601944e+02  1.778276393036126e+03 -2.682532756239063e+02	52	2.881180732755041e-14 3.860184542213733e-14 1.499066376115484e+03	-1
1	53	 5.872192751084410e+02  2.053317200773220e+03 -3.743250555127534e+02	53	2.881180732755041e-14 3.860184542213733e-14 1.499066376115484e+03	-1
1	54	 7.647226581561364e+02  2.355426497648330e+03 -4.989309693401675e+02	54	2.881180732755041e-14 3.860184542213733e-14 1.499066376115484e+03	-1
1	55	 1.053378048313760e+03  2.577328725749391e+03 -4.321778072836053e+02	55	2.881180732755041e-14 3.860184542213733e-14 1.499066376115484e+03	-1
1	56	 1.348535943485864e+03  2.735641921253169e+03 -2.953331076152795e+02	56	2.881180732755041e-14 3.860184542213733e-14 1.499066376115484e+03	-1
1	57	 1.499066376115481e+03  2.781612227717761e+03 -1.907729814502503e+02	57	2.881180732755041e-14 3.860184542213733e-14 1.499066376115484e+03	1
1	58	 1.499066376115481e+03  2.781612227717761e+03 -1.907729814502503e+02	58	-1.499066376115484e+03  4.966844301888522e-14  1.499066376115484e+03	2
1	59	 1.635827523099489e+03  2.814608993678149e+03 -8.700860042663862e+01	59	-1.499066376115484e+03  4.966844301888522e-14  1.499066376115484e+03	-1
1	60	1.730015108723839e+03 2.821787978875867e+03 1.477928890381008e-12	60	-1.499066376115484e+03  4.966844301888522e-14  1.499066376115484e+03	0
1	61	1.730015108723839e+03 2.821787978875867e+03 1.477928890381008e-12	61	-1.499066376115484e+03  1.106659759674790e-14  7.403478797196665e-15	3
1	62	1.888870880831041e+03 2.806740525344812e+03 1.739032256382546e+02	62	-1.499066376115484e+03  1.106659759674790e-14  7.403478797196665e-15	-1
1	63	2.076637413856303e+03 2.699707965665365e+03 4.687023183429640e+02	63	-1.499066376115484e+03  1.106659759674790e-14  7.403478797196665e-15	-1
2	64	-4.509815917763904e+02  8.441329621161086e+02  1.499066376115482e+03	64	1.499066376115484e+03 1.522937239157407e-14 1.560815019424493e-14	4
2	65	-4.509815917763906e+02  8.441329621161087e+02  1.499066376115483e+03	65	 1.499066376115484e+03  2.804572483380277e-14 -1.499066376115484e+03	2
2	66	-5.044942289988661e+02  7.510095134576807e+02  1.645702461996386e+03	66	 1.499066376115484e+03  2.804572483380277e-14 -1.499066376115484e+03	-1
2	67	-5.249700965043601e+02  5.356996792621864e+02  1.881488163697374e+03	67	 1.499066376115484e+03  2.804572483380277e-14 -1.499066376115484e+03	-1
2	68	-4.004042551509510e+02  2.065784588304555e+02  2.086043542775697e+03	68	 1.499066376115484e+03  2.804572483380277e-14 -1.499066376115484e+03	-1
2	69	-2.825223889655830e+02  4.547473508864641e-13  2.174740135420783e+03	69	 1.499066376115484e+03  2.804572483380277e-14 -1.499066376115484e+03	0
2	70	-2.825223889655830e+02  4.547473508864641e-13  2.174740135420783e+03	70	 1.499066376115484e+03  2.998132752230965e+03 -1.499066376115484e+03	1
2	71	-2.339252769653974e+02 -7.147199459912463e+01  2.197615018019719e+03	71	 1.499066376115484e+03  2.998132752230965e+03 -1.499066376115484e+03	-1
2	72	-5.422852207607662e+01 -3.677737081655032e+02  2.314219976696777e+03	72	 1.499066376115484e+03  2.998132752230965e+03 -1.499066376115484e+03	-1
2	73	-1.705302565824240e-12 -4.099363962131538e+02  2.302154142668356e+03	73	 1.499066376115484e+03  2.998132752230965e+03 -1.499066376115484e+03	0
2	74	-1.705302565824240e-12 -4.099363962131538e+02  2.302154142668356e+03	74	 0.000000000000000e+00  2.998132752230965e+03 -1.499066376115484e+03	3
2	75	 2.324744905256723e+02 -5.875754775402929e+02  2.247318733469821e+03	75	 0.000000000000000e+00  2.998132752230965e+03 -1.499066376115484e+03	-1
2	76	 5.272757238947614e+02 -7.517641773848013e+02  2.116706199945241e+03	76	 0.000000000000000e+00  2.998132752230965e+03 -1.499066376115484e+03	-1
2	77	 8.126880368812655e+02 -8.259615472784835e+02  1.905491256852419e+03	77	 0.000000000000000e+00  2.998132752230965e+03 -1.499066376115484e+03	-1
2	78	 1.063835839493762e+03 -8.153677392986119e+02  1.643749646260050e+03	78	 0.000000000000000e+00  2.998132752230965e+03 -1.499066376115484e+03	-1
2	79	 1.161948500448515e+03 -7.687971301087996e+02  1.499066376115485e+03	79	 0.000000000000000e+00  2.998132752230965e+03 -1.499066376115484e+03	1
2	80	 1.161948500448515e+03 -7.687971301087994e+02  1.499066376115484e+03	80	2.881180732755041e-14 2.998132752230965e+03 0.000000000000000e+00	2
2	81	 1.253707262963710e+03 -7.120104412250430e+02  1.350520924716529e+03	81	2.881180732755041e-14 2.998132752230965e+03 0.000000000000000e+00	-1
2	82	 1.355739927999980e+03 -5.213367427965954e+02  1.057814561251812e+03	82	2.881180732755041e-14 2.998132752230965e+03 0.000000000000000e+00	-1
2	83	 1.382911225796424e+03 -3.110422070983964e+02  8.203487277571694e+02	83	2.881180732755041e-14 2.998132752230965e+03 0.000000000000000e+00	-1
2	84	 1.260578993449282e+03 -2.273736754432321e-13  6.316387530059194e+02	84	2.881180732755041e-14 2.998132752230965e+03 0.000000000000000e+00	1
2	85	 1.260578993449282e+03 -2.273736754432321e-13  6.316387530059194e+02	85	8.137780172766422e-14 0.000000000000000e+00 4.030010838596754e-14	0
2	86	1.256090230669112e+03 1.977432962180110e+01 6.163531861642876e+02	86	8.137780172766422e-14 0.000000000000000e+00 4.030010838596754e-14	-1
2	87	1.091606023135274e+03 2.934794896389811e+02 5.071322336809457e+02	87	8.137780172766422e-14 0.000000000000000e+00 4.030010838596754e-14	-1
2	88	9.166649706875806e+02 5.972105262911882e+02 3.783422494764317e+02	88	8.137780172766422e-14 0.000000000000000e+00 4.030010838596754e-14	-1
2	89	6.257443481119301e+02 8.178255989492376e+02 4.486477993940329e+02	89	8.137780172766422e-14 0.000000000000000e+00 4.030010838596754e-14	-1
2	90	3.288594657196890e+02 9.746259080886872e+02 5.887323726468246e+02	90	8.137780172766422e-14 0.000000000000000e+00 4.030010838596754e-14	-1
2	91	4.047369387504231e+01 1.061557944012235e+03 7.901861085679237e+02	91	8.137780172766422e-14 0.000000000000000e+00 4.030010838596754e-14	-1
2	92	-7.958078640513122e-13  1.062072741857712e+03  8.301450045974898e+02	92	8.137780172766422e-14 0.000000000000000e+00 4.030010838596754e-14	3
2	93	-6.821210263296962e-13  1.062072741857712e+03  8.301450045974897e+02	93	1.499066376115484e+03 1.522937239157407e-14 1.560815019424493e-14	0
2	94	-2.138191369827580e+02  1.051848409020055e+03  1.054188474417900e+03	94	1.499066376115484e+03 1.522937239157407e-14 1.560815019424493e-14	-1
2	95	-3.882502339563068e+02  9.292428074379122e+02  1.351225172973592e+03	95	1.499066376115484e+03 1.522937239157407e-14 1.560815019424493e-14	-1
0	97	5.041329156462654e+02 1.232423093543430e+03 1.296932082100593e+03	15	-4.025158196581172e-15  4.035160026761814e-14  0.000000000000000e+00	-1
1	98	 7.055021928781649e+02  2.297535399712976e+03 -5.002603366827857e+02	37	2.881180732755041e-14 3.860184542213733e-14 1.499066376115484e+03	-1
0	99	2.440900459192756e+03 3.865568113084984e+02 2.060308207890379e+02	31	-1.499066376115484e+03  0.000000000000000e+00  4.030010838596754e-14	-1
2	100	9.740962796111238e+02 5.356996792621864e+02 3.824217875818904e+02	67	8.137780172766422e-14 0.000000000000000e+00 4.030010838596754e-14	-1
2	101	-1.161551503190601e+02 -3.110422070983964e+02  2.319415103872653e+03	83	 1.499066376115484e+03  2.998132752230965e+03 -1.499066376115484e+03	-1
0	102	 1.548652495843141e+03 -3.928064088706333e+01  1.524116236334215e+03	102	-1.499066376115484e+03  2.998132752230965e+03 -1.499066376115484e+03	-1
0	103	 1.683673133051354e+03 -8.876308550597105e+01  1.438578043744905e+03	103	-1.499066376115484e+03  2.998132752230965e+03  0.000000000000000e+00	-1
0	104	 1.903451068807654e+03 -1.380451225266625e+02  1.268082145009296e+03	104	-1.499066376115484e+03  2.998132752230965e+03  0.000000000000000e+00	-1
0	105	 2.138755361165603e+03 -1.008292005295175e+02  9.955619306542023e+02	105	-1.499066376115484e+03  2.998132752230965e+03  0.000000000000000e+00	-1
0	106	 2.267782257088531e+03 -2.622780988789464e+01  7.919336440896512e+02	106	-1.499066376115484e+03  2.998132752230965e+03  0.000000000000000e+00	-1
0	107	2.336713084683466e+03 5.408473529610576e+01 6.426902713107202e+02	107	-1.499066376115484e+03  0.000000000000000e+00  4.030010838596754e-14	-1
0	108	2.410958637456745e+03 2.110862004006223e+02 4.114432534329248e+02	108	-1.499066376115484e+03  0.000000000000000e+00  4.030010838596754e-14	-1
0	110	 2.262680384034988e+03  8.021471028493503e+02 -3.133939559405030e+01	110	-1.499066376115484e+03  1.230587543381537e-14  1.499066376115484e+03	-1
0	111	 2.109741933873674e+03  1.033303684436890e+03 -1.095575270202755e+02	111	-1.499066376115484e+03  1.230587543381537e-14  1.499066376115484e+03	-1
0	112	 1.899215887044472e+03  1.321637319399905e+03 -1.873651151540885e+02	112	-1.499066376115484e+03  1.230587543381537e-14  1.499066376115484e+03	-1
0	114	 1.633088643286206e+03  1.532170869431497e+03 -1.317714214274138e+02	114	-1.499066376115484e+03  1.230587543381537e-14  1.499066376115484e+03	-1
0	115	 1.413112561634461e+03  1.655196229963975e+03 -3.482070030815134e+01	115	0.000000000000000e+00 2.753524782538943e-14 1.499066376115484e+03	-1
0	116	1.265650176234063e+03 1.707171831780370e+03 6.066608327585526e+01	116	-4.025158196581172e-15  4.035160026761814e-14  0.000000000000000e+00	-1
0	117	1.047497671734902e+03 1.744774232128304e+03 2.412161874270827e+02	117	-4.025158196581172e-15  4.035160026761814e-14  0.000000000000000e+00	-1
0	118	8.104705112934004e+02 1.713858659614429e+03 5.091589203824589e+02	118	-4.025158196581172e-15  4.035160026761814e-14  0.000000000000000e+00	-1
0	119	6.384122110986423e+02 1.594407556369066e+03 8.006683238225806e+02	119	-4.025158196581172e-15  4.035160026761814e-14  0.000000000000000e+00	-1
0	120	5.445297710361742e+02 1.400458838489856e+03 1.088499481764258e+03	120	-4.025158196581172e-15  4.035160026761814e-14  0.000000000000000e+00	-1
0	121	6.840871770198828e+02 8.183681543546081e+02 1.531032759915801e+03	121	-8.050316393162344e-15  5.316795270984683e-14 -1.499066376115484e+03	-1
0	122	8.390419775271636e+02 5.818020600227254e+02 1.612644053740403e+03	122	-8.050316393162344e-15  5.316795270984683e-14 -1.499066376115484e+03	-1
0	123	1.040732568832941e+03 2.880227658915246e+02 1.704732756565827e+03	123	-8.050316393162344e-15  5.316795270984683e-14 -1.499066376115484e+03	-1
0	124	1.309288669216392e+03 8.512493982366718e+01 1.639074482250233e+03	124	-8.050316393162344e-15  5.316795270984683e-14 -1.499066376115484e+03	-1
1	125	2.197265501540334e+03 2.390538550946207e+03 8.984998207461532e+02	125	-1.499066376115484e+03  1.106659759674790e-14  7.403478797196665e-15	-1
1	126	2.132361463775637e+03 2.607506388654916e+03 6.166279452727460e+02	126	-1.499066376115484e+03  1.106659759674790e-14  7.403478797196665e-15	-1
1	127	2.110824878908660e+03 2.096707710340123e+03 1.105890038720563e+03	127	-1.499066376115484e+03  1.106659759674790e-14  7.403478797196665e-15	-1
1	129	2.009966384401466e+03 1.826601873665379e+03 1.275137380888113e+03	129	-1.499066376115484e+03  1.106659759674790e-14  7.403478797196665e-15	-1
1	131	1.612948838380870e+03 1.300483893682970e+03 1.404237814849925e+03	131	-1.499066376115484e+03  1.106659759674790e-14  7.403478797196665e-15	-1
1	132	1.299430134259175e+03 1.083018237133059e+03 1.308184767278146e+03	132	0.000000000000000e+00 2.629596998832196e-14 2.301162899144159e-14	-1
1	133	1.005475964721510e+03 9.601342977298374e+02 1.137114537143702e+03	133	0.000000000000000e+00 2.629596998832196e-14 2.301162899144159e-14	-1
1	134	7.348422568850564e+02 9.283658368797658e+02 8.982492901573200e+02	134	0.000000000000000e+00 2.629596998832196e-14 2.301162899144159e-14	-1
1	135	5.113520626058072e+02 9.855716455605942e+02 6.175532871972422e+02	135	0.000000000000000e+00 2.629596998832196e-14 2.301162899144159e-14	-1
1	136	3.738111918376100e+02 1.143776752749541e+03 3.218073092400984e+02	136	0.000000000000000e+00 2.629596998832196e-14 2.301162899144159e-14	-1
1	137	3.066725149931819e+02 1.313103231306778e+03 8.534215383843350e+01	137	0.000000000000000e+00 2.629596998832196e-14 2.301162899144159e-14	-1
1	138	 2.768714110722615e+02  1.430266937169022e+03 -6.162265594473433e+01	138	2.881180732755041e-14 3.860184542213733e-14 1.499066376115484e+03	-1
1	139	 3.912227667947217e+02  1.648613896486282e+03 -1.656182595395342e+02	139	2.881180732755041e-14 3.860184542213733e-14 1.499066376115484e+03	-1
1	140	 4.906964186972222e+02  1.919288926943875e+03 -3.368196380946272e+02	140	2.881180732755041e-14 3.860184542213733e-14 1.499066376115484e+03	-1
1	141	 9.110880320303147e+02  2.469111006288292e+03 -4.662501041059518e+02	141	2.881180732755041e-14 3.860184542213733e-14 1.499066376115484e+03	-1
1	142	 1.200496343662853e+03  2.667773193557712e+03 -3.755039797428333e+02	142	2.881180732755041e-14 3.860184542213733e-14 1.499066376115484e+03	-1
1	143	 1.422945189870534e+03  2.760901476806884e+03 -2.461834167843238e+02	143	2.881180732755041e-14 3.860184542213733e-14 1.499066376115484e+03	-1
1	144	 1.567630780155509e+03  2.800266959251451e+03 -1.408633089439202e+02	144	-1.499066376115484e+03  4.966844301888522e-14  1.499066376115484e+03	-1
1	145	 1.685151460270733e+03  2.824438393057751e+03 -4.751406263499598e+01	145	-1.499066376115484e+03  4.966844301888522e-14  1.499066376115484e+03	-1
1	146	1.810808960127450e+03 2.817014912552625e+03 8.556691772685048e+01	146	-1.499066376115484e+03  1.106659759674790e-14  7.403478797196665e-15	-1
1	147	1.987499831915463e+03 2.758914599076518e+03 3.203581029909708e+02	147	-1.499066376115484e+03  1.106659759674790e-14  7.403478797196665e-15	-1
2	148	-4.223325847794047e+02  8.904181680858359e+02  1.424132163148766e+03	148	1.499066376115484e+03 1.522937239157407e-14 1.560815019424493e-14	-1
2	149	-4.790780743103500e+02  7.987404121667890e+02  1.572555408598762e+03	149	 1.499066376115484e+03  2.804572483380277e-14 -1.499066376115484e+03	-1
2	150	-5.252041183185439e+02  6.343236735653811e+02  1.783098191208363e+03	150	 1.499066376115484e+03  2.804572483380277e-14 -1.499066376115484e+03	-1
2	151	-4.322270004272716e+02  3.351198778845456e+02  1.989324868997927e+03	151	 1.499066376115484e+03  2.804572483380277e-14 -1.499066376115484e+03	-1
2	153	-3.524953529225324e+02  1.086338907094362e+02  2.136079208668297e+03	153	 1.499066376115484e+03  2.804572483380277e-14 -1.499066376115484e+03	-1
2	155	 1.158317514325797e+02 -5.002555694284392e+02  2.276641564451060e+03	155	 0.000000000000000e+00  2.998132752230965e+03 -1.499066376115484e+03	-1
2	156	 3.791466441035583e+02 -6.784776107159987e+02  2.191548713067641e+03	156	 0.000000000000000e+00  2.998132752230965e+03 -1.499066376115484e+03	-1
2	157	 6.717836446020235e+02 -7.950787444218076e+02  2.015512846274985e+03	157	 0.000000000000000e+00  2.998132752230965e+03 -1.499066376115484e+03	-1
2	158	 9.414713221761650e+02 -8.272647720352152e+02  1.778011196314251e+03	158	 0.000000000000000e+00  2.998132752230965e+03 -1.499066376115484e+03	-1
2	159	 1.114795419115619e+03 -7.949715628366348e+02  1.572393890176217e+03	159	 0.000000000000000e+00  2.998132752230965e+03 -1.499066376115484e+03	-1
2	160	 1.209804776986796e+03 -7.422323573421481e+02  1.424645326810550e+03	160	2.881180732755041e-14 2.998132752230965e+03 0.000000000000000e+00	-1
2	161	 1.311679223286317e+03 -6.220345016935457e+02  1.202573024862426e+03	161	2.881180732755041e-14 2.998132752230965e+03 0.000000000000000e+00	-1
2	162	 1.372393556528684e+03 -4.024465418076466e+02  9.222707317341599e+02	162	2.881180732755041e-14 2.998132752230965e+03 0.000000000000000e+00	-1
2	163	 1.288269878122660e+03 -1.129034660807729e+02  7.168513344133095e+02	163	2.881180732755041e-14 2.998132752230965e+03 0.000000000000000e+00	-1
2	164	1.186291417428427e+03 1.596117516690171e+02 5.463145773577562e+02	164	8.137780172766422e-14 0.000000000000000e+00 4.030010838596754e-14	-1
2	165	7.687821559174663e+02 7.112194908600344e+02 4.122160996777000e+02	165	8.137780172766422e-14 0.000000000000000e+00 4.030010838596754e-14	-1
2	166	4.780623165052223e+02 9.013910981043539e+02 5.127643318456245e+02	166	8.137780172766422e-14 0.000000000000000e+00 4.030010838596754e-14	-1
2	167	1.832926226790597e+02 1.027628659457077e+03 6.812964643190637e+02	167	8.137780172766422e-14 0.000000000000000e+00 4.030010838596754e-14	-1
2	168	-1.084996021058300e+02  1.061021697939681e+03  9.396956506213464e+02	168	1.499066376115484e+03 1.522937239157407e-14 1.560815019424493e-14	-1
2	169	-3.146799521328890e+02  1.005666277925541e+03  1.201231420662545e+03	169	1.499066376115484e+03 1.522937239157407e-14 1.560815019424493e-14	-1
0	170	 1.837491246218881e+03 -1.358911714653700e+02  1.331888016536778e+03	170	-1.499066376115484e+03  2.998132752230965e+03  0.000000000000000e+00	-1
0	171	 1.968417940146700e+03 -1.384633297910241e+02  1.203533480934612e+03	171	-1.499066376115484e+03  2.998132752230965e+03  0.000000000000000e+00	-1
0	172	 2.085764228913735e+03 -1.199418224290225e+02  1.067665684805576e+03	172	-1.499066376115484e+03  2.998132752230965e+03  0.000000000000000e+00	-1
0	173	 2.189365305108576e+03 -7.866899712588156e+01  9.227917833075935e+02	173	-1.499066376115484e+03  2.998132752230965e+03  0.000000000000000e+00	-1
0	174	2.392546739892931e+03 1.576284361208625e+02 4.833129152764982e+02	174	-1.499066376115484e+03  0.000000000000000e+00  4.030010838596754e-14	-1
0	175	2.427196763590040e+03 2.663942135781544e+02 3.398971141220974e+02	175	-1.499066376115484e+03  0.000000000000000e+00  4.030010838596754e-14	-1
0	176	2.338108353642648e+03 5.818020600227254e+02 1.135776776249188e+02	122	-1.499066376115484e+03  0.000000000000000e+00  4.030010838596754e-14	-1
0	177	 2.283930203524213e+03  7.530338810874016e+02 -3.475993321326314e+00	177	-1.499066376115484e+03  1.230587543381537e-14  1.499066376115484e+03	-1
0	178	 2.236787356190237e+03  8.541287395485086e+02 -5.742800444845716e+01	178	-1.499066376115484e+03  1.230587543381537e-14  1.499066376115484e+03	-1
0	179	 2.158644542595710e+03  9.667753992046605e+02 -9.193185051008163e+01	179	-1.499066376115484e+03  1.230587543381537e-14  1.499066376115484e+03	-1
0	181	 1.972382384308352e+03  1.265921438215911e+03 -2.048157312339745e+02	181	-1.499066376115484e+03  1.230587543381537e-14  1.499066376115484e+03	-1
0	183	 1.830314454497418e+03  1.380391715405896e+03 -1.772180786130255e+02	183	-1.499066376115484e+03  1.230587543381537e-14  1.499066376115484e+03	-1
0	184	 1.699260829675818e+03  1.486167578351302e+03 -1.519403167368309e+02	184	-1.499066376115484e+03  1.230587543381537e-14  1.499066376115484e+03	-1
0	185	 1.565944959521379e+03  1.575274788860243e+03 -1.077316570913335e+02	185	-1.499066376115484e+03  1.230587543381537e-14  1.499066376115484e+03	-1
0	186	1.114311113815650e+03 1.740074525583128e+03 1.791024518915109e+02	186	-4.025158196581172e-15  4.035160026761814e-14  0.000000000000000e+00	-1
0	187	9.818269195644920e+02 1.747164407591849e+03 3.044967641339472e+02	187	-4.025158196581172e-15  4.035160026761814e-14  0.000000000000000e+00	-1
0	188	8.641198530281445e+02 1.731723060760719e+03 4.376451775014253e+02	188	-4.025158196581172e-15  4.035160026761814e-14  0.000000000000000e+00	-1
0	189	7.592412129800942e+02 1.692784194773146e+03 5.814626835370481e+02	189	-4.025158196581172e-15  4.035160026761814e-14  0.000000000000000e+00	-1
0	190	6.737959218766836e+02 1.633344382178534e+03 7.263477872350711e+02	190	-4.025158196581172e-15  4.035160026761814e-14  0.000000000000000e+00	-1
0	191	6.066112295754007e+02 1.552150241491737e+03 8.747266202231513e+02	191	-4.025158196581172e-15  4.035160026761814e-14  0.000000000000000e+00	-1
0	192	5.606429798572165e+02 1.455307116852314e+03 1.017537994580759e+03	192	-4.025158196581172e-15  4.035160026761814e-14  0.000000000000000e+00	-1
0	193	5.292437494689894e+02 1.344650444123834e+03 1.159593897697465e+03	193	-4.025158196581172e-15  4.035160026761814e-14  0.000000000000000e+00	-1
0	194	6.106755577581899e+02 1.033303684436890e+03 1.389508849095208e+03	111	-4.025158196581172e-15  4.035160026761814e-14  0.000000000000000e+00	-1
0	195	6.639431775744895e+02 8.685391883964506e+02 1.501005725319352e+03	195	-8.050316393162344e-15  5.316795270984683e-14 -1.499066376115484e+03	-1
0	196	7.093634631972204e+02 7.647391062097137e+02 1.559385521883358e+03	196	-8.050316393162344e-15  5.316795270984683e-14 -1.499066376115484e+03	-1
0	197	7.851527440323107e+02 6.492850517286180e+02 1.599050295529363e+03	197	-8.050316393162344e-15  5.316795270984683e-14 -1.499066376115484e+03	-1
0	200	9.651371788885756e+02 3.466316201128578e+02 1.721719292288858e+03	200	-8.050316393162344e-15  5.316795270984683e-14 -1.499066376115484e+03	-1
0	201	1.109379646533167e+03 2.290776832854019e+02 1.695030761471722e+03	201	-8.050316393162344e-15  5.316795270984683e-14 -1.499066376115484e+03	-1
0	202	1.243103818369164e+03 1.269921176673344e+02 1.663392155253794e+03	202	-8.050316393162344e-15  5.316795270984683e-14 -1.499066376115484e+03	-1
0	203	1.376209836782898e+03 4.426447297225698e+01 1.613013781535136e+03	203	-8.050316393162344e-15  5.316795270984683e-14 -1.499066376115484e+03	-1
1	204	2.187764016405955e+03 2.449631055449024e+03 8.299058311089567e+02	204	-1.499066376115484e+03  1.106659759674790e-14  7.403478797196665e-15	-1
1	205	2.156826558689325e+03 2.558482154704885e+03 6.901172741364650e+02	205	-1.499066376115484e+03  1.106659759674790e-14  7.403478797196665e-15	-1
1	206	2.213947484491063e+03 2.333315159635453e+03 9.724051950076351e+02	206	-1.499066376115484e+03  1.106659759674790e-14  7.403478797196665e-15	-1
1	209	2.096300822551689e+03 2.032377686677396e+03 1.155696006026319e+03	209	-1.499066376115484e+03  1.106659759674790e-14  7.403478797196665e-15	-1
1	210	2.049210283338991e+03 1.898891955280832e+03 1.242091198210184e+03	210	-1.499066376115484e+03  1.106659759674790e-14  7.403478797196665e-15	-1
1	211	1.965554315658786e+03 1.755563274879350e+03 1.301763910931462e+03	211	-1.499066376115484e+03  1.106659759674790e-14  7.403478797196665e-15	-1
1	212	1.890289142910206e+03 1.648613896486282e+03 1.333448116575950e+03	139	-1.499066376115484e+03  1.106659759674790e-14  7.403478797196665e-15	-1
1	213	1.671704252329904e+03 1.345636799352432e+03 1.417840323129499e+03	213	-1.499066376115484e+03  1.106659759674790e-14  7.403478797196665e-15	-1
1	214	1.554963856079604e+03 1.254705753562824e+03 1.392030972668806e+03	214	-1.499066376115484e+03  1.106659759674790e-14  7.403478797196665e-15	-1
1	215	1.373687611197989e+03 1.125884837054116e+03 1.339575644295902e+03	215	0.000000000000000e+00 2.629596998832196e-14 2.301162899144159e-14	-1
1	216	1.225002569417111e+03 1.043675266174785e+03 1.273100173394355e+03	216	0.000000000000000e+00 2.629596998832196e-14 2.301162899144159e-14	-1
1	217	1.078232286005912e+03 9.829593105280160e+02 1.187045845629925e+03	217	0.000000000000000e+00 2.629596998832196e-14 2.301162899144159e-14	-1
1	218	9.337695104693441e+02 9.425756694259054e+02 1.082966711195468e+03	218	0.000000000000000e+00 2.629596998832196e-14 2.301162899144159e-14	-1
1	219	7.988297648700317e+02 9.267507986621159e+02 9.638518363599446e+02	219	0.000000000000000e+00 2.629596998832196e-14 2.301162899144159e-14	-1
1	220	6.719285912522553e+02 9.321659945035426e+02 8.315354669007420e+02	220	0.000000000000000e+00 2.629596998832196e-14 2.301162899144159e-14	-1
1	221	5.596499863442363e+02 9.600016592982911e+02 6.914211971979745e+02	221	0.000000000000000e+00 2.629596998832196e-14 2.301162899144159e-14	-1
1	222	4.711891117199556e+02 1.020174678584442e+03 5.427873032875425e+02	222	0.000000000000000e+00 2.629596998832196e-14 2.301162899144159e-14	-1
1	223	4.031191862677682e+02 1.098914072633159e+03 3.959779837866388e+02	223	0.000000000000000e+00 2.629596998832196e-14 2.301162899144159e-14	-1
1	224	3.463710227358154e+02 1.190282942007962e+03 2.478609508798827e+02	224	0.000000000000000e+00 2.629596998832196e-14 2.301162899144159e-14	-1
1	227	 4.008794078674920e+02  1.713208090968066e+03 -2.205558129485478e+02	227	2.881180732755041e-14 3.860184542213733e-14 1.499066376115484e+03	-1
1	228	 4.504873018876431e+02  1.847019239252780e+03 -3.047590672131114e+02	228	2.881180732755041e-14 3.860184542213733e-14 1.499066376115484e+03	-1
1	229	 6.117585027931760e+02  2.096707710340123e+03 -3.931763373949209e+02	127	2.881180732755041e-14 3.860184542213733e-14 1.499066376115484e+03	-1
1	230	 5.359633868469562e+02  1.989982725799676e+03 -3.622464688006946e+02	230	2.881180732755041e-14 3.860184542213733e-14 1.499066376115484e+03	-1
1	231	 8.399773772142599e+02  2.412973471847072e+03 -4.812232244807864e+02	231	2.881180732755041e-14 3.860184542213733e-14 1.499066376115484e+03	-1
1	232	 9.821711015668438e+02  2.524584609728367e+03 -4.506406380094966e+02	232	2.881180732755041e-14 3.860184542213733e-14 1.499066376115484e+03	-1
1	233	 1.126073531479158e+03  2.624912633497784e+03 -4.070662318665998e+02	233	2.881180732755041e-14 3.860184542213733e-14 1.499066376115484e+03	-1
1	234	 1.275170808190915e+03  2.704495768364787e+03 -3.375520900218460e+02	234	2.881180732755041e-14 3.860184542213733e-14 1.499066376115484e+03	-1
1	235	1.939413663549080e+03 2.784637708844518e+03 2.465488248565871e+02	235	-1.499066376115484e+03  1.106659759674790e-14  7.403478797196665e-15	-1
1	236	2.106173861012430e+03 2.655216332376580e+03 5.427303987878753e+02	236	-1.499066376115484e+03  1.106659759674790e-14  7.403478797196665e-15	-1
1	237	2.033770234839289e+03 2.730993120534280e+03 3.945499844570343e+02	237	-1.499066376115484e+03  1.106659759674790e-14  7.403478797196665e-15	-1
2	238	-5.161492992961919e+02  6.936809076203050e+02  1.714686138131088e+03	238	 1.499066376115484e+03  2.804572483380277e-14 -1.499066376115484e+03	-1
2	239	-5.411899525221446e+02  5.752717730204419e+02  1.858135925956904e+03	239	 1.499066376115484e+03  2.804572483380277e-14 -1.499066376115484e+03	-1
2	242	-4.178487480884662e+02  2.727735371173044e+02  2.037292957426363e+03	242	 1.499066376115484e+03  2.804572483380277e-14 -1.499066376115484e+03	-1
2	243	-3.795321795514133e+02  1.597551762192441e+02  2.111994749787370e+03	243	 1.499066376115484e+03  2.804572483380277e-14 -1.499066376115484e+03	-1
2	244	-3.214786493024151e+02  5.729315002063107e+01  2.156403245736985e+03	244	 1.499066376115484e+03  2.804572483380277e-14 -1.499066376115484e+03	-1
2	245	-2.107964979928238e+02 -1.129034660807729e+02  2.215917710528794e+03	163	 1.499066376115484e+03  2.998132752230965e+03 -1.499066376115484e+03	-1
2	246	 5.740601063486187e+01 -4.545695823262208e+02  2.289381318146560e+03	246	 0.000000000000000e+00  2.998132752230965e+03 -1.499066376115484e+03	-1
2	247	 1.743234727856828e+02 -5.452430288998021e+02  2.263137302569320e+03	247	 0.000000000000000e+00  2.998132752230965e+03 -1.499066376115484e+03	-1
2	248	 3.049880194376278e+02 -6.346684330080034e+02  2.221898160025577e+03	248	 0.000000000000000e+00  2.998132752230965e+03 -1.499066376115484e+03	-1
2	249	 4.537084644331154e+02 -7.182937759853330e+02  2.156803058007418e+03	249	 0.000000000000000e+00  2.998132752230965e+03 -1.499066376115484e+03	-1
2	250	 5.996192422996137e+02 -7.756039508179670e+02  2.068202454973554e+03	250	 0.000000000000000e+00  2.998132752230965e+03 -1.499066376115484e+03	-1
2	251	 7.433235222542744e+02 -8.123781646769553e+02  1.961272388877881e+03	251	 0.000000000000000e+00  2.998132752230965e+03 -1.499066376115484e+03	-1
2	252	 8.776563616904111e+02 -8.288688870869087e+02  1.843430271851698e+03	252	 0.000000000000000e+00  2.998132752230965e+03 -1.499066376115484e+03	-1
2	253	 1.004012440047606e+03 -8.231182161587808e+02  1.711323522566375e+03	253	 0.000000000000000e+00  2.998132752230965e+03 -1.499066376115484e+03	-1
2	254	 1.284508807872226e+03 -6.688670618380133e+02  1.276576000420984e+03	254	2.881180732755041e-14 2.998132752230965e+03 0.000000000000000e+00	-1
2	255	 1.335913090414366e+03 -5.728783995821541e+02  1.129183055622985e+03	255	2.881180732755041e-14 2.998132752230965e+03 0.000000000000000e+00	-1
2	256	 1.363781574415892e+03 -4.621212697882734e+02  9.905574418275786e+02	256	2.881180732755041e-14 2.998132752230965e+03 0.000000000000000e+00	-1
2	258	 1.388569810025791e+03 -3.455451314299744e+02  8.491930678593798e+02	258	2.881180732755041e-14 2.998132752230965e+03 0.000000000000000e+00	-1
2	260	 1.273082505561374e+03 -5.508167440414127e+01  6.742169152979637e+02	260	2.881180732755041e-14 2.998132752230965e+03 0.000000000000000e+00	-1
2	261	1.225327872561276e+03 8.740658581088854e+01 5.794832880830357e+02	261	8.137780172766422e-14 0.000000000000000e+00 4.030010838596754e-14	-1
2	262	1.066839375688212e+03 3.351198778845456e+02 4.902584928824426e+02	151	8.137780172766422e-14 0.000000000000000e+00 4.030010838596754e-14	-1
2	263	1.141991167597113e+03 2.303570950879053e+02 5.198694837701829e+02	263	8.137780172766422e-14 0.000000000000000e+00 4.030010838596754e-14	-1
2	264	8.400906215001376e+02 6.554611003005589e+02 3.966660246545042e+02	264	8.137780172766422e-14 0.000000000000000e+00 4.030010838596754e-14	-1
2	265	6.973833049866030e+02 7.660999145526010e+02 4.287345269159965e+02	265	8.137780172766422e-14 0.000000000000000e+00 4.030010838596754e-14	-1
2	266	5.525397578372042e+02 8.634222171489066e+02 4.762557714690898e+02	266	8.137780172766422e-14 0.000000000000000e+00 4.030010838596754e-14	-1
2	267	4.029973092756886e+02 9.350682133430315e+02 5.541522238364806e+02	267	8.137780172766422e-14 0.000000000000000e+00 4.030010838596754e-14	-1
2	268	2.562335500238781e+02 1.004564912656035e+03 6.314192837752876e+02	268	8.137780172766422e-14 0.000000000000000e+00 4.030010838596754e-14	-1
2	269	1.111197681355370e+02 1.046573455534955e+03 7.345245227847086e+02	269	8.137780172766422e-14 0.000000000000000e+00 4.030010838596754e-14	-1
2	270	-5.443242358659427e+01  1.062765085246802e+03  8.838850847949903e+02	270	1.499066376115484e+03 1.522937239157407e-14 1.560815019424493e-14	-1
2	271	-1.618521794381259e+02  1.057763351642663e+03  9.963065742506608e+02	271	1.499066376115484e+03 1.522937239157407e-14 1.560815019424493e-14	-1
2	272	-2.668548474796521e+02  1.032307601641600e+03  1.126764992293250e+03	272	1.499066376115484e+03 1.522937239157407e-14 1.560815019424493e-14	-1
2	273	-3.427298278761400e+02  9.575902766324347e+02  1.277357297698903e+03	273	1.499066376115484e+03 1.522937239157407e-14 1.560815019424493e-14	-1
0	275	2.312463152407547e+03 6.700823206585821e+02 5.094261822416300e+01	275	-1.499066376115484e+03  0.000000000000000e+00  4.030010838596754e-14	-1
0	276	6.399031510575901e+02 9.462172021872606e+02 1.447367738045438e+03	276	-4.025158196581172e-15  4.035160026761814e-14  0.000000000000000e+00	-1
0	278	2.314788693981832e+03 2.717008284548265e+01 6.915293144629771e+02	278	-1.499066376115484e+03  0.000000000000000e+00  4.030010838596754e-14	-1
1	280	1.775937787187745e+03 1.430266937169022e+03 1.437443720170750e+03	138	-1.499066376115484e+03  1.106659759674790e-14  7.403478797196665e-15	-1
