75
2
94
94
16	1.959903953731528e+02 8.482260992443717e+02 4.395371662808104e+02	0.000000000000000e+00 0.000000000000000e+00 0.000000000000000e+00	1.000000000000000e+00	0	16
37	1.278760930784382e+01 8.610269860001378e+02 2.435334934597353e+02	 2.923261157828937e-14  6.390091308193607e-14 -3.466851414142585e-14	1.000000000000000e+00	0	37
69	1.231641354964005e+03 3.691062379986508e-13 6.605763914911956e+02	-7.033754931173956e-04  1.146236005696594e-03 -4.428605125791982e-04	1.000000000000000e+00	1	69
70	1.231641354964005e+03 2.998132752230965e+03 6.605763914911956e+02	-7.033754931173956e-04  1.146236005696594e-03 -4.428605125791982e-04	1.000000000000000e+00	1	70
72	4.310212894650374e+02 1.568691908057406e+03 1.391570925048238e+03	 5.328210818716797e-03 -1.064575735813932e-02  5.317546539422526e-03	1.000000000000000e+00	0	72
75	6.272785648261097e+02 1.570258746476271e+03 1.193746811268301e+03	 8.283809327940242e-03 -1.654770516800509e-02  8.263895840064851e-03	1.000000000000000e+00	0	75
76	8.765008714762545e+02 1.570554963084199e+03 9.442282880102282e+02	 6.067160170879874e-03 -1.196336345595568e-02  5.896203285075804e-03	1.000000000000000e+00	0	76
77	1.134894130869230e+03 1.572486692363344e+03 6.839032993381073e+02	 5.154211687039245e-03 -1.014606241932898e-02  4.991850732289731e-03	1.000000000000000e+00	0	77
78	1.368144515537736e+03 1.574445132203069e+03 4.486944748298770e+02	 4.695849005559078e-03 -9.249244956165643e-03  4.553395950606566e-03	1.000000000000000e+00	0	78
81	9.960161043077413e+01 1.571233184729619e+03 2.213829512948080e+02	 4.775061653471694e-03 -9.876373738640474e-03  5.101312085168778e-03	1.000000000000000e+00	0	81
88	7.788980150954427e+02 9.265849244223492e+02 1.867348069374088e+02	-4.613139908817264e-03  8.789982386915925e-03 -4.176842478098661e-03	1.000000000000000e+00	0	88
89	6.220115357180341e+02 9.216681538950971e+02 3.485380568420696e+02	-8.739890702122759e-03  1.665295716185596e-02 -7.913066459733196e-03	1.000000000000000e+00	0	89
91	7.722009296787486e+01 9.278022114142304e+02 8.871954420730956e+02	-4.770752616037658e-03  9.992161853323109e-03 -5.221409237285451e-03	1.000000000000000e+00	0	91
126	1.078757481026669e+03 9.343036630489855e+02 1.378222978495027e+03	-3.849288212148552e-03  7.446878477966284e-03 -3.597590265817733e-03	1.000000000000000e+00	0	126
149	9.096776522400756e+02 9.294730139303172e+02 5.306708028480804e+01	-5.734189814103249e-03  1.096412940690257e-02 -5.229939592799318e-03	1.000000000000000e+00	0	149
156	7.514081560200186e+02 1.570146929336676e+03 1.069729037213987e+03	 6.879055869284879e-03 -1.358390268100062e-02  6.704846811715739e-03	1.000000000000000e+00	0	156
157	1.005871212776153e+03 1.571365691133295e+03 8.140472186612335e+02	 5.480780886451811e-03 -1.079173161279045e-02  5.310950726338639e-03	1.000000000000000e+00	0	157
158	1.254552742810159e+03 1.573692184257082e+03 5.630391955034410e+02	 5.112109169770700e-03 -1.005744243420395e-02  4.945333264433251e-03	1.000000000000000e+00	0	158
159	1.420782429460684e+03 1.575740221684486e+03 3.947614714255112e+02	 8.065559609599855e-03 -1.626251946573538e-02  8.196959856135524e-03	1.000000000000000e+00	0	159
160	3.775748672018243e+01 1.573094429514160e+03 2.813658302208582e+02	 5.919375907941635e-03 -1.221798226126507e-02  6.298606353323432e-03	1.000000000000000e+00	0	160
161	2.307937771472843e+02 1.569075977479110e+03 9.234799182880685e+01	 4.858032099942709e-03 -9.892427691062465e-03  5.034395591119756e-03	1.000000000000000e+00	0	161
165	7.138075616735199e+02 9.234950759521826e+02 2.549151088294983e+02	-8.606819394581928e-03  1.698269309380961e-02 -8.375873699227682e-03	1.000000000000000e+00	0	165
166	5.100807387434876e+02 9.211813980531492e+02 4.609556096585639e+02	-4.688560600870827e-03  8.970484224458466e-03 -4.281923623587639e-03	1.000000000000000e+00	0	166
167	2.032361386259362e+02 9.253187965838223e+02 7.636628112454423e+02	-3.752064674459182e-03  7.738848496190174e-03 -3.986783821730992e-03	1.000000000000000e+00	0	167
169	1.285403424577561e+03 9.342137219137094e+02 1.171666976079411e+03	-5.201787836092214e-03  1.053015492404123e-02 -5.328367087949011e-03	1.000000000000000e+00	0	169
238	8.276096623454901e+02 9.272024512331162e+02 1.374056328765946e+02	-5.950037790083367e-03  1.152093351453344e-02 -5.570895724450072e-03	1.000000000000000e+00	0	238
246	4.996824682805824e+02 1.568816855143899e+03 1.322784799146200e+03	 5.580433915161084e-03 -1.120916246131500e-02  5.628728546153913e-03	1.000000000000000e+00	0	246
247	5.828351498096536e+02 1.568241839974986e+03 1.240207132786042e+03	 4.032520585677137e-03 -7.925815918495350e-03  3.893295332818215e-03	1.000000000000000e+00	0	247
248	6.890623149203308e+02 1.568345278502562e+03 1.133876529147789e+03	 3.286754565285167e-03 -6.588782805521574e-03  3.302028240236407e-03	1.000000000000000e+00	0	248
249	8.151298426904842e+02 1.569469440252574e+03 1.006684839627623e+03	 4.476227935680913e-03 -8.912744818992608e-03  4.436516883311694e-03	1.000000000000000e+00	0	249
250	9.399569271152380e+02 1.570673810982963e+03 8.806533844724805e+02	 5.185803794356147e-03 -1.027598484387911e-02  5.090181049522960e-03	1.000000000000000e+00	0	250
251	1.071913394176224e+03 1.572065476503462e+03 7.473052518909951e+02	 5.597588739454382e-03 -1.105159149047162e-02  5.454002751017235e-03	1.000000000000000e+00	0	251
252	1.195142591092821e+03 1.573386348539424e+03 6.227551829384367e+02	 5.756124567494384e-03 -1.134101181128531e-02  5.584887243790929e-03	1.000000000000000e+00	0	252
253	1.312119732892665e+03 1.574681540498007e+03 5.044828491800093e+02	 6.070258767310320e-03 -1.202010036990446e-02  5.949841602594138e-03	1.000000000000000e+00	0	253
254	1.636357647866434e+02 1.570360406473548e+03 1.582215751950095e+02	 5.560580521226855e-03 -1.140481622962783e-02  5.844235708400978e-03	1.000000000000000e+00	0	254
255	2.930555090763874e+02 1.568839130100224e+03 3.032310727858976e+01	 5.393460080053905e-03 -1.082503901951819e-02  5.431578939464281e-03	1.000000000000000e+00	0	255
256	3.757601925513425e+02 1.568735417275296e+03 1.446788512744043e+03	 5.327073141427571e-03 -1.067124248395905e-02  5.344169342531478e-03	1.000000000000000e+00	0	256
265	6.657834391307240e+02 9.257026885878486e+02 3.007316187366282e+02	-4.298038680689647e-04  7.886091241068036e-04 -3.588052560378389e-04	1.000000000000000e+00	0	265
266	5.660873378177238e+02 9.220915943236023e+02 4.040388143138746e+02	-4.711315145095586e-03  9.377488352266507e-03 -4.666173207170922e-03	1.000000000000000e+00	0	266
267	4.446877588525865e+02 9.184559175204073e+02 5.290740700822070e+02	-7.817145543906999e-03  1.506170511770481e-02 -7.244559573797815e-03	1.000000000000000e+00	0	267
268	3.331792643314751e+02 9.217075838651176e+02 6.373308982586082e+02	-4.494954699652908e-03  9.444917155020513e-03 -4.949962455367603e-03	1.000000000000000e+00	0	268
269	1.387498402866665e+02 9.256931151837833e+02 8.277747909847509e+02	-6.176392663473793e-03  1.273892532779107e-02 -6.562532664317277e-03	1.000000000000000e+00	0	269
270	1.496610123114520e+03 9.298664859416249e+02 9.648075135145369e+02	-5.193911859735832e-03  1.082278450688380e-02 -5.628872647147970e-03	1.000000000000000e+00	0	270
271	1.412258787983388e+03 9.321359471487862e+02 1.046889387438507e+03	-5.118204135188695e-03  1.060696399389199e-02 -5.488759858703291e-03	1.000000000000000e+00	0	271
272	1.336933230027324e+03 9.335385556708154e+02 1.120812336872542e+03	-5.198143334190731e-03  1.066065841009802e-02 -5.462515075907294e-03	1.000000000000000e+00	0	272
273	1.206109780653606e+03 9.345880993192319e+02 1.250586242597844e+03	-5.271204739348232e-03  1.056746092200271e-02 -5.296256182654479e-03	1.000000000000000e+00	0	273
320	5.371980958723746e+02 1.628970966024403e+03 1.499066376115484e+03	 7.580111078105577e-15  1.656971419936986e-14 -8.989658258930691e-15	1.000000000000000e+00	1	320
321	5.371980958723746e+02 1.628970966024403e+03 1.935418855738656e-13	 7.580111078105577e-15  1.656971419936986e-14 -8.989658258930691e-15	1.000000000000000e+00	1	321
344	1.499066376115483e+03 2.450820464690248e+03 9.404636578804345e+02	 1.606031933769052e-03 -3.368748219731330e-03  1.762716285962278e-03	1.000000000000000e+00	1	344
345	-1.250555214937776e-12  2.450820464690248e+03  9.404636578804345e+02	 1.606031933769052e-03 -3.368748219731330e-03  1.762716285962278e-03	1.000000000000000e+00	1	345
366	9.888496083217432e+02 9.322381439092912e+02 1.470196370339647e+03	-4.285555792360504e-03  8.378950089074664e-03 -4.093394296714161e-03	1.000000000000000e+00	0	366
406	1.460473386755186e+03 1.574030021466756e+03 3.567807143487394e+02	 4.470756294222317e-03 -9.265515735186690e-03  4.794759440964374e-03	1.000000000000000e+00	0	406
433	 1.135560716698376e+03 -2.728484105318785e-12  7.282672107349273e+02	 2.087305588624237e-14  4.562737497363276e-14 -2.475447091782935e-14	1.000000000000000e+00	1	433
434	1.135560716698376e+03 2.998132752230962e+03 7.282672107349273e+02	 2.087305588624237e-14  4.562737497363276e-14 -2.475447091782935e-14	1.000000000000000e+00	1	434
580	4.099509805947828e+02 9.184123963746928e+02 5.638543694857252e+02	-5.509247861315333e-03  1.148926011105029e-02 -5.980012249734960e-03	7.500000000000000e-01	0	580
583	2.508144514925296e+02 9.234013211400268e+02 7.180019738226445e+02	-5.561889549280004e-03  1.161467334170637e-02 -6.052783792426363e-03	1.000000000000000e+00	0	583
599	-1.136868377216160e-12  8.603297863600317e+02  2.314430837919963e+02	 3.762106976462026e-14  8.218342821499014e-14 -4.456255859692252e-14	1.000000000000000e+00	1	599
600	1.499066376115483e+03 8.603297863600317e+02 2.314430837919961e+02	 3.762106976462026e-14  8.218342821499014e-14 -4.456255859692252e-14	1.000000000000000e+00	1	600
602	-2.501110429875553e-12  8.317666254898659e+02  2.600062446621644e+02	 2.894852801618019e-14  6.327992172912011e-14 -3.433160428429755e-14	1.000000000000000e+00	1	602
603	1.499066376115482e+03 8.317666254898677e+02 2.600062446621625e+02	 2.894852801618017e-14  6.327992172912008e-14 -3.433160428429753e-14	1.000000000000000e+00	1	603
604	1.499066376115478e+03 8.603297863600324e+02 2.314430837919946e+02	 3.762106976462262e-14  8.218342821499532e-14 -4.456255859692531e-14	1.000000000000000e+00	1	604
605	-6.366462912410498e-12  8.603297863600314e+02  2.314430837919950e+02	 3.762106976462250e-14  8.218342821499504e-14 -4.456255859692516e-14	1.000000000000000e+00	1	605
606	1.449658815539235e+03 8.576360120490569e+02 1.847292975267272e+02	 5.252370339424219e-14  1.146162663287805e-13 -6.209267684763429e-14	7.500000000000000e-01	0	606
616	 1.263532471842509e+03  8.562389658790571e+02 -2.955857780762017e-12	 5.963433656875207e-14  1.301329601837159e-13 -7.049875294955878e-14	1.000000000000000e+00	1	616
617	1.263532471842509e+03 8.562389658790571e+02 1.499066376115481e+03	 5.963433656875207e-14  1.301329601837159e-13 -7.049875294955878e-14	1.000000000000000e+00	1	617
631	1.499066376115482e+03 1.573557106402886e+03 3.186606400523137e+02	 5.202992217420179e-03 -1.075790340684269e-02  5.554911189422510e-03	1.000000000000000e+00	1	631
632	-2.273736754432321e-12  1.573557106402886e+03  3.186606400523133e+02	 5.202992217420179e-03 -1.075790340684269e-02  5.554911189422510e-03	1.000000000000000e+00	1	632
633	1.163311222927347e+03 9.344036216584230e+02 1.293569277984912e+03	-5.559281026302432e-03  1.108106824337951e-02 -5.521787217077075e-03	1.000000000000000e+00	0	633
634	1.037273306073756e+03 9.314828534440959e+02 1.422527963052830e+03	-8.938558132620218e-03  1.729363915294091e-02 -8.355081020320688e-03	1.000000000000000e+00	0	634
635	 3.234166896983224e+02  1.568801056756875e+03 -2.273736754432321e-13	 5.369089201043386e-03 -1.076857976958281e-02  5.399490568539422e-03	1.000000000000000e+00	1	635
636	3.234166896983224e+02 1.568801056756875e+03 1.499066376115484e+03	 5.369089201043385e-03 -1.076857976958281e-02  5.399490568539421e-03	1.000000000000000e+00	1	636
637	9.609538783262919e+02 9.312638681289103e+02 1.499066376115482e+03	-4.795972681531170e-03  9.289821410298120e-03 -4.493848728766951e-03	1.000000000000000e+00	1	637
638	 9.609538783262917e+02  9.312638681289104e+02 -1.364242052659392e-12	-4.795972681531174e-03  9.289821410298127e-03 -4.493848728766954e-03	1.000000000000000e+00	1	638
639	-6.007432246020320e-13  9.298028487298401e+02  9.624148977253614e+02	-5.180866756454802e-03  1.079717816963694e-02 -5.616311413182138e-03	1.000000000000000e+00	1	639
640	1.499066376115483e+03 9.298028487298402e+02 9.624148977253612e+02	-5.180866756454801e-03  1.079717816963694e-02 -5.616311413182138e-03	1.000000000000000e+00	1	640
2	-7.071067811865475e-01  7.071067811865475e-01  0.000000000000000e+00	5.773502691896257e-01 5.773502691896257e-01 5.773502691896257e-01	6.307392488184003e+02 6.307392488184003e+02 6.307392488184003e+02	1	0	0.000000000000000e+00	0.000000000000000e+00	0.000000000000000e+00
22	7.071067811865475e-01 7.071067811865475e-01 0.000000000000000e+00	 5.773502691896257e-01 -5.773502691896257e-01 -5.773502691896257e-01	-3.639242900506764e+02  3.639242900506764e+02  3.639242900506764e+02	1	0	0.000000000000000e+00	0.000000000000000e+00	0.000000000000000e+00
2	69	70	0	1
2	239	69	1	0
2	70	346	1	0
2	72	246	1	0
2	347	72	1	0
2	247	75	1	0
2	75	248	1	0
2	249	76	1	0
2	76	250	1	0
2	251	77	1	0
2	77	252	1	0
2	78	159	1	0
2	253	78	1	0
2	160	81	1	0
2	81	254	1	0
2	256	83	1	0
2	83	350	1	0
2	84	85	0	1
2	351	84	1	0
2	85	88	1	0
2	88	165	1	0
2	265	89	1	0
2	89	266	1	0
2	269	91	1	0
2	91	693	1	0
2	687	148	1	0
2	148	688	1	0
2	149	238	1	0
2	692	149	1	0
2	248	156	1	0
2	156	249	1	0
2	250	157	1	0
2	157	251	1	0
2	252	158	1	0
2	158	253	1	0
2	159	410	1	0
2	686	160	1	0
2	254	161	1	0
2	161	255	1	0
2	165	265	1	0
2	266	166	1	0
2	166	267	1	0
2	167	269	1	0
2	629	167	1	0
2	272	169	1	0
2	169	273	1	0
2	238	239	1	0
2	246	247	1	0
2	255	689	1	0
2	690	256	1	0
2	267	626	1	0
2	626	268	1	0
2	268	629	1	0
2	270	271	1	0
2	694	270	1	0
2	271	272	1	0
2	273	687	1	0
2	346	347	0	1
2	350	351	0	1
2	688	370	1	0
2	370	691	1	0
2	410	685	1	0
2	685	686	0	1
2	689	690	0	1
2	691	692	0	1
2	693	694	0	1
22	37	648	1	0
22	653	37	1	0
22	98	55	1	0
22	55	666	1	0
22	651	98	1	0
22	138	324	1	0
22	665	138	1	0
22	321	280	1	0
22	280	656	1	0
22	320	321	0	1
22	438	320	1	0
22	324	325	0	1
22	325	439	1	0
22	437	438	0	1
22	649	437	1	0
22	439	440	0	1
22	440	650	1	0
22	645	646	0	1
22	656	645	1	0
22	646	654	1	0
22	648	649	0	1
22	650	651	0	1
22	652	653	0	1
22	655	652	1	0
22	654	664	1	0
22	667	655	1	0
22	664	665	0	1
22	666	667	0	1
22	37	3.010920361538812e+03 3.859159738231102e+03 2.435334934597352e+02	37	-2.998132752230968e+03 -2.998132752230965e+03 -1.296998437598056e-15	-1
22	55	 1.695056771488637e+03  3.846358851475336e+03 -1.059529209834674e+03	16	-1.499066376115484e+03 -2.998132752230965e+03  1.499066376115484e+03	-1
2	69	-2.674250211514791e+02  3.410605131648481e-13  2.159642767606680e+03	69	 1.499066376115484e+03  2.804572483380277e-14 -1.499066376115484e+03	0
2	70	-2.674250211514791e+02  3.410605131648481e-13  2.159642767606680e+03	70	 1.499066376115484e+03  2.998132752230965e+03 -1.499066376115484e+03	1
2	72	 4.310212894650373e+02 -1.429440844173558e+03  2.890637301163722e+03	72	 0.000000000000000e+00  2.998132752230965e+03 -1.499066376115484e+03	-1
2	75	 6.272785648261096e+02 -1.427874005754694e+03  2.692813187383785e+03	75	 0.000000000000000e+00  2.998132752230965e+03 -1.499066376115484e+03	-1
2	76	 8.765008714762545e+02 -1.427577789146766e+03  2.443294664125712e+03	76	 0.000000000000000e+00  2.998132752230965e+03 -1.499066376115484e+03	-1
2	77	 1.134894130869230e+03 -1.425646059867620e+03  2.182969675453591e+03	77	 0.000000000000000e+00  2.998132752230965e+03 -1.499066376115484e+03	-1
2	78	 1.368144515537736e+03 -1.423687620027896e+03  1.947760850945361e+03	78	 0.000000000000000e+00  2.998132752230965e+03 -1.499066376115484e+03	-1
2	81	 1.598667986546258e+03 -1.426899567501346e+03  1.720449327410292e+03	81	-1.499066376115484e+03  2.998132752230965e+03 -1.499066376115484e+03	-1
2	83	 1.930087665580522e+03 -1.429440844173558e+03  1.391570925048238e+03	72	-1.499066376115484e+03  2.998132752230965e+03  6.516875392707817e-15	-1
2	84	 1.231641354964005e+03 -4.547473508864641e-13  6.605763914911962e+02	70	2.881180732755041e-14 2.998132752230965e+03 0.000000000000000e+00	1
2	85	 1.231641354964005e+03 -4.547473508864641e-13  6.605763914911961e+02	69	8.137780172766422e-14 0.000000000000000e+00 4.030010838596754e-14	0
2	88	7.788980150954426e+02 9.265849244223492e+02 1.867348069374088e+02	88	8.137780172766422e-14 0.000000000000000e+00 4.030010838596754e-14	-1
2	89	6.220115357180340e+02 9.216681538950971e+02 3.485380568420695e+02	89	8.137780172766422e-14 0.000000000000000e+00 4.030010838596754e-14	-1
2	91	7.722009296787479e+01 9.278022114142304e+02 8.871954420730956e+02	91	8.137780172766422e-14 0.000000000000000e+00 4.030010838596754e-14	-1
22	98	 1.511853985423328e+03  3.859159738231102e+03 -1.255532882655749e+03	37	-1.499066376115484e+03 -2.998132752230965e+03  1.499066376115484e+03	-1
22	138	1.959903953731528e+02 8.482260992443718e+02 4.395371662808104e+02	16	0.000000000000000e+00 2.629596998832196e-14 2.301162899144159e-14	-1
2	148	-4.203088950888148e+02  9.343036630489855e+02  1.378222978495027e+03	126	1.499066376115484e+03 1.522937239157407e-14 1.560815019424493e-14	-1
2	149	-5.893887238754083e+02  9.294730139303172e+02  1.552133456400292e+03	149	 1.499066376115484e+03  2.804572483380277e-14 -1.499066376115484e+03	-1
2	156	 7.514081560200186e+02 -1.427985822894289e+03  2.568795413329471e+03	156	 0.000000000000000e+00  2.998132752230965e+03 -1.499066376115484e+03	-1
2	157	 1.005871212776153e+03 -1.426767061097670e+03  2.313113594776717e+03	157	 0.000000000000000e+00  2.998132752230965e+03 -1.499066376115484e+03	-1
2	158	 1.254552742810159e+03 -1.424440567973883e+03  2.062105571618925e+03	158	 0.000000000000000e+00  2.998132752230965e+03 -1.499066376115484e+03	-1
2	159	 1.420782429460684e+03 -1.422392530546478e+03  1.893827847540995e+03	159	 0.000000000000000e+00  2.998132752230965e+03 -1.499066376115484e+03	-1
2	160	 1.536823862835667e+03 -1.425038322716805e+03  1.780432206336343e+03	160	-1.499066376115484e+03  2.998132752230965e+03 -1.499066376115484e+03	-1
2	161	 1.729860153262769e+03 -1.429056774751855e+03  1.591414367944291e+03	161	-1.499066376115484e+03  2.998132752230965e+03 -1.499066376115484e+03	-1
2	165	7.138075616735198e+02 9.234950759521826e+02 2.549151088294983e+02	165	8.137780172766422e-14 0.000000000000000e+00 4.030010838596754e-14	-1
2	166	5.100807387434876e+02 9.211813980531492e+02 4.609556096585638e+02	166	8.137780172766422e-14 0.000000000000000e+00 4.030010838596754e-14	-1
2	167	2.032361386259361e+02 9.253187965838223e+02 7.636628112454423e+02	167	8.137780172766422e-14 0.000000000000000e+00 4.030010838596754e-14	-1
2	169	-2.136629515379232e+02  9.342137219137094e+02  1.171666976079411e+03	169	1.499066376115484e+03 1.522937239157407e-14 1.560815019424493e-14	-1
2	238	-6.714567137699939e+02  9.272024512331162e+02  1.636472008992079e+03	238	 1.499066376115484e+03  2.804572483380277e-14 -1.499066376115484e+03	-1
2	239	-7.201683610200413e+02  9.265849244223492e+02  1.685801183052893e+03	88	 1.499066376115484e+03  2.804572483380277e-14 -1.499066376115484e+03	-1
2	246	 4.996824682805823e+02 -1.429315897087066e+03  2.821851175261684e+03	246	 0.000000000000000e+00  2.998132752230965e+03 -1.499066376115484e+03	-1
2	247	 5.828351498096537e+02 -1.429890912255978e+03  2.739273508901526e+03	247	 0.000000000000000e+00  2.998132752230965e+03 -1.499066376115484e+03	-1
2	248	 6.890623149203308e+02 -1.429787473728403e+03  2.632942905263273e+03	248	 0.000000000000000e+00  2.998132752230965e+03 -1.499066376115484e+03	-1
2	249	 8.151298426904841e+02 -1.428663311978391e+03  2.505751215743107e+03	249	 0.000000000000000e+00  2.998132752230965e+03 -1.499066376115484e+03	-1
2	250	 9.399569271152382e+02 -1.427458941248002e+03  2.379719760587965e+03	250	 0.000000000000000e+00  2.998132752230965e+03 -1.499066376115484e+03	-1
2	251	 1.071913394176224e+03 -1.426067275727502e+03  2.246371628006479e+03	251	 0.000000000000000e+00  2.998132752230965e+03 -1.499066376115484e+03	-1
2	252	 1.195142591092821e+03 -1.424746403691541e+03  2.121821559053921e+03	252	 0.000000000000000e+00  2.998132752230965e+03 -1.499066376115484e+03	-1
2	253	 1.312119732892665e+03 -1.423451211732958e+03  2.003549225295493e+03	253	 0.000000000000000e+00  2.998132752230965e+03 -1.499066376115484e+03	-1
2	254	 1.662702140902128e+03 -1.427772345757417e+03  1.657287951310494e+03	254	-1.499066376115484e+03  2.998132752230965e+03 -1.499066376115484e+03	-1
2	255	 1.792121885191872e+03 -1.429293622130741e+03  1.529389483394074e+03	255	-1.499066376115484e+03  2.998132752230965e+03 -1.499066376115484e+03	-1
2	256	 1.874826568666827e+03 -1.429397334955669e+03  1.446788512744043e+03	256	-1.499066376115484e+03  2.998132752230965e+03  6.516875392707817e-15	-1
2	265	6.657834391307239e+02 9.257026885878486e+02 3.007316187366281e+02	265	8.137780172766422e-14 0.000000000000000e+00 4.030010838596754e-14	-1
2	266	5.660873378177237e+02 9.220915943236023e+02 4.040388143138746e+02	266	8.137780172766422e-14 0.000000000000000e+00 4.030010838596754e-14	-1
2	267	4.446877588525864e+02 9.184559175204073e+02 5.290740700822070e+02	267	8.137780172766422e-14 0.000000000000000e+00 4.030010838596754e-14	-1
2	268	3.331792643314750e+02 9.217075838651176e+02 6.373308982586082e+02	268	8.137780172766422e-14 0.000000000000000e+00 4.030010838596754e-14	-1
2	269	1.387498402866664e+02 9.256931151837833e+02 8.277747909847509e+02	269	8.137780172766422e-14 0.000000000000000e+00 4.030010838596754e-14	-1
2	270	-2.456253000964125e+00  9.298664859416249e+02  9.648075135145369e+02	270	1.499066376115484e+03 1.522937239157407e-14 1.560815019424493e-14	-1
2	271	-8.680758813209559e+01  9.321359471487862e+02  1.046889387438507e+03	271	1.499066376115484e+03 1.522937239157407e-14 1.560815019424493e-14	-1
2	272	-1.621331460881599e+02  9.335385556708154e+02  1.120812336872542e+03	272	1.499066376115484e+03 1.522937239157407e-14 1.560815019424493e-14	-1
2	273	-2.929565954618779e+02  9.345880993192319e+02  1.250586242597844e+03	273	1.499066376115484e+03 1.522937239157407e-14 1.560815019424493e-14	-1
22	280	1.695056771488637e+03 8.482260992443718e+02 1.938603542396295e+03	16	-1.499066376115484e+03  2.332622365846862e-14 -1.499066376115484e+03	-1
22	320	2.036264471987860e+03 1.628970966024408e+03 1.499066376115482e+03	320	-1.499066376115484e+03  1.106659759674790e-14  7.403478797196665e-15	0
22	321	2.036264471987860e+03 1.628970966024408e+03 1.499066376115482e+03	321	-1.499066376115484e+03  2.332622365846862e-14 -1.499066376115484e+03	2
22	324	5.371980958723746e+02 1.628970966024403e+03 1.705302565824240e-13	321	0.000000000000000e+00 2.629596998832196e-14 2.301162899144159e-14	2
22	325	5.371980958723746e+02 1.628970966024403e+03 5.115907697472721e-13	320	2.881180732755041e-14 3.860184542213733e-14 1.499066376115484e+03	0
2	346	-1.250555214937776e-12 -5.473122875407169e+02  2.439530033995919e+03	344	 1.499066376115484e+03  2.998132752230965e+03 -1.499066376115484e+03	0
2	347	-1.250555214937776e-12 -5.473122875407169e+02  2.439530033995919e+03	345	 0.000000000000000e+00  2.998132752230965e+03 -1.499066376115484e+03	3
2	350	 1.499066376115483e+03 -5.473122875407187e+02  9.404636578804365e+02	345	-1.499066376115484e+03  2.998132752230965e+03  6.516875392707817e-15	3
2	351	 1.499066376115483e+03 -5.473122875407182e+02  9.404636578804358e+02	344	2.881180732755041e-14 2.998132752230965e+03 0.000000000000000e+00	0
2	370	-5.102167677937408e+02  9.322381439092912e+02  1.470196370339647e+03	366	1.499066376115484e+03 1.522937239157407e-14 1.560815019424493e-14	-1
2	410	 1.460473386755186e+03 -1.424102730764208e+03  1.855847090464223e+03	406	 0.000000000000000e+00  2.998132752230965e+03 -1.499066376115484e+03	-1
22	437	2.634627092813860e+03 2.998132752230963e+03 7.282672107349273e+02	433	-1.499066376115484e+03 -2.998132752230965e+03 -7.813873830305873e-15	2
22	438	2.634627092813860e+03 2.998132752230963e+03 7.282672107349273e+02	434	-1.499066376115484e+03  1.106659759674790e-14  7.403478797196665e-15	2
22	439	 1.135560716698376e+03  2.998132752230962e+03 -7.707991653805567e+02	434	2.881180732755041e-14 3.860184542213733e-14 1.499066376115484e+03	2
22	440	 1.135560716698376e+03  2.998132752230962e+03 -7.707991653805567e+02	433	 5.357148449523283e-14 -2.998132752230965e+03  1.499066376115484e+03	2
2	626	4.099509805947827e+02 9.184123963746928e+02 5.638543694857252e+02	580	8.137780172766422e-14 0.000000000000000e+00 4.030010838596754e-14	-1
2	629	2.508144514925295e+02 9.234013211400268e+02 7.180019738226445e+02	583	8.137780172766422e-14 0.000000000000000e+00 4.030010838596754e-14	-1
22	645	1.499066376115483e+03 8.603297863600317e+02 1.730509459907481e+03	599	-1.499066376115484e+03  2.332622365846862e-14 -1.499066376115484e+03	3
22	646	1.499066376115483e+03 8.603297863600317e+02 1.730509459907481e+03	600	 0.000000000000000e+00  3.578147120611488e-14 -1.499066376115484e+03	0
22	648	2.998132752230963e+03 3.829899377720825e+03 2.600062446621679e+02	602	-2.998132752230968e+03 -2.998132752230965e+03 -1.296998437598056e-15	3
22	649	2.998132752230962e+03 3.829899377720823e+03 2.600062446621681e+02	603	-1.499066376115484e+03 -2.998132752230965e+03 -7.813873830305873e-15	0
22	650	 1.499066376115482e+03  3.829899377720832e+03 -1.239060131453321e+03	603	 5.357148449523283e-14 -2.998132752230965e+03  1.499066376115484e+03	0
22	651	 1.499066376115481e+03  3.829899377720831e+03 -1.239060131453320e+03	602	-1.499066376115484e+03 -2.998132752230965e+03  1.499066376115484e+03	3
22	652	2.998132752230962e+03 3.858462538590997e+03 2.314430837919946e+02	604	-1.499066376115484e+03 -2.998132752230965e+03 -7.813873830305873e-15	0
22	653	2.998132752230962e+03 3.858462538590996e+03 2.314430837919950e+02	605	-2.998132752230968e+03 -2.998132752230965e+03 -1.296998437598056e-15	3
22	654	1.449658815539235e+03 8.576360120490569e+02 1.683795673642212e+03	606	 0.000000000000000e+00  3.578147120611488e-14 -1.499066376115484e+03	-1
22	655	2.948725191654719e+03 3.855768764280022e+03 1.847292975267272e+02	606	-1.499066376115484e+03 -2.998132752230965e+03 -7.813873830305873e-15	-1
22	656	1.511853985423328e+03 8.610269860001378e+02 1.742599869575219e+03	37	-1.499066376115484e+03  2.332622365846862e-14 -1.499066376115484e+03	-1
22	664	1.263532471842509e+03 8.562389658790571e+02 1.499066376115481e+03	616	 0.000000000000000e+00  3.578147120611488e-14 -1.499066376115484e+03	1
22	665	1.263532471842509e+03 8.562389658790571e+02 1.499066376115481e+03	617	0.000000000000000e+00 2.629596998832196e-14 2.301162899144159e-14	0
22	666	 2.762598847957992e+03  3.854371718110022e+03 -5.684341886080801e-13	617	-1.499066376115484e+03 -2.998132752230965e+03  1.499066376115484e+03	0
22	667	 2.762598847957992e+03  3.854371718110022e+03 -5.684341886080801e-13	616	-1.499066376115484e+03 -2.998132752230965e+03 -7.813873830305873e-15	1
2	685	 1.499066376115482e+03 -1.424575645828079e+03  1.817727016167798e+03	631	 0.000000000000000e+00  2.998132752230965e+03 -1.499066376115484e+03	0
2	686	 1.499066376115482e+03 -1.424575645828079e+03  1.817727016167798e+03	632	-1.499066376115484e+03  2.998132752230965e+03 -1.499066376115484e+03	3
2	687	-3.357551531881375e+02  9.344036216584230e+02  1.293569277984912e+03	633	1.499066376115484e+03 1.522937239157407e-14 1.560815019424493e-14	-1
2	688	-4.617930700417280e+02  9.314828534440959e+02  1.422527963052830e+03	634	1.499066376115484e+03 1.522937239157407e-14 1.560815019424493e-14	-1
2	689	 1.822483065813807e+03 -1.429331695474090e+03  1.499066376115484e+03	635	-1.499066376115484e+03  2.998132752230965e+03 -1.499066376115484e+03	2
2	690	 1.822483065813807e+03 -1.429331695474090e+03  1.499066376115484e+03	636	-1.499066376115484e+03  2.998132752230965e+03  6.516875392707817e-15	4
2	691	-5.381124977891920e+02  9.312638681289103e+02  1.499066376115482e+03	637	1.499066376115484e+03 1.522937239157407e-14 1.560815019424493e-14	4
2	692	-5.381124977891923e+02  9.312638681289104e+02  1.499066376115483e+03	638	 1.499066376115484e+03  2.804572483380277e-14 -1.499066376115484e+03	2
2	693	-6.821210263296962e-13  9.298028487298401e+02  9.624148977253614e+02	639	8.137780172766422e-14 0.000000000000000e+00 4.030010838596754e-14	3
2	694	-6.821210263296962e-13  9.298028487298402e+02  9.624148977253612e+02	640	1.499066376115484e+03 1.522937239157407e-14 1.560815019424493e-14	0
