    0      28    41   102   103    1
    1     128    13   149   152    1
    2       6   146   150   151    1
    3      27    64   116   122    1
    4      46     9    50    88    1
    5      88    58    98   121    1
    6      44     5    49    78    1
    7      91   104   111   130    1
    8      43    11    51    84    1
    9     104   130   148   152    1
   10      67   115   125   136    1
   11      30    43   101   115    1
   12     105    92   122   127    1
   13     120   118   137   153    1
   14      98    74   107   142    1
   15      70   121   131   140    1
   16      77   100   119   139    1
   17     108     7   144   147    1
   18       2   119   138   148    1
   19     101    67   115   125    1
   20       3   110   148   154    1
   21      40    82    96   105    1
   22     129   133   147   152    1
   23      85    15   129   133    1
   24      99    44   100   119    1
   25     115   125   136   149    1
   26      49    36    99   100    1
   27       8    47    80    94    1
   28      36    73    99   100    1
   29     110     3   124   154    1
   30      44    49    99   100    1
   31      41     4    48    63    1
   32     122     7   123   151    1
   33     103     0   135   147    1
   34      73    99   100   130    1
   35      96    40   105   122    1
   36      72   102   108   144    1
   37       6   107   127   150    1
   38      50    46    98   107    1
   39      46    88    98   121    1
   40     112    93   113   118    1
   41      25    75   112   132    1
   42      76    57   118   120    1
   43      35    72   102   108    1
   44       7    98   126   150    1
   45     106    71   117   126    1
   46      66   114   128   134    1
   47     111   104   143   152    1
   48      69    32   118   120    1
   49     111   114   133   152    1
   50       7   106   144   154    1
   51      79    18   110   138    1
   52     101     6   125   149    1
   53      94    59   106   145    1
   54      65    28   102   103    1
   55     118   112   137   153    1
   56      45    76    97   118    1
   57      70    33   107   121    1
   58     146    13   148   152    1
   59      49    44    78   100    1
   60     131   140   150   153    1
   61     146     3   147   152    1
   62     112    13   137   153    1
   63      93    62   113   118    1
   64      44    78   100   119    1
   65     123   108   135   147    1
   66       3   129   147   152    1
   67     102    72   124   144    1
   68      56    77   100   119    1
   69      84    53   109   115    1
   70     112   113   132   153    1
   71     102   103   108   147    1
   72     129   111   133   152    1
   73      93   112   113   132    1
   74      42    86    95   143    1
   75       0   114   134   152    1
   76     114     0   133   152    1
   77      37    50    98   107    1
   78       3   146   148   152    1
   79      34   106   117   145    1
   80      51    43    84   115    1
   81      57   113   118   120    1
   82      45    76   118   120    1
   83     124     3   147   154    1
   84      48    41    63   108    1
   85      69   120   137   139    1
   86      91    23   104   130    1
   87       3   111   129   152    1
   88     106   117   145   154    1
   89     102     3   129   147    1
   90       6   101   132   149    1
   91     127   107   142   150    1
   92     104    13   128   152    1
   93      65   103   129   133    1
   94       7   108   123   147    1
   95      90   106   124   144    1
   96      51    84   109   115    1
   97      33    46   107   121    1
   98     120     2   140   153    1
   99      52    85   111   114    1
  100      60    95   111   143    1
  101      61    96   105   122    1
  102      99     3   110   148    1
  103      74    37    98   107    1
  104     104   128   143   152    1
  105     110   124   145   154    1
  106     106    90   124   145    1
  107      68    31    99   119    1
  108       1    42    86    95    1
  109      10    40    82    96    1
  110     106     7   126   154    1
  111      12    45    76    97    1
  112      41   102   103   108    1
  113      64   116   122   123    1
  114     118    69   120   137    1
  115      50    46    88    98    1
  116      92    61   105   122    1
  117      40    27   116   122    1
  118      48    35   102   108    1
  119      47    80    94   145    1
  120     104    91   111   143    1
  121      26    63   103   108    1
  122      39    26   103   108    1
  123     130     3   148   152    1
  124     107    70   121   131    1
  125      46    98   107   121    1
  126       2   121   140   150    1
  127      57    87   113   120    1
  128       2   146   150   153    1
  129     113   112   118   153    1
  130     124   102   144   147    1
  131      85   111   114   133    1
  132      78    56   100   119    1
  133      38    75   101   109    1
  134      81   105   116   136    1
  135      40    82   105   116    1
  136      51    38   101   109    1
  137     102    65   103   129    1
  138     119     2   139   148    1
  139      92   122   127   142    1
  140      71    34   106   117    1
  141      17    67   125   136    1
  142     116     0   136   151    1
  143      71   117   126   141    1
  144      62    97   113   118    1
  145      74    24   127   142    1
  146     121     2   141   150    1
  147     109    13   112   149    1
  148     146     6   150   153    1
  149     104   111   130   152    1
  150     110    79   117   145    1
  151      41    48   102   108    1
  152      63    41   103   108    1
  153      54    81   105   116    1
  154     108   103   135   147    1
  155     113   118   120   153    1
  156      72    22   124   144    1
  157      64   116   123   135    1
  158      67    30   101   115    1
  159      23    73   104   130    1
  160     117     2   138   154    1
  161      53    83   109   115    1
  162     101    51   109   115    1
  163      58    89    98   121    1
  164       6   105   125   151    1
  165       2   120   139   153    1
  166      19    69   137   139    1
  167       0   146   147   152    1
  168      83   109   115   134    1
  169     107     6   131   150    1
  170      43    51   101   115    1
  171      82    54   105   116    1
  172      81    17   125   136    1
  173       6   131   150   153    1
  174     105   116   136   151    1
  175     103   102   129   147    1
  176      97    76   113   118    1
  177      89    21   126   141    1
  178      99    68   119   138    1
  179      76    57   113   118    1
  180      31    44    99   119    1
  181      98     7   142   150    1
  182     102   108   144   147    1
  183      32    45   118   120    1
  184      18    68   110   138    1
  185     128   114   143   152    1
  186      79   110   117   138    1
  187     100    13   104   148    1
  188     105    40   116   122    1
  189      13   146   149   152    1
  190      75   101   109   132    1
  191     146     0   147   151    1
  192     111    52   114   143    1
  193      13   100   137   148    1
  194      24    92   127   142    1
  195     114    66   128   143    1
  196       6   113   131   153    1
  197     103    39   108   135    1
  198     117   110   145   154    1
  199     114   128   134   152    1
  200      22    90   124   144    1
  201      73   100   104   130    1
  202      89    98   121   141    1
  203       2   117   141   154    1
  204      93    25   112   132    1
  205      75   109   112   132    1
  206      13   109   128   149    1
  207      15    65   129   133    1
  208     111    85   129   133    1
  209      83    16   128   134    1
  210      16    66   128   134    1
  211     109    83   128   134    1
  212     134   128   149   152    1
  213       0   103   133   147    1
  214      14    64   123   135    1
  215      39    14   123   135    1
  216     108    39   123   135    1
  217     103   129   133   147    1
  218     105    81   125   136    1
  219       6   146   149   153    1
  220      87   113   120   140    1
  221      68    99   110   138    1
  222     111     3   130   152    1
  223      77    19   137   139    1
  224     100    77   137   139    1
  225       2   146   148   154    1
  226      20    70   131   140    1
  227      87    20   131   140    1
  228     113    87   131   140    1
  229     140     2   150   153    1
  230       0   115   136   149    1
  231      21    71   126   141    1
  232      98    89   126   141    1
  233       3   102   124   147    1
  234     113     6   132   153    1
  235     107    74   127   142    1
  236     115     0   134   149    1
  237      29    66   114   143    1
  238      42    29   114   143    1
  239      91    60   111   143    1
  240      95    86   111   143    1
  241      86    42   114   143    1
  242      86    52   111   143    1
  243      52    86   114   143    1
  244      59    90   106   145    1
  245      55    80   117   145    1
  246      79    55   117   145    1
  247      47    94   106   145    1
  248      80    47   117   145    1
  249      34    47   106   145    1
  250      47    34   117   145    1
  251      13   104   148   152    1
  252     125   105   136   151    1
  253     123     7   147   151    1
  254       0   116   135   151    1
  255       0   134   149   152    1
  256     116   122   123   151    1
  257     146     0   149   152    1
  258     135   123   147   151    1
  259       7   122   142   151    1
  260     110   117   138   154    1
  261       3    99   130   148    1
  262     131   113   140   153    1
  263     124   106   145   154    1
  264     115   101   125   149    1
  265     112   132   149   153    1
  266     132     6   149   153    1
  267      99   110   138   148    1
  268     100    99   119   148    1
  269     107    98   142   150    1
  270     117   126   141   154    1
  271       7   144   147   154    1
  272     122   127   142   151    1
  273     138     2   148   154    1
  274     136     0   149   151    1
  275     105     6   127   151    1
  276     116   105   122   151    1
  277     100   119   139   148    1
  278     120   137   139   153    1
  279       2   139   148   153    1
  280     113   120   140   153    1
  281     146     3   148   154    1
  282     106   124   144   154    1
  283     121   107   131   150    1
  284     110   138   148   154    1
  285     122   105   127   151    1
  286     119    99   138   148    1
  287     146     6   149   151    1
  288       7   142   150   151    1
  289     146     7   150   151    1
  290     146    13   149   153    1
  291     100   104   130   148    1
  292     114   111   143   152    1
  293     146     2   150   154    1
  294     109   115   134   149    1
  295      13   146   148   153    1
  296     137   100   139   148    1
  297      99   100   130   148    1
  298       2   141   150   154    1
  299       3   146   147   154    1
  300     128   109   134   149    1
  301     101   109   132   149    1
  302     141   126   150   154    1
  303     126    98   141   150    1
  304     144   124   147   154    1
  305     133     0   147   152    1
  306     121   131   140   150    1
  307     125   136   149   151    1
  308     127     6   150   151    1
  309     116   123   135   151    1
  310       0   135   147   151    1
  311     146     7   147   154    1
  312     109   112   132   149    1
  313       0   146   149   151    1
  314       6   125   149   151    1
  315     126     7   150   154    1
  316     139   137   148   153    1
  317     109   101   115   149    1
  318     137    13   148   153    1
  319      98   121   141   150    1
  320     142   127   150   151    1
  321     117   106   126   154    1
  322     146     2   148   153    1
  323      98   107   121   150    1
  324       7   146   147   151    1
  325      13   112   149   153    1
  326       7   146   150   154    1
