0	-4.051721856198917e+02 -7.657966440250309e+02  1.269963779011039e+03	0.000000000000000e+00 0.000000000000000e+00 0.000000000000000e+00	0	0
1	-3.054701294725885e+02 -6.660945878777277e+02  1.469367891305646e+03	0.000000000000000e+00 0.000000000000000e+00 0.000000000000000e+00	0	0
2	-1.937472580451140e+02 -5.543717164502532e+02  1.245922148450697e+03	0.000000000000000e+00 0.000000000000000e+00 0.000000000000000e+00	0	0
3	-2.934493141924172e+02 -6.540737725975564e+02  1.046518036156090e+03	0.000000000000000e+00 0.000000000000000e+00 0.000000000000000e+00	0	0
4	 8.145870119269027e+02 -3.174909447527598e+02  9.892423868799799e+02	0.000000000000000e+00 0.000000000000000e+00 0.000000000000000e+00	0	0
5	8.145870119269027e+02 3.019345955666558e+02 1.608667927199396e+03	0.000000000000000e+00 0.000000000000000e+00 0.000000000000000e+00	0	0
6	3.811305550595491e+02 3.019345955666558e+02 1.175211470332042e+03	0.000000000000000e+00 0.000000000000000e+00 0.000000000000000e+00	0	0
7	 3.811305550595491e+02 -3.174909447527598e+02  5.557859300126263e+02	0.000000000000000e+00 0.000000000000000e+00 0.000000000000000e+00	0	0
8	2.036467529817257e+02 1.562705986422270e+02 1.296126729914942e+03	0.000000000000000e+00 0.000000000000000e+00 0.000000000000000e+00	0	0
9	-8.202438661763949e+01 -1.294005409571382e+02  1.296126729914942e+03	0.000000000000000e+00 0.000000000000000e+00 0.000000000000000e+00	0	0
10	 2.793071785686861e+02 -1.294005409571382e+02  1.657458295101267e+03	0.000000000000000e+00 0.000000000000000e+00 0.000000000000000e+00	0	0
11	5.649783181680514e+02 1.562705986422270e+02 1.657458295101267e+03	0.000000000000000e+00 0.000000000000000e+00 0.000000000000000e+00	0	0
12	-2.093036072312180e+02  8.739839815465727e+02  3.224406922210657e+02	0.000000000000000e+00 0.000000000000000e+00 0.000000000000000e+00	0	0
13	-4.900249993622774e+02  5.932625894155134e+02  3.224406922210657e+02	0.000000000000000e+00 0.000000000000000e+00 0.000000000000000e+00	0	0
14	-3.125411972844540e+02  5.932625894155134e+02  4.999244942988891e+02	0.000000000000000e+00 0.000000000000000e+00 0.000000000000000e+00	0	0
15	-3.181980515339464e+01  8.739839815465727e+02  4.999244942988891e+02	0.000000000000000e+00 0.000000000000000e+00 0.000000000000000e+00	0	0
16	2.729432175380073e+02 6.950859659063761e+02 1.139149024491528e+03	0.000000000000000e+00 0.000000000000000e+00 0.000000000000000e+00	0	0
17	2.729432175380073e+02 7.990306627407985e+01 5.239661248592317e+02	0.000000000000000e+00 0.000000000000000e+00 0.000000000000000e+00	0	0
18	6.618519471906084e+02 7.990306627407985e+01 9.128748545118327e+02	0.000000000000000e+00 0.000000000000000e+00 0.000000000000000e+00	0	0
19	6.618519471906084e+02 6.950859659063761e+02 1.528057754144129e+03	0.000000000000000e+00 0.000000000000000e+00 0.000000000000000e+00	0	0
20	 2.503158005400378e+02 -4.829539315504119e+02  3.369363812353899e+03	0.000000000000000e+00 0.000000000000000e+00 0.000000000000000e+00	0	0
21	9.432804461028543e+02 2.100107140124046e+02 3.369363812353899e+03	0.000000000000000e+00 0.000000000000000e+00 0.000000000000000e+00	0	0
22	3.811305550595491e+02 2.100107140124046e+02 2.807213921310594e+03	0.000000000000000e+00 0.000000000000000e+00 0.000000000000000e+00	0	0
23	-3.118340905032674e+02 -4.829539315504119e+02  2.807213921310594e+03	0.000000000000000e+00 0.000000000000000e+00 0.000000000000000e+00	0	0
24	9.948992411294723e+02 7.431692270270614e+02 3.367242492010339e+03	0.000000000000000e+00 0.000000000000000e+00 0.000000000000000e+00	0	0
25	7.495331880577405e+02 2.524371208835976e+02 3.121876438938607e+03	0.000000000000000e+00 0.000000000000000e+00 0.000000000000000e+00	0	0
26	6.646803743153547e+02 4.221427483683689e+02 3.037023625196221e+03	0.000000000000000e+00 0.000000000000000e+00 0.000000000000000e+00	0	0
27	9.100464273870866e+02 9.128748545118328e+02 3.282389678267954e+03	0.000000000000000e+00 0.000000000000000e+00 0.000000000000000e+00	0	0
28	 1.923330444827409e+02 -5.395224740453357e+02  2.054145199346920e+03	0.000000000000000e+00 0.000000000000000e+00 0.000000000000000e+00	0	0
29	 5.374011537017760e+02 -1.944543648263005e+02  2.054145199346920e+03	0.000000000000000e+00 0.000000000000000e+00 0.000000000000000e+00	0	0
30	-8.414570696119915e+01 -1.944543648263005e+02  1.432598338683945e+03	0.000000000000000e+00 0.000000000000000e+00 0.000000000000000e+00	0	0
31	-4.292138161802343e+02 -5.395224740453357e+02  1.432598338683945e+03	0.000000000000000e+00 0.000000000000000e+00 0.000000000000000e+00	0	0
32	-5.232590180780451e+02 -2.262741699796952e+02  2.924593646987561e+03	0.000000000000000e+00 0.000000000000000e+00 0.000000000000000e+00	0	0
33	-1.810193359837560e+02  4.582051942088829e+02  3.266833329081849e+03	0.000000000000000e+00 0.000000000000000e+00 0.000000000000000e+00	0	0
34	 1.477853172679884e+02 -1.994041122946064e+02  3.595637982333594e+03	0.000000000000000e+00 0.000000000000000e+00 0.000000000000000e+00	0	0
35	-1.944543648263004e+02 -8.838834764831843e+02  3.253398300239305e+03	0.000000000000000e+00 0.000000000000000e+00 0.000000000000000e+00	0	0
36	-1.725340546095174e+02 -1.209152595828996e+02  2.187081274209992e+03	0.000000000000000e+00 0.000000000000000e+00 0.000000000000000e+00	0	0
37	2.057680733252854e+02 2.573868683519032e+02 2.187081274209992e+03	0.000000000000000e+00 0.000000000000000e+00 0.000000000000000e+00	0	0
38	-2.524371208835975e+02  2.573868683519032e+02  1.728876080001108e+03	0.000000000000000e+00 0.000000000000000e+00 0.000000000000000e+00	0	0
39	-6.307392488184003e+02 -1.209152595828996e+02  1.728876080001108e+03	0.000000000000000e+00 0.000000000000000e+00 0.000000000000000e+00	0	0
40	-1.251579002700189e+02 -4.879036790187183e+01  2.794485999249236e+03	0.000000000000000e+00 0.000000000000000e+00 0.000000000000000e+00	0	0
41	2.665792565073284e+02 3.429467888754755e+02 3.577960312803930e+03	0.000000000000000e+00 0.000000000000000e+00 0.000000000000000e+00	0	0
42	4.525483399593902e+02 5.289158723275375e+02 3.206022145899806e+03	0.000000000000000e+00 0.000000000000000e+00 0.000000000000000e+00	0	0
43	6.081118318204290e+01 1.371787155501902e+02 2.422547832345112e+03	0.000000000000000e+00 0.000000000000000e+00 0.000000000000000e+00	0	0
44	 4.327493500861671e+02 -6.307392488184004e+02  9.248956697920041e+02	0.000000000000000e+00 0.000000000000000e+00 0.000000000000000e+00	0	0
45	 7.749890321804560e+02 -4.596194077712559e+02  1.096015510839149e+03	0.000000000000000e+00 0.000000000000000e+00 0.000000000000000e+00	0	0
46	-8.485281374238639e+00 -6.788225099390854e+01  1.487752667616496e+03	0.000000000000000e+00 0.000000000000000e+00 0.000000000000000e+00	0	0
47	-3.507249634685276e+02 -2.390020920410531e+02  1.316632826569351e+03	0.000000000000000e+00 0.000000000000000e+00 0.000000000000000e+00	0	0
48	 1.251579002700188e+02 -1.343502884254441e+02  1.919794910921476e+03	0.000000000000000e+00 0.000000000000000e+00 0.000000000000000e+00	0	0
49	-1.039446968344224e+02 -2.489015869776647e+02  1.805243612369256e+03	0.000000000000000e+00 0.000000000000000e+00 0.000000000000000e+00	0	0
50	 6.993286065934955e+02 -6.505382386916236e+02  1.403606960655297e+03	0.000000000000000e+00 0.000000000000000e+00 0.000000000000000e+00	0	0
51	 9.284312036979368e+02 -5.359869401394030e+02  1.518158259207517e+03	0.000000000000000e+00 0.000000000000000e+00 0.000000000000000e+00	0	0
52	-6.696301217836603e+02  1.407142494561231e+02  2.955706345359768e+03	0.000000000000000e+00 0.000000000000000e+00 0.000000000000000e+00	0	0
53	-3.181980515339455e+01  4.596194077712560e+02  3.274611503674902e+03	0.000000000000000e+00 0.000000000000000e+00 0.000000000000000e+00	0	0
54	-3.585031380615796e+02  6.229610742253483e+02  3.437953170128993e+03	0.000000000000000e+00 0.000000000000000e+00 0.000000000000000e+00	0	0
55	-9.963134546918453e+02  3.040559159102154e+02  3.119048011813861e+03	0.000000000000000e+00 0.000000000000000e+00 0.000000000000000e+00	0	0
56	-8.796408357960649e+02  2.220315292925759e+02  1.616446101792448e+03	0.000000000000000e+00 0.000000000000000e+00 0.000000000000000e+00	0	0
57	-4.985102807365160e+02  9.842926394116740e+02  1.997576656851997e+03	0.000000000000000e+00 0.000000000000000e+00 0.000000000000000e+00	0	0
58	-3.889087296526011e+02  7.650895372438442e+02  2.107178207935911e+03	0.000000000000000e+00 0.000000000000000e+00 0.000000000000000e+00	0	0
59	-7.700392847121502e+02  2.828427124746213e+00  1.726047652876362e+03	0.000000000000000e+00 0.000000000000000e+00 0.000000000000000e+00	0	0
60	 7.509474016201135e+02 -7.693321779309636e+02  1.277034846822905e+03	0.000000000000000e+00 0.000000000000000e+00 0.000000000000000e+00	0	0
61	 7.509474016201135e+02 -2.602152954766494e+02  1.786151729277219e+03	0.000000000000000e+00 0.000000000000000e+00 0.000000000000000e+00	0	0
62	 4.186072144624362e+02 -2.602152954766494e+02  1.453811542119542e+03	0.000000000000000e+00 0.000000000000000e+00 0.000000000000000e+00	0	0
63	 4.186072144624362e+02 -7.693321779309636e+02  9.446946596652275e+02	0.000000000000000e+00 0.000000000000000e+00 0.000000000000000e+00	0	0
64	-7.092281015301073e+02 -3.959797974644666e+02  3.052579974382325e+03	0.000000000000000e+00 0.000000000000000e+00 0.000000000000000e+00	0	0
65	-1.484924240491750e+02  1.647558800164657e+02  3.052579974382325e+03	0.000000000000000e+00 0.000000000000000e+00 0.000000000000000e+00	0	0
66	-3.075914498161480e+02  1.647558800164657e+02  2.893480948615353e+03	0.000000000000000e+00 0.000000000000000e+00 0.000000000000000e+00	0	0
67	-8.683271272970803e+02 -3.959797974644666e+02  2.893480948615353e+03	0.000000000000000e+00 0.000000000000000e+00 0.000000000000000e+00	0	0
68	-2.828427124746190e+01 -4.780041840821060e+02  2.179303099616939e+03	0.000000000000000e+00 0.000000000000000e+00 0.000000000000000e+00	0	0
69	 4.426488450227787e+02 -2.425376259469857e+02  2.414769657752060e+03	0.000000000000000e+00 0.000000000000000e+00 0.000000000000000e+00	0	0
70	-2.983990616607230e+02  1.279863273947651e+02  2.785293611093811e+03	0.000000000000000e+00 0.000000000000000e+00 0.000000000000000e+00	0	0
71	-7.693321779309637e+02 -1.074802307403552e+02  2.549827052958690e+03	0.000000000000000e+00 0.000000000000000e+00 0.000000000000000e+00	0	0
72	-1.626345596729061e+01 -3.316330803764907e+02  2.262741699796952e+03	0.000000000000000e+00 0.000000000000000e+00 0.000000000000000e+00	0	0
73	-4.426488450227787e+02 -7.580184694319788e+02  2.262741699796952e+03	0.000000000000000e+00 0.000000000000000e+00 0.000000000000000e+00	0	0
74	-4.426488450227787e+02 -3.132483040656405e+02  2.707511865163290e+03	0.000000000000000e+00 0.000000000000000e+00 0.000000000000000e+00	0	0
75	-1.626345596729061e+01  1.131370849898476e+02  2.707511865163290e+03	0.000000000000000e+00 0.000000000000000e+00 0.000000000000000e+00	0	0
76	 2.397091988222396e+02 -2.722361107568208e+02  2.535684917334959e+03	0.000000000000000e+00 0.000000000000000e+00 0.000000000000000e+00	0	0
77	-5.465935418572012e+02 -6.653874810965413e+02  2.142533546995239e+03	0.000000000000000e+00 0.000000000000000e+00 0.000000000000000e+00	0	0
78	-1.279863273947651e+02 -8.746910883277592e+02  1.933229939764021e+03	0.000000000000000e+00 0.000000000000000e+00 0.000000000000000e+00	0	0
79	 6.583164132846757e+02 -4.815397179880388e+02  2.326381310103741e+03	0.000000000000000e+00 0.000000000000000e+00 0.000000000000000e+00	0	0
80	-8.881261171703037e+02  2.722361107568208e+02  2.542048878365638e+03	0.000000000000000e+00 0.000000000000000e+00 0.000000000000000e+00	0	0
81	-2.573868683519033e+02  9.029753595752212e+02  2.542048878365638e+03	0.000000000000000e+00 0.000000000000000e+00 0.000000000000000e+00	0	0
82	-2.573868683519033e+02  6.455884912233179e+02  2.284662010013735e+03	0.000000000000000e+00 0.000000000000000e+00 0.000000000000000e+00	0	0
83	-8.881261171703037e+02  1.484924240491750e+01  2.284662010013735e+03	0.000000000000000e+00 0.000000000000000e+00 0.000000000000000e+00	0	0
84	 2.545584412271571e+02 -3.783021279348029e+02  3.404719151413226e+03	0.000000000000000e+00 0.000000000000000e+00 0.000000000000000e+00	0	0
85	6.307392488184003e+02 3.740594872476836e+02 3.780899959004470e+03	0.000000000000000e+00 0.000000000000000e+00 0.000000000000000e+00	0	0
86	7.962022356160523e+02 4.313351365237941e+01 3.946362945802121e+03	0.000000000000000e+00 0.000000000000000e+00 0.000000000000000e+00	0	0
87	 4.200214280248092e+02 -7.092281015301071e+02  3.570182138210878e+03	0.000000000000000e+00 0.000000000000000e+00 0.000000000000000e+00	0	0
88	-6.936717523440032e+02 -3.394112549695433e+01  3.380677520852883e+03	0.000000000000000e+00 0.000000000000000e+00 0.000000000000000e+00	0	0
89	-9.878281733176068e+02 -1.810193359837560e+02  3.233599310366081e+03	0.000000000000000e+00 0.000000000000000e+00 0.000000000000000e+00	0	0
90	-2.835498192558055e+02 -5.331585130146568e+02  2.881460133335181e+03	0.000000000000000e+00 0.000000000000000e+00 0.000000000000000e+00	0	0
91	 1.060660171779841e+01 -3.860803025278549e+02  3.028538343821983e+03	0.000000000000000e+00 0.000000000000000e+00 0.000000000000000e+00	0	0
92	 6.979143930311225e+02 -3.033488091290288e+02  1.977070560197587e+03	0.000000000000000e+00 0.000000000000000e+00 0.000000000000000e+00	0	0
93	 9.050966799187813e+01 -9.107535341682732e+02  1.977070560197587e+03	0.000000000000000e+00 0.000000000000000e+00 0.000000000000000e+00	0	0
94	 3.422396820942888e+02 -9.107535341682732e+02  2.228800574299998e+03	0.000000000000000e+00 0.000000000000000e+00 0.000000000000000e+00	0	0
95	 9.496444071335332e+02 -3.033488091290288e+02  2.228800574299998e+03	0.000000000000000e+00 0.000000000000000e+00 0.000000000000000e+00	0	0
96	-7.297341981845169e+02  5.388153672641492e+02  2.494672724026139e+03	0.000000000000000e+00 0.000000000000000e+00 0.000000000000000e+00	0	0
97	-3.754737008100567e+02  8.930758646386095e+02  2.494672724026139e+03	0.000000000000000e+00 0.000000000000000e+00 0.000000000000000e+00	0	0
98	-3.754737008100567e+02  6.300321420372137e+02  2.231629001424744e+03	0.000000000000000e+00 0.000000000000000e+00 0.000000000000000e+00	0	0
99	-7.297341981845169e+02  2.757716446627535e+02  2.231629001424744e+03	0.000000000000000e+00 0.000000000000000e+00 0.000000000000000e+00	0	0
100	 3.174909447527598e+02 -5.861915216036479e+02  4.171930009000631e+02	0.000000000000000e+00 0.000000000000000e+00 0.000000000000000e+00	0	0
101	 3.174909447527598e+02 -4.200214280248092e+02  5.833630944789018e+02	0.000000000000000e+00 0.000000000000000e+00 0.000000000000000e+00	0	0
102	 2.828427124746156e+00 -4.200214280248092e+02  2.687005768508880e+02	0.000000000000000e+00 0.000000000000000e+00 0.000000000000000e+00	0	0
103	 2.828427124746156e+00 -5.861915216036479e+02  1.025304832720494e+02	0.000000000000000e+00 0.000000000000000e+00 0.000000000000000e+00	0	0
104	-6.957930726875627e+02  4.497199128346442e+02  2.658721497261418e+03	0.000000000000000e+00 0.000000000000000e+00 0.000000000000000e+00	0	0
105	-6.957930726875627e+02  1.774838020778234e+02  2.386485386504598e+03	0.000000000000000e+00 0.000000000000000e+00 0.000000000000000e+00	0	0
106	3.535533905932652e+00 1.774838020778234e+02 3.085813993098093e+03	0.000000000000000e+00 0.000000000000000e+00 0.000000000000000e+00	0	0
107	3.535533905932652e+00 4.497199128346442e+02 3.358050103854914e+03	0.000000000000000e+00 0.000000000000000e+00 0.000000000000000e+00	0	0
108	-9.687362902255700e+01 -2.333452377915607e+02  9.072180002623404e+02	0.000000000000000e+00 0.000000000000000e+00 0.000000000000000e+00	0	0
109	-8.718626612030131e+02 -6.208397538817887e+02  5.197234841721124e+02	0.000000000000000e+00 0.000000000000000e+00 0.000000000000000e+00	0	0
110	-6.385174234114523e+02 -7.375123727775690e+02  4.030508652763320e+02	0.000000000000000e+00 0.000000000000000e+00 0.000000000000000e+00	0	0
111	 1.364716087690036e+02 -3.500178566873410e+02  7.905453813665600e+02	0.000000000000000e+00 0.000000000000000e+00 0.000000000000000e+00	0	0
112	-9.100464273870866e+02 -5.282087655463511e+02  1.025304832720494e+03	0.000000000000000e+00 0.000000000000000e+00 0.000000000000000e+00	0	0
113	-9.100464273870866e+02 -8.025661966467314e+02  7.509474016201134e+02	0.000000000000000e+00 0.000000000000000e+00 0.000000000000000e+00	0	0
114	-6.052834046956847e+02 -8.025661966467314e+02  1.055710424311515e+03	0.000000000000000e+00 0.000000000000000e+00 0.000000000000000e+00	0	0
115	-6.052834046956847e+02 -5.282087655463511e+02  1.330067855411896e+03	0.000000000000000e+00 0.000000000000000e+00 0.000000000000000e+00	0	0
116	-5.289158723275375e+02  7.056925676241743e+02  1.596647111919224e+03	0.000000000000000e+00 0.000000000000000e+00 0.000000000000000e+00	0	0
117	-7.452905473706210e+02  4.893178925810909e+02  1.596647111919224e+03	0.000000000000000e+00 0.000000000000000e+00 0.000000000000000e+00	0	0
118	-1.612203461105328e+02  4.893178925810909e+02  2.180717313179312e+03	0.000000000000000e+00 0.000000000000000e+00 0.000000000000000e+00	0	0
119	5.515432893255070e+01 7.056925676241743e+02 2.180717313179312e+03	0.000000000000000e+00 0.000000000000000e+00 0.000000000000000e+00	0	0
120	-2.658721497261419e+02  8.824692629208114e+02  1.544321210111420e+03	0.000000000000000e+00 0.000000000000000e+00 0.000000000000000e+00	0	0
121	-5.317442994522837e+02  6.165971131946694e+02  1.012576910659136e+03	0.000000000000000e+00 0.000000000000000e+00 0.000000000000000e+00	0	0
122	-7.863027406794408e+02  3.620386719675123e+02  1.521693793113450e+03	0.000000000000000e+00 0.000000000000000e+00 0.000000000000000e+00	0	0
123	-5.204305909532989e+02  6.279108216936543e+02  2.053438092565734e+03	0.000000000000000e+00 0.000000000000000e+00 0.000000000000000e+00	0	0
124	-2.687005768508880e+01 -1.951614716074871e+02  3.047630226914020e+03	0.000000000000000e+00 0.000000000000000e+00 0.000000000000000e+00	0	0
125	2.913279938488574e+02 4.412346314604056e+02 3.365828278447966e+03	0.000000000000000e+00 0.000000000000000e+00 0.000000000000000e+00	0	0
126	 6.880148980945107e+02 -3.521391770309006e+02  3.762515182693619e+03	0.000000000000000e+00 0.000000000000000e+00 0.000000000000000e+00	0	0
127	 3.698168465605643e+02 -9.885352800987935e+02  3.444317131159672e+03	0.000000000000000e+00 0.000000000000000e+00 0.000000000000000e+00	0	0
128	3.535533905932732e+01 4.879036790187176e+02 2.054852306128107e+03	0.000000000000000e+00 0.000000000000000e+00 0.000000000000000e+00	0	0
129	3.535533905932732e+01 9.616652224137044e+02 2.528613849523093e+03	0.000000000000000e+00 0.000000000000000e+00 0.000000000000000e+00	0	0
130	-4.787112908632926e+02  9.616652224137044e+02  2.014547219600474e+03	0.000000000000000e+00 0.000000000000000e+00 0.000000000000000e+00	0	0
131	-4.787112908632926e+02  4.879036790187176e+02  1.540785676205487e+03	0.000000000000000e+00 0.000000000000000e+00 0.000000000000000e+00	0	0
132	 3.676955262170047e+02 -1.301076477383247e+02  5.826559876977151e+02	0.000000000000000e+00 0.000000000000000e+00 0.000000000000000e+00	0	0
133	 3.676955262170047e+02 -4.277996026178612e+02  2.849640328181786e+02	0.000000000000000e+00 0.000000000000000e+00 0.000000000000000e+00	0	0
134	 7.870098474606273e+02 -4.277996026178612e+02  7.042783540618012e+02	0.000000000000000e+00 0.000000000000000e+00 0.000000000000000e+00	0	0
135	 7.870098474606273e+02 -1.301076477383247e+02  1.001970308941338e+03	0.000000000000000e+00 0.000000000000000e+00 0.000000000000000e+00	0	0
136	 9.029753595752211e+02 -6.540737725975564e+02  1.419870416622587e+03	0.000000000000000e+00 0.000000000000000e+00 0.000000000000000e+00	0	0
137	 5.854844148224613e+02 -9.715647173503162e+02  1.419870416622587e+03	0.000000000000000e+00 0.000000000000000e+00 0.000000000000000e+00	0	0
138	 5.854844148224613e+02 -7.954951288348659e+02  1.595940005138038e+03	0.000000000000000e+00 0.000000000000000e+00 0.000000000000000e+00	0	0
139	 9.029753595752211e+02 -4.780041840821061e+02  1.595940005138038e+03	0.000000000000000e+00 0.000000000000000e+00 0.000000000000000e+00	0	0
140	 1.124299782086609e+02 -1.237436867076458e+02  3.655742058734450e+03	0.000000000000000e+00 0.000000000000000e+00 0.000000000000000e+00	0	0
141	-1.845548698896887e+02 -4.207285348059954e+02  3.655742058734450e+03	0.000000000000000e+00 0.000000000000000e+00 0.000000000000000e+00	0	0
142	 2.545584412271592e+01 -4.207285348059954e+02  3.865752772746855e+03	0.000000000000000e+00 0.000000000000000e+00 0.000000000000000e+00	0	0
143	 3.224406922210655e+02 -1.237436867076458e+02  3.865752772746855e+03	0.000000000000000e+00 0.000000000000000e+00 0.000000000000000e+00	0	0
144	5.868986283848344e+02 2.382949852598665e+02 3.182687622120650e+03	0.000000000000000e+00 0.000000000000000e+00 0.000000000000000e+00	0	0
145	3.882016228714144e+02 3.959797974644653e+01 3.182687622120650e+03	0.000000000000000e+00 0.000000000000000e+00 0.000000000000000e+00	0	0
146	6.696301217836603e+02 3.959797974644653e+01 3.464116121032896e+03	0.000000000000000e+00 0.000000000000000e+00 0.000000000000000e+00	0	0
147	8.683271272970803e+02 2.382949852598665e+02 3.464116121032896e+03	0.000000000000000e+00 0.000000000000000e+00 0.000000000000000e+00	0	0
148	-5.183092706097393e+02 -3.464823227814077e+01  2.606395595453614e+03	0.000000000000000e+00 0.000000000000000e+00 0.000000000000000e+00	0	0
149	1.796051224213829e+02 6.632661607529815e+02 2.606395595453614e+03	0.000000000000000e+00 0.000000000000000e+00 0.000000000000000e+00	0	0
150	1.796051224213829e+02 1.590990257669732e+02 2.102228460467606e+03	0.000000000000000e+00 0.000000000000000e+00 0.000000000000000e+00	0	0
151	-5.183092706097393e+02 -5.388153672641490e+02  2.102228460467606e+03	0.000000000000000e+00 0.000000000000000e+00 0.000000000000000e+00	0	0
152	-2.778929650063131e+02 -6.392245301926389e+02  3.542604973744603e+02	0.000000000000000e+00 0.000000000000000e+00 0.000000000000000e+00	0	0
153	-5.423509011700819e+02 -9.036824663564076e+02  3.542604973744603e+02	0.000000000000000e+00 0.000000000000000e+00 0.000000000000000e+00	0	0
154	-1.732411613907041e+02 -9.036824663564076e+02  7.233702371538380e+02	0.000000000000000e+00 0.000000000000000e+00 0.000000000000000e+00	0	0
155	 9.121677477306469e+01 -6.392245301926389e+02  7.233702371538380e+02	0.000000000000000e+00 0.000000000000000e+00 0.000000000000000e+00	0	0
156	 8.365073221436855e+02 -4.461843789287115e+02  9.050966799187806e+02	0.000000000000000e+00 0.000000000000000e+00 0.000000000000000e+00	0	0
157	 6.385174234114522e+02 -8.421641763931780e+02  7.071067811865474e+02	0.000000000000000e+00 0.000000000000000e+00 0.000000000000000e+00	0	0
158	 3.521391770309007e+02 -2.694076836320746e+02  4.207285348059958e+02	0.000000000000000e+00 0.000000000000000e+00 0.000000000000000e+00	0	0
159	5.501290757631340e+02 1.265721138323920e+02 6.187184335382291e+02	0.000000000000000e+00 0.000000000000000e+00 0.000000000000000e+00	0	0
160	-9.157032816365790e+02 -9.906566004423530e+02  1.531593288050062e+03	0.000000000000000e+00 0.000000000000000e+00 0.000000000000000e+00	0	0
161	-6.470027047856909e+02 -7.219560235914651e+02  2.068994441751838e+03	0.000000000000000e+00 0.000000000000000e+00 0.000000000000000e+00	0	0
162	-4.871965722375312e+02 -5.621498910433052e+02  1.749382176655518e+03	0.000000000000000e+00 0.000000000000000e+00 0.000000000000000e+00	0	0
163	-7.558971490884192e+02 -8.308504678941932e+02  1.211981022953742e+03	0.000000000000000e+00 0.000000000000000e+00 0.000000000000000e+00	0	0
164	-3.189051583151329e+02  2.192031021678304e+01  2.054852306128107e+03	0.000000000000000e+00 0.000000000000000e+00 0.000000000000000e+00	0	0
165	1.675843071412116e+02 2.651650429449553e+02 2.298097038856279e+03	0.000000000000000e+00 0.000000000000000e+00 0.000000000000000e+00	0	0
166	-5.055813485483815e+02  6.017478707897519e+02  2.634679866701076e+03	0.000000000000000e+00 0.000000000000000e+00 0.000000000000000e+00	0	0
167	-9.920708140047260e+02  3.585031380615796e+02  2.391435133972904e+03	0.000000000000000e+00 0.000000000000000e+00 0.000000000000000e+00	0	0
168	 4.504270196158309e+02 -5.183092706097392e+02  2.033639102692511e+03	0.000000000000000e+00 0.000000000000000e+00 0.000000000000000e+00	0	0
169	 6.215468606629752e+02 -3.471894295625948e+02  2.375878784786799e+03	0.000000000000000e+00 0.000000000000000e+00 0.000000000000000e+00	0	0
170	 7.346839456528229e+02 -2.340523445727472e+02  2.149604614807105e+03	0.000000000000000e+00 0.000000000000000e+00 0.000000000000000e+00	0	0
171	 5.635641046056784e+02 -4.051721856198917e+02  1.807364932712816e+03	0.000000000000000e+00 0.000000000000000e+00 0.000000000000000e+00	0	0
172	9.779286783809952e+02 1.484924240491750e+01 9.036824663564076e+02	0.000000000000000e+00 0.000000000000000e+00 0.000000000000000e+00	0	0
173	 3.563818177180199e+02 -6.066976182580578e+02  9.036824663564076e+02	0.000000000000000e+00 0.000000000000000e+00 0.000000000000000e+00	0	0
174	 3.563818177180199e+02 -2.510229073212244e+02  1.259357177293241e+03	0.000000000000000e+00 0.000000000000000e+00 0.000000000000000e+00	0	0
175	9.779286783809952e+02 3.705239533417509e+02 1.259357177293241e+03	0.000000000000000e+00 0.000000000000000e+00 0.000000000000000e+00	0	0
176	-4.666904755831229e+01 -6.533666658163700e+02  2.918936792738068e+03	0.000000000000000e+00 0.000000000000000e+00 0.000000000000000e+00	0	0
177	-3.783021279348031e+02 -9.849997461928608e+02  2.918936792738068e+03	0.000000000000000e+00 0.000000000000000e+00 0.000000000000000e+00	0	0
178	-3.783021279348031e+02 -7.558971490884194e+02  3.148039389842509e+03	0.000000000000000e+00 0.000000000000000e+00 0.000000000000000e+00	0	0
179	-4.666904755831229e+01 -4.242640687119285e+02  3.148039389842509e+03	0.000000000000000e+00 0.000000000000000e+00 0.000000000000000e+00	0	0
