0	5.766819313971957e+02 3.825447686219222e+02 5.060221833082023e+02	0.000000000000000e+00 0.000000000000000e+00 0.000000000000000e+00	0	0	1
1	7.001128837551842e+02 7.728677118368964e+02 7.528840880241792e+02	0.000000000000000e+00 0.000000000000000e+00 0.000000000000000e+00	0	0	1
2	8.007359427426745e+02 4.546696603029501e+02 9.541302059991601e+02	0.000000000000000e+00 0.000000000000000e+00 0.000000000000000e+00	0	0	1
3	6.773049903846863e+02 6.434671708797578e+01 7.072683012831833e+02	0.000000000000000e+00 0.000000000000000e+00 0.000000000000000e+00	0	0	1
4	5.878622712846947e+02 7.247844507162110e+02 6.222977181381914e+02	0.000000000000000e+00 0.000000000000000e+00 0.000000000000000e+00	0	0	1
5	5.230162999372008e+02 7.657966440250309e+02 5.574517467906975e+02	0.000000000000000e+00 0.000000000000000e+00 0.000000000000000e+00	0	0	1
6	7.531076948219292e+02 8.697413408594534e+02 5.245815475214505e+02	0.000000000000000e+00 0.000000000000000e+00 0.000000000000000e+00	0	0	1
7	8.179536661694231e+02 8.287291475506336e+02 5.894275188689444e+02	0.000000000000000e+00 0.000000000000000e+00 0.000000000000000e+00	0	0	1
8	1.603260739867349e+02 6.003336572273788e+02 7.332066898221809e+02	0.000000000000000e+00 0.000000000000000e+00 0.000000000000000e+00	0	0	1
9	2.891235894907228e+02 3.966869042456531e+02 6.688079320701869e+02	0.000000000000000e+00 0.000000000000000e+00 0.000000000000000e+00	0	0	1
10	3.723053182537151e+02 5.282087655463509e+02 6.272170676886909e+02	0.000000000000000e+00 0.000000000000000e+00 0.000000000000000e+00	0	0	1
11	2.435078027497271e+02 7.318555185280767e+02 6.916158254406848e+02	0.000000000000000e+00 0.000000000000000e+00 0.000000000000000e+00	0	0	1
12	2.012461179749811e+02 6.052834046956846e+02 7.311942286424311e+02	0.000000000000000e+00 0.000000000000000e+00 0.000000000000000e+00	0	0	1
13	5.053513629149525e+02 1.244507934888324e+02 5.791416061724454e+02	0.000000000000000e+00 0.000000000000000e+00 0.000000000000000e+00	0	0	1
14	6.314655968459406e+02 3.238549057834388e+02 5.160844892069514e+02	0.000000000000000e+00 0.000000000000000e+00 0.000000000000000e+00	0	0	1
15	3.273603519059693e+02 8.046875169902910e+02 6.681371116769370e+02	0.000000000000000e+00 0.000000000000000e+00 0.000000000000000e+00	0	0	1
16	7.408093209456803e+02 4.405275246792191e+02 1.965503752222315e+02	0.000000000000000e+00 0.000000000000000e+00 0.000000000000000e+00	0	0	2
17	8.336061420119215e+02 4.992173875177025e+02 1.037535541559902e+02	0.000000000000000e+00 0.000000000000000e+00 0.000000000000000e+00	0	0	2
18	5.549920720154478e+02 6.250823945689079e+02 6.395154415649400e+01	0.000000000000000e+00 0.000000000000000e+00 0.000000000000000e+00	0	0	2
19	4.621952509492065e+02 5.663925317304245e+02 1.567483652227353e+02	0.000000000000000e+00 0.000000000000000e+00 0.000000000000000e+00	0	0	2
20	7.439398161141800e+02 4.080006127446379e+02 4.206043865677104e+02	0.000000000000000e+00 0.000000000000000e+00 0.000000000000000e+00	0	0	2
21	4.952890570162033e+02 8.011519830843582e+02 2.962790070187221e+02	0.000000000000000e+00 0.000000000000000e+00 0.000000000000000e+00	0	0	2
22	3.065649197152212e+02 5.027529214236353e+02 2.019169383682310e+02	0.000000000000000e+00 0.000000000000000e+00 0.000000000000000e+00	0	0	2
23	5.552156788131977e+02 1.096015510839148e+02 3.262423179172193e+02	0.000000000000000e+00 0.000000000000000e+00 0.000000000000000e+00	0	0	2
